500.0	-0.442604	-0.418808	-0.412709	-0.386468	-0.398556	-0.393046	-0.436205	-0.415826	-0.408521	-0.438432	-0.401257	-0.427063	-0.406687	-0.414741	-0.394712	-0.371035	-0.375303	-0.419771	-0.381774	-0.433811
501.0	-0.420576	-0.401289	-0.419464	-0.394439	-0.419789	-0.424043	-0.422287	-0.429365	-0.421358	-0.425363	-0.414165	-0.419573	-0.396679	-0.412600	-0.416186	-0.400601	-0.413841	-0.422010	-0.427101	-0.411920
502.0	-0.423435	-0.408319	-0.414998	-0.423703	-0.415632	-0.403996	-0.409214	-0.395099	-0.429248	-0.426531	-0.418581	-0.408728	-0.433842	-0.422741	-0.420301	-0.409840	-0.408352	-0.398172	-0.439947	-0.411641
503.0	-0.405219	-0.428348	-0.408131	-0.411217	-0.416924	-0.423144	-0.409777	-0.405351	-0.407966	-0.425641	-0.398823	-0.407778	-0.414783	-0.403361	-0.392119	-0.424735	-0.408408	-0.413057	-0.427886	-0.417100
504.0	-0.385602	-0.419310	-0.412541	-0.413001	-0.416194	-0.433533	-0.417215	-0.397718	-0.421913	-0.408013	-0.417449	-0.400120	-0.432043	-0.415755	-0.375323	-0.436606	-0.424204	-0.393192	-0.414872	-0.407130
505.0	-0.414299	-0.417971	-0.427000	-0.421641	-0.408555	-0.428423	-0.406114	-0.417107	-0.413189	-0.419246	-0.429508	-0.422647	-0.418213	-0.386177	-0.395106	-0.395001	-0.426556	-0.422625	-0.410440	-0.417713
506.0	-0.405667	-0.408932	-0.445814	-0.430392	-0.431809	-0.415956	-0.399296	-0.409641	-0.436361	-0.414742	-0.409523	-0.436957	-0.415008	-0.411023	-0.405195	-0.432295	-0.418938	-0.439468	-0.396472	-0.408745
507.0	-0.419792	-0.406254	-0.427503	-0.413224	-0.421306	-0.401132	-0.402057	-0.417553	-0.404243	-0.426142	-0.408617	-0.433882	-0.407755	-0.432432	-0.390992	-0.421711	-0.398829	-0.411210	-0.422893	-0.399275
508.0	-0.409142	-0.423940	-0.430071	-0.410492	-0.433101	-0.424043	-0.407636	-0.421732	-0.412800	-0.421304	-0.415864	-0.427230	-0.420461	-0.421953	-0.402321	-0.399033	-0.392052	-0.408244	-0.435515	-0.417713
509.0	-0.418447	-0.427455	-0.421194	-0.426880	-0.411644	-0.420954	-0.410848	-0.423626	-0.406576	-0.416354	-0.402446	-0.426001	-0.435304	-0.431812	-0.408859	-0.432239	-0.411713	-0.409531	-0.420537	-0.416989
510.0	-0.406508	-0.418919	-0.429066	-0.409155	-0.443493	-0.405849	-0.432204	-0.396325	-0.397852	-0.380430	-0.376403	-0.396375	-0.397860	-0.394347	-0.412579	-0.455197	-0.406447	-0.432138	-0.413413	-0.417045
511.0	-0.418895	-0.408932	-0.427559	-0.420136	-0.442145	-0.400233	-0.377376	-0.406688	-0.420969	-0.405288	-0.415354	-0.412753	-0.419000	-0.412544	-0.421372	-0.415776	-0.413057	-0.417477	-0.417845	-0.408466
512.0	-0.410319	-0.430858	-0.427280	-0.391429	-0.407712	-0.403322	-0.399014	-0.416885	-0.411466	-0.414241	-0.417109	-0.428796	-0.405056	-0.418460	-0.430559	-0.413648	-0.400790	-0.414455	-0.421884	-0.384069
513.0	-0.415532	-0.404469	-0.419743	-0.400682	-0.416868	-0.381029	-0.402170	-0.394207	-0.440751	-0.413018	-0.417449	-0.412082	-0.414446	-0.396262	-0.394374	-0.412136	-0.402078	-0.418205	-0.432206	-0.418939
514.0	-0.403650	-0.396491	-0.412486	-0.410994	-0.396647	-0.393383	-0.401325	-0.386741	-0.391295	-0.407290	-0.419147	-0.410461	-0.408093	-0.416657	-0.409874	-0.414432	-0.431934	-0.415910	-0.430635	-0.411419
515.0	-0.389918	-0.404023	-0.425661	-0.416122	-0.393276	-0.397482	-0.412764	-0.378495	-0.389850	-0.403342	-0.387840	-0.420690	-0.411410	-0.450009	-0.433264	-0.422551	-0.414065	-0.412273	-0.392994	-0.401392
516.0	-0.389581	-0.405418	-0.414774	-0.413725	-0.392827	-0.402143	-0.418962	-0.422233	-0.418857	-0.395389	-0.444907	-0.407107	-0.418943	-0.418178	-0.416355	-0.419136	-0.404039	-0.389219	-0.414872	-0.406350
517.0	-0.411721	-0.396045	-0.415389	-0.395777	-0.424788	-0.401806	-0.429161	-0.396993	-0.411022	-0.382821	-0.413429	-0.391847	-0.408936	-0.378121	-0.387836	-0.395561	-0.406279	-0.415239	-0.423847	-0.407798
518.0	-0.405275	-0.390410	-0.402772	-0.409824	-0.403387	-0.433533	-0.427922	-0.404850	-0.390462	-0.373812	-0.435056	-0.421305	-0.396679	-0.408150	-0.391274	-0.396793	-0.394012	-0.419715	-0.395630	-0.393148
519.0	-0.402080	-0.403019	-0.407629	-0.401741	-0.419396	-0.427805	-0.410735	-0.402175	-0.385849	-0.404398	-0.411504	-0.398611	-0.396286	-0.405051	-0.406435	-0.415048	-0.400006	-0.399291	-0.396920	-0.384236
520.0	-0.412898	-0.390131	-0.419855	-0.394829	-0.405409	-0.411970	-0.400987	-0.401228	-0.396574	-0.413240	-0.415128	-0.429746	-0.417594	-0.395079	-0.413312	-0.407600	-0.386954	-0.409419	-0.420089	-0.416209
521.0	-0.398493	-0.416520	-0.404447	-0.410827	-0.410745	-0.422526	-0.418117	-0.401952	-0.399908	-0.419691	-0.417392	-0.422703	-0.413490	-0.390177	-0.370307	-0.409896	-0.395861	-0.390338	-0.415769	-0.418660
522.0	-0.397652	-0.419421	-0.410364	-0.430671	-0.386087	-0.374178	-0.399240	-0.385070	-0.394240	-0.393109	-0.428715	-0.411132	-0.397916	-0.376036	-0.411733	-0.437782	-0.408184	-0.405838	-0.405447	-0.406015
523.0	-0.420913	-0.387620	-0.436323	-0.408486	-0.398950	-0.405343	-0.394225	-0.390753	-0.380404	-0.376760	-0.412354	-0.432205	-0.426084	-0.402797	-0.413143	-0.398865	-0.422635	-0.415575	-0.379755	-0.387021
524.0	-0.407965	-0.421709	-0.409583	-0.393770	-0.383784	-0.396752	-0.414398	-0.394598	-0.385238	-0.403508	-0.366043	-0.425665	-0.398085	-0.396093	-0.379832	-0.391977	-0.403198	-0.431354	-0.407018	-0.396323
525.0	-0.411272	-0.398555	-0.390099	-0.380058	-0.385413	-0.403041	-0.395408	-0.381838	-0.391184	-0.408513	-0.408051	-0.397940	-0.427770	-0.410797	-0.388456	-0.407040	-0.403254	-0.398172	-0.405335	-0.373429
526.0	-0.399334	-0.389238	-0.373965	-0.366680	-0.369011	-0.399840	-0.400874	-0.396269	-0.390295	-0.353014	-0.402276	-0.397269	-0.418887	-0.393332	-0.389301	-0.393489	-0.408520	-0.407909	-0.395630	-0.404289
527.0	-0.395298	-0.377187	-0.363861	-0.383514	-0.350306	-0.369124	-0.374784	-0.348185	-0.390184	-0.371032	-0.383763	-0.379941	-0.363564	-0.378966	-0.401645	-0.384306	-0.372895	-0.386589	-0.398996	-0.379557
528.0	-0.387283	-0.365694	-0.398752	-0.366791	-0.370190	-0.368844	-0.376644	-0.373648	-0.386183	-0.417133	-0.378555	-0.398667	-0.390945	-0.366966	-0.371040	-0.382234	-0.354466	-0.368907	-0.377343	-0.385183
529.0	-0.377755	-0.363351	-0.381223	-0.370861	-0.390861	-0.357276	-0.392760	-0.375988	-0.370679	-0.380208	-0.376403	-0.352831	-0.359516	-0.340487	-0.365065	-0.366723	-0.373623	-0.352680	-0.359392	-0.379835
530.0	-0.375289	-0.373840	-0.374970	-0.330838	-0.366820	-0.345428	-0.392309	-0.380055	-0.347174	-0.326377	-0.350644	-0.357079	-0.373741	-0.385276	-0.353342	-0.379434	-0.354466	-0.373775	-0.339589	-0.368193
531.0	-0.352869	-0.392976	-0.358278	-0.379668	-0.389569	-0.349358	-0.344017	-0.367184	-0.346896	-0.329658	-0.353871	-0.381506	-0.367612	-0.345895	-0.358358	-0.368347	-0.343655	-0.370026	-0.327080	-0.365352
532.0	-0.317166	-0.381762	-0.342591	-0.337639	-0.386199	-0.346607	-0.333029	-0.360888	-0.379181	-0.355405	-0.352682	-0.365408	-0.364070	-0.319416	-0.363205	-0.361628	-0.381241	-0.348539	-0.336841	-0.354100
533.0	-0.359875	-0.357214	-0.343652	-0.368687	-0.388390	-0.350594	-0.360302	-0.364733	-0.357176	-0.337666	-0.383933	-0.391512	-0.368006	-0.358064	-0.364163	-0.322710	-0.365949	-0.335613	-0.358831	-0.367358
534.0	-0.358474	-0.386281	-0.355152	-0.351686	-0.345644	-0.344642	-0.339678	-0.364398	-0.333948	-0.327822	-0.371704	-0.385978	-0.365926	-0.363811	-0.345507	-0.352164	-0.356259	-0.364878	-0.356138	-0.339005
535.0	-0.362173	-0.348901	-0.334552	-0.372756	-0.374515	-0.343013	-0.352808	-0.325452	-0.357398	-0.326933	-0.335924	-0.364849	-0.354850	-0.364036	-0.364107	-0.366107	-0.349873	-0.346748	-0.342226	-0.376660
536.0	-0.341323	-0.381372	-0.366485	-0.389088	-0.369067	-0.368058	-0.377771	-0.350079	-0.377903	-0.359743	-0.350927	-0.346067	-0.381555	-0.369501	-0.364332	-0.397129	-0.359171	-0.358835	-0.356923	-0.381339
537.0	-0.383136	-0.379140	-0.360288	-0.376825	-0.389344	-0.333355	-0.364698	-0.367853	-0.383349	-0.367584	-0.381046	-0.332149	-0.418269	-0.362909	-0.374985	-0.394329	-0.342031	-0.386198	-0.372238	-0.368305
538.0	-0.390702	-0.368316	-0.386582	-0.363057	-0.389513	-0.340093	-0.367290	-0.385404	-0.401353	-0.376148	-0.410032	-0.371612	-0.388752	-0.398516	-0.377916	-0.378706	-0.368022	-0.393808	-0.385982	-0.362066
539.0	-0.391879	-0.375960	-0.402325	-0.420916	-0.372269	-0.394394	-0.391464	-0.368076	-0.366734	-0.393610	-0.381612	-0.380053	-0.357380	-0.411924	-0.380396	-0.376746	-0.375415	-0.402761	-0.388225	-0.379334
540.0	-0.408470	-0.380981	-0.380497	-0.420470	-0.393276	-0.409723	-0.378841	-0.397551	-0.394240	-0.395779	-0.378159	-0.387096	-0.395611	-0.391868	-0.388512	-0.401609	-0.394684	-0.405391	-0.405391	-0.385461
541.0	-0.403762	-0.362682	-0.379548	-0.354305	-0.387098	-0.381085	-0.403522	-0.387187	-0.393629	-0.385157	-0.389312	-0.401015	-0.412703	-0.374797	-0.404688	-0.396793	-0.394012	-0.391681	-0.403035	-0.413925
542.0	-0.411048	-0.410774	-0.374412	-0.354083	-0.397152	-0.410453	-0.408763	-0.423571	-0.411300	-0.403286	-0.411391	-0.419461	-0.391563	-0.402966	-0.381298	-0.408832	-0.413841	-0.394143	-0.424296	-0.400947
543.0	-0.390982	-0.407593	-0.393225	-0.379891	-0.370584	-0.382714	-0.408876	-0.400336	-0.407243	-0.402507	-0.405220	-0.398164	-0.421923	-0.381445	-0.391894	-0.417680	-0.412721	-0.390338	-0.416050	-0.427740
544.0	-0.399558	-0.420537	-0.412151	-0.395108	-0.392996	-0.370921	-0.406340	-0.385237	-0.403798	-0.395667	-0.385462	-0.413144	-0.392969	-0.392825	-0.391612	-0.402673	-0.406839	-0.406454	-0.404213	-0.397883
545.0	-0.371421	-0.398332	-0.406791	-0.365063	-0.383390	-0.377772	-0.396479	-0.407023	-0.390628	-0.427699	-0.400748	-0.394307	-0.411972	-0.396375	-0.403843	-0.404185	-0.414289	-0.388716	-0.403820	-0.391031
546.0	-0.386611	-0.394650	-0.407740	-0.415063	-0.380582	-0.419157	-0.387068	-0.401618	-0.409633	-0.426698	-0.409240	-0.380556	-0.391732	-0.394347	-0.390767	-0.401105	-0.389755	-0.409028	-0.393779	-0.358779
547.0	-0.388740	-0.402126	-0.409694	-0.385743	-0.369797	-0.411464	-0.400818	-0.408137	-0.392684	-0.398782	-0.420110	-0.381562	-0.421979	-0.404600	-0.392739	-0.384586	-0.403422	-0.370418	-0.390245	-0.410806
548.0	-0.419511	-0.382543	-0.411648	-0.401630	-0.394344	-0.376874	-0.400649	-0.416662	-0.387628	-0.418968	-0.403748	-0.368538	-0.383242	-0.385220	-0.418328	-0.401385	-0.394852	-0.422849	-0.389460	-0.380782
549.0	-0.424556	-0.395543	-0.408410	-0.407761	-0.407881	-0.401076	-0.406509	-0.392536	-0.389850	-0.386436	-0.431320	-0.396710	-0.400727	-0.404769	-0.416299	-0.399369	-0.423139	-0.400746	-0.416891	-0.380114
550.0	-0.427583	-0.420704	-0.389932	-0.419634	-0.396928	-0.412812	-0.409608	-0.398721	-0.412967	-0.389495	-0.403805	-0.398723	-0.397466	-0.391473	-0.410888	-0.394833	-0.389587	-0.389947	-0.418181	-0.390920
551.0	-0.432851	-0.424721	-0.392332	-0.412443	-0.403275	-0.411296	-0.424372	-0.360721	-0.412133	-0.368585	-0.401597	-0.413312	-0.418437	-0.399304	-0.437660	-0.416784	-0.400174	-0.398844	-0.374369	-0.400947
552.0	-0.431562	-0.382376	-0.418124	-0.388921	-0.398613	-0.401413	-0.412989	-0.412037	-0.368734	-0.393387	-0.421469	-0.370495	-0.429232	-0.416093	-0.408690	-0.437222	-0.421123	-0.452841	-0.364104	-0.390307
553.0	-0.402080	-0.365694	-0.394063	-0.411217	-0.401309	-0.398830	-0.409214	-0.405072	-0.395296	-0.418301	-0.426168	-0.376252	-0.410679	-0.433671	-0.405759	-0.386378	-0.425380	-0.417253	-0.427269	-0.404511
554.0	-0.396755	-0.386783	-0.408131	-0.397003	-0.389625	-0.390687	-0.403297	-0.398553	-0.426081	-0.381542	-0.436868	-0.397214	-0.394262	-0.420150	-0.412184	-0.415272	-0.394348	-0.420163	-0.403091	-0.389360
555.0	-0.413234	-0.421151	-0.413267	-0.377772	-0.420294	-0.396752	-0.391351	-0.379777	-0.429193	-0.404398	-0.417222	-0.402747	-0.422261	-0.401051	-0.416355	-0.399593	-0.400118	-0.386198	-0.411057	-0.370533
556.0	-0.405723	-0.420314	-0.396910	-0.396947	-0.417149	-0.382657	-0.427584	-0.412873	-0.394073	-0.445772	-0.384103	-0.397549	-0.427096	-0.431305	-0.404406	-0.416000	-0.395132	-0.374055	-0.441293	-0.398050
557.0	-0.407797	-0.425726	-0.412151	-0.421752	-0.424226	-0.439878	-0.426175	-0.390809	-0.407688	-0.458396	-0.422657	-0.392071	-0.432718	-0.395248	-0.420639	-0.423839	-0.421907	-0.391346	-0.406401	-0.401726
558.0	-0.418559	-0.393646	-0.430797	-0.427884	-0.406252	-0.421740	-0.420371	-0.392257	-0.391573	-0.425975	-0.414335	-0.402636	-0.394037	-0.417445	-0.420019	-0.424679	-0.385274	-0.415183	-0.399781	-0.425122
559.0	-0.399278	-0.396156	-0.422311	-0.411050	-0.407825	-0.410846	-0.408538	-0.399779	-0.388906	-0.382877	-0.411844	-0.408114	-0.398141	-0.422347	-0.437153	-0.411408	-0.421459	-0.425591	-0.411842	-0.411419
560.0	-0.425957	-0.399336	-0.431913	-0.398397	-0.423047	-0.398717	-0.392703	-0.412761	-0.406187	-0.385435	-0.408617	-0.402803	-0.416020	-0.399361	-0.395557	-0.418296	-0.434510	-0.421114	-0.408420	-0.422392
561.0	-0.407573	-0.398834	-0.423874	-0.433012	-0.430517	-0.429658	-0.404424	-0.433823	-0.387961	-0.409459	-0.443039	-0.423821	-0.392350	-0.423981	-0.389414	-0.403401	-0.373735	-0.411210	-0.405672	-0.421222
562.0	-0.415980	-0.404581	-0.423093	-0.429444	-0.392322	-0.381310	-0.402170	-0.433210	-0.409966	-0.394110	-0.407485	-0.408505	-0.407924	-0.393614	-0.411114	-0.413088	-0.402582	-0.418708	-0.404830	-0.410583
563.0	-0.416541	-0.406422	-0.380553	-0.421027	-0.405578	-0.413935	-0.363965	-0.413932	-0.416190	-0.396780	-0.415467	-0.410349	-0.426927	-0.418967	-0.432926	-0.402169	-0.399389	-0.401586	-0.419247	-0.412978
564.0	-0.428928	-0.396045	-0.373519	-0.394328	-0.418104	-0.401188	-0.425104	-0.403067	-0.406076	-0.432148	-0.421978	-0.413256	-0.421979	-0.417220	-0.414101	-0.432631	-0.384994	-0.403488	-0.382223	-0.408411
565.0	-0.419399	-0.419589	-0.395905	-0.401128	-0.376987	-0.428703	-0.416201	-0.406410	-0.416968	-0.421415	-0.405786	-0.412641	-0.395386	-0.410121	-0.410155	-0.415608	-0.395749	-0.443105	-0.399781	-0.404790
566.0	-0.428760	-0.418417	-0.402548	-0.413279	-0.402264	-0.439092	-0.417948	-0.393595	-0.395463	-0.415409	-0.401087	-0.398946	-0.376383	-0.406178	-0.429037	-0.415328	-0.396085	-0.415631	-0.409150	-0.384570
567.0	-0.404098	-0.414512	-0.396631	-0.415955	-0.407712	-0.433982	-0.426569	-0.385125	-0.416801	-0.421471	-0.401427	-0.408673	-0.392294	-0.423699	-0.447580	-0.412696	-0.419499	-0.424248	-0.422950	-0.402896
568.0	-0.374448	-0.396045	-0.408410	-0.411607	-0.434000	-0.416181	-0.384138	-0.404237	-0.402131	-0.397725	-0.421016	-0.389723	-0.407249	-0.407699	-0.419399	-0.416392	-0.397821	-0.407349	-0.434057	-0.401838
569.0	-0.416597	-0.399504	-0.425940	-0.416289	-0.429282	-0.378109	-0.364698	-0.383733	-0.403909	-0.409403	-0.416883	-0.424995	-0.402526	-0.434065	-0.393528	-0.399033	-0.422523	-0.408468	-0.408701	-0.403509
570.0	-0.401239	-0.418305	-0.425046	-0.399679	-0.434843	-0.437744	-0.404875	-0.394152	-0.412800	-0.424585	-0.411391	-0.409008	-0.405056	-0.409896	-0.392119	-0.415776	-0.409528	-0.414903	-0.411562	-0.408355
571.0	-0.425116	-0.398053	-0.417342	-0.404863	-0.415857	-0.424267	-0.403635	-0.403401	-0.390128	-0.390774	-0.412240	-0.415380	-0.424172	-0.390515	-0.388343	-0.393769	-0.403759	-0.424807	-0.401857	-0.401448
572.0	-0.419063	-0.398555	-0.379046	-0.419745	-0.393220	-0.422526	-0.438403	-0.391756	-0.409799	-0.402897	-0.425432	-0.428740	-0.422204	-0.410290	-0.400686	-0.398081	-0.410032	-0.407629	-0.429681	-0.415596
573.0	-0.447816	-0.422378	-0.399255	-0.412165	-0.390131	-0.421628	-0.420709	-0.391923	-0.384516	-0.423973	-0.419714	-0.429355	-0.419112	-0.386008	-0.404575	-0.396401	-0.421627	-0.401977	-0.428054	-0.395321
574.0	-0.431618	-0.396212	-0.408019	-0.430280	-0.413442	-0.407590	-0.429161	-0.413263	-0.416356	-0.423584	-0.429168	-0.408337	-0.416245	-0.386628	-0.429939	-0.420312	-0.410312	-0.423856	-0.416554	-0.420387
575.0	-0.425677	-0.409825	-0.423204	-0.410046	-0.407937	-0.404782	-0.409608	-0.420952	-0.418135	-0.420915	-0.436698	-0.420187	-0.414502	-0.420319	-0.434504	-0.394273	-0.420339	-0.414847	-0.420706	-0.401838
576.0	-0.413458	-0.394204	-0.419855	-0.411774	-0.394905	-0.391024	-0.398338	-0.411536	-0.402353	-0.409681	-0.419261	-0.428348	-0.398535	-0.444037	-0.423964	-0.403457	-0.414009	-0.385078	-0.401128	-0.384291
577.0	-0.409086	-0.377466	-0.416840	-0.406535	-0.415913	-0.390238	-0.405833	-0.430870	-0.406632	-0.404621	-0.403069	-0.386481	-0.392631	-0.410121	-0.403786	-0.412752	-0.427172	-0.387541	-0.404550	-0.420164
578.0	-0.445014	-0.400229	-0.398920	-0.390983	-0.396029	-0.418989	-0.411580	-0.424741	-0.398908	-0.415743	-0.408560	-0.402412	-0.416245	-0.406685	-0.437097	-0.436550	-0.405047	-0.403208	-0.408701	-0.410305
579.0	-0.400006	-0.417915	-0.423874	-0.426323	-0.445066	-0.409892	-0.420145	-0.427304	-0.399408	-0.412795	-0.429281	-0.418455	-0.423497	-0.414572	-0.413481	-0.425239	-0.405439	-0.400131	-0.413918	-0.412756
580.0	-0.395635	-0.418417	-0.394119	-0.370693	-0.412599	-0.420505	-0.403128	-0.420506	-0.422802	-0.397614	-0.411788	-0.386984	-0.405956	-0.406347	-0.393585	-0.402561	-0.448570	-0.396382	-0.422725	-0.427461
581.0	-0.409703	-0.419533	-0.402772	-0.396055	-0.413217	-0.400570	-0.365712	-0.406465	-0.385071	-0.415576	-0.399162	-0.385475	-0.420574	-0.403304	-0.401701	-0.382794	-0.431317	-0.419044	-0.395799	-0.385684
582.0	-0.397764	-0.428906	-0.399925	-0.366624	-0.382829	-0.397707	-0.400029	-0.417888	-0.427026	-0.418023	-0.398936	-0.409790	-0.436766	-0.402121	-0.394036	-0.396401	-0.388355	-0.421002	-0.390189	-0.392145
583.0	-0.379548	-0.417636	-0.407796	-0.396334	-0.397995	-0.404220	-0.404030	-0.423125	-0.414078	-0.400283	-0.402333	-0.418455	-0.385097	-0.413164	-0.392514	-0.427255	-0.382137	-0.395262	-0.409037	-0.404233
584.0	-0.389357	-0.396547	-0.374300	-0.411496	-0.402545	-0.421235	-0.415187	-0.415603	-0.392073	-0.425586	-0.434773	-0.412865	-0.438284	-0.414572	-0.407450	-0.406201	-0.403703	-0.418093	-0.419359	-0.387299
585.0	-0.387003	-0.384942	-0.409806	-0.408876	-0.405634	-0.409330	-0.411975	-0.402565	-0.387072	-0.389217	-0.412410	-0.393971	-0.434124	-0.429558	-0.405026	-0.424231	-0.402246	-0.400299	-0.404325	-0.403286
586.0	-0.374952	-0.411164	-0.395793	-0.396278	-0.412711	-0.406803	-0.413440	-0.385906	-0.407966	-0.392942	-0.441963	-0.409902	-0.389202	-0.420600	-0.396910	-0.392481	-0.419050	-0.418540	-0.407916	-0.412756
587.0	-0.376129	-0.393757	-0.391886	-0.398397	-0.412318	-0.415395	-0.388815	-0.389360	-0.389739	-0.392664	-0.355343	-0.409455	-0.429457	-0.415305	-0.425204	-0.421991	-0.419723	-0.388548	-0.394677	-0.428909
588.0	-0.395803	-0.400341	-0.378487	-0.427605	-0.414397	-0.400177	-0.391520	-0.402899	-0.408910	-0.402674	-0.378102	-0.399282	-0.436091	-0.412488	-0.423739	-0.396681	-0.401350	-0.407573	-0.399950	-0.418939
589.0	-0.414019	-0.408430	-0.368048	-0.419578	-0.416587	-0.397033	-0.426175	-0.397161	-0.388239	-0.415075	-0.398087	-0.425218	-0.398535	-0.408262	-0.415284	-0.408944	-0.413505	-0.416022	-0.389628	-0.411697
590.0	-0.380725	-0.376964	-0.386303	-0.403859	-0.398051	-0.393383	-0.394112	-0.403457	-0.422024	-0.409125	-0.395030	-0.412250	-0.409948	-0.393558	-0.401194	-0.406816	-0.430925	-0.404887	-0.383457	-0.416209
591.0	-0.383920	-0.400285	-0.384405	-0.398062	-0.406926	-0.411801	-0.400367	-0.395043	-0.421024	-0.406289	-0.411391	-0.394978	-0.402414	-0.402854	-0.401250	-0.382458	-0.410648	-0.416918	-0.391142	-0.421779
592.0	-0.396027	-0.408598	-0.412821	-0.390760	-0.418778	-0.396583	-0.414511	-0.389304	-0.420191	-0.413018	-0.409749	-0.410238	-0.392631	-0.422741	-0.405703	-0.423615	-0.416922	-0.420107	-0.407523	-0.406183
593.0	-0.402192	-0.380981	-0.377427	-0.398452	-0.386367	-0.392821	-0.382899	-0.392425	-0.420913	-0.381542	-0.430867	-0.407666	-0.375034	-0.392600	-0.407675	-0.395281	-0.410704	-0.409867	-0.385813	-0.398440
594.0	-0.406284	-0.400285	-0.393337	-0.400459	-0.398500	-0.402704	-0.378898	-0.400058	-0.399297	-0.391441	-0.398483	-0.398443	-0.401852	-0.404657	-0.418215	-0.412304	-0.425996	-0.420499	-0.394620	-0.400557
595.0	-0.402248	-0.414623	-0.405228	-0.419132	-0.376987	-0.399897	-0.416088	-0.414322	-0.397185	-0.407068	-0.378725	-0.359036	-0.398422	-0.381952	-0.403392	-0.400377	-0.419330	-0.391737	-0.368760	-0.404846
596.0	-0.416317	-0.424498	-0.419799	-0.401072	-0.407656	-0.395797	-0.401381	-0.409307	-0.403909	-0.415854	-0.417732	-0.399394	-0.390326	-0.388093	-0.420977	-0.407880	-0.410424	-0.416750	-0.414142	-0.367915
597.0	-0.421697	-0.409044	-0.431913	-0.424149	-0.413273	-0.401132	-0.391295	-0.411313	-0.385905	-0.405177	-0.421412	-0.392239	-0.405900	-0.411136	-0.412466	-0.415496	-0.421235	-0.398844	-0.413357	-0.379891
598.0	-0.420296	-0.422657	-0.418012	-0.426546	-0.423946	-0.383893	-0.414398	-0.391589	-0.394851	-0.420692	-0.396841	-0.401797	-0.408599	-0.404488	-0.428361	-0.395505	-0.381297	-0.429620	-0.407298	-0.414427
599.0	-0.382519	-0.391916	-0.379995	-0.418519	-0.433495	-0.410903	-0.399803	-0.391422	-0.400408	-0.420748	-0.404088	-0.426224	-0.427040	-0.407023	-0.404350	-0.410960	-0.424204	-0.415854	-0.409823	-0.406071
600.0	-0.417101	-0.396826	-0.387754	-0.394662	-0.398837	-0.387655	-0.401325	-0.404794	-0.422858	-0.400895	-0.418978	-0.414430	-0.418325	-0.431136	-0.391330	-0.414432	-0.407287	-0.431746	-0.405279	-0.391143
601.0	-0.402809	-0.414233	-0.397803	-0.410771	-0.406196	-0.402704	-0.392140	-0.409474	-0.401353	-0.394333	-0.384216	-0.407499	-0.393194	-0.420657	-0.412917	-0.390298	-0.424428	-0.417085	-0.402979	-0.385071
602.0	-0.401295	-0.430133	-0.406121	-0.415732	-0.427709	-0.415451	-0.415581	-0.410700	-0.395352	-0.405010	-0.422488	-0.398723	-0.439690	-0.427812	-0.420301	-0.396961	-0.413281	-0.421170	-0.408925	-0.398440
603.0	-0.416373	-0.400452	-0.406233	-0.398675	-0.392939	-0.418876	-0.418737	-0.419559	-0.387183	-0.405510	-0.393671	-0.422088	-0.413715	-0.400995	-0.423288	-0.411016	-0.388971	-0.394703	-0.387552	-0.428742
604.0	-0.396083	-0.395766	-0.399980	-0.395554	-0.410465	-0.418483	-0.422907	-0.418668	-0.406576	-0.416021	-0.407768	-0.418287	-0.407081	-0.413840	-0.400123	-0.393321	-0.421291	-0.406454	-0.410720	-0.424565
605.0	-0.407573	-0.416297	-0.389820	-0.399567	-0.415857	-0.421853	-0.412313	-0.407301	-0.391795	-0.392998	-0.425035	-0.389052	-0.393194	-0.421558	-0.409028	-0.391865	-0.390035	-0.410818	-0.418518	-0.434145
606.0	-0.401856	-0.419589	-0.374412	-0.413948	-0.426866	-0.425671	-0.387237	-0.397773	-0.402520	-0.404676	-0.424752	-0.393245	-0.406687	-0.429953	-0.399390	-0.413368	-0.410368	-0.409531	-0.386374	-0.410917
607.0	-0.416765	-0.386895	-0.384014	-0.373202	-0.442032	-0.427075	-0.430683	-0.420060	-0.407243	-0.412351	-0.426564	-0.409287	-0.417594	-0.413783	-0.418215	-0.408216	-0.392108	-0.409196	-0.413245	-0.417267
608.0	-0.412337	-0.398778	-0.411871	-0.389255	-0.417317	-0.396078	-0.419526	-0.395935	-0.391684	-0.412295	-0.418525	-0.418958	-0.405844	-0.395868	-0.415679	-0.398697	-0.437367	-0.401921	-0.402418	-0.419718
609.0	-0.416373	-0.403911	-0.430350	-0.397839	-0.422541	-0.435947	-0.422005	-0.405908	-0.380737	-0.410182	-0.428715	-0.431646	-0.416751	-0.407135	-0.411001	-0.405305	-0.422243	-0.390954	-0.409991	-0.429021
610.0	-0.410263	-0.413340	-0.394844	-0.392321	-0.427203	-0.418034	-0.410904	-0.413207	-0.401075	-0.416466	-0.401087	-0.419628	-0.426983	-0.386797	-0.433377	-0.420200	-0.403871	-0.412497	-0.399164	-0.441832
611.0	-0.418222	-0.389350	-0.406289	-0.418909	-0.424788	-0.411801	-0.401099	-0.419336	-0.422413	-0.435151	-0.410089	-0.406437	-0.401627	-0.412431	-0.417708	-0.422999	-0.396029	-0.386813	-0.402923	-0.407854
612.0	-0.395298	-0.421095	-0.422311	-0.438920	-0.413161	-0.425053	-0.397324	-0.416996	-0.404131	-0.403786	-0.412354	-0.405039	-0.408149	-0.380431	-0.403110	-0.401329	-0.404039	-0.409811	-0.425081	-0.418214
613.0	-0.427695	-0.439060	-0.421753	-0.409991	-0.393557	-0.404782	-0.386730	-0.374651	-0.418301	-0.419914	-0.412637	-0.407331	-0.427321	-0.402009	-0.420470	-0.416896	-0.392332	-0.426262	-0.410047	-0.413201
614.0	-0.429096	-0.405418	-0.404782	-0.375821	-0.409566	-0.417585	-0.422569	-0.396046	-0.426136	-0.417745	-0.426960	-0.421305	-0.422373	-0.436770	-0.413424	-0.410624	-0.418378	-0.434096	-0.408196	-0.424732
615.0	-0.430553	-0.387620	-0.416226	-0.422198	-0.408779	-0.403434	-0.423865	-0.412093	-0.390073	-0.404621	-0.404258	-0.396934	-0.416695	-0.417502	-0.424190	-0.399985	-0.403030	-0.400410	-0.409037	-0.435204
616.0	-0.412113	-0.415460	-0.428452	-0.443770	-0.409285	-0.429265	-0.426175	-0.385293	-0.388128	-0.422027	-0.416317	-0.397549	-0.387403	-0.415812	-0.407055	-0.394889	-0.433614	-0.437453	-0.416723	-0.421612
617.0	-0.445294	-0.435043	-0.417007	-0.412276	-0.426192	-0.439597	-0.447588	-0.398386	-0.402909	-0.399226	-0.408334	-0.390785	-0.388134	-0.431981	-0.402095	-0.373947	-0.442408	-0.399571	-0.446735	-0.388469
618.0	-0.425677	-0.448712	-0.391495	-0.423201	-0.435798	-0.440832	-0.408368	-0.397328	-0.407966	-0.409792	-0.409523	-0.409623	-0.413940	-0.429615	-0.432757	-0.399033	-0.417146	-0.428109	-0.424745	-0.416042
619.0	-0.427526	-0.414233	-0.407070	-0.407315	-0.422373	-0.433926	-0.414060	-0.425131	-0.412022	-0.406289	-0.409919	-0.392854	-0.407811	-0.406572	-0.411733	-0.384306	-0.422859	-0.436278	-0.399445	-0.415708
620.0	-0.406508	-0.388290	-0.412597	-0.411607	-0.415688	-0.435105	-0.405833	-0.417386	-0.402242	-0.445884	-0.398879	-0.407778	-0.408374	-0.403642	-0.385919	-0.384586	-0.434118	-0.423408	-0.387103	-0.390419
621.0	-0.404771	-0.419868	-0.390769	-0.410827	-0.409117	-0.436846	-0.393549	-0.413653	-0.397519	-0.417578	-0.407258	-0.429410	-0.403595	-0.426122	-0.402997	-0.414656	-0.422635	-0.458717	-0.404045	-0.392313
622.0	-0.446527	-0.435210	-0.410364	-0.408040	-0.401365	-0.431567	-0.405664	-0.399779	-0.416412	-0.428756	-0.423167	-0.394251	-0.403257	-0.407361	-0.407619	-0.429047	-0.416922	-0.415966	-0.421379	-0.406851
623.0	-0.409030	-0.416911	-0.409750	-0.396334	-0.409510	-0.399054	-0.398395	-0.413542	-0.413189	-0.416577	-0.423450	-0.408784	-0.402077	-0.428601	-0.394543	-0.420816	-0.413729	-0.420387	-0.424184	-0.398217
624.0	-0.400735	-0.422546	-0.393560	-0.405754	-0.397433	-0.402087	-0.409495	-0.433266	-0.416301	-0.396279	-0.418072	-0.424771	-0.414108	-0.404150	-0.402772	-0.409952	-0.427453	-0.407741	-0.429288	-0.391811
625.0	-0.403481	-0.426786	-0.390769	-0.414896	-0.403331	-0.413542	-0.433050	-0.419392	-0.407354	-0.411238	-0.423563	-0.405151	-0.420686	-0.421896	-0.398206	-0.404353	-0.412497	-0.400075	-0.404550	-0.420331
626.0	-0.403369	-0.415795	-0.390211	-0.387583	-0.401983	-0.396247	-0.402508	-0.433266	-0.401964	-0.432648	-0.410712	-0.411915	-0.434348	-0.408995	-0.367996	-0.394273	-0.411601	-0.412889	-0.421547	-0.411753
627.0	-0.413794	-0.426674	-0.400762	-0.399288	-0.396253	-0.437800	-0.410059	-0.402899	-0.426414	-0.399338	-0.408504	-0.422144	-0.400165	-0.411361	-0.407506	-0.407488	-0.402470	-0.412329	-0.408533	-0.431695
628.0	-0.389021	-0.402795	-0.414663	-0.415621	-0.399624	-0.429040	-0.403917	-0.403902	-0.421358	-0.416188	-0.391463	-0.406045	-0.410735	-0.422854	-0.387159	-0.418856	-0.400230	-0.416246	-0.405391	-0.420220
629.0	-0.420016	-0.418026	-0.420692	-0.413670	-0.430911	-0.413430	-0.402226	-0.388246	-0.408799	-0.390996	-0.419827	-0.424044	-0.400559	-0.420093	-0.396854	-0.402113	-0.420731	-0.416918	-0.405391	-0.427405
630.0	-0.388124	-0.406143	-0.381000	-0.419299	-0.401140	-0.431848	-0.397211	-0.394375	-0.400130	-0.405010	-0.406749	-0.387823	-0.420349	-0.397332	-0.419906	-0.397801	-0.387739	-0.431466	-0.404718	-0.402450
631.0	-0.387283	-0.375179	-0.398250	-0.366067	-0.387379	-0.387880	-0.411186	-0.407301	-0.389406	-0.409403	-0.406975	-0.358141	-0.400334	-0.401220	-0.408972	-0.396065	-0.394684	-0.391793	-0.384355	-0.396323
632.0	-0.374280	-0.395766	-0.368829	-0.384629	-0.399006	-0.390407	-0.376080	-0.363396	-0.361399	-0.386158	-0.404994	-0.418455	-0.396061	-0.388769	-0.401194	-0.401217	-0.426164	-0.399963	-0.390413	-0.406015
633.0	-0.395410	-0.397495	-0.397692	-0.409433	-0.393557	-0.388834	-0.403297	-0.349745	-0.382571	-0.385491	-0.413769	-0.401462	-0.376439	-0.392713	-0.393979	-0.415440	-0.382417	-0.422233	-0.385701	-0.400501
634.0	-0.361389	-0.392920	-0.392276	-0.392711	-0.398556	-0.360252	-0.388195	-0.372589	-0.382960	-0.390829	-0.396898	-0.394978	-0.384873	-0.373107	-0.387385	-0.425071	-0.391491	-0.408636	-0.356867	-0.393371
635.0	-0.382799	-0.410439	-0.359897	-0.369857	-0.376088	-0.373841	-0.404987	-0.392202	-0.405965	-0.380152	-0.394463	-0.395481	-0.359685	-0.371867	-0.400968	-0.398585	-0.384042	-0.387764	-0.376726	-0.393649
636.0	-0.385658	-0.389015	-0.381949	-0.357594	-0.365697	-0.389396	-0.373206	-0.353032	-0.393184	-0.387493	-0.334679	-0.377090	-0.362159	-0.392487	-0.381692	-0.366051	-0.374911	-0.381833	-0.369096	-0.394429
637.0	-0.409591	-0.375904	-0.371621	-0.376992	-0.358282	-0.397257	-0.359908	-0.385961	-0.407243	-0.354571	-0.386028	-0.380556	-0.373853	-0.365388	-0.331416	-0.394553	-0.351609	-0.392800	-0.361411	-0.337557
638.0	-0.346143	-0.364076	-0.363805	-0.371028	-0.368112	-0.394281	-0.342778	-0.346179	-0.348229	-0.342893	-0.382688	-0.378152	-0.349452	-0.343923	-0.354582	-0.386098	-0.371382	-0.362808	-0.353445	-0.354379
639.0	-0.360043	-0.372389	-0.364587	-0.328386	-0.356035	-0.358848	-0.347455	-0.375932	-0.348007	-0.325932	-0.386934	-0.366749	-0.353107	-0.334233	-0.390992	-0.356924	-0.357099	-0.350218	-0.358550	-0.348307
640.0	-0.363350	-0.358162	-0.359283	-0.328665	-0.358394	-0.307861	-0.330155	-0.368187	-0.367345	-0.335997	-0.357891	-0.336118	-0.344111	-0.302683	-0.357512	-0.333741	-0.368246	-0.359786	-0.340543	-0.364127
641.0	-0.339585	-0.368261	-0.340358	-0.320471	-0.321715	-0.323191	-0.335340	-0.343226	-0.326169	-0.356851	-0.330546	-0.317392	-0.356255	-0.315359	-0.331698	-0.323550	-0.331949	-0.273781	-0.319955	-0.355549
642.0	-0.334373	-0.341927	-0.331482	-0.297394	-0.267791	-0.315442	-0.283836	-0.338991	-0.309443	-0.328323	-0.319789	-0.305877	-0.287551	-0.276655	-0.351989	-0.292696	-0.318897	-0.349210	-0.287307	-0.302129
643.0	-0.284265	-0.290041	-0.299940	-0.265844	-0.294304	-0.264398	-0.291894	-0.323390	-0.278880	-0.299350	-0.301842	-0.292797	-0.289519	-0.290063	-0.297148	-0.322598	-0.289098	-0.282902	-0.286578	-0.242472
644.0	-0.197052	-0.284462	-0.291119	-0.280058	-0.261051	-0.258502	-0.254027	-0.227110	-0.242427	-0.279552	-0.252361	-0.251265	-0.273327	-0.283303	-0.245858	-0.242915	-0.258458	-0.242782	-0.243607	-0.276952
645.0	-0.227263	-0.188445	-0.247072	-0.271196	-0.252738	-0.222957	-0.245913	-0.232960	-0.213865	-0.198139	-0.212788	-0.272115	-0.225875	-0.203301	-0.241518	-0.222925	-0.200427	-0.176026	-0.281192	-0.167440
646.0	-0.162414	-0.104591	-0.252599	-0.204697	-0.135004	-0.201450	-0.173955	-0.157797	-0.199639	-0.135132	-0.136981	-0.199784	-0.164649	-0.174343	-0.195413	-0.172360	-0.198859	-0.165898	-0.180610	-0.147498
647.0	-0.152325	-0.117312	-0.114038	-0.104864	-0.103380	-0.145184	-0.150006	-0.089877	-0.118398	-0.128014	-0.038358	-0.095982	-0.137493	-0.052369	-0.042332	-0.071007	-0.129906	-0.128743	-0.097418	-0.135243
648.0	-0.056313	-0.029831	-0.058491	-0.039313	-0.056815	-0.048600	-0.029193	-0.050931	-0.073777	-0.096427	-0.017185	-0.035892	-0.074749	-0.008256	-0.013981	-0.040769	-0.009756	-0.049341	-0.057084	-0.113018
649.0	0.044015	-0.011364	0.061926	-0.032234	0.005815	0.060618	0.032340	0.052370	0.015355	-0.001388	0.010953	0.033980	0.020885	0.023406	0.043396	-0.001516	0.024245	0.051045	0.083046	0.018887
650.0	0.158915	0.071263	0.052994	0.066706	0.160846	0.152149	0.169833	0.108088	0.128659	0.097265	0.151640	0.099939	0.127483	0.131803	0.086232	0.075087	0.134873	0.150647	0.070705	0.089407
651.0	0.217767	0.202930	0.250619	0.235602	0.205221	0.250979	0.228436	0.261869	0.228683	0.207374	0.218445	0.248067	0.235431	0.217438	0.344937	0.187640	0.183605	0.250808	0.212630	0.293280
652.0	0.268211	0.361935	0.375112	0.342624	0.349579	0.334086	0.352969	0.413978	0.424839	0.392001	0.330541	0.316821	0.349000	0.408990	0.350573	0.348909	0.337084	0.381186	0.330995	0.353996
653.0	0.472230	0.489697	0.564921	0.534374	0.518653	0.507600	0.514128	0.518170	0.521529	0.508783	0.466416	0.430293	0.585135	0.533499	0.532625	0.557775	0.496164	0.521077	0.534066	0.587392
654.0	0.649345	0.703936	0.739099	0.764584	0.723675	0.655846	0.709661	0.721540	0.650447	0.663936	0.698535	0.655560	0.757738	0.697445	0.746240	0.623850	0.758870	0.730354	0.669821	0.678744
655.0	0.948087	0.917058	0.926676	0.920659	0.880953	0.873160	0.875891	0.844676	0.931068	0.894720	0.945941	0.845052	0.851630	0.905336	0.834730	0.930150	0.920750	0.859612	0.896453	0.967286
656.0	1.071956	1.117907	1.035537	1.105162	1.134282	1.081489	1.097908	1.050274	1.125002	1.049318	1.198441	1.087647	1.144549	1.113226	1.122744	1.110458	1.122961	1.109737	1.093915	1.173944
657.0	1.270369	1.392958	1.350398	1.354324	1.441535	1.330249	1.417410	1.376780	1.376172	1.425245	1.346771	1.340304	1.270488	1.415766	1.339177	1.385959	1.367182	1.331883	1.326157	1.383387
658.0	1.655427	1.695346	1.618922	1.660342	1.590387	1.694124	1.671545	1.499359	1.508981	1.698849	1.602669	1.637679	1.502124	1.490697	1.589992	1.693378	1.603002	1.609986	1.583642	1.589488
659.0	1.844873	1.929112	1.828271	1.853763	1.803835	1.991176	1.827633	1.722230	1.806272	1.911838	1.861397	1.864064	1.960338	1.835491	1.892660	1.967200	1.831539	1.905994	1.910688	1.903096
660.0	2.254592	2.008335	2.195608	2.185980	2.191412	2.285420	2.042888	2.118383	2.090783	2.133168	2.228825	2.274351	2.270124	2.209582	2.113602	2.202384	2.103767	2.174025	2.117125	2.083574
661.0	2.455808	2.337504	2.379835	2.396124	2.457660	2.499365	2.312802	2.440431	2.416414	2.432353	2.515294	2.512475	2.464654	2.492403	2.339617	2.457167	2.396161	2.340215	2.429586	2.365431
662.0	2.716997	2.666672	2.623796	2.731127	2.673917	2.752618	2.786701	2.825998	2.827065	2.682600	2.693629	2.610854	2.689544	2.766210	2.640031	2.698511	2.661668	2.688822	2.843021	2.718588
663.0	3.007332	2.879237	2.973268	3.009275	2.848046	3.054723	2.845304	3.037725	3.007663	2.943970	3.048602	3.110578	2.934113	2.970720	2.959044	2.856980	3.010075	2.970282	3.043288	3.032753
664.0	3.206866	3.245785	3.053100	3.185416	3.060371	3.265299	3.195234	3.214350	3.319958	3.303770	3.282986	3.264855	3.227032	3.194386	3.269040	3.158800	3.211726	3.236634	3.258139	3.135803
665.0	3.277488	3.534226	3.442209	3.402249	3.496254	3.464082	3.467402	3.370917	3.434985	3.441128	3.546809	3.385034	3.474973	3.541997	3.392474	3.340788	3.402734	3.355261	3.538625	3.327978
666.0	3.621630	3.598944	3.725807	3.650854	3.667013	3.568528	3.564886	3.589888	3.628363	3.549013	3.529259	3.734394	3.643641	3.643407	3.665270	3.591091	3.499078	3.471091	3.593600	3.482276
667.0	3.900194	3.810951	3.997123	3.808601	3.878776	3.730812	3.812260	3.725839	3.726164	3.641882	3.755151	3.835009	3.794880	3.709323	3.794905	3.909710	3.796513	3.893561	3.752916	3.808138
668.0	3.898512	3.920302	3.985399	3.955757	3.815865	3.943633	3.905237	3.897450	4.094583	4.127919	3.823088	3.884199	3.869656	3.944820	3.872122	4.071539	4.011607	3.925456	3.943085	4.061587
669.0	3.923735	4.046948	4.092027	3.945724	4.048411	3.960480	3.923269	4.117535	4.071244	3.994453	4.026334	4.124558	4.182815	4.016370	4.020920	4.074899	4.055858	3.924896	4.267887	4.121746
670.0	4.152975	4.051969	4.042342	4.012613	4.087730	4.027864	4.196564	4.233428	3.983446	4.092884	3.937449	3.994317	4.055752	4.073273	4.156754	4.068179	4.042975	4.148161	3.893158	4.138457
671.0	4.001082	3.984461	4.021128	4.196558	4.174233	4.045833	4.062452	4.109734	4.125145	4.137373	3.962360	4.018353	3.977603	4.007356	4.133082	4.028422	4.134278	4.084371	3.838744	4.079412
672.0	4.028546	3.932018	4.009963	3.960774	4.053466	3.941949	3.923832	3.895778	3.947882	4.140153	3.836109	3.926681	3.995594	3.979750	3.870994	4.021142	3.968476	4.056953	3.903817	3.942382
673.0	3.927098	3.985019	3.950229	3.949068	3.738349	3.842557	3.984690	3.862905	3.702269	3.921604	3.873475	3.912148	3.967483	3.817494	3.908194	3.819556	3.832362	3.940004	3.941963	3.882223
674.0	3.643489	3.893522	3.793357	3.743941	3.827099	3.712843	3.776197	3.773199	3.750614	3.750323	3.720616	3.634337	3.663881	3.685098	3.656816	3.677885	3.730976	3.659663	3.699623	3.804239
675.0	3.468616	3.770223	3.454491	3.589539	3.653532	3.549436	3.528259	3.671236	3.567238	3.472826	3.517936	3.524778	3.528385	3.621998	3.541836	3.558053	3.568535	3.623851	3.544795	3.540207
676.0	3.283093	3.188320	3.284779	3.364902	3.385036	3.367498	3.412743	3.462852	3.338295	3.208676	3.365643	3.215106	3.354657	3.312697	3.393601	3.395664	3.502439	3.417932	3.380992	3.380896
677.0	3.139047	3.012578	3.197690	3.075607	2.982855	3.196230	3.124797	3.090657	3.082125	2.969551	3.108047	3.035675	3.076918	3.162272	3.066697	3.060807	3.151791	3.069325	3.185774	3.043893
678.0	2.861043	2.647703	2.749405	2.811394	2.827824	2.781817	2.922503	2.740750	2.853183	2.890584	2.869700	2.861275	2.867208	2.839451	2.924663	2.744428	2.811785	2.704490	2.800948	2.828880
679.0	2.667674	2.549510	2.458550	2.495343	2.475635	2.545973	2.587224	2.491135	2.565893	2.499085	2.646639	2.614767	2.537744	2.590433	2.549287	2.584279	2.660547	2.532704	2.604609	2.483521
680.0	2.267483	2.314071	2.238036	2.282412	2.274544	2.297213	2.249127	2.272164	2.323059	2.226037	2.318842	2.410182	2.374698	2.299724	2.349762	2.209664	2.161462	2.216552	2.285416	2.330338
681.0	2.023109	1.971513	1.937132	2.066137	1.938644	1.940076	2.067118	1.972960	1.989092	2.040854	2.182401	2.027284	1.920982	2.009015	2.164892	1.989599	1.860106	2.153881	2.066077	2.035112
682.0	1.879063	1.801908	1.810406	1.708279	1.757775	1.748031	1.840594	1.792992	1.872399	1.707747	1.931599	1.781335	1.726452	1.829857	1.767534	1.772893	1.780566	1.721898	1.759226	1.788348
683.0	1.592652	1.639555	1.480473	1.504267	1.602744	1.516117	1.587021	1.535576	1.492310	1.486417	1.557377	1.521971	1.531922	1.425344	1.470502	1.515310	1.605802	1.569138	1.532033	1.518745
684.0	1.368455	1.328798	1.278940	1.297468	1.399407	1.317895	1.305838	1.245286	1.289485	1.379088	1.325824	1.234658	1.276672	1.193791	1.300850	1.315404	1.295484	1.309501	1.290816	1.271424
685.0	1.094936	1.167003	1.147748	1.010959	1.060699	1.228611	1.012821	1.092620	1.064988	1.167768	1.053508	1.170376	1.081018	1.133508	1.117108	1.162534	1.128562	1.202065	0.999672	1.079249
686.0	1.005257	0.933796	0.986410	0.939053	0.902859	0.956828	0.931677	0.843562	0.921066	0.933092	0.900649	0.989827	0.857814	0.947590	0.897293	0.986146	0.968922	0.885912	0.847649	0.911583
687.0	0.798996	0.775348	0.771479	0.835932	0.852306	0.740076	0.737272	0.727669	0.756583	0.812973	0.779494	0.785242	0.708824	0.840546	0.751877	0.820957	0.819365	0.800299	0.738260	0.724978
688.0	0.600582	0.693335	0.626889	0.612411	0.704016	0.584531	0.580620	0.655793	0.657671	0.641692	0.679853	0.657796	0.645293	0.627585	0.594624	0.607051	0.584106	0.690625	0.610358	0.661477
689.0	0.541731	0.493603	0.557106	0.469157	0.509104	0.480647	0.509057	0.489197	0.510971	0.526578	0.577381	0.534262	0.524415	0.543640	0.543334	0.519137	0.550497	0.575914	0.526774	0.504394
690.0	0.362374	0.423864	0.422564	0.437384	0.388337	0.408209	0.449326	0.400049	0.435953	0.395337	0.465284	0.425262	0.431085	0.398286	0.449208	0.375787	0.407101	0.416439	0.462823	0.467630
691.0	0.318655	0.394852	0.358922	0.325345	0.356881	0.310501	0.257738	0.341545	0.370382	0.319151	0.385457	0.332472	0.359682	0.344200	0.369737	0.311391	0.338204	0.295573	0.306873	0.361794
692.0	0.228977	0.240310	0.209866	0.262915	0.299587	0.232448	0.234071	0.239582	0.262579	0.288009	0.293176	0.255334	0.288842	0.259692	0.235593	0.237476	0.252502	0.278227	0.270971	0.260972
693.0	0.257562	0.216878	0.150132	0.194353	0.230498	0.185841	0.170960	0.193893	0.218125	0.199588	0.222408	0.198318	0.223062	0.176874	0.256448	0.192119	0.195928	0.201567	0.192435	0.255959
694.0	0.166202	0.111433	0.125568	0.107955	0.185000	0.110595	0.171524	0.056827	0.109766	0.145646	0.184476	0.136831	0.085879	0.138000	0.149922	0.141723	0.115828	0.157921	0.079119	0.139540
695.0	0.132012	0.107527	0.063601	0.100151	0.104114	0.134741	0.123627	0.086358	0.103654	-0.013456	0.099554	0.085964	0.051021	0.093492	0.091305	0.163001	0.092862	0.142253	0.157655	0.114473
696.0	0.106229	0.093579	0.037921	0.048869	0.039518	0.074095	0.033467	0.086915	0.075314	-0.014401	0.041241	0.052985	0.058892	0.039970	0.036633	0.058848	0.042450	0.152885	0.127924	0.005964
697.0	0.068116	-0.002158	0.050761	0.053329	0.014129	0.061741	0.032228	0.052370	-0.020653	0.099489	0.078041	0.062487	0.031343	0.065886	0.060869	0.077327	0.032927	0.101965	0.064534	0.013539
698.0	0.082128	-0.002158	0.070300	0.041066	0.037271	0.015920	0.022874	0.035098	0.009576	-0.024356	0.030088	-0.034327	0.042025	0.068140	0.001237	0.086286	0.057013	0.028103	0.066778	0.058770
699.0	0.016102	-0.011699	-0.001213	-0.006426	0.068726	-0.048263	0.028452	0.007350	0.002185	-0.035533	-0.018940	-0.000900	-0.032470	0.067576	0.008451	0.004924	-0.030873	0.034258	-0.000987	-0.036649
700.0	-0.030755	-0.014433	-0.044646	-0.013003	0.015252	-0.038549	-0.003498	-0.013878	-0.050327	-0.031307	-0.013561	-0.040979	-0.028928	-0.000256	-0.000961	0.004364	-0.019614	-0.012354	-0.011085	-0.021943
701.0	-0.031035	0.003365	-0.054695	-0.035188	-0.010418	-0.021085	-0.056523	-0.054385	-0.028933	-0.048602	0.008122	-0.042656	-0.066035	-0.031862	0.004111	0.000500	-0.018830	-0.003009	-0.000875	-0.048904
702.0	-0.075594	-0.036916	-0.043753	-0.033572	-0.082485	-0.102844	-0.045365	-0.035441	-0.089169	-0.021519	0.057660	-0.009900	-0.055296	-0.060144	-0.009867	-0.054544	0.005256	-0.023265	-0.054672	-0.044447
703.0	-0.100031	0.018094	-0.021757	-0.046392	-0.100010	-0.041806	-0.064581	-0.096229	-0.035434	-0.072959	-0.016619	-0.006993	-0.043883	-0.030115	-0.039514	-0.075487	-0.034178	-0.023097	-0.086143	-0.093243
704.0	-0.052782	-0.039204	0.035130	-0.088142	-0.060241	-0.059943	-0.053931	-0.084974	-0.089892	-0.053051	-0.061853	-0.013030	-0.071207	-0.052876	-0.042952	-0.001684	-0.067842	-0.066687	-0.082721	-0.076310
705.0	-0.029746	-0.038423	-0.066865	-0.123036	-0.101639	-0.061066	-0.108477	-0.055277	-0.138681	-0.060336	-0.100634	-0.047183	-0.040172	-0.046623	-0.036414	-0.064399	-0.063025	0.012771	-0.130179	-0.073914
706.0	-0.056706	-0.009523	-0.067814	-0.083348	-0.072880	-0.057248	-0.117549	-0.074443	-0.094559	-0.059946	-0.084386	-0.080498	-0.032695	-0.102849	-0.080320	-0.085118	-0.053391	-0.096288	-0.115033	-0.122042
707.0	-0.082320	-0.066876	-0.078477	-0.124931	-0.106076	-0.077238	-0.086839	-0.106704	-0.118398	-0.067287	-0.093105	-0.125216	-0.042871	-0.086116	-0.086971	-0.068543	-0.094169	-0.116936	-0.038629	-0.075697
708.0	-0.077892	-0.108999	-0.100751	-0.107596	-0.129162	-0.058090	-0.110674	-0.118070	-0.137792	-0.104046	-0.120619	-0.066189	-0.122538	-0.094680	-0.095764	-0.068767	-0.061401	-0.087447	-0.064938	-0.102768
709.0	-0.091960	-0.093489	-0.153842	-0.072256	-0.079676	-0.116939	-0.121663	-0.146877	-0.131901	-0.070846	-0.106805	-0.062835	-0.045120	-0.118962	-0.058959	-0.059808	-0.075628	-0.092427	-0.117108	-0.095304
710.0	-0.176651	-0.112123	-0.143570	-0.105478	-0.095123	-0.105147	-0.059453	-0.049371	-0.115286	-0.062727	-0.108447	-0.141035	-0.112474	-0.107074	-0.102020	-0.119220	-0.140212	-0.076648	-0.077728	-0.113185
711.0	-0.080638	-0.094605	-0.125985	-0.133404	-0.125287	-0.085774	-0.109209	-0.102748	-0.131012	-0.088808	-0.118638	-0.148861	-0.102467	-0.136596	-0.072768	-0.122580	-0.104475	-0.115705	-0.137920	-0.139588
712.0	-0.142741	-0.135778	-0.110465	-0.160717	-0.152024	-0.101160	-0.131524	-0.152003	-0.140348	-0.146921	-0.108277	-0.110683	-0.130241	-0.064201	-0.110474	-0.087694	-0.101507	-0.123987	-0.086816	-0.079150
713.0	-0.098686	-0.167133	-0.117276	-0.076436	-0.183760	-0.126261	-0.142625	-0.086367	-0.137903	-0.111497	-0.087217	-0.172003	-0.162006	-0.147244	-0.102809	-0.122412	-0.101171	-0.123483	-0.137191	-0.107559
714.0	-0.108103	-0.160494	-0.088414	-0.114173	-0.184041	-0.155629	-0.141610	-0.165542	-0.100616	-0.118838	-0.118694	-0.168201	-0.142891	-0.125723	-0.147899	-0.101413	-0.131754	-0.160414	-0.148298	-0.141872
715.0	-0.145207	-0.150675	-0.126655	-0.136135	-0.140734	-0.138165	-0.102222	-0.157797	-0.162353	-0.171501	-0.131263	-0.145228	-0.171058	-0.150005	-0.145588	-0.098781	-0.148782	-0.171941	-0.162771	-0.140535
716.0	-0.110737	-0.125234	-0.138713	-0.145890	-0.149889	-0.136593	-0.149499	-0.158243	-0.181357	-0.171557	-0.161721	-0.146066	-0.145308	-0.164596	-0.149646	-0.153098	-0.132650	-0.148160	-0.141342	-0.179137
717.0	-0.143301	-0.134049	-0.131791	-0.165176	-0.135510	-0.155236	-0.154965	-0.184597	-0.151517	-0.132518	-0.210580	-0.158364	-0.125912	-0.143244	-0.139896	-0.118492	-0.171300	-0.107424	-0.131581	-0.141816
718.0	-0.120041	-0.173159	-0.170311	-0.161553	-0.141464	-0.178539	-0.164488	-0.183595	-0.176523	-0.203922	-0.181197	-0.169655	-0.143959	-0.137723	-0.181773	-0.147890	-0.197347	-0.147768	-0.099157	-0.173623
719.0	-0.168523	-0.170927	-0.198727	-0.156536	-0.190782	-0.188029	-0.191592	-0.136067	-0.143793	-0.157098	-0.177064	-0.176642	-0.124394	-0.187076	-0.180477	-0.192295	-0.133491	-0.159519	-0.161257	-0.170002
720.0	-0.201985	-0.125122	-0.185384	-0.165009	-0.221507	-0.191174	-0.152936	-0.161976	-0.154518	-0.175338	-0.174460	-0.184803	-0.163918	-0.176935	-0.182731	-0.183335	-0.175669	-0.165394	-0.192727	-0.209774
721.0	-0.205516	-0.206187	-0.200178	-0.186636	-0.174661	-0.172587	-0.186239	-0.171002	-0.182913	-0.205535	-0.221450	-0.177760	-0.220141	-0.193329	-0.215365	-0.209206	-0.205749	-0.170990	-0.203498	-0.155018
722.0	-0.204731	-0.204681	-0.151609	-0.233292	-0.208475	-0.187019	-0.214357	-0.197245	-0.201862	-0.173559	-0.221733	-0.160823	-0.213000	-0.175188	-0.206798	-0.206462	-0.191857	-0.203277	-0.175057	-0.183148
723.0	-0.201032	-0.198878	-0.174331	-0.172478	-0.163089	-0.187075	-0.195142	-0.149885	-0.197861	-0.194580	-0.219298	-0.176083	-0.236726	-0.229781	-0.162779	-0.193471	-0.157185	-0.198688	-0.170120	-0.204928
724.0	-0.224909	-0.221418	-0.179076	-0.206592	-0.198477	-0.210154	-0.245631	-0.185155	-0.215254	-0.185904	-0.193142	-0.209677	-0.185283	-0.214456	-0.192933	-0.201310	-0.204404	-0.191638	-0.221000	-0.193119
725.0	-0.171438	-0.234473	-0.191190	-0.216068	-0.258467	-0.279728	-0.223711	-0.204990	-0.187803	-0.251302	-0.215052	-0.216609	-0.184327	-0.208766	-0.188650	-0.272314	-0.238573	-0.206130	-0.263017	-0.233670
726.0	-0.236903	-0.230903	-0.232111	-0.186915	-0.253861	-0.226270	-0.216330	-0.209280	-0.232703	-0.241348	-0.194388	-0.260265	-0.206254	-0.223133	-0.216775	-0.252827	-0.206757	-0.231143	-0.203947	-0.271994
727.0	-0.247945	-0.223761	-0.223960	-0.213113	-0.226731	-0.204033	-0.220950	-0.237474	-0.162575	-0.227056	-0.171969	-0.229856	-0.181291	-0.243922	-0.245407	-0.172696	-0.215719	-0.169983	-0.250563	-0.256342
728.0	-0.202545	-0.230679	-0.234288	-0.266012	-0.208981	-0.221721	-0.257070	-0.237306	-0.198250	-0.228335	-0.201918	-0.224658	-0.253256	-0.237724	-0.263105	-0.217997	-0.215943	-0.217210	-0.280575	-0.265477
729.0	-0.199463	-0.225658	-0.262424	-0.266012	-0.206228	-0.228572	-0.307447	-0.241820	-0.221422	-0.238734	-0.272516	-0.269264	-0.219410	-0.224147	-0.227145	-0.245827	-0.283776	-0.287994	-0.217410	-0.304747
730.0	-0.237072	-0.252438	-0.252320	-0.277829	-0.218530	-0.214871	-0.256225	-0.207497	-0.271489	-0.231060	-0.238208	-0.253948	-0.258484	-0.246908	-0.235374	-0.214301	-0.229555	-0.240655	-0.244954	-0.258458
731.0	-0.243293	-0.287140	-0.222732	-0.284573	-0.257119	-0.265184	-0.219823	-0.236471	-0.258875	-0.219326	-0.215109	-0.237123	-0.269223	-0.248203	-0.237742	-0.250307	-0.253921	-0.212957	-0.267056	-0.249044
732.0	-0.267058	-0.245910	-0.256116	-0.268632	-0.265713	-0.263612	-0.234023	-0.250177	-0.299051	-0.271823	-0.270308	-0.268034	-0.281592	-0.274964	-0.265190	-0.229868	-0.269885	-0.248209	-0.234519	-0.268763
733.0	-0.284769	-0.283960	-0.242550	-0.273983	-0.263298	-0.277257	-0.258535	-0.276810	-0.295884	-0.256975	-0.283782	-0.199169	-0.287664	-0.291246	-0.260399	-0.294040	-0.245015	-0.260184	-0.255836	-0.265365
734.0	-0.323780	-0.271798	-0.293073	-0.285744	-0.276666	-0.307131	-0.261635	-0.277590	-0.290827	-0.296736	-0.274045	-0.283406	-0.293623	-0.273669	-0.258596	-0.290624	-0.265684	-0.292695	-0.298246	-0.253946
735.0	-0.299174	-0.303041	-0.285592	-0.221475	-0.286552	-0.264061	-0.296966	-0.261989	-0.296495	-0.264871	-0.267251	-0.296319	-0.286820	-0.283359	-0.274377	-0.304511	-0.280023	-0.260464	-0.244000	-0.286198
736.0	-0.251140	-0.302650	-0.323889	-0.285465	-0.330702	-0.284445	-0.277356	-0.301493	-0.285882	-0.295179	-0.303144	-0.263339	-0.281423	-0.296711	-0.302953	-0.287209	-0.323939	-0.276244	-0.312158	-0.271270
737.0	-0.285442	-0.277656	-0.294301	-0.319858	-0.295989	-0.311399	-0.307616	-0.276420	-0.279269	-0.308303	-0.301672	-0.323149	-0.264556	-0.293725	-0.301262	-0.304959	-0.299124	-0.284973	-0.281192	-0.295556
738.0	-0.312289	-0.309234	-0.283750	-0.316457	-0.282059	-0.269283	-0.298600	-0.287341	-0.295050	-0.297737	-0.293803	-0.278375	-0.297728	-0.308937	-0.307913	-0.330494	-0.312120	-0.313007	-0.302173	-0.301907
739.0	-0.323555	-0.283067	-0.293408	-0.289200	-0.264309	-0.293879	-0.335847	-0.304279	-0.312054	-0.285670	-0.324205	-0.304144	-0.320835	-0.328937	-0.302390	-0.302719	-0.332061	-0.332424	-0.306099	-0.305082
740.0	-0.349954	-0.318327	-0.298991	-0.347059	-0.295146	-0.289780	-0.325478	-0.319323	-0.305664	-0.284835	-0.346907	-0.314150	-0.312008	-0.341106	-0.323413	-0.338053	-0.311391	-0.338803	-0.303126	-0.263750
741.0	-0.352309	-0.341146	-0.339018	-0.305532	-0.320592	-0.339981	-0.309813	-0.300825	-0.326447	-0.281554	-0.337962	-0.306771	-0.322915	-0.329388	-0.316988	-0.266154	-0.315648	-0.290624	-0.322704	-0.303411
742.0	-0.328824	-0.334786	-0.315962	-0.344718	-0.312784	-0.309433	-0.312913	-0.319713	-0.347840	-0.338055	-0.337113	-0.354005	-0.334947	-0.350628	-0.322286	-0.342925	-0.345224	-0.344846	-0.335270	-0.351761
743.0	-0.343789	-0.305105	-0.338013	-0.355532	-0.334915	-0.319765	-0.336917	-0.328572	-0.337338	-0.313030	-0.361967	-0.348024	-0.310940	-0.338120	-0.314339	-0.337157	-0.310271	-0.341880	-0.357372	-0.306920
744.0	-0.305451	-0.329709	-0.359897	-0.336413	-0.334803	-0.315105	-0.349089	-0.318431	-0.347007	-0.339111	-0.362986	-0.324211	-0.327413	-0.327247	-0.332769	-0.369019	-0.322090	-0.357940	-0.351538	-0.325915
745.0	-0.329160	-0.330657	-0.370672	-0.336580	-0.340195	-0.355872	-0.331790	-0.339493	-0.331670	-0.353793	-0.330829	-0.347968	-0.355356	-0.323416	-0.374252	-0.342925	-0.336038	-0.349994	-0.353053	-0.347193
746.0	-0.358026	-0.347339	-0.341419	-0.374818	-0.341880	-0.350875	-0.349765	-0.346847	-0.315833	-0.345395	-0.313052	-0.346738	-0.352376	-0.354008	-0.363205	-0.338445	-0.333853	-0.352680	-0.358887	-0.340175
747.0	-0.356120	-0.300530	-0.350407	-0.341039	-0.333342	-0.334983	-0.332691	-0.356821	-0.341283	-0.334607	-0.324998	-0.362669	-0.302956	-0.333839	-0.366192	-0.342365	-0.363540	-0.357828	-0.345928	-0.360785
748.0	-0.355223	-0.346669	-0.355096	-0.313113	-0.338622	-0.346101	-0.387914	-0.364900	-0.373791	-0.368585	-0.366156	-0.362501	-0.344167	-0.351698	-0.366192	-0.378482	-0.355642	-0.374559	-0.335831	-0.317169
749.0	-0.366769	-0.353532	-0.380888	-0.380337	-0.351879	-0.386981	-0.344356	-0.340941	-0.383015	-0.366917	-0.360778	-0.381842	-0.373178	-0.359022	-0.365121	-0.356476	-0.355979	-0.371761	-0.368311	-0.353599
750.0	-0.385153	-0.379363	-0.394175	-0.383402	-0.390580	-0.402030	-0.334945	-0.387076	-0.369457	-0.391163	-0.355456	-0.324770	-0.375989	-0.380769	-0.366023	-0.393153	-0.396813	-0.398564	-0.369152	-0.359448
751.0	-0.381622	-0.385221	-0.394119	-0.376658	-0.374459	-0.381703	-0.342214	-0.361055	-0.384016	-0.377816	-0.370685	-0.384022	-0.391900	-0.367417	-0.380959	-0.358548	-0.405047	-0.378028	-0.403708	-0.364350
752.0	-0.376858	-0.388680	-0.366317	-0.383904	-0.380357	-0.362274	-0.369093	-0.354035	-0.372235	-0.411850	-0.401767	-0.367364	-0.355693	-0.400431	-0.396008	-0.366107	-0.368022	-0.382113	-0.389347	-0.384793
753.0	-0.398941	-0.392920	-0.384796	-0.385855	-0.382716	-0.374908	-0.360021	-0.374873	-0.383515	-0.384323	-0.391350	-0.384189	-0.369636	-0.393896	-0.388399	-0.385650	-0.395581	-0.389443	-0.384074	-0.385907
754.0	-0.377811	-0.386449	-0.383902	-0.402131	-0.407712	-0.416293	-0.393267	-0.376099	-0.394407	-0.390885	-0.381612	-0.360936	-0.397073	-0.360205	-0.376845	-0.397801	-0.388355	-0.371985	-0.390189	-0.414204
755.0	-0.382463	-0.372557	-0.389429	-0.381507	-0.405241	-0.396640	-0.396422	-0.416495	-0.401575	-0.402619	-0.412127	-0.417448	-0.397466	-0.398797	-0.392401	-0.399033	-0.404879	-0.362472	-0.383008	-0.389527
756.0	-0.396475	-0.402907	-0.415500	-0.396390	-0.405128	-0.402760	-0.403748	-0.404292	-0.412967	-0.385880	-0.409863	-0.392071	-0.373291	-0.404938	-0.403054	-0.402953	-0.373175	-0.401753	-0.346770	-0.409970
757.0	-0.407853	-0.440566	-0.429736	-0.419132	-0.373336	-0.403041	-0.409890	-0.400559	-0.400575	-0.392831	-0.390104	-0.395592	-0.371998	-0.398009	-0.399221	-0.386210	-0.361916	-0.423073	-0.376052	-0.394763
758.0	-0.398101	-0.415795	-0.424153	-0.395721	-0.385188	-0.383163	-0.393492	-0.400336	-0.396685	-0.405622	-0.408391	-0.409679	-0.408711	-0.420150	-0.409141	-0.394609	-0.358219	-0.399739	-0.390974	-0.419663
759.0	-0.390086	-0.399727	-0.414942	-0.410046	-0.396815	-0.389733	-0.389491	-0.417999	-0.390462	-0.409514	-0.398766	-0.419125	-0.414558	-0.410459	-0.418441	-0.405809	-0.411208	-0.428668	-0.410440	-0.400501
760.0	-0.404378	-0.416520	-0.422144	-0.422755	-0.409004	-0.413036	-0.401550	-0.411257	-0.420246	-0.402118	-0.399332	-0.408114	-0.405675	-0.417333	-0.409761	-0.437166	-0.403815	-0.410706	-0.426091	-0.419050
761.0	-0.412898	-0.401010	-0.425605	-0.440370	-0.417935	-0.417416	-0.419131	-0.442459	-0.421080	-0.406567	-0.392708	-0.417225	-0.425015	-0.402854	-0.412466	-0.418576	-0.436919	-0.428500	-0.426989	-0.392424
762.0	-0.454318	-0.410383	-0.416170	-0.412388	-0.417711	-0.422583	-0.440488	-0.422791	-0.405132	-0.422194	-0.431376	-0.398443	-0.402526	-0.428094	-0.434166	-0.411296	-0.431430	-0.431690	-0.422164	-0.422392
763.0	-0.414859	-0.413173	-0.425102	-0.420972	-0.430686	-0.418315	-0.450631	-0.409920	-0.437750	-0.441490	-0.406975	-0.424547	-0.424453	-0.426009	-0.429319	-0.422887	-0.434846	-0.439860	-0.423791	-0.423395
764.0	-0.419848	-0.437163	-0.415333	-0.442098	-0.436472	-0.427243	-0.438403	-0.418278	-0.436583	-0.436541	-0.409353	-0.431758	-0.399490	-0.439756	-0.448031	-0.430895	-0.447562	-0.410483	-0.396416	-0.418716
765.0	-0.431114	-0.436047	-0.426665	-0.406591	-0.429787	-0.446111	-0.428542	-0.452042	-0.440029	-0.440100	-0.440491	-0.436398	-0.391844	-0.441390	-0.441549	-0.434423	-0.442352	-0.430347	-0.424632	-0.436039
766.0	-0.441651	-0.435601	-0.414886	-0.427828	-0.431192	-0.429321	-0.416314	-0.435940	-0.457144	-0.431536	-0.450568	-0.445900	-0.425297	-0.448150	-0.457049	-0.441702	-0.429077	-0.445679	-0.435908	-0.458878
767.0	-0.445126	-0.444527	-0.416449	-0.427828	-0.434169	-0.435329	-0.427133	-0.432263	-0.426859	-0.444827	-0.451531	-0.435950	-0.434011	-0.422798	-0.448313	-0.426583	-0.418882	-0.435439	-0.401745	-0.436374
768.0	-0.435261	-0.443858	-0.452457	-0.416624	-0.421137	-0.426345	-0.414567	-0.432374	-0.394240	-0.416966	-0.418864	-0.437236	-0.442444	-0.424713	-0.443353	-0.458557	-0.443641	-0.441314	-0.432823	-0.431193
769.0	-0.436775	-0.411276	-0.445200	-0.439812	-0.458210	-0.443135	-0.451588	-0.441958	-0.397685	-0.425753	-0.428545	-0.426951	-0.421642	-0.432601	-0.444142	-0.451893	-0.446385	-0.437342	-0.448754	-0.445676
770.0	-0.444173	-0.428515	-0.448326	-0.456757	-0.432034	-0.429040	-0.425161	-0.459732	-0.444030	-0.442491	-0.449210	-0.414709	-0.442782	-0.442066	-0.456767	-0.453349	-0.449074	-0.444448	-0.434562	-0.442111
771.0	-0.451235	-0.441180	-0.423986	-0.414784	-0.429563	-0.440608	-0.432204	-0.437389	-0.442085	-0.450666	-0.454984	-0.442658	-0.436204	-0.430572	-0.447693	-0.424735	-0.424596	-0.435775	-0.432430	-0.436206
772.0	-0.433692	-0.424331	-0.431466	-0.428162	-0.430574	-0.450435	-0.453223	-0.428920	-0.444641	-0.444327	-0.460929	-0.423821	-0.429007	-0.440375	-0.454964	-0.445902	-0.435350	-0.445008	-0.420650	-0.434480
773.0	-0.438008	-0.457638	-0.429010	-0.414506	-0.440909	-0.450435	-0.406678	-0.441958	-0.453476	-0.419858	-0.447738	-0.432261	-0.426084	-0.434854	-0.420075	-0.422439	-0.438095	-0.439692	-0.443930	-0.448350
774.0	-0.449610	-0.453565	-0.404223	-0.449232	-0.449278	-0.424267	-0.425499	-0.469204	-0.443863	-0.434261	-0.455550	-0.452999	-0.424453	-0.452995	-0.463024	-0.451445	-0.455179	-0.433872	-0.424913	-0.440440
775.0	-0.430217	-0.464222	-0.422032	-0.445776	-0.446919	-0.444651	-0.444263	-0.456388	-0.417690	-0.464346	-0.440321	-0.441037	-0.436372	-0.440713	-0.457331	-0.433191	-0.431542	-0.445567	-0.433103	-0.443615
776.0	-0.444509	-0.460707	-0.435039	-0.422644	-0.438662	-0.435217	-0.440826	-0.447975	-0.450309	-0.423417	-0.437151	-0.431814	-0.435698	-0.458629	-0.445889	-0.448310	-0.448794	-0.450547	-0.447127	-0.419551
777.0	-0.442884	-0.460205	-0.446930	-0.455085	-0.434393	-0.448076	-0.420371	-0.444075	-0.448475	-0.444215	-0.444511	-0.428963	-0.416245	-0.452488	-0.457895	-0.433135	-0.448010	-0.459388	-0.463395	-0.430692
778.0	-0.460932	-0.456578	-0.436044	-0.457371	-0.434618	-0.444819	-0.446404	-0.454828	-0.438862	-0.421137	-0.443209	-0.447968	-0.434011	-0.441840	-0.455584	-0.432799	-0.434230	-0.430235	-0.455598	-0.434981
779.0	-0.468498	-0.464166	-0.445479	-0.458876	-0.445347	-0.455825	-0.450969	-0.457614	-0.447753	-0.445216	-0.469195	-0.444838	-0.443681	-0.450291	-0.433151	-0.450214	-0.438095	-0.440699	-0.453410	-0.445175
780.0	-0.458746	-0.454570	-0.419631	-0.431953	-0.446751	-0.447066	-0.431359	-0.451485	-0.433360	-0.441657	-0.463080	-0.442490	-0.454589	-0.429784	-0.455978	-0.435991	-0.436527	-0.430403	-0.442303	-0.459546
781.0	-0.459923	-0.458364	-0.443692	-0.465119	-0.434112	-0.465765	-0.426626	-0.448365	-0.437528	-0.446996	-0.433867	-0.457918	-0.453464	-0.454573	-0.465447	-0.430783	-0.440056	-0.443721	-0.444547	-0.435482
782.0	-0.442267	-0.445699	-0.450001	-0.435186	-0.452312	-0.438867	-0.444545	-0.458116	-0.433638	-0.427032	-0.459683	-0.445677	-0.430469	-0.438685	-0.452991	-0.451054	-0.451875	-0.463865	-0.463339	-0.408355
783.0	-0.457120	-0.427957	-0.441794	-0.457984	-0.459558	-0.455208	-0.444150	-0.452655	-0.450753	-0.456338	-0.465458	-0.459819	-0.462741	-0.446291	-0.460938	-0.440750	-0.433222	-0.459892	-0.458739	-0.424119
784.0	-0.435934	-0.434820	-0.449443	-0.441986	-0.457479	-0.452793	-0.458858	-0.443016	-0.449364	-0.440267	-0.445869	-0.463843	-0.419843	-0.456263	-0.437209	-0.430615	-0.451146	-0.476858	-0.462778	-0.454087
785.0	-0.441819	-0.438334	-0.466805	-0.446222	-0.454783	-0.439092	-0.448602	-0.467532	-0.447475	-0.447552	-0.444058	-0.433938	-0.429851	-0.451700	-0.449722	-0.468972	-0.447450	-0.441762	-0.433047	-0.443726
786.0	-0.436606	-0.440789	-0.447321	-0.450180	-0.447650	-0.458240	-0.440206	-0.468033	-0.460922	-0.455282	-0.466704	-0.434888	-0.468813	-0.485278	-0.466180	-0.478133	-0.467166	-0.458549	-0.443537	-0.450411
787.0	-0.440418	-0.432086	-0.427614	-0.441373	-0.448661	-0.449817	-0.441896	-0.463353	-0.449086	-0.426698	-0.452154	-0.443776	-0.457119	-0.440150	-0.445269	-0.444054	-0.467166	-0.460396	-0.460310	-0.455034
788.0	-0.429824	-0.455518	-0.445646	-0.439032	-0.458434	-0.470987	-0.437332	-0.464077	-0.451809	-0.446106	-0.460249	-0.435000	-0.437890	-0.450911	-0.446228	-0.453965	-0.436079	-0.432417	-0.436132	-0.452862
789.0	-0.465696	-0.433536	-0.443525	-0.438530	-0.455626	-0.463125	-0.461112	-0.467588	-0.463534	-0.432871	-0.447511	-0.441764	-0.420799	-0.454798	-0.453386	-0.471884	-0.445881	-0.460060	-0.455710	-0.455257
790.0	-0.458522	-0.462827	-0.439115	-0.462777	-0.436191	-0.461722	-0.439699	-0.458450	-0.461923	-0.461900	-0.436811	-0.456521	-0.428782	-0.455136	-0.471196	-0.449542	-0.434510	-0.464089	-0.445444	-0.463668
791.0	-0.444565	-0.458252	-0.434090	-0.464896	-0.437089	-0.431679	-0.468719	-0.471767	-0.454199	-0.447830	-0.438793	-0.442714	-0.455769	-0.433615	-0.466518	-0.460349	-0.451258	-0.443665	-0.443313	-0.454254
792.0	-0.445070	-0.442128	-0.428787	-0.443491	-0.448548	-0.454815	-0.455927	-0.449257	-0.453810	-0.451723	-0.478026	-0.451658	-0.454982	-0.469446	-0.453949	-0.438398	-0.420787	-0.426486	-0.455822	-0.435705
793.0	-0.442379	-0.452338	-0.447265	-0.438642	-0.441246	-0.445044	-0.441333	-0.456834	-0.448197	-0.424919	-0.463080	-0.460769	-0.425297	-0.463362	-0.426839	-0.456261	-0.449802	-0.437118	-0.453803	-0.476469
794.0	-0.436943	-0.470470	-0.459156	-0.461217	-0.448436	-0.464080	-0.452997	-0.457614	-0.459089	-0.431981	-0.449323	-0.437292	-0.455601	-0.446516	-0.429319	-0.456205	-0.455292	-0.460284	-0.458852	-0.461161
795.0	-0.459194	-0.437330	-0.470992	-0.447560	-0.462872	-0.466775	-0.459027	-0.444186	-0.433638	-0.438988	-0.459287	-0.455291	-0.448573	-0.455756	-0.462967	-0.446014	-0.422075	-0.453457	-0.454420	-0.477566
796.0	-0.462837	-0.455797	-0.455807	-0.454862	-0.448211	-0.446616	-0.457900	-0.461514	-0.445474	-0.455393	-0.453852	-0.450484	-0.464765	-0.446404	-0.461671	-0.452061	-0.453331	-0.446183	-0.453522	-0.442724
797.0	-0.449330	-0.465895	-0.458821	-0.448954	-0.450570	-0.431174	-0.442967	-0.458339	-0.441418	-0.448664	-0.459344	-0.440143	-0.432774	-0.466798	-0.443578	-0.461973	-0.450250	-0.454632	-0.444883	-0.442891
798.0	-0.449946	-0.448879	-0.465130	-0.430392	-0.443718	-0.438699	-0.456829	-0.438392	-0.447919	-0.466237	-0.436302	-0.428069	-0.437160	-0.451474	-0.454738	-0.463373	-0.426780	-0.451834	-0.465808	-0.442445
799.0	-0.464687	-0.439897	-0.460775	-0.425765	-0.467365	-0.429602	-0.440150	-0.417943	-0.459533	-0.457228	-0.454305	-0.451658	-0.428951	-0.464319	-0.450398	-0.439014	-0.464142	-0.469181	-0.465191	-0.451915
800.0	-0.433524	-0.458140	-0.450336	-0.444717	-0.430742	-0.436565	-0.445334	-0.444576	-0.458366	-0.463568	-0.457815	-0.470942	-0.438172	-0.467869	-0.443748	-0.449654	-0.459381	-0.456143	-0.475496	-0.462275
