475.0	0.386639	0.179064	0.137071	0.256650	0.134060	0.034703	0.168349	0.145103	0.256088	0.205560	0.109959	0.289204	0.223011	0.337882	0.147154	0.178091	0.192194	0.141568	0.080824	0.256469
476.0	0.251638	0.213923	0.201936	0.276065	0.122546	0.248614	0.222335	0.145772	0.174490	0.195020	0.206449	0.246339	0.190279	0.264413	0.131965	0.171531	0.139258	0.213602	0.157688	0.199948
477.0	0.173069	0.224816	0.211949	0.254033	0.222919	0.249266	0.221019	0.169869	0.239107	0.205121	0.198649	0.225467	0.216108	0.264636	0.218915	0.224452	0.203362	0.287211	0.142043	0.191549
478.0	0.243608	0.232442	0.289221	0.182046	0.249207	0.206658	0.221897	0.258224	0.226095	0.177675	0.162326	0.247461	0.198963	0.249898	0.291557	0.213080	0.240440	0.329531	0.272645	0.283709
479.0	0.288536	0.355972	0.310770	0.277374	0.244862	0.310570	0.209387	0.250192	0.291374	0.273626	0.289790	0.335212	0.252849	0.261287	0.278790	0.318047	0.268584	0.250069	0.337039	0.329108
480.0	0.332812	0.350961	0.257006	0.251851	0.391076	0.349700	0.289270	0.320921	0.351139	0.267917	0.343049	0.428573	0.354609	0.281161	0.277909	0.431761	0.254065	0.325479	0.312324	0.292335
481.0	0.323046	0.333749	0.398273	0.374011	0.353056	0.363395	0.430380	0.285891	0.445969	0.314905	0.413912	0.398051	0.464163	0.411575	0.363098	0.401583	0.289356	0.357895	0.401659	0.311856
482.0	0.413335	0.446822	0.458567	0.378156	0.397594	0.405351	0.501265	0.460147	0.390835	0.314685	0.408341	0.430593	0.553008	0.373166	0.383570	0.465657	0.443028	0.367799	0.493489	0.469844
483.0	0.430916	0.493663	0.416557	0.414585	0.477327	0.461438	0.507629	0.410615	0.484122	0.511858	0.472741	0.501287	0.514041	0.474325	0.430237	0.469155	0.482116	0.584802	0.495529	0.507979
484.0	0.533360	0.635494	0.581114	0.522348	0.605944	0.551002	0.542303	0.620124	0.500000	0.653919	0.485889	0.542133	0.632947	0.583971	0.578162	0.628792	0.614792	0.519296	0.557656	0.574716
485.0	0.589357	0.626561	0.661434	0.629019	0.664603	0.598827	0.614724	0.656492	0.582921	0.680926	0.668172	0.749728	0.623595	0.629303	0.660930	0.601457	0.683141	0.705683	0.702995	0.654391
486.0	0.669229	0.645298	0.778757	0.680065	0.754548	0.680566	0.795117	0.635073	0.724064	0.709470	0.728115	0.773517	0.725800	0.738056	0.713540	0.802862	0.612559	0.839396	0.793918	0.751998
487.0	0.811392	0.803251	0.840793	0.846725	0.799737	0.869259	0.747495	0.745963	0.796620	0.786758	0.864047	0.878100	0.787480	0.807729	0.819861	0.843537	0.902481	0.870236	0.755826	0.895686
488.0	0.956160	0.884079	0.984889	0.925911	0.900762	0.932954	0.828694	0.905494	0.860134	0.988542	0.851568	1.007594	0.946243	0.908218	0.927503	0.919638	0.913202	0.880591	0.882346	0.986711
489.0	0.995445	0.953142	1.024070	1.077520	1.032420	1.013171	1.020500	1.061008	1.030167	1.055949	1.023154	1.097141	1.105007	1.056944	0.966026	1.020887	1.071565	0.962304	1.028139	0.923606
490.0	1.140864	1.114581	0.986631	1.149725	1.066312	1.035562	1.019622	1.135976	1.230193	1.169466	1.018475	0.973257	1.121040	1.105179	1.092819	1.199330	1.062854	1.044468	1.265762	1.133122
491.0	1.188179	1.245519	1.269164	1.163905	1.194059	1.206212	1.156124	1.244859	1.166899	1.284740	1.189393	1.196562	1.210998	1.235369	1.281467	1.118856	1.221216	1.189211	1.149218	1.248889
492.0	1.402618	1.355105	1.335118	1.307878	1.272055	1.205777	1.300746	1.279888	1.353692	1.345341	1.297024	1.449940	1.285593	1.446398	1.249769	1.314575	1.356349	1.352863	1.379131	1.384178
493.0	1.383084	1.494540	1.464413	1.479338	1.462590	1.439470	1.441198	1.441204	1.324141	1.334801	1.546381	1.464303	1.506927	1.553140	1.459330	1.496299	1.393874	1.510212	1.484791	1.501761
494.0	1.540657	1.569921	1.497063	1.560706	1.456941	1.543382	1.583845	1.552987	1.431321	1.524509	1.498248	1.531855	1.602675	1.473418	1.543639	1.572181	1.547546	1.597553	1.546238	1.541031
495.0	1.597522	1.733321	1.621569	1.835565	1.640958	1.724467	1.682600	1.737730	1.647666	1.689185	1.752062	1.714314	1.609355	1.686234	1.618922	1.650906	1.661906	1.685119	1.741233	1.673142
496.0	1.775498	1.759465	1.641160	1.767941	1.864733	1.657076	1.809885	1.858214	1.751317	1.691381	1.763204	1.680650	1.700650	1.820220	1.728985	1.747125	1.753484	1.718885	1.752570	1.788909
497.0	1.857974	1.959901	1.930659	1.896645	1.812591	1.852726	2.033731	1.936306	1.826299	1.792382	1.881308	1.936497	1.860972	1.891680	1.845653	1.762433	1.802624	1.768408	1.845533	1.970505
498.0	2.027268	2.031797	2.046023	1.972995	2.034194	1.980986	1.965700	1.958618	1.980674	2.069039	1.968216	2.071153	2.014615	1.981004	1.962320	1.937378	2.039386	2.009272	1.963437	1.968235
499.0	2.090210	2.177767	2.109147	1.966450	2.179757	2.067941	2.134681	2.050097	2.015960	2.163453	2.057351	2.120527	2.085869	2.023433	2.041566	2.029224	2.151066	2.169097	2.156165	2.018174
500.0	2.129278	2.352060	2.054730	2.134420	2.181929	2.200549	2.152238	2.206281	2.163718	2.128322	2.215567	2.039733	2.181617	2.181984	2.191252	2.162619	2.305185	2.148837	2.126689	2.261058
501.0	2.220436	2.243127	2.235394	2.123513	2.251451	2.250548	2.237826	2.293297	2.212236	2.224933	2.318073	2.309045	2.206111	2.351700	2.244082	2.296014	2.276148	2.241131	2.237791	2.267868
502.0	2.474376	2.421777	2.324638	2.295845	2.418740	2.267939	2.277328	2.366927	2.441593	2.273238	2.349271	2.282114	2.355300	2.382964	2.283705	2.344124	2.323054	2.200612	2.459996	2.340506
503.0	2.422286	2.569926	2.420413	2.422368	2.416567	2.448372	2.531898	2.409320	2.505548	2.536720	2.547598	2.288847	2.382020	2.597342	2.488423	2.431596	2.354324	2.441475	2.428252	2.442653
504.0	2.541660	2.539425	2.507480	2.531439	2.575165	2.428807	2.709658	2.393701	2.518780	2.622352	2.567653	2.421259	2.533436	2.443258	2.528046	2.694013	2.423566	2.488747	2.552959	2.460813
505.0	2.624136	2.635286	2.607607	2.727767	2.609926	2.480980	2.608708	2.422707	2.487905	2.497198	2.665702	2.571625	2.493355	2.519183	2.558864	2.608727	2.535246	2.481994	2.605109	2.535721
506.0	2.565535	2.513281	2.570604	2.590338	2.494780	2.750542	2.635043	2.449481	2.518780	2.442306	2.652332	2.652419	2.649224	2.702298	2.539052	2.420662	2.680430	2.547275	2.625515	2.619709
507.0	2.556853	2.550318	2.675085	2.675413	2.620789	2.585327	2.558233	2.639133	2.726083	2.574047	2.672388	2.614266	2.633638	2.715697	2.607292	2.617475	2.631291	2.731862	2.514413	2.556151
508.0	2.511274	2.665787	2.694675	2.714679	2.551267	2.585327	2.646015	2.574428	2.666539	2.672853	2.616678	2.724235	2.840721	2.655403	2.783393	2.694013	2.747438	2.826406	2.657258	2.789955
509.0	2.641500	2.744219	2.675085	2.699409	2.603409	2.622283	2.685518	2.786392	2.794449	2.690418	2.609993	2.652419	2.564610	2.711231	2.671128	2.726815	2.722869	2.727360	2.586969	2.810385
510.0	2.789089	2.848795	2.775212	2.594700	2.653378	2.667935	2.746965	2.683757	2.851789	2.705788	2.879628	2.798296	2.651451	2.722396	2.809808	2.726815	2.660328	2.675585	2.695804	2.701427
511.0	2.752192	2.739862	2.662024	2.849927	2.783732	2.807064	2.825970	2.848865	2.648896	2.826551	2.710270	2.798296	2.573517	2.671035	2.823016	2.707134	2.602254	2.644071	2.645922	2.610629
512.0	2.765214	2.750755	2.644611	2.721223	2.555612	2.648370	2.615291	2.739536	2.858405	2.817768	2.627820	2.695060	2.729386	2.849684	2.697544	2.709321	2.830082	2.803896	2.682200	2.751366
513.0	2.773896	2.702825	2.653318	2.590338	2.659895	2.820107	2.584568	2.781929	2.708441	2.780441	2.737011	2.805029	2.773920	2.583944	2.653518	2.678705	2.758606	2.799394	2.643654	2.792225
514.0	2.645840	2.591713	2.801332	2.671050	2.699002	2.770107	2.617486	2.621283	2.609200	2.734332	2.547598	2.634464	2.562383	2.679967	2.783393	2.792419	2.698299	2.781385	2.625515	2.746826
515.0	2.719635	2.602606	2.934110	2.695046	2.703347	2.737499	2.711852	2.674832	2.770191	2.675048	2.594394	2.717502	2.633638	2.550447	2.666726	2.685266	2.655861	2.857921	2.788767	2.690077
516.0	2.726146	2.633107	2.722972	2.647055	2.733763	2.757064	2.650405	2.757386	2.673155	2.602591	2.592166	2.719747	2.740519	2.610741	2.739368	2.794606	2.613422	2.635066	2.711676	2.544801
517.0	2.598091	2.559033	2.666378	2.806299	2.718555	2.813585	2.692101	2.685988	2.613610	2.617961	2.612221	2.522251	2.695985	2.630839	2.717355	2.698387	2.622357	2.601300	2.643654	2.549341
518.0	2.615454	2.659251	2.681615	2.542346	2.555612	2.785325	2.648210	2.460637	2.695209	2.670657	2.679073	2.605289	2.638091	2.599575	2.572071	2.641530	2.673729	2.382948	2.580167	2.590200
519.0	2.678397	2.600428	2.592371	2.585975	2.553439	2.585327	2.580178	2.445019	2.593762	2.596004	2.605536	2.472877	2.533436	2.563846	2.572071	2.564991	2.655861	2.545024	2.602841	2.508482
520.0	2.550342	2.587356	2.594547	2.452908	2.525196	2.644022	2.485812	2.436094	2.536423	2.596004	2.574338	2.441457	2.457728	2.503552	2.525845	2.501574	2.445902	2.518011	2.503076	2.517562
521.0	2.415775	2.413063	2.492243	2.422368	2.577338	2.544023	2.516536	2.645826	2.527602	2.538916	2.547598	2.412282	2.373114	2.403062	2.536851	2.440343	2.430267	2.472990	2.484937	2.474433
522.0	2.487399	2.330274	2.363819	2.457271	2.581683	2.485328	2.424364	2.465099	2.503343	2.394001	2.625591	2.493075	2.446595	2.338302	2.426788	2.379113	2.483873	2.301910	2.537087	2.313267
523.0	2.424457	2.288879	2.381232	2.278394	2.488262	2.270113	2.455088	2.523110	2.333531	2.235911	2.326987	2.425747	2.437688	2.434325	2.321127	2.287267	2.336455	2.236629	2.357963	2.215659
524.0	2.313765	2.310666	2.291988	2.267487	2.353562	2.285330	2.303663	2.235286	2.359995	2.240302	2.309160	2.331488	2.428781	2.219947	2.376158	2.390047	2.474939	2.241131	2.339824	2.338236
525.0	2.415775	2.230055	2.231041	2.149690	2.257969	2.176636	2.272939	2.335690	2.251933	2.295195	2.277962	2.246206	2.168257	2.300339	2.206661	2.158245	2.262746	2.324420	2.278604	2.261058
526.0	2.075017	2.162517	2.270221	2.106061	2.175411	2.111419	2.268550	2.125958	2.229879	2.183215	2.175456	2.098084	2.172710	2.148487	2.136220	2.088267	2.126496	2.058795	2.138026	2.297377
527.0	1.940450	2.118944	2.150504	2.099517	2.121097	2.067941	2.103957	2.134882	2.068888	2.097583	2.095234	2.044222	2.090322	2.072562	2.103201	2.127630	2.099693	2.110569	1.956635	2.061303
528.0	2.033779	2.018725	1.980722	2.084247	2.014641	2.067941	2.068844	2.105877	2.002728	1.878014	1.968216	2.136237	2.065829	2.007801	2.076786	2.077333	2.081824	1.921480	2.015587	2.136211
529.0	1.983859	1.783430	1.902362	1.953362	1.936428	1.963595	1.937170	1.898376	1.991701	1.963646	1.863481	2.030756	1.914413	2.023433	1.931502	1.926444	1.967910	2.061046	1.956635	2.052223
530.0	1.870997	1.750750	1.950249	1.805025	1.882114	1.863596	1.895473	1.943000	1.817478	1.902167	1.803315	1.889367	1.869879	1.876048	1.856659	1.904576	1.867398	2.049791	1.949833	1.886517
531.0	1.890531	1.816110	1.754347	1.959906	1.790866	1.900552	1.776967	1.878295	1.782192	1.930711	1.734234	1.813062	1.827572	1.788957	1.861062	1.922070	1.760185	1.775162	1.961170	1.875167
532.0	1.849292	1.868398	1.667280	1.691591	1.856043	1.728815	1.759410	1.789047	1.788808	1.787991	1.714179	1.703093	1.729597	1.811288	1.687161	1.723071	1.740083	1.777413	1.757105	1.700381
533.0	1.755964	1.661425	1.553222	1.676321	1.708308	1.739684	1.616763	1.690875	1.656487	1.777013	1.596743	1.658208	1.702877	1.646038	1.739992	1.609357	1.800390	1.689621	1.686816	1.611854
534.0	1.573648	1.567743	1.671633	1.606515	1.651821	1.678815	1.588234	1.531790	1.536737	1.638684	1.534348	1.587962	1.565489	1.643805	1.543418	1.742752	1.612767	1.694124	1.664142	1.608676
535.0	1.551943	1.525041	1.488356	1.719949	1.601852	1.426427	1.487503	1.567043	1.572022	1.500356	1.572899	1.541506	1.622715	1.471409	1.498733	1.578741	1.512478	1.591475	1.543290	1.575307
536.0	1.488567	1.369702	1.418920	1.522749	1.501479	1.389688	1.360438	1.456599	1.414119	1.361589	1.451451	1.412460	1.520955	1.536615	1.531091	1.480991	1.421347	1.409139	1.493407	1.440473
537.0	1.278469	1.285606	1.323364	1.418695	1.411100	1.332950	1.215597	1.345486	1.465283	1.306257	1.347608	1.372063	1.395369	1.413794	1.447003	1.365965	1.427601	1.414317	1.510866	1.589381
538.0	1.181451	1.230922	1.211047	1.408660	1.164947	1.266863	1.233373	1.276095	1.245189	1.251146	1.215465	1.281171	1.312090	1.310178	1.338921	1.253563	1.242882	1.343859	1.302493	1.312221
539.0	1.199682	1.223732	1.303338	1.342563	1.134314	1.256429	1.172802	1.200235	1.100077	1.204597	1.261592	1.299125	1.219905	1.219961	1.347285	1.278274	1.138573	1.235133	1.221321	1.234816
540.0	1.134570	1.237675	1.187321	1.206660	1.107156	1.198821	1.088092	1.133299	1.126762	1.183519	1.150173	1.124296	1.161565	1.156094	1.190335	1.173526	1.089434	1.170077	1.164636	1.174435
541.0	1.061643	1.065126	1.111355	1.161505	1.008522	1.085996	1.147784	1.144678	1.152344	1.101180	1.071065	1.067516	1.200087	1.136442	1.165461	1.131102	1.123831	1.004624	1.053534	1.026435
542.0	1.006948	1.029178	0.957898	1.091918	1.025468	1.054692	1.072072	1.041597	1.024433	1.049362	1.080201	1.002881	1.029967	1.005582	1.011372	1.088459	0.983784	1.005074	0.973042	1.080459
543.0	0.919697	1.043993	0.998602	0.914131	0.985927	0.983388	0.856785	1.054538	0.937983	0.947921	0.917974	0.945653	0.997235	0.981018	0.859484	0.943255	0.978870	0.956902	0.982338	0.949938
544.0	0.925774	0.999330	0.828603	0.903224	0.883599	0.982301	0.865563	0.930929	0.867412	0.912132	0.951846	0.856331	0.910394	0.849488	0.944013	0.846598	1.017288	0.920885	0.934723	0.874575
545.0	0.909713	0.898240	0.882803	0.814877	0.937261	0.788608	0.903090	0.853507	0.860355	0.925745	0.883434	0.908398	0.950920	0.907325	0.877315	0.865186	0.889303	0.977611	0.832917	0.855054
546.0	0.790122	0.773185	0.774404	0.691190	0.886640	0.794695	0.807188	0.786125	0.796620	0.820572	0.794744	0.869796	0.847601	0.817331	0.738855	0.761969	0.831005	0.798202	0.797092	0.764483
547.0	0.765162	0.738544	0.724123	0.743762	0.799737	0.749478	0.767027	0.779878	0.825951	0.780610	0.763770	0.868001	0.827783	0.768649	0.634515	0.715609	0.702797	0.817336	0.744715	0.711139
548.0	0.716111	0.649873	0.761126	0.729801	0.605292	0.680131	0.810260	0.740385	0.729136	0.756018	0.718756	0.767233	0.700861	0.736269	0.759547	0.743600	0.753723	0.785371	0.702995	0.648943
549.0	0.696794	0.686692	0.652074	0.659996	0.671773	0.611653	0.751665	0.701339	0.635850	0.600344	0.696026	0.646267	0.764767	0.690490	0.598634	0.704019	0.657008	0.756107	0.579876	0.685943
550.0	0.649912	0.736148	0.674059	0.687700	0.612244	0.513176	0.648520	0.548726	0.581819	0.615934	0.688673	0.642676	0.543879	0.635333	0.654766	0.556628	0.643159	0.571070	0.584411	0.605814
551.0	0.607806	0.498456	0.608976	0.644944	0.576831	0.562741	0.618674	0.600266	0.615781	0.603638	0.676417	0.609910	0.592421	0.539086	0.553288	0.435916	0.481223	0.612264	0.543144	0.508206
552.0	0.554413	0.516539	0.496877	0.573829	0.470809	0.580567	0.525844	0.507002	0.631660	0.498903	0.576585	0.564800	0.600437	0.456237	0.462595	0.471124	0.541754	0.598083	0.624544	0.541802
553.0	0.506664	0.566648	0.495788	0.475883	0.472113	0.443177	0.437842	0.441628	0.366797	0.593098	0.543159	0.509816	0.444568	0.496880	0.414828	0.456253	0.458217	0.489807	0.522511	0.527501
554.0	0.359075	0.453576	0.466838	0.499007	0.456036	0.457959	0.460665	0.405483	0.395025	0.395706	0.463382	0.490515	0.463049	0.437032	0.433979	0.466313	0.407514	0.429929	0.434990	0.468255
555.0	0.365152	0.411963	0.430488	0.384045	0.401070	0.348395	0.390220	0.425341	0.382455	0.425348	0.407004	0.403213	0.418961	0.379642	0.412847	0.437447	0.365522	0.358795	0.415944	0.375869
556.0	0.357772	0.473184	0.334061	0.365285	0.388469	0.349265	0.384294	0.408607	0.346949	0.310733	0.354860	0.363938	0.449244	0.324484	0.447187	0.397866	0.284889	0.363072	0.375811	0.383813
557.0	0.323480	0.304119	0.406762	0.291553	0.303087	0.338830	0.388025	0.341894	0.291594	0.346962	0.293579	0.343066	0.360176	0.320687	0.289136	0.339696	0.391209	0.412145	0.317086	0.340003
558.0	0.216911	0.241810	0.227839	0.333218	0.307432	0.297092	0.271933	0.332969	0.324895	0.275602	0.341489	0.241177	0.281573	0.292327	0.245550	0.232543	0.277742	0.282034	0.247704	0.229911
559.0	0.237748	0.246821	0.195188	0.220875	0.261590	0.305787	0.295634	0.280090	0.257852	0.279774	0.285779	0.236015	0.225906	0.287861	0.183915	0.282402	0.303205	0.270554	0.202356	0.259420
560.0	0.257716	0.245078	0.170592	0.264503	0.262242	0.248831	0.237039	0.279420	0.273290	0.258915	0.268621	0.212450	0.187829	0.191167	0.181934	0.280871	0.286676	0.227784	0.263802	0.187690
561.0	0.188696	0.200633	0.166891	0.178555	0.256159	0.142093	0.199951	0.253092	0.227419	0.234762	0.210905	0.205044	0.157323	0.127747	0.205928	0.119922	0.151543	0.199645	0.151566	0.190187
562.0	0.199114	0.155535	0.093319	0.178119	0.214011	0.135137	0.115460	0.156035	0.088702	0.216538	0.104165	0.110560	0.157101	0.180895	0.166305	0.114237	0.123623	0.065032	0.145444	0.147966
563.0	0.111211	0.073181	0.095061	0.117257	0.077573	0.101007	0.100318	0.203560	0.067530	0.184701	0.154304	0.104725	0.139510	0.142932	0.098726	0.051913	0.102850	0.212701	0.116648	0.136162
564.0	0.096670	0.125251	0.063717	0.012113	0.102558	0.106659	0.067180	0.119667	0.110094	0.132663	0.096812	0.103827	0.197181	0.098270	0.062405	0.022172	0.165391	0.100148	0.098736	0.135254
565.0	0.053044	0.029390	0.080042	0.050724	0.093433	0.092311	0.104487	0.106726	0.018572	0.079308	0.090127	0.089689	0.129490	0.057181	0.126682	0.025890	0.099053	0.051976	0.027994	0.033107
566.0	0.046099	-0.003725	0.062628	0.055523	0.013917	0.055790	0.103829	0.027295	0.029819	-0.013131	0.106171	0.046150	0.058012	0.038869	0.071430	0.015393	0.014399	0.015058	0.002372	0.008818
567.0	0.014627	0.000850	0.108774	0.041344	-0.035618	-0.009209	0.041064	-0.019783	-0.034136	-0.002372	0.077870	0.058269	0.046879	0.015198	0.072531	0.010145	0.031152	0.025413	-0.014633	-0.054740
568.0	-0.006860	0.006297	0.026495	0.015603	-0.039311	-0.002470	-0.022359	0.075935	-0.004364	-0.003470	-0.060736	-0.018934	-0.036400	-0.036833	0.006272	0.000085	-0.062213	-0.030188	-0.095126	-0.058145
569.0	-0.075880	-0.025294	-0.062313	-0.039587	-0.117524	-0.018557	-0.070200	-0.010635	-0.043840	-0.020596	-0.062741	-0.062473	-0.084942	0.007159	-0.054262	-0.105100	-0.014414	0.007405	-0.036854	-0.008887
570.0	-0.086515	-0.071264	-0.048383	-0.057038	-0.063427	-0.000296	-0.041232	-0.095643	-0.047368	-0.051336	-0.101515	-0.071450	-0.135711	-0.004900	-0.061306	-0.071642	-0.121180	-0.024785	-0.062929	-0.077893
571.0	-0.040285	-0.088257	-0.077115	-0.065546	-0.165755	-0.077035	-0.100705	-0.110592	-0.076259	-0.106667	-0.080568	-0.083344	-0.043080	-0.094894	-0.079797	-0.044088	-0.076508	-0.095018	-0.172897	-0.103544
572.0	-0.101708	-0.116144	-0.097358	-0.124444	-0.145333	-0.097469	-0.122870	-0.132681	-0.122350	-0.103812	-0.098841	-0.132494	-0.105650	-0.130624	-0.148036	-0.102257	-0.083432	-0.085339	-0.105556	-0.149851
573.0	-0.076748	-0.171482	-0.142851	-0.122917	-0.152719	-0.112686	-0.136696	-0.107469	-0.122791	-0.142676	-0.221403	-0.166382	-0.121460	-0.126158	-0.130867	-0.154303	-0.043674	-0.133962	-0.111904	-0.133280
574.0	-0.163565	-0.156449	-0.140674	-0.102630	-0.101881	-0.196381	-0.142182	-0.160348	-0.204169	-0.139163	-0.161682	-0.158527	-0.200285	-0.165460	-0.150458	-0.204162	-0.171213	-0.162325	-0.155212	-0.159384
575.0	-0.188959	-0.223552	-0.239931	-0.163928	-0.170752	-0.209207	-0.121992	-0.188015	-0.205492	-0.187907	-0.166807	-0.209472	-0.151743	-0.184219	-0.198446	-0.153210	-0.174787	-0.164126	-0.174258	-0.148943
576.0	-0.160092	-0.195447	-0.229918	-0.181161	-0.215290	-0.223555	-0.189365	-0.201625	-0.182115	-0.175831	-0.226974	-0.232364	-0.224111	-0.214812	-0.166307	-0.145775	-0.163842	-0.165702	-0.187408	-0.214317
577.0	-0.231934	-0.221373	-0.212287	-0.254457	-0.210510	-0.191598	-0.227770	-0.235539	-0.220489	-0.260584	-0.258171	-0.218674	-0.198058	-0.200074	-0.206150	-0.221220	-0.216779	-0.182810	-0.223006	-0.250636
578.0	-0.204369	-0.247735	-0.217729	-0.233079	-0.180528	-0.180512	-0.202752	-0.253835	-0.257097	-0.278809	-0.267976	-0.188152	-0.206297	-0.234687	-0.245993	-0.215096	-0.229734	-0.205095	-0.175845	-0.241329
579.0	-0.267963	-0.225949	-0.235142	-0.221954	-0.262217	-0.266815	-0.222284	-0.254058	-0.234823	-0.281883	-0.274438	-0.214634	-0.255284	-0.280912	-0.235867	-0.223844	-0.283563	-0.302116	-0.249081	-0.240421
580.0	-0.269265	-0.254925	-0.237319	-0.269291	-0.297196	-0.280945	-0.231501	-0.257851	-0.254231	-0.288689	-0.205135	-0.233262	-0.268867	-0.296321	-0.260521	-0.271953	-0.258770	-0.313146	-0.237064	-0.255857
581.0	-0.301170	-0.277583	-0.284118	-0.290014	-0.287636	-0.301815	-0.248838	-0.235316	-0.317083	-0.252021	-0.255720	-0.282187	-0.271762	-0.267960	-0.273949	-0.247461	-0.320418	-0.255294	-0.252709	-0.261305
582.0	-0.287280	-0.302637	-0.299354	-0.322954	-0.281553	-0.284641	-0.274515	-0.254951	-0.255774	-0.279028	-0.287586	-0.296550	-0.324535	-0.294088	-0.343289	-0.288355	-0.285574	-0.253718	-0.318917	-0.382293
583.0	-0.273389	-0.278454	-0.308496	-0.307684	-0.264824	-0.257902	-0.348691	-0.309838	-0.268786	-0.303840	-0.312098	-0.338293	-0.337227	-0.270417	-0.293981	-0.305630	-0.271725	-0.307969	-0.340684	-0.319189
584.0	-0.336548	-0.299152	-0.314373	-0.298304	-0.281119	-0.317032	-0.353080	-0.297120	-0.304954	-0.281663	-0.295163	-0.336498	-0.361943	-0.325128	-0.322157	-0.291416	-0.337393	-0.323726	-0.298964	-0.276060
585.0	-0.384515	-0.326603	-0.322863	-0.332334	-0.326308	-0.346814	-0.303263	-0.362048	-0.323038	-0.289787	-0.313213	-0.338518	-0.336114	-0.324235	-0.358698	-0.304756	-0.296965	-0.363570	-0.299871	-0.334851
586.0	-0.290535	-0.356015	-0.339623	-0.339533	-0.359766	-0.372031	-0.357469	-0.354239	-0.337813	-0.340288	-0.375162	-0.334254	-0.308503	-0.360411	-0.354075	-0.308254	-0.337170	-0.376626	-0.375375	-0.375256
587.0	-0.384081	-0.371701	-0.358125	-0.339533	-0.325874	-0.372249	-0.350666	-0.320994	-0.398240	-0.383104	-0.349090	-0.377119	-0.348806	-0.376043	-0.363321	-0.275452	-0.344988	-0.402828	-0.406552	-0.446101
588.0	-0.391243	-0.386734	-0.372926	-0.382507	-0.344775	-0.395074	-0.339254	-0.347992	-0.387213	-0.390789	-0.375385	-0.395073	-0.381093	-0.360411	-0.321496	-0.369485	-0.358389	-0.382704	-0.369026	-0.381839
589.0	-0.400359	-0.398716	-0.391210	-0.381852	-0.317618	-0.376596	-0.340132	-0.388376	-0.381920	-0.367295	-0.337725	-0.431139	-0.368623	-0.361527	-0.372346	-0.420481	-0.414408	-0.397786	-0.366532	-0.384336
590.0	-0.367803	-0.367344	-0.373579	-0.376617	-0.370629	-0.378553	-0.400922	-0.341521	-0.334946	-0.421243	-0.347753	-0.411008	-0.356154	-0.407954	-0.369704	-0.431569	-0.411058	-0.366496	-0.366532	-0.404493
591.0	-0.380174	-0.374315	-0.371838	-0.424499	-0.417165	-0.435487	-0.393680	-0.355578	-0.360970	-0.421792	-0.364243	-0.435784	-0.415362	-0.438458	-0.393698	-0.404780	-0.408310	-0.399587	-0.398956	-0.387060
592.0	-0.416008	-0.399806	-0.395999	-0.431654	-0.426681	-0.444161	-0.383146	-0.411804	-0.428498	-0.392984	-0.379841	-0.454053	-0.408637	-0.393238	-0.443447	-0.414162	-0.421399	-0.401388	-0.402720	-0.389557
593.0	-0.461999	-0.419980	-0.428236	-0.380544	-0.443910	-0.447291	-0.414594	-0.426240	-0.430879	-0.429323	-0.406827	-0.417494	-0.438943	-0.433791	-0.402503	-0.424636	-0.422002	-0.409401	-0.421902	-0.382974
594.0	-0.469596	-0.437279	-0.438923	-0.462936	-0.441780	-0.434813	-0.438273	-0.442215	-0.476574	-0.435954	-0.393880	-0.397542	-0.434066	-0.430821	-0.428962	-0.419782	-0.424951	-0.402693	-0.395782	-0.406037
595.0	-0.436518	-0.430111	-0.441100	-0.445419	-0.411582	-0.457856	-0.407044	-0.433424	-0.448478	-0.473566	-0.396109	-0.455287	-0.427542	-0.369120	-0.436821	-0.421159	-0.438799	-0.465318	-0.412220	-0.421835
596.0	-0.404049	-0.418934	-0.442406	-0.473341	-0.468003	-0.427835	-0.441346	-0.453572	-0.446339	-0.423768	-0.410281	-0.485854	-0.451256	-0.400830	-0.389075	-0.413068	-0.450793	-0.417618	-0.427729	-0.441244
597.0	-0.438906	-0.419675	-0.455227	-0.463787	-0.457988	-0.461313	-0.442179	-0.441300	-0.439304	-0.451917	-0.402571	-0.457846	-0.455888	-0.434059	-0.468035	-0.432902	-0.425420	-0.448975	-0.441605	-0.439019
598.0	-0.430506	-0.455427	-0.456206	-0.492865	-0.454056	-0.445726	-0.463686	-0.466200	-0.450551	-0.450204	-0.437535	-0.471715	-0.481339	-0.480150	-0.426717	-0.464895	-0.450436	-0.467073	-0.435279	-0.431460
599.0	-0.467425	-0.445318	-0.484285	-0.461431	-0.438652	-0.451965	-0.475844	-0.464639	-0.435687	-0.474181	-0.451351	-0.445323	-0.425182	-0.492365	-0.427113	-0.474845	-0.446036	-0.470900	-0.420745	-0.446260
600.0	-0.428944	-0.501222	-0.471291	-0.465597	-0.425139	-0.473074	-0.463379	-0.466892	-0.427505	-0.461314	-0.472966	-0.442158	-0.443352	-0.473964	-0.436601	-0.469619	-0.474336	-0.471463	-0.434100	-0.469414
601.0	-0.443637	-0.443096	-0.452266	-0.506499	-0.495617	-0.461182	-0.468273	-0.413120	-0.445038	-0.459865	-0.491551	-0.476114	-0.462345	-0.439217	-0.470148	-0.477229	-0.476279	-0.449380	-0.466479	-0.470662
602.0	-0.474913	-0.446734	-0.480977	-0.490138	-0.453143	-0.455096	-0.475010	-0.460042	-0.472847	-0.493701	-0.486091	-0.485854	-0.482519	-0.483634	-0.471667	-0.514011	-0.472325	-0.495932	-0.487384	-0.471525
603.0	-0.512418	-0.472769	-0.479475	-0.495243	-0.445908	-0.463922	-0.484535	-0.458904	-0.482154	-0.497082	-0.458593	-0.489422	-0.485013	-0.466662	-0.468035	-0.489825	-0.470069	-0.497148	-0.470492	-0.480082
604.0	-0.500785	-0.527867	-0.488791	-0.497032	-0.494965	-0.494160	-0.492238	-0.488825	-0.530561	-0.468296	-0.475751	-0.478515	-0.495813	-0.494956	-0.477853	-0.495795	-0.451687	-0.519658	-0.456616	-0.513768
605.0	-0.480904	-0.504185	-0.464978	-0.469066	-0.474326	-0.477139	-0.504220	-0.466446	-0.511286	-0.475410	-0.496409	-0.478785	-0.491359	-0.454603	-0.455356	-0.500759	-0.474671	-0.495347	-0.468769	-0.464283
606.0	-0.508121	-0.488129	-0.485766	-0.483725	-0.483016	-0.481530	-0.486576	-0.463523	-0.485704	-0.501232	-0.472788	-0.519204	-0.492139	-0.470950	-0.495881	-0.487070	-0.488407	-0.507615	-0.461105	-0.470412
607.0	-0.487350	-0.499283	-0.508251	-0.482198	-0.527967	-0.464008	-0.504483	-0.485857	-0.492585	-0.492910	-0.508420	-0.507421	-0.510620	-0.517488	-0.515538	-0.530456	-0.540115	-0.482988	-0.485389	-0.497198
608.0	-0.486438	-0.506909	-0.519896	-0.514330	-0.534636	-0.484204	-0.538411	-0.499624	-0.499311	-0.508214	-0.509824	-0.493440	-0.486728	-0.504379	-0.488375	-0.512371	-0.534219	-0.515944	-0.504594	-0.514517
609.0	-0.479471	-0.492007	-0.521899	-0.516315	-0.486449	-0.511443	-0.489626	-0.495630	-0.520461	-0.498531	-0.504743	-0.486280	-0.523001	-0.504982	-0.501648	-0.496954	-0.523051	-0.502370	-0.525181	-0.519534
610.0	-0.522272	-0.504033	-0.476275	-0.520133	-0.506893	-0.536551	-0.499875	-0.543801	-0.562076	-0.510717	-0.540754	-0.502147	-0.526207	-0.503107	-0.505567	-0.540537	-0.523051	-0.475560	-0.532981	-0.520419
611.0	-0.516303	-0.504490	-0.517676	-0.502180	-0.504916	-0.508551	-0.531828	-0.527291	-0.543374	-0.528107	-0.535205	-0.521875	-0.526007	-0.535665	-0.505963	-0.546245	-0.506254	-0.532017	-0.503278	-0.517014
612.0	-0.518930	-0.500852	-0.511821	-0.518671	-0.516061	-0.545160	-0.521030	-0.559152	-0.552041	-0.539019	-0.524687	-0.540524	-0.534624	-0.510989	-0.510938	-0.531353	-0.510654	-0.535010	-0.522438	-0.522212
613.0	-0.505430	-0.478935	-0.507097	-0.512542	-0.517104	-0.507899	-0.516466	-0.555939	-0.563840	-0.547605	-0.519740	-0.512426	-0.527231	-0.521061	-0.527337	-0.537257	-0.553629	-0.505049	-0.512643	-0.517627
614.0	-0.520861	-0.504207	-0.512474	-0.535774	-0.547476	-0.548290	-0.548155	-0.531931	-0.551093	-0.508675	-0.528030	-0.533859	-0.530371	-0.512798	-0.556262	-0.527045	-0.507103	-0.515809	-0.512847	-0.517786
615.0	-0.520753	-0.510198	-0.515782	-0.525521	-0.526055	-0.519573	-0.542427	-0.515733	-0.526173	-0.514999	-0.550403	-0.532086	-0.529881	-0.534124	-0.537881	-0.526673	-0.563546	-0.537937	-0.523413	-0.548975
616.0	-0.518604	-0.511113	-0.511973	-0.523034	-0.515539	-0.535964	-0.561674	-0.528272	-0.524761	-0.534760	-0.551561	-0.568129	-0.535671	-0.542767	-0.523573	-0.528706	-0.552154	-0.529180	-0.518039	-0.505052
617.0	-0.529565	-0.562508	-0.515739	-0.539504	-0.530530	-0.548638	-0.567182	-0.551744	-0.554864	-0.519961	-0.547038	-0.524972	-0.540146	-0.537988	-0.538784	-0.550946	-0.537949	-0.549642	-0.524184	-0.565251
618.0	-0.569479	-0.558521	-0.531019	-0.537955	-0.551148	-0.563007	-0.553993	-0.552347	-0.540044	-0.552501	-0.529768	-0.557693	-0.537207	-0.522825	-0.553554	-0.562493	-0.522514	-0.556238	-0.553478	-0.562867
619.0	-0.561340	-0.515928	-0.533435	-0.536035	-0.547063	-0.545964	-0.540123	-0.573900	-0.542404	-0.563238	-0.533155	-0.566176	-0.564440	-0.537407	-0.536186	-0.496888	-0.562049	-0.538274	-0.547447	-0.549838
620.0	-0.534492	-0.564730	-0.555659	-0.538740	-0.556145	-0.562507	-0.555002	-0.561852	-0.558812	-0.566422	-0.536096	-0.539806	-0.580160	-0.549042	-0.543847	-0.524289	-0.520951	-0.574989	-0.544930	-0.548090
621.0	-0.527959	-0.554730	-0.536918	-0.553225	-0.551257	-0.529638	-0.535909	-0.550517	-0.569023	-0.567036	-0.539573	-0.556661	-0.539590	-0.543816	-0.503850	-0.574586	-0.564194	-0.531454	-0.564815	-0.544254
622.0	-0.551334	-0.553859	-0.579102	-0.568735	-0.546824	-0.560616	-0.564812	-0.554801	-0.532259	-0.556739	-0.545456	-0.536552	-0.558183	-0.563043	-0.529648	-0.572946	-0.552646	-0.519208	-0.568466	-0.549202
623.0	-0.568285	-0.540264	-0.566063	-0.560795	-0.551908	-0.562029	-0.569969	-0.568612	-0.544323	-0.551798	-0.541623	-0.548514	-0.551569	-0.536469	-0.544221	-0.567675	-0.569711	-0.555810	-0.561392	-0.551336
624.0	-0.582914	-0.553968	-0.538833	-0.541184	-0.558535	-0.539682	-0.572954	-0.570107	-0.529679	-0.547890	-0.534915	-0.539021	-0.558784	-0.568269	-0.538894	-0.577319	-0.553718	-0.512815	-0.555723	-0.558418
625.0	-0.585736	-0.574817	-0.566325	-0.550040	-0.545173	-0.569029	-0.555573	-0.550049	-0.532877	-0.545804	-0.561322	-0.541647	-0.549632	-0.547255	-0.557516	-0.571262	-0.535224	-0.523575	-0.579894	-0.570403
626.0	-0.565702	-0.560656	-0.564496	-0.582369	-0.571853	-0.562007	-0.553707	-0.545095	-0.549593	-0.577642	-0.568742	-0.572573	-0.550300	-0.560877	-0.548623	-0.539641	-0.556756	-0.574336	-0.576833	-0.526366
627.0	-0.551747	-0.580482	-0.568262	-0.559377	-0.576806	-0.574029	-0.533100	-0.583829	-0.545844	-0.567893	-0.562636	-0.534240	-0.583389	-0.572936	-0.581598	-0.561793	-0.579315	-0.560650	-0.569464	-0.574103
628.0	-0.559148	-0.550111	-0.563386	-0.546419	-0.558078	-0.559660	-0.564878	-0.587220	-0.554754	-0.556629	-0.538414	-0.569431	-0.559296	-0.572288	-0.559696	-0.571043	-0.563077	-0.569609	-0.594110	-0.546909
629.0	-0.579420	-0.589088	-0.547083	-0.554119	-0.554189	-0.573290	-0.541813	-0.597551	-0.574161	-0.567761	-0.545901	-0.590055	-0.544934	-0.570502	-0.595686	-0.583661	-0.559302	-0.570577	-0.592115	-0.573082
630.0	-0.569436	-0.598674	-0.572594	-0.534094	-0.559903	-0.580203	-0.564022	-0.566247	-0.564722	-0.546331	-0.569255	-0.573021	-0.549476	-0.574097	-0.593155	-0.555910	-0.569577	-0.574922	-0.566629	-0.551517
631.0	-0.592290	-0.548085	-0.600912	-0.570306	-0.552995	-0.570638	-0.590335	-0.557367	-0.586114	-0.559022	-0.558336	-0.552486	-0.577844	-0.602123	-0.577570	-0.547163	-0.556867	-0.579581	-0.572910	-0.560279
632.0	-0.587928	-0.545841	-0.564322	-0.568866	-0.577588	-0.575464	-0.568082	-0.559152	-0.578020	-0.559154	-0.567584	-0.566805	-0.582186	-0.573137	-0.570790	-0.566976	-0.620905	-0.584871	-0.588736	-0.569949
633.0	-0.574428	-0.574425	-0.580734	-0.581322	-0.599205	-0.561507	-0.533122	-0.577849	-0.558106	-0.567366	-0.578458	-0.582919	-0.600935	-0.556076	-0.579309	-0.573973	-0.582710	-0.563014	-0.587875	-0.585476
634.0	-0.576055	-0.589850	-0.581605	-0.554687	-0.581195	-0.539725	-0.576685	-0.580527	-0.557158	-0.575270	-0.561545	-0.605182	-0.579871	-0.541806	-0.573894	-0.584426	-0.578958	-0.576182	-0.592455	-0.585839
635.0	-0.597608	-0.576648	-0.573464	-0.556497	-0.566030	-0.554594	-0.574402	-0.577314	-0.562473	-0.551908	-0.573957	-0.596833	-0.571409	-0.587384	-0.558331	-0.585323	-0.552646	-0.580122	-0.594405	-0.588086
636.0	-0.561188	-0.569197	-0.587765	-0.582805	-0.580956	-0.574638	-0.568784	-0.555961	-0.542713	-0.582889	-0.580865	-0.571024	-0.606546	-0.592074	-0.599098	-0.551755	-0.571609	-0.580955	-0.575676	-0.580664
637.0	-0.575665	-0.577889	-0.574400	-0.563172	-0.533311	-0.558594	-0.595646	-0.551209	-0.572816	-0.568881	-0.571773	-0.583884	-0.582565	-0.584905	-0.582809	-0.579353	-0.578958	-0.571703	-0.586016	-0.589403
638.0	-0.575513	-0.594186	-0.592750	-0.556694	-0.542936	-0.560790	-0.575565	-0.592441	-0.592554	-0.512759	-0.602413	-0.578812	-0.570585	-0.558421	-0.572771	-0.576138	-0.591064	-0.574089	-0.570575	-0.573422
639.0	-0.559560	-0.589872	-0.554810	-0.569826	-0.583910	-0.573333	-0.560730	-0.575529	-0.565428	-0.571208	-0.575361	-0.590280	-0.595324	-0.585508	-0.581070	-0.595863	-0.582621	-0.582913	-0.610322	-0.560189
640.0	-0.577748	-0.596691	-0.581997	-0.577133	-0.580630	-0.551899	-0.587087	-0.614329	-0.580314	-0.584382	-0.614090	-0.590549	-0.575306	-0.565366	-0.579947	-0.592518	-0.582710	-0.584286	-0.596718	-0.556965
641.0	-0.591509	-0.577475	-0.599345	-0.554316	-0.561576	-0.598833	-0.601132	-0.588648	-0.557268	-0.598610	-0.606826	-0.596631	-0.580049	-0.574454	-0.579639	-0.583224	-0.591041	-0.588923	-0.584995	-0.583115
642.0	-0.579593	-0.579153	-0.583368	-0.579402	-0.581477	-0.596724	-0.599662	-0.597082	-0.591561	-0.581901	-0.569277	-0.600379	-0.596749	-0.580327	-0.578517	-0.573274	-0.578868	-0.590612	-0.584428	-0.600526
643.0	-0.544736	-0.590308	-0.558946	-0.588324	-0.585040	-0.614398	-0.558909	-0.587756	-0.578351	-0.557595	-0.544676	-0.595442	-0.582097	-0.576531	-0.571913	-0.591074	-0.569889	-0.567201	-0.569418	-0.580278
644.0	-0.574753	-0.588761	-0.560709	-0.601871	-0.572309	-0.605724	-0.603129	-0.576421	-0.559253	-0.560823	-0.572196	-0.589831	-0.568893	-0.571283	-0.593992	-0.585935	-0.573284	-0.566660	-0.593815	-0.576600
645.0	-0.576489	-0.588434	-0.593664	-0.598228	-0.584193	-0.617094	-0.569837	-0.576667	-0.592907	-0.576214	-0.574692	-0.575176	-0.580427	-0.611412	-0.585693	-0.602205	-0.555773	-0.597117	-0.580506	-0.574308
646.0	-0.585692	-0.583009	-0.596015	-0.582980	-0.612002	-0.587855	-0.572120	-0.560803	-0.611784	-0.560910	-0.602748	-0.578610	-0.584613	-0.623538	-0.594278	-0.561815	-0.562139	-0.581945	-0.599234	-0.599277
647.0	-0.571563	-0.584905	-0.588592	-0.583700	-0.577154	-0.606985	-0.577431	-0.583628	-0.580711	-0.601575	-0.596263	-0.601658	-0.575350	-0.583521	-0.589215	-0.593633	-0.581281	-0.582935	-0.602159	-0.590084
648.0	-0.596262	-0.602051	-0.574705	-0.587844	-0.578805	-0.610333	-0.572888	-0.620019	-0.576300	-0.571011	-0.603438	-0.573740	-0.589067	-0.595870	-0.599825	-0.604654	-0.610921	-0.564072	-0.586514	-0.608947
649.0	-0.576815	-0.584621	-0.580081	-0.603245	-0.597641	-0.610789	-0.578177	-0.601589	-0.593039	-0.566378	-0.589957	-0.604957	-0.594188	-0.588478	-0.591570	-0.570474	-0.592962	-0.601192	-0.600504	-0.586951
650.0	-0.589252	-0.601179	-0.601478	-0.583198	-0.599444	-0.601050	-0.605214	-0.584655	-0.585320	-0.572218	-0.596285	-0.589494	-0.596059	-0.592766	-0.577218	-0.595448	-0.595040	-0.602655	-0.617940	-0.599572
651.0	-0.591335	-0.596953	-0.584652	-0.594301	-0.581151	-0.614898	-0.574995	-0.607591	-0.586555	-0.593824	-0.593723	-0.561733	-0.588198	-0.573673	-0.595753	-0.575701	-0.595888	-0.610196	-0.587535	-0.581481
652.0	-0.562751	-0.598129	-0.608161	-0.581060	-0.608352	-0.590942	-0.587767	-0.591594	-0.586092	-0.560801	-0.599450	-0.589247	-0.581474	-0.604847	-0.584658	-0.596694	-0.604354	-0.592210	-0.583068	-0.609878
653.0	-0.593831	-0.597192	-0.601892	-0.584768	-0.598141	-0.590311	-0.605894	-0.600764	-0.589687	-0.594790	-0.615160	-0.597057	-0.600111	-0.608978	-0.572419	-0.601746	-0.572771	-0.581157	-0.594790	-0.597461
654.0	-0.610478	-0.607650	-0.610163	-0.593909	-0.597598	-0.596485	-0.611403	-0.561361	-0.577138	-0.607261	-0.598246	-0.591828	-0.605144	-0.605941	-0.584548	-0.606229	-0.597899	-0.578906	-0.613088	-0.601888
655.0	-0.576945	-0.607171	-0.611556	-0.575737	-0.594817	-0.590290	-0.588755	-0.601411	-0.584041	-0.603002	-0.589444	-0.574525	-0.588577	-0.611368	-0.598702	-0.587225	-0.572704	-0.592593	-0.617033	-0.592127
656.0	-0.571823	-0.584905	-0.588853	-0.589459	-0.594621	-0.596290	-0.604314	-0.580705	-0.599677	-0.586380	-0.592386	-0.588395	-0.593387	-0.578965	-0.608366	-0.590003	-0.606185	-0.585006	-0.602477	-0.566068
657.0	-0.582805	-0.601223	-0.595579	-0.582652	-0.585366	-0.561116	-0.603502	-0.613861	-0.598089	-0.593187	-0.592096	-0.585522	-0.607437	-0.598773	-0.588026	-0.580468	-0.609558	-0.578231	-0.578941	-0.598301
658.0	-0.593875	-0.588913	-0.584478	-0.608982	-0.577957	-0.556203	-0.597730	-0.604133	-0.606844	-0.605549	-0.600430	-0.579171	-0.591828	-0.590533	-0.573850	-0.591599	-0.584162	-0.600831	-0.613247	-0.590697
659.0	-0.583804	-0.606430	-0.585762	-0.601740	-0.602594	-0.583464	-0.600561	-0.592865	-0.601530	-0.602409	-0.598536	-0.602511	-0.574638	-0.586670	-0.588422	-0.617556	-0.598010	-0.584894	-0.590437	-0.615348
660.0	-0.562490	-0.606822	-0.600107	-0.592578	-0.580000	-0.584746	-0.577387	-0.605449	-0.601221	-0.594131	-0.587505	-0.602197	-0.604119	-0.598929	-0.555095	-0.612089	-0.610988	-0.569474	-0.602590	-0.569609
661.0	-0.602665	-0.577105	-0.597756	-0.562453	-0.600031	-0.589898	-0.577431	-0.607502	-0.592664	-0.577620	-0.582603	-0.588036	-0.604787	-0.595111	-0.549394	-0.597919	-0.594794	-0.569339	-0.597783	-0.611262
662.0	-0.612432	-0.604665	-0.612666	-0.585816	-0.578392	-0.581051	-0.611512	-0.613459	-0.593965	-0.598040	-0.578302	-0.602556	-0.604297	-0.591024	-0.598570	-0.567172	-0.608307	-0.585547	-0.599461	-0.594760
663.0	-0.595958	-0.610809	-0.588135	-0.591727	-0.578262	-0.585768	-0.602537	-0.612254	-0.599942	-0.608579	-0.609945	-0.614002	-0.583545	-0.604825	-0.607860	-0.579637	-0.589523	-0.585232	-0.606898	-0.596054
664.0	-0.592638	-0.603031	-0.590682	-0.620697	-0.600248	-0.578312	-0.607738	-0.588448	-0.600228	-0.604407	-0.603951	-0.585814	-0.597150	-0.587339	-0.599869	-0.579156	-0.603907	-0.586470	-0.587399	-0.588586
665.0	-0.567678	-0.603859	-0.590725	-0.617163	-0.593665	-0.609116	-0.605850	-0.614865	-0.600956	-0.605878	-0.607427	-0.581505	-0.584079	-0.596205	-0.599913	-0.584929	-0.565065	-0.600314	-0.587875	-0.600117
666.0	-0.596067	-0.595275	-0.615322	-0.610858	-0.605853	-0.595333	-0.596523	-0.595788	-0.592443	-0.585151	-0.590759	-0.605204	-0.581585	-0.603373	-0.607948	-0.597328	-0.610563	-0.601777	-0.593543	-0.586520
667.0	-0.584629	-0.623903	-0.609118	-0.617054	-0.605267	-0.617637	-0.581886	-0.607680	-0.601199	-0.596898	-0.591093	-0.608817	-0.592630	-0.615142	-0.605482	-0.605223	-0.611479	-0.585569	-0.586832	-0.577100
668.0	-0.579723	-0.610068	-0.604460	-0.610684	-0.617303	-0.600311	-0.585748	-0.613749	-0.616746	-0.605285	-0.619728	-0.603319	-0.586551	-0.604155	-0.588686	-0.590987	-0.591868	-0.594213	-0.600119	-0.593807
669.0	-0.601666	-0.584730	-0.599846	-0.611753	-0.589624	-0.598920	-0.574446	-0.575373	-0.607859	-0.622565	-0.609076	-0.620218	-0.581919	-0.604467	-0.587344	-0.605201	-0.583849	-0.608170	-0.598985	-0.592581
670.0	-0.596892	-0.612094	-0.602849	-0.595174	-0.613740	-0.589768	-0.587109	-0.609845	-0.604771	-0.606998	-0.583294	-0.624640	-0.585927	-0.609246	-0.589127	-0.611062	-0.607302	-0.611164	-0.592636	-0.607086
671.0	-0.591205	-0.602704	-0.570373	-0.588651	-0.601682	-0.607029	-0.584519	-0.596502	-0.574690	-0.621006	-0.596865	-0.599032	-0.627299	-0.614896	-0.604888	-0.593633	-0.588093	-0.601304	-0.586877	-0.590152
672.0	-0.590380	-0.610025	-0.571135	-0.593058	-0.580412	-0.579138	-0.596194	-0.608104	-0.601507	-0.616264	-0.601366	-0.599077	-0.612247	-0.589506	-0.604051	-0.596388	-0.609312	-0.593786	-0.584655	-0.596530
673.0	-0.615080	-0.589022	-0.584870	-0.595174	-0.616347	-0.606485	-0.601505	-0.593512	-0.596634	-0.606669	-0.622558	-0.608391	-0.596838	-0.603887	-0.594124	-0.608503	-0.587468	-0.581877	-0.598894	-0.614418
674.0	-0.613409	-0.599785	-0.600172	-0.607957	-0.593339	-0.586790	-0.598345	-0.587042	-0.603382	-0.601553	-0.597934	-0.602399	-0.574616	-0.606500	-0.602026	-0.601287	-0.587490	-0.598355	-0.583861	-0.600049
675.0	-0.610956	-0.589894	-0.604830	-0.596984	-0.604072	-0.603072	-0.586604	-0.604133	-0.587437	-0.577510	-0.593879	-0.616942	-0.612158	-0.610921	-0.587300	-0.591905	-0.611792	-0.606414	-0.613610	-0.596848
676.0	-0.607353	-0.596604	-0.604939	-0.604750	-0.599966	-0.598877	-0.595053	-0.617074	-0.580909	-0.594988	-0.618881	-0.604778	-0.611757	-0.625325	-0.586683	-0.613205	-0.582330	-0.588045	-0.608055	-0.588495
677.0	-0.614407	-0.603685	-0.609205	-0.598948	-0.587256	-0.598116	-0.604951	-0.608305	-0.581703	-0.586710	-0.570213	-0.612992	-0.593342	-0.593927	-0.583976	-0.619153	-0.592493	-0.603195	-0.592047	-0.610196
678.0	-0.601341	-0.593641	-0.584979	-0.595785	-0.591688	-0.596246	-0.586867	-0.616047	-0.588165	-0.607788	-0.592475	-0.612835	-0.604587	-0.604356	-0.593551	-0.590287	-0.602902	-0.624805	-0.612680	-0.591332
679.0	-0.586343	-0.598608	-0.584870	-0.617664	-0.593904	-0.587377	-0.602383	-0.620956	-0.588628	-0.597996	-0.599583	-0.593377	-0.621510	-0.587027	-0.581510	-0.597963	-0.603349	-0.585006	-0.598872	-0.584364
680.0	-0.594613	-0.578979	-0.600477	-0.607499	-0.587799	-0.578420	-0.598455	-0.601812	-0.582828	-0.603814	-0.603839	-0.605092	-0.617524	-0.602793	-0.609951	-0.590943	-0.603215	-0.597747	-0.596173	-0.601547
681.0	-0.610066	-0.600286	-0.598997	-0.608873	-0.581151	-0.581203	-0.607957	-0.607390	-0.603492	-0.584953	-0.581533	-0.614765	-0.598352	-0.585106	-0.620869	-0.606601	-0.573887	-0.594011	-0.605379	-0.578779
682.0	-0.585323	-0.599066	-0.611861	-0.612865	-0.580043	-0.603768	-0.615221	-0.587510	-0.595399	-0.608908	-0.572129	-0.590504	-0.595190	-0.605606	-0.607463	-0.606032	-0.590170	-0.585389	-0.623858	-0.614531
683.0	-0.585953	-0.599981	-0.606049	-0.607019	-0.595577	-0.599485	-0.601330	-0.622875	-0.615578	-0.590969	-0.602413	-0.602354	-0.617947	-0.587585	-0.593507	-0.611499	-0.584050	-0.602745	-0.618417	-0.619434
684.0	-0.606572	-0.575035	-0.601870	-0.591247	-0.599640	-0.597137	-0.583268	-0.624705	-0.615291	-0.592528	-0.578703	-0.590841	-0.585771	-0.596785	-0.602026	-0.601483	-0.590483	-0.591535	-0.600028	-0.608902
685.0	-0.607527	-0.605079	-0.605048	-0.618908	-0.599661	-0.588398	-0.577562	-0.602102	-0.602323	-0.610379	-0.611773	-0.605810	-0.591605	-0.595133	-0.602004	-0.604785	-0.593789	-0.600179	-0.596468	-0.595532
686.0	-0.599453	-0.605449	-0.596711	-0.612952	-0.600552	-0.597116	-0.594175	-0.602482	-0.589113	-0.586842	-0.619260	-0.590527	-0.622178	-0.615298	-0.585032	-0.600631	-0.613713	-0.615913	-0.615378	-0.604861
687.0	-0.601753	-0.602029	-0.618108	-0.614916	-0.604115	-0.578659	-0.611139	-0.594048	-0.600317	-0.612575	-0.574001	-0.596362	-0.581541	-0.599264	-0.601344	-0.587838	-0.591600	-0.617737	-0.591548	-0.595827
688.0	-0.608634	-0.590656	-0.621743	-0.610793	-0.583476	-0.593116	-0.611754	-0.614039	-0.606469	-0.593209	-0.597667	-0.614249	-0.600935	-0.594686	-0.599385	-0.615894	-0.591734	-0.619470	-0.584383	-0.615212
689.0	-0.598150	-0.614382	-0.598823	-0.611731	-0.602768	-0.614876	-0.599091	-0.619193	-0.585585	-0.619096	-0.598558	-0.590302	-0.614808	-0.609023	-0.593309	-0.600237	-0.586820	-0.591174	-0.601275	-0.601297
690.0	-0.577944	-0.599959	-0.599933	-0.600671	-0.610177	-0.583246	-0.594351	-0.602526	-0.597097	-0.611653	-0.600229	-0.593983	-0.609753	-0.599108	-0.589699	-0.606688	-0.602991	-0.611389	-0.603293	-0.604226
691.0	-0.603967	-0.614731	-0.569459	-0.601762	-0.602095	-0.604311	-0.620071	-0.576711	-0.571338	-0.607261	-0.597021	-0.597170	-0.597417	-0.587808	-0.589017	-0.608634	-0.575339	-0.593808	-0.611977	-0.613555
692.0	-0.605183	-0.607323	-0.609575	-0.604838	-0.595555	-0.597311	-0.591454	-0.595454	-0.600714	-0.598962	-0.611884	-0.584669	-0.582476	-0.594441	-0.607639	-0.623264	-0.595777	-0.582688	-0.595198	-0.623384
693.0	-0.608243	-0.607388	-0.605353	-0.595632	-0.612002	-0.577768	-0.597906	-0.602549	-0.601662	-0.613936	-0.615605	-0.596429	-0.594032	-0.609157	-0.576425	-0.602271	-0.609759	-0.592030	-0.605583	-0.610400
694.0	-0.606311	-0.612574	-0.608618	-0.598577	-0.619149	-0.567442	-0.600013	-0.583896	-0.598310	-0.622390	-0.623004	-0.616111	-0.602939	-0.597612	-0.604954	-0.617556	-0.602455	-0.625548	-0.623563	-0.618072
695.0	-0.621852	-0.596735	-0.609336	-0.600235	-0.617955	-0.586029	-0.606948	-0.592263	-0.620606	-0.610379	-0.616252	-0.598337	-0.589356	-0.595155	-0.613737	-0.601330	-0.592069	-0.609791	-0.620956	-0.612874
696.0	-0.600646	-0.610918	-0.616954	-0.623031	-0.613175	-0.594181	-0.613422	-0.608618	-0.608256	-0.603682	-0.598023	-0.615662	-0.601514	-0.613400	-0.611338	-0.574608	-0.598010	-0.606144	-0.624516	-0.588472
697.0	-0.603403	-0.613118	-0.600542	-0.601064	-0.596381	-0.615268	-0.603612	-0.605717	-0.618511	-0.615342	-0.607182	-0.611039	-0.595992	-0.591739	-0.611293	-0.591665	-0.601807	-0.613347	-0.618462	-0.599209
698.0	-0.615622	-0.611637	-0.606354	-0.613105	-0.603550	-0.599920	-0.595821	-0.573521	-0.614144	-0.611433	-0.598179	-0.614024	-0.584101	-0.595490	-0.605944	-0.595688	-0.603505	-0.613347	-0.599575	-0.586384
699.0	-0.569088	-0.609807	-0.599389	-0.587779	-0.618324	-0.598290	-0.584300	-0.596123	-0.613416	-0.619733	-0.618859	-0.572909	-0.594389	-0.591694	-0.607353	-0.598772	-0.604934	-0.609611	-0.578896	-0.611716
700.0	-0.606832	-0.617454	-0.606027	-0.590615	-0.604572	-0.614311	-0.598784	-0.620867	-0.591694	-0.609216	-0.604129	-0.596631	-0.615320	-0.597009	-0.591262	-0.599559	-0.611747	-0.607247	-0.622725	-0.607472
701.0	-0.600560	-0.607672	-0.599018	-0.619039	-0.592079	-0.607616	-0.604073	-0.590656	-0.600581	-0.611082	-0.608296	-0.602085	-0.600935	-0.601810	-0.611183	-0.622914	-0.620190	-0.602767	-0.608621	-0.604770
702.0	-0.620050	-0.616256	-0.605570	-0.625016	-0.606722	-0.601290	-0.600452	-0.600251	-0.619569	-0.613958	-0.611594	-0.586352	-0.615052	-0.610921	-0.608652	-0.603298	-0.587892	-0.625998	-0.625015	-0.619412
703.0	-0.604944	-0.600569	-0.590812	-0.623162	-0.620670	-0.597637	-0.593385	-0.592285	-0.589907	-0.614727	-0.609878	-0.612274	-0.619550	-0.607951	-0.587454	-0.608940	-0.607615	-0.615351	-0.622997	-0.593126
704.0	-0.601862	-0.600874	-0.606615	-0.609833	-0.621040	-0.606724	-0.614651	-0.599670	-0.591098	-0.619909	-0.612241	-0.625268	-0.617034	-0.598148	-0.609026	-0.610471	-0.620413	-0.611434	-0.578329	-0.600094
705.0	-0.619247	-0.609502	-0.584522	-0.624252	-0.612045	-0.589920	-0.617394	-0.596480	-0.614122	-0.595317	-0.581244	-0.619612	-0.608328	-0.615856	-0.595709	-0.603036	-0.588652	-0.613820	-0.599234	-0.604430
706.0	-0.612974	-0.604600	-0.603611	-0.616050	-0.603507	-0.606203	-0.597138	-0.602036	-0.621135	-0.611433	-0.606112	-0.599885	-0.626809	-0.596071	-0.599957	-0.587750	-0.594861	-0.597883	-0.620298	-0.579642
707.0	-0.621396	-0.604360	-0.614190	-0.623162	-0.604876	-0.594616	-0.606553	-0.603218	-0.595487	-0.612487	-0.612798	-0.583502	-0.627411	-0.606299	-0.589787	-0.609509	-0.608017	-0.596622	-0.588192	-0.587246
708.0	-0.602687	-0.595471	-0.617999	-0.617882	-0.605658	-0.608289	-0.609384	-0.584275	-0.562120	-0.595317	-0.603104	-0.615999	-0.618014	-0.607705	-0.588510	-0.621012	-0.622937	-0.612244	-0.616920	-0.614350
709.0	-0.584412	-0.603314	-0.600869	-0.609157	-0.617650	-0.620224	-0.611095	-0.607636	-0.599060	-0.616988	-0.584920	-0.592816	-0.627322	-0.612574	-0.600067	-0.606929	-0.607436	-0.570847	-0.606195	-0.594737
710.0	-0.578725	-0.593772	-0.609488	-0.611622	-0.611676	-0.589790	-0.612895	-0.614664	-0.588430	-0.589850	-0.613600	-0.600424	-0.596125	-0.614516	-0.611095	-0.599603	-0.605984	-0.598288	-0.595561	-0.593216
711.0	-0.581937	-0.615232	-0.593294	-0.607761	-0.605571	-0.601790	-0.607299	-0.602772	-0.607682	-0.584492	-0.605622	-0.593556	-0.617079	-0.595334	-0.614683	-0.596126	-0.601249	-0.608237	-0.620253	-0.599572
712.0	-0.600625	-0.607737	-0.597016	-0.614959	-0.602182	-0.617920	-0.620027	-0.597551	-0.614365	-0.613761	-0.612129	-0.610411	-0.605856	-0.608353	-0.581951	-0.618300	-0.586038	-0.583341	-0.606263	-0.592467
713.0	-0.605617	-0.604927	-0.593729	-0.608851	-0.618063	-0.617115	-0.623209	-0.612366	-0.607925	-0.615605	-0.613533	-0.621969	-0.616299	-0.601118	-0.612680	-0.614998	-0.602813	-0.605379	-0.598282	-0.611172
714.0	-0.617663	-0.584861	-0.601848	-0.612080	-0.580521	-0.600224	-0.621827	-0.610670	-0.615269	-0.616374	-0.593121	-0.604733	-0.627811	-0.626039	-0.609224	-0.592561	-0.613065	-0.595676	-0.601570	-0.577032
715.0	-0.606897	-0.616125	-0.597930	-0.621962	-0.604724	-0.608333	-0.593605	-0.616047	-0.621598	-0.596612	-0.597778	-0.599661	-0.596192	-0.605539	-0.616863	-0.607235	-0.581169	-0.626111	-0.616535	-0.612556
716.0	-0.622763	-0.622182	-0.605113	-0.584987	-0.601856	-0.598703	-0.614014	-0.595230	-0.609028	-0.601794	-0.591227	-0.625088	-0.616166	-0.616794	-0.603237	-0.609028	-0.595620	-0.598130	-0.589530	-0.601161
717.0	-0.599539	-0.609545	-0.601130	-0.601522	-0.615304	-0.611942	-0.609801	-0.598733	-0.604264	-0.615649	-0.604664	-0.598269	-0.596103	-0.596585	-0.605372	-0.591402	-0.606922	-0.609048	-0.574112	-0.616778
718.0	-0.582350	-0.606473	-0.610228	-0.619846	-0.600813	-0.605789	-0.607123	-0.590344	-0.597053	-0.606844	-0.615360	-0.606371	-0.598374	-0.605093	-0.612460	-0.600368	-0.578533	-0.602857	-0.613065	-0.620047
719.0	-0.591943	-0.605319	-0.605505	-0.598359	-0.595577	-0.604529	-0.610305	-0.605516	-0.586599	-0.578081	-0.612196	-0.603768	-0.602939	-0.598192	-0.590447	-0.613708	-0.604220	-0.612987	-0.595380	-0.617550
720.0	-0.614407	-0.589480	-0.593316	-0.582064	-0.618128	-0.604833	-0.617898	-0.618390	-0.617496	-0.584295	-0.613221	-0.608458	-0.604119	-0.606767	-0.611051	-0.581474	-0.621798	-0.613460	-0.606739	-0.588154
721.0	-0.586625	-0.615493	-0.600912	-0.605754	-0.617259	-0.610246	-0.609362	-0.622384	-0.605499	-0.601662	-0.603193	-0.605743	-0.602850	-0.614382	-0.608630	-0.604501	-0.622424	-0.609768	-0.604563	-0.605179
722.0	-0.613040	-0.613794	-0.609641	-0.611164	-0.617172	-0.587616	-0.608286	-0.607859	-0.608234	-0.602760	-0.611973	-0.612767	-0.609575	-0.587764	-0.611668	-0.601855	-0.612752	-0.624287	-0.619936	-0.570267
723.0	-0.613191	-0.599110	-0.599889	-0.585881	-0.603225	-0.589072	-0.614541	-0.598153	-0.618533	-0.560098	-0.612775	-0.606708	-0.616299	-0.598684	-0.597932	-0.618366	-0.609781	-0.611546	-0.594201	-0.593920
724.0	-0.618249	-0.597149	-0.616062	-0.579337	-0.603094	-0.586029	-0.621146	-0.618189	-0.609645	-0.604187	-0.622090	-0.613463	-0.626587	-0.621997	-0.595841	-0.610296	-0.615097	-0.617579	-0.607148	-0.609878
725.0	-0.607158	-0.599829	-0.606680	-0.579686	-0.592362	-0.614876	-0.604621	-0.611920	-0.610748	-0.602519	-0.604062	-0.615146	-0.597684	-0.609291	-0.597624	-0.599318	-0.596223	-0.611659	-0.593861	-0.615893
726.0	-0.585063	-0.609916	-0.616715	-0.597159	-0.600661	-0.599724	-0.613948	-0.618658	-0.596678	-0.609435	-0.588709	-0.625851	-0.610666	-0.615030	-0.597051	-0.586788	-0.611032	-0.598288	-0.594201	-0.599459
727.0	-0.588123	-0.604534	-0.609837	-0.605885	-0.600965	-0.601268	-0.604468	-0.587109	-0.597560	-0.616483	-0.600965	-0.603813	-0.599599	-0.619139	-0.611404	-0.608109	-0.619542	-0.605874	-0.624085	-0.600548
728.0	-0.610435	-0.622813	-0.604656	-0.595087	-0.605614	-0.599246	-0.619347	-0.614017	-0.587790	-0.621050	-0.619104	-0.595487	-0.600690	-0.617397	-0.605108	-0.613511	-0.593052	-0.611411	-0.606944	-0.587700
729.0	-0.602296	-0.611985	-0.606876	-0.615548	-0.612436	-0.613442	-0.611885	-0.588604	-0.572728	-0.590113	-0.594369	-0.611533	-0.599532	-0.610966	-0.610567	-0.605551	-0.595888	-0.606864	-0.590392	-0.617573
730.0	-0.590771	-0.608761	-0.609684	-0.622856	-0.620257	-0.600290	-0.606882	-0.586105	-0.600405	-0.585590	-0.604129	-0.578991	-0.614852	-0.610206	-0.615564	-0.590243	-0.599216	-0.598738	-0.567242	-0.601524
731.0	-0.593875	-0.601179	-0.609009	-0.606844	-0.612740	-0.603398	-0.600759	-0.596279	-0.606028	-0.611301	-0.610614	-0.611802	-0.585460	-0.613578	-0.610567	-0.584689	-0.615544	-0.619650	-0.565858	-0.593897
732.0	-0.606984	-0.607367	-0.620981	-0.604816	-0.598010	-0.611355	-0.614256	-0.596882	-0.617871	-0.616242	-0.584230	-0.608930	-0.620486	-0.595535	-0.621287	-0.590199	-0.602388	-0.602542	-0.612159	-0.615167
733.0	-0.605248	-0.623576	-0.609097	-0.616683	-0.615891	-0.607116	-0.621520	-0.618658	-0.602831	-0.620106	-0.610814	-0.584669	-0.615231	-0.597634	-0.606759	-0.605988	-0.576992	-0.611614	-0.612453	-0.621000
734.0	-0.616273	-0.623314	-0.616432	-0.588717	-0.603159	-0.602659	-0.603568	-0.613147	-0.596854	-0.609281	-0.613800	-0.607493	-0.622980	-0.605986	-0.584460	-0.609006	-0.606275	-0.604883	-0.624062	-0.622499
735.0	-0.593614	-0.609632	-0.601892	-0.603681	-0.613653	-0.585833	-0.612566	-0.623946	-0.603139	-0.599050	-0.615405	-0.619859	-0.617101	-0.619184	-0.614441	-0.608919	-0.613713	-0.609791	-0.613202	-0.619775
736.0	-0.601688	-0.604513	-0.593555	-0.622900	-0.598858	-0.621094	-0.609186	-0.620532	-0.602654	-0.616417	-0.624252	-0.615034	-0.627322	-0.618402	-0.614838	-0.614932	-0.614383	-0.593853	-0.596536	-0.609083
737.0	-0.622242	-0.603009	-0.612079	-0.612167	-0.622017	-0.603224	-0.607782	-0.620354	-0.606447	-0.621160	-0.611327	-0.603117	-0.622868	-0.623560	-0.598548	-0.604960	-0.620927	-0.605491	-0.584111	-0.621545
738.0	-0.604466	-0.600831	-0.603894	-0.607935	-0.618780	-0.595094	-0.581052	-0.609376	-0.604463	-0.605154	-0.613511	-0.611847	-0.588978	-0.601765	-0.603941	-0.613948	-0.596179	-0.598108	-0.612068	-0.619775
739.0	-0.616491	-0.611136	-0.616541	-0.617904	-0.586756	-0.578812	-0.604182	-0.596770	-0.601574	-0.622346	-0.605533	-0.607157	-0.601336	-0.625883	-0.613385	-0.619853	-0.600825	-0.612582	-0.606830	-0.604589
740.0	-0.622741	-0.611027	-0.599693	-0.613825	-0.578023	-0.610833	-0.618162	-0.608774	-0.600912	-0.616088	-0.609968	-0.609738	-0.598330	-0.616772	-0.614970	-0.611412	-0.613378	-0.622644	-0.620276	-0.607018
741.0	-0.619356	-0.589785	-0.589920	-0.604489	-0.586691	-0.604072	-0.618710	-0.622518	-0.613019	-0.599884	-0.624786	-0.582021	-0.604698	-0.625481	-0.611998	-0.614167	-0.606565	-0.597522	-0.620707	-0.603930
742.0	-0.603338	-0.615428	-0.609445	-0.616094	-0.599075	-0.599507	-0.621234	-0.623678	-0.597163	-0.605746	-0.601344	-0.592793	-0.599176	-0.589014	-0.605416	-0.592649	-0.585994	-0.604366	-0.592568	-0.607472
743.0	-0.601949	-0.609131	-0.601652	-0.601762	-0.594665	-0.609311	-0.597818	-0.595007	-0.585739	-0.617713	-0.588018	-0.594566	-0.617635	-0.597902	-0.578649	-0.606404	-0.584519	-0.606234	-0.583544	-0.596440
744.0	-0.607093	-0.607846	-0.620851	-0.603551	-0.577914	-0.589551	-0.593100	-0.606833	-0.600714	-0.584317	-0.620374	-0.618760	-0.604631	-0.607817	-0.591834	-0.609487	-0.580901	-0.621451	-0.606807	-0.623497
745.0	-0.594526	-0.612290	-0.609837	-0.604968	-0.591058	-0.607898	-0.606311	-0.620688	-0.610108	-0.608140	-0.611416	-0.608997	-0.594389	-0.602435	-0.617611	-0.616704	-0.608910	-0.624670	-0.592659	-0.619934
746.0	-0.601666	-0.610417	-0.603067	-0.607128	-0.607092	-0.597811	-0.591959	-0.611295	-0.610483	-0.615649	-0.621912	-0.605967	-0.620797	-0.627245	-0.605416	-0.588538	-0.621016	-0.624197	-0.616603	-0.609900
747.0	-0.605291	-0.580024	-0.606615	-0.622420	-0.605984	-0.593116	-0.613268	-0.621358	-0.613946	-0.586622	-0.592029	-0.604576	-0.600623	-0.597991	-0.616753	-0.601549	-0.617956	-0.623522	-0.603883	-0.614577
748.0	-0.611802	-0.609763	-0.598583	-0.610858	-0.600205	-0.590811	-0.621629	-0.597328	-0.604463	-0.614902	-0.602904	-0.596317	-0.604119	-0.605941	-0.607639	-0.581277	-0.622290	-0.611389	-0.599756	-0.615076
749.0	-0.614016	-0.606038	-0.588004	-0.576588	-0.597272	-0.597485	-0.611776	-0.605829	-0.611365	-0.600038	-0.616006	-0.623495	-0.609463	-0.609023	-0.584306	-0.604239	-0.607056	-0.606594	-0.608123	-0.614531
750.0	-0.614212	-0.611768	-0.570678	-0.618930	-0.602855	-0.588833	-0.607738	-0.596703	-0.617584	-0.596151	-0.619683	-0.623585	-0.600200	-0.609961	-0.587454	-0.615195	-0.610608	-0.614856	-0.604585	-0.599073
751.0	-0.591986	-0.601070	-0.607878	-0.622354	-0.591362	-0.605116	-0.594153	-0.598533	-0.606271	-0.594944	-0.594191	-0.603274	-0.598842	-0.609336	-0.617985	-0.602642	-0.586507	-0.609250	-0.605696	-0.590129
752.0	-0.602535	-0.609676	-0.594295	-0.622573	-0.609308	-0.614768	-0.603458	-0.607056	-0.609910	-0.587852	-0.593388	-0.603274	-0.618326	-0.594128	-0.618756	-0.618344	-0.598435	-0.613235	-0.591639	-0.607699
753.0	-0.601384	-0.621332	-0.608661	-0.601587	-0.618932	-0.590790	-0.577058	-0.597439	-0.601110	-0.621424	-0.608096	-0.596070	-0.601336	-0.597723	-0.609246	-0.617010	-0.599864	-0.601282	-0.606422	-0.603658
754.0	-0.599388	-0.599916	-0.607638	-0.613629	-0.594882	-0.605050	-0.590686	-0.612522	-0.586070	-0.601662	-0.620285	-0.613732	-0.602449	-0.626419	-0.622454	-0.591840	-0.618403	-0.620798	-0.619618	-0.610196
755.0	-0.619421	-0.608260	-0.599258	-0.619780	-0.604919	-0.608420	-0.588030	-0.620376	-0.598751	-0.622302	-0.621934	-0.625088	-0.586773	-0.626531	-0.603171	-0.603342	-0.595955	-0.617197	-0.603747	-0.597802
756.0	-0.616794	-0.617955	-0.599018	-0.619628	-0.607265	-0.620724	-0.600013	-0.610157	-0.604507	-0.615298	-0.610391	-0.604217	-0.612135	-0.589327	-0.606054	-0.590965	-0.606364	-0.614113	-0.605470	-0.617142
757.0	-0.599518	-0.598412	-0.600477	-0.605536	-0.618302	-0.617507	-0.574073	-0.622183	-0.613108	-0.613892	-0.617745	-0.605070	-0.624672	-0.608398	-0.618822	-0.579309	-0.593945	-0.601124	-0.608281	-0.596440
758.0	-0.603533	-0.603728	-0.604003	-0.613040	-0.602681	-0.619550	-0.600913	-0.600697	-0.614254	-0.618635	-0.609589	-0.582066	-0.617079	-0.605740	-0.612438	-0.600849	-0.612596	-0.603645	-0.598985	-0.604748
759.0	-0.601493	-0.612007	-0.604438	-0.609484	-0.612567	-0.615963	-0.584673	-0.607502	-0.600118	-0.619667	-0.594235	-0.576500	-0.619328	-0.612775	-0.619834	-0.600259	-0.598055	-0.608372	-0.580551	-0.578099
760.0	-0.621548	-0.587018	-0.618609	-0.604772	-0.618976	-0.614159	-0.600869	-0.593736	-0.580557	-0.618416	-0.623293	-0.603162	-0.627611	-0.602100	-0.615938	-0.596694	-0.613400	-0.619290	-0.617600	-0.616370
761.0	-0.602253	-0.589175	-0.606724	-0.610204	-0.592731	-0.611159	-0.618930	-0.609399	-0.579366	-0.603024	-0.616363	-0.600828	-0.626520	-0.625593	-0.601784	-0.602489	-0.595375	-0.619425	-0.610639	-0.597824
762.0	-0.620723	-0.610482	-0.609989	-0.598271	-0.621952	-0.597181	-0.597226	-0.603307	-0.578903	-0.605988	-0.621979	-0.602982	-0.627611	-0.594128	-0.582325	-0.606469	-0.601897	-0.601484	-0.588714	-0.597461
763.0	-0.621721	-0.595602	-0.609750	-0.601260	-0.621322	-0.599463	-0.621585	-0.602036	-0.602610	-0.614924	-0.623628	-0.623921	-0.615520	-0.619005	-0.589963	-0.603539	-0.598636	-0.612109	-0.601388	-0.591582
764.0	-0.621331	-0.590787	-0.605070	-0.606234	-0.619606	-0.615137	-0.608594	-0.620309	-0.616305	-0.610489	-0.595349	-0.609491	-0.610510	-0.617129	-0.598746	-0.597788	-0.617912	-0.612920	-0.594881	-0.614191
765.0	-0.618249	-0.603162	-0.606876	-0.602242	-0.607439	-0.596550	-0.604314	-0.617877	-0.609866	-0.615407	-0.585299	-0.622171	-0.596482	-0.595691	-0.599605	-0.588559	-0.595799	-0.619583	-0.597239	-0.600117
766.0	-0.579506	-0.594382	-0.621068	-0.590069	-0.611502	-0.609072	-0.605346	-0.608350	-0.599280	-0.613343	-0.606848	-0.615191	-0.621599	-0.595781	-0.611470	-0.604785	-0.614829	-0.605559	-0.601207	-0.584681
767.0	-0.599561	-0.612813	-0.597038	-0.614283	-0.620605	-0.611507	-0.590949	-0.624348	-0.610197	-0.600630	-0.623694	-0.603207	-0.619395	-0.615097	-0.603677	-0.595776	-0.614785	-0.625638	-0.608372	-0.595237
768.0	-0.618856	-0.587693	-0.592336	-0.589088	-0.613349	-0.587964	-0.614826	-0.601857	-0.583005	-0.592880	-0.599739	-0.626166	-0.604476	-0.616950	-0.595841	-0.588691	-0.600445	-0.598175	-0.604585	-0.608402
769.0	-0.608004	-0.608020	-0.601108	-0.582696	-0.619627	-0.593072	-0.620905	-0.609421	-0.589510	-0.607920	-0.598959	-0.617323	-0.611757	-0.588277	-0.597381	-0.592189	-0.612283	-0.619290	-0.601207	-0.617823
770.0	-0.594547	-0.594425	-0.603067	-0.623925	-0.601617	-0.603855	-0.613641	-0.624816	-0.591760	-0.605527	-0.608742	-0.614383	-0.614206	-0.611703	-0.611778	-0.586657	-0.603304	-0.612154	-0.586129	-0.598188
771.0	-0.620072	-0.608521	-0.615822	-0.611469	-0.614131	-0.594246	-0.601286	-0.623500	-0.592752	-0.588686	-0.620842	-0.588978	-0.623558	-0.602860	-0.617039	-0.608503	-0.608151	-0.614608	-0.613519	-0.609356
772.0	-0.609415	-0.601942	-0.589898	-0.614261	-0.608895	-0.607376	-0.585704	-0.623500	-0.596126	-0.612509	-0.624809	-0.608593	-0.609374	-0.624029	-0.624083	-0.609618	-0.611055	-0.616049	-0.608576	-0.592899
773.0	-0.611933	-0.623467	-0.604787	-0.605034	-0.615500	-0.589616	-0.587965	-0.602549	-0.590900	-0.609852	-0.621711	-0.607583	-0.598820	-0.614070	-0.612130	-0.604829	-0.605560	-0.607630	-0.606241	-0.607699
774.0	-0.586256	-0.608892	-0.597212	-0.601435	-0.614631	-0.605376	-0.595338	-0.594026	-0.608101	-0.583526	-0.608341	-0.619276	-0.608328	-0.602234	-0.612856	-0.578522	-0.621128	-0.600246	-0.602477	-0.616370
775.0	-0.608981	-0.618587	-0.617847	-0.606626	-0.618889	-0.617376	-0.620620	-0.577336	-0.615004	-0.615825	-0.615494	-0.604351	-0.626988	-0.594776	-0.590139	-0.615501	-0.612774	-0.618637	-0.622135	-0.619275
776.0	-0.615470	-0.591659	-0.604765	-0.599929	-0.612089	-0.604789	-0.610525	-0.590723	-0.606514	-0.621907	-0.617566	-0.596541	-0.612781	-0.591560	-0.609775	-0.607235	-0.608330	-0.610871	-0.612839	-0.602864
777.0	-0.605161	-0.595863	-0.618043	-0.596155	-0.596055	-0.597333	-0.616823	-0.621246	-0.585452	-0.596107	-0.592274	-0.611937	-0.615275	-0.615477	-0.607573	-0.609312	-0.612774	-0.611524	-0.617419	-0.615121
778.0	-0.597065	-0.586822	-0.587700	-0.614523	-0.602269	-0.592485	-0.600430	-0.602816	-0.610197	-0.593868	-0.596775	-0.615259	-0.598308	-0.602614	-0.595819	-0.612767	-0.586731	-0.621564	-0.615786	-0.615212
779.0	-0.615601	-0.599349	-0.598823	-0.605165	-0.614000	-0.610202	-0.608440	-0.598577	-0.619459	-0.590179	-0.614513	-0.618939	-0.590581	-0.587317	-0.619064	-0.603867	-0.603259	-0.597522	-0.618507	-0.593511
780.0	-0.619095	-0.601245	-0.597517	-0.604772	-0.619627	-0.590377	-0.608089	-0.592687	-0.618864	-0.602167	-0.619371	-0.598988	-0.601648	-0.619452	-0.622674	-0.602970	-0.611635	-0.620753	-0.610299	-0.605815
781.0	-0.618791	-0.611070	-0.604808	-0.597966	-0.596098	-0.569333	-0.609669	-0.584900	-0.621334	-0.601926	-0.593856	-0.602534	-0.618415	-0.621104	-0.607045	-0.606469	-0.607146	-0.615058	-0.604744	-0.615235
782.0	-0.612562	-0.620809	-0.602610	-0.611753	-0.602660	-0.594094	-0.608484	-0.591861	-0.620628	-0.595075	-0.565645	-0.605361	-0.611445	-0.613422	-0.608080	-0.602533	-0.608173	-0.614090	-0.609755	-0.597756
783.0	-0.618748	-0.593706	-0.604765	-0.614654	-0.595382	-0.589659	-0.610349	-0.590590	-0.616195	-0.610796	-0.597199	-0.614720	-0.601002	-0.598505	-0.618205	-0.614101	-0.614740	-0.599751	-0.589099	-0.602546
784.0	-0.586973	-0.588282	-0.608356	-0.611295	-0.599401	-0.587007	-0.611008	-0.605182	-0.601419	-0.619030	-0.588932	-0.606887	-0.600334	-0.617866	-0.612416	-0.588822	-0.618671	-0.623432	-0.621954	-0.583819
785.0	-0.606941	-0.606670	-0.595993	-0.604794	-0.606766	-0.606876	-0.608572	-0.605338	-0.613438	-0.605768	-0.619037	-0.591222	-0.610243	-0.608107	-0.616444	-0.603058	-0.609871	-0.612537	-0.605243	-0.606269
786.0	-0.607027	-0.609001	-0.610794	-0.601609	-0.566486	-0.605942	-0.613773	-0.596279	-0.589157	-0.604890	-0.615004	-0.598875	-0.614273	-0.619965	-0.618822	-0.579812	-0.615388	-0.602250	-0.597126	-0.616120
787.0	-0.606789	-0.600199	-0.619153	-0.618493	-0.590863	-0.592964	-0.611249	-0.617408	-0.590811	-0.609040	-0.622781	-0.612004	-0.628190	-0.616482	-0.605702	-0.605288	-0.595754	-0.615418	-0.613224	-0.587156
788.0	-0.610956	-0.592334	-0.605679	-0.590026	-0.593383	-0.598159	-0.615111	-0.593379	-0.599677	-0.584448	-0.619037	-0.605720	-0.609330	-0.612596	-0.620143	-0.618759	-0.604867	-0.602565	-0.563636	-0.616892
789.0	-0.590293	-0.607236	-0.576316	-0.585881	-0.617368	-0.620963	-0.609120	-0.612254	-0.603051	-0.618130	-0.625277	-0.592861	-0.612625	-0.608487	-0.604426	-0.610537	-0.615187	-0.624490	-0.611773	-0.612193
790.0	-0.613061	-0.613924	-0.589876	-0.580886	-0.614739	-0.619746	-0.606860	-0.586239	-0.595663	-0.621182	-0.607895	-0.596586	-0.623380	-0.596093	-0.622696	-0.615238	-0.609915	-0.614405	-0.613723	-0.619707
791.0	-0.613691	-0.618347	-0.600259	-0.603900	-0.620735	-0.588616	-0.620466	-0.589139	-0.598221	-0.603507	-0.596686	-0.609536	-0.614095	-0.625995	-0.605856	-0.591949	-0.615968	-0.616386	-0.598736	-0.619502
792.0	-0.617749	-0.612726	-0.597712	-0.616028	-0.615195	-0.608637	-0.618228	-0.613972	-0.608741	-0.612531	-0.611817	-0.609603	-0.606391	-0.604646	-0.597403	-0.616857	-0.593900	-0.616521	-0.610186	-0.594261
793.0	-0.610283	-0.608805	-0.610033	-0.621613	-0.615912	-0.609224	-0.612566	-0.593869	-0.601221	-0.605219	-0.606514	-0.611578	-0.613694	-0.566460	-0.602687	-0.620224	-0.602031	-0.615621	-0.597307	-0.603431
794.0	-0.621548	-0.590569	-0.613167	-0.620566	-0.620692	-0.604203	-0.622463	-0.596815	-0.593326	-0.613168	-0.622424	-0.622081	-0.601291	-0.601408	-0.599649	-0.609815	-0.616549	-0.616296	-0.589666	-0.597189
795.0	-0.617923	-0.608935	-0.617499	-0.603049	-0.613262	-0.602550	-0.600803	-0.609644	-0.617651	-0.605966	-0.607405	-0.607785	-0.599265	-0.622422	-0.582941	-0.619350	-0.584073	-0.616341	-0.599166	-0.622771
796.0	-0.618726	-0.605014	-0.619545	-0.602722	-0.611372	-0.613529	-0.604358	-0.606096	-0.606624	-0.607503	-0.607806	-0.608279	-0.612247	-0.611323	-0.621155	-0.594267	-0.604354	-0.603015	-0.587285	-0.611285
797.0	-0.605921	-0.622203	-0.620328	-0.607215	-0.613197	-0.618311	-0.602185	-0.598867	-0.604441	-0.604144	-0.596218	-0.614136	-0.604275	-0.602793	-0.623136	-0.598028	-0.597162	-0.605266	-0.596037	-0.604226
798.0	-0.606116	-0.608238	-0.585588	-0.608415	-0.597120	-0.620050	-0.619215	-0.612656	-0.600978	-0.608403	-0.613934	-0.601366	-0.621421	-0.600939	-0.616444	-0.602752	-0.591198	-0.607765	-0.607896	-0.616370
799.0	-0.612128	-0.622247	-0.608618	-0.597377	-0.599618	-0.613333	-0.610459	-0.614709	-0.573963	-0.593538	-0.603372	-0.614249	-0.625874	-0.609135	-0.597425	-0.602249	-0.617376	-0.602182	-0.586197	-0.586747
800.0	-0.605790	-0.601266	-0.616214	-0.606146	-0.612545	-0.619246	-0.619544	-0.622496	-0.617981	-0.612817	-0.606514	-0.620465	-0.594211	-0.604311	-0.591504	-0.587532	-0.594034	-0.620326	-0.601479	-0.588495
