475.0	-0.282228	-0.285762	-0.274097	-0.269069	-0.275543	-0.311045	-0.284537	-0.312088	-0.298576	-0.291004	-0.299741	-0.291993	-0.292676	-0.280689	-0.301677	-0.278770	-0.269070	-0.269911	-0.284335	-0.281438
476.0	-0.264490	-0.268979	-0.267506	-0.258119	-0.242515	-0.275715	-0.259798	-0.261149	-0.270865	-0.273782	-0.268259	-0.262617	-0.264231	-0.255322	-0.261765	-0.266469	-0.261675	-0.256459	-0.265378	-0.271171
477.0	-0.231679	-0.228645	-0.225607	-0.227252	-0.224482	-0.224335	-0.224974	-0.224764	-0.222706	-0.235608	-0.231114	-0.216770	-0.228748	-0.227622	-0.221170	-0.225728	-0.222240	-0.219863	-0.222529	-0.222600
478.0	-0.180394	-0.181356	-0.186438	-0.187323	-0.168485	-0.185586	-0.175212	-0.180241	-0.172539	-0.185953	-0.182739	-0.161966	-0.181984	-0.178054	-0.177639	-0.179280	-0.182016	-0.176046	-0.177803	-0.180545
479.0	-0.141517	-0.130452	-0.134841	-0.134840	-0.132704	-0.118726	-0.121359	-0.132366	-0.125621	-0.130749	-0.136572	-0.125655	-0.122009	-0.119738	-0.127065	-0.125058	-0.136566	-0.129757	-0.136731	-0.124077
480.0	-0.075803	-0.074540	-0.076277	-0.068103	-0.072342	-0.071999	-0.069694	-0.071086	-0.071633	-0.074301	-0.076392	-0.066998	-0.078041	-0.067740	-0.071600	-0.070639	-0.063118	-0.077236	-0.078973	-0.070965
481.0	-0.001725	-0.014641	-0.015170	-0.001649	-0.011790	-0.010267	-0.011939	-0.006455	-0.006273	-0.010104	0.003273	-0.006800	-0.012378	0.003988	-0.003419	-0.006970	-0.010274	-0.014824	-0.008676	-0.013214
482.0	0.058751	0.059351	0.052622	0.063578	0.054647	0.046526	0.058850	0.059230	0.058227	0.070071	0.060094	0.062741	0.043739	0.055500	0.060556	0.062801	0.070766	0.055896	0.061621	0.065171
483.0	0.130347	0.139463	0.136514	0.122574	0.139875	0.128203	0.140201	0.138128	0.131709	0.138765	0.138703	0.121397	0.132255	0.134615	0.150748	0.137295	0.146679	0.130177	0.144456	0.143753
484.0	0.218303	0.207243	0.209484	0.205641	0.208210	0.209404	0.209659	0.219611	0.217995	0.213487	0.213280	0.205578	0.217684	0.207121	0.214332	0.217005	0.219438	0.229680	0.225219	0.214634
485.0	0.312417	0.307755	0.303263	0.299375	0.310902	0.291080	0.329069	0.306169	0.309251	0.295958	0.293041	0.299968	0.313238	0.296150	0.304034	0.308621	0.311717	0.303862	0.298477	0.300324
486.0	0.404785	0.397139	0.398924	0.412460	0.413404	0.423567	0.423170	0.413983	0.408437	0.398904	0.420120	0.415163	0.401464	0.417543	0.383954	0.396991	0.431699	0.415629	0.390791	0.397070
487.0	0.519670	0.509333	0.507203	0.500247	0.514957	0.490997	0.516414	0.520266	0.512592	0.513713	0.534338	0.531706	0.507528	0.509876	0.500460	0.492938	0.506627	0.530364	0.516378	0.514054
488.0	0.632717	0.600201	0.624897	0.618240	0.612714	0.625858	0.635348	0.636123	0.625347	0.637133	0.625520	0.612612	0.625162	0.616788	0.624693	0.628739	0.631835	0.640153	0.630906	0.617711
489.0	0.732897	0.736503	0.718110	0.743785	0.747485	0.724629	0.749525	0.738576	0.736192	0.727067	0.732060	0.742639	0.729298	0.744111	0.744035	0.744859	0.713663	0.740052	0.736549	0.730253
490.0	0.856973	0.851479	0.859343	0.874993	0.877511	0.876585	0.876071	0.847730	0.852769	0.856227	0.844358	0.882298	0.873930	0.873377	0.853595	0.861964	0.864504	0.866656	0.867862	0.857602
491.0	0.986564	1.023943	0.981745	0.991098	0.994250	0.999099	0.999763	1.009548	1.004702	0.997825	0.992169	0.989210	1.014706	0.999728	0.980763	0.996781	1.001542	0.998205	0.975479	0.999760
492.0	1.134536	1.112956	1.125802	1.124194	1.115734	1.101669	1.123455	1.107213	1.126057	1.126029	1.135182	1.119237	1.126555	1.153292	1.117713	1.118806	1.125764	1.111951	1.105805	1.116251
493.0	1.250340	1.227005	1.258561	1.279001	1.260945	1.261223	1.276642	1.257540	1.260790	1.258059	1.250359	1.264675	1.273116	1.272839	1.235099	1.252639	1.251958	1.266249	1.240080	1.243601
494.0	1.397393	1.383706	1.412034	1.399826	1.370091	1.381838	1.379401	1.404037	1.406034	1.377652	1.372256	1.384108	1.403285	1.413769	1.394548	1.368760	1.376180	1.408679	1.369418	1.381810
495.0	1.512279	1.535771	1.555150	1.525371	1.517201	1.526196	1.537346	1.531385	1.540767	1.527861	1.516228	1.520877	1.530562	1.509018	1.517803	1.517354	1.488571	1.529348	1.530350	1.521993
496.0	1.668522	1.680418	1.680376	1.658467	1.656718	1.654409	1.657231	1.677882	1.658300	1.656064	1.646763	1.669205	1.668445	1.632453	1.660622	1.641347	1.630539	1.647050	1.639942	1.643420
497.0	1.797194	1.785194	1.766999	1.777404	1.802878	1.820610	1.770457	1.772675	1.791122	1.754609	1.784016	1.807901	1.769688	1.774354	1.796594	1.747626	1.768563	1.773654	1.775204	1.779654
498.0	1.911160	1.923350	1.887518	1.933155	1.896838	1.884242	1.897954	1.893319	1.911521	1.906731	1.928948	1.883028	1.884429	1.919171	1.901263	1.884412	1.898700	1.881465	1.857152	1.912927
499.0	2.040751	2.019782	2.039108	2.056812	1.998392	2.024801	2.016889	1.993857	2.024276	2.005276	2.028769	1.989939	2.026169	1.994010	2.029409	1.999548	2.058414	1.997189	2.018084	2.013623
500.0	2.153798	2.126413	2.146444	2.118169	2.120825	2.139717	2.143435	2.132694	2.129387	2.142090	2.145866	2.113224	2.114877	2.101894	2.127231	2.113700	2.133341	2.139619	2.121752	2.137024
501.0	2.246625	2.257151	2.244366	2.200292	2.224276	2.230891	2.197669	2.236104	2.244054	2.248288	2.239928	2.245178	2.238297	2.236019	2.243638	2.224900	2.205311	2.255343	2.239242	2.202179
502.0	2.321070	2.320203	2.335696	2.347547	2.341014	2.330612	2.339438	2.358664	2.313809	2.326741	2.345507	2.336679	2.330862	2.309886	2.331678	2.319371	2.344321	2.332492	2.344885	2.321631
503.0	2.412060	2.388817	2.420436	2.433446	2.397011	2.426534	2.412702	2.417071	2.436120	2.439637	2.424212	2.446480	2.381001	2.409023	2.427543	2.401049	2.444882	2.403706	2.440655	2.412455
504.0	2.474557	2.492666	2.491994	2.508962	2.489073	2.506311	2.508801	2.508034	2.492497	2.523831	2.524033	2.487896	2.499600	2.476086	2.524386	2.496503	2.492205	2.477888	2.489033	2.508214
505.0	2.556355	2.563135	2.569201	2.553327	2.580186	2.594635	2.600142	2.581761	2.567986	2.582192	2.570104	2.587102	2.550703	2.568419	2.544929	2.573261	2.546428	2.561961	2.542348	2.554612
506.0	2.601390	2.644731	2.603097	2.609964	2.638081	2.605082	2.622977	2.638254	2.593786	2.617591	2.629612	2.609255	2.616270	2.633538	2.629055	2.667731	2.605582	2.597569	2.621333	2.645436
507.0	2.678593	2.702219	2.675596	2.663769	2.678892	2.690557	2.673406	2.689001	2.679786	2.673082	2.705438	2.667045	2.699193	2.683106	2.665249	2.649034	2.650932	2.645045	2.700319	2.733297
508.0	2.725466	2.755998	2.713259	2.720406	2.719703	2.736144	2.678163	2.719641	2.703674	2.727617	2.727513	2.719056	2.717513	2.736562	2.686770	2.719887	2.708114	2.686587	2.773380	2.709604
509.0	2.746605	2.759707	2.728323	2.776098	2.741532	2.749440	2.726688	2.806774	2.736163	2.759189	2.722714	2.756619	2.749332	2.756001	2.740572	2.748425	2.726846	2.702413	2.786215	2.734284
510.0	2.784288	2.751362	2.765985	2.794033	2.772852	2.773183	2.765699	2.778049	2.740941	2.783108	2.747670	2.759508	2.758010	2.769608	2.788504	2.786804	2.786985	2.796376	2.753634	2.777721
511.0	2.791640	2.768979	2.797057	2.804417	2.808918	2.719999	2.795194	2.768474	2.812607	2.828075	2.785102	2.782624	2.792722	2.781271	2.783613	2.785820	2.863884	2.817147	2.772393	2.790555
512.0	2.803588	2.805141	2.797998	2.765715	2.792783	2.807373	2.834205	2.810604	2.804007	2.791719	2.799500	2.795146	2.805257	2.822092	2.774809	2.772043	2.794872	2.790442	2.793126	2.794504
513.0	2.802669	2.829249	2.792349	2.773267	2.785191	2.828267	2.838962	2.827838	2.810696	2.807983	2.794700	2.805740	2.794650	2.841530	2.793395	2.812390	2.821491	2.815169	2.779304	2.816222
514.0	2.819213	2.816268	2.797998	2.806305	2.812714	2.794077	2.774262	2.803901	2.786807	2.812767	2.806218	2.812483	2.806221	2.797794	2.781657	2.826167	2.811632	2.790442	2.778316	2.811286
515.0	2.763149	2.787524	2.759395	2.776098	2.824103	2.776982	2.792340	2.774219	2.783941	2.781194	2.783183	2.804777	2.807185	2.774467	2.774809	2.833055	2.786985	2.780551	2.788190	2.793517
516.0	2.782450	2.748580	2.774459	2.756276	2.770954	2.776982	2.765699	2.769431	2.741896	2.754406	2.739031	2.794182	2.780187	2.787102	2.783613	2.808453	2.769239	2.778573	2.775354	2.732310
517.0	2.742929	2.726327	2.729265	2.720406	2.753870	2.755138	2.720028	2.746451	2.742852	2.737184	2.742871	2.744098	2.727155	2.738506	2.732746	2.738584	2.737691	2.771649	2.749684	2.707630
518.0	2.705247	2.717055	2.759395	2.693975	2.707365	2.693406	2.709562	2.719641	2.698897	2.715179	2.730393	2.716166	2.727155	2.682134	2.711225	2.704142	2.715015	2.747911	2.690445	2.719476
519.0	2.680431	2.666985	2.729265	2.679816	2.691230	2.644970	2.673406	2.678469	2.668319	2.683607	2.698719	2.699792	2.693407	2.670471	2.675031	2.663795	2.673608	2.643067	2.640092	2.690847
520.0	2.626206	2.653076	2.642642	2.662825	2.624794	2.655417	2.628686	2.626764	2.626275	2.636726	2.641130	2.634297	2.652910	2.654920	2.657423	2.626400	2.662763	2.601525	2.639105	2.653333
521.0	2.580252	2.627114	2.584266	2.619403	2.604863	2.593685	2.571598	2.546334	2.589964	2.594630	2.583541	2.568802	2.598914	2.611183	2.636881	2.608687	2.599666	2.571852	2.602574	2.589165
522.0	2.566465	2.526974	2.506117	2.525953	2.541273	2.538601	2.585870	2.518566	2.544097	2.531484	2.536510	2.516791	2.534312	2.544120	2.530255	2.552595	2.521781	2.531299	2.570980	2.558561
523.0	2.499372	2.469486	2.477871	2.476868	2.468193	2.470221	2.516412	2.441009	2.500142	2.499912	2.487560	2.473448	2.499600	2.481917	2.484279	2.468949	2.459670	2.493714	2.518653	2.463789
524.0	2.433198	2.384181	2.399722	2.414567	2.428331	2.404690	2.449809	2.406539	2.447586	2.424329	2.415574	2.410842	2.425355	2.376949	2.423630	2.379399	2.435023	2.441292	2.430782	2.428250
525.0	2.323828	2.356364	2.364884	2.331500	2.382775	2.346757	2.320409	2.328981	2.388342	2.307607	2.404056	2.344384	2.330862	2.340988	2.368850	2.337084	2.356152	2.363154	2.347847	2.354209
526.0	2.244787	2.263642	2.310274	2.300350	2.250851	2.274578	2.248097	2.284937	2.300431	2.250202	2.284079	2.281778	2.273009	2.266149	2.280811	2.272135	2.264465	2.290950	2.268862	2.277207
527.0	2.160231	2.190391	2.189756	2.215395	2.207192	2.204299	2.196717	2.189187	2.208698	2.201408	2.155464	2.211467	2.189122	2.197142	2.202553	2.218996	2.201368	2.221713	2.180991	2.193294
528.0	2.132659	2.100450	2.134204	2.121000	2.138857	2.168209	2.119648	2.117374	2.121743	2.144960	2.114192	2.123819	2.128376	2.119388	2.121362	2.133382	2.109680	2.111924	2.094107	2.114318
529.0	2.068323	2.042962	2.024043	2.061532	2.022119	2.070388	2.040675	2.036944	2.028099	2.052156	2.023010	2.036171	2.048346	2.028999	2.030388	2.043831	2.045597	2.029829	2.043754	2.050149
530.0	1.984687	1.978057	1.953426	1.952978	1.930057	1.970667	1.970266	1.963217	1.984143	1.939260	1.956783	1.981271	1.988565	1.968739	1.942348	2.009389	1.968698	1.961582	1.985503	1.965249
531.0	1.865206	1.885334	1.890342	1.872743	1.883551	1.876644	1.877973	1.891404	1.888588	1.882813	1.871359	1.901328	1.900821	1.864743	1.901263	1.891301	1.886870	1.883443	1.892695	1.883311
532.0	1.782489	1.807447	1.804661	1.795339	1.800980	1.794018	1.795195	1.791824	1.801633	1.786182	1.804172	1.794416	1.793793	1.801568	1.806376	1.788957	1.807999	1.817174	1.796925	1.777680
533.0	1.719991	1.720288	1.692616	1.707553	1.723154	1.732286	1.683873	1.697990	1.707033	1.711556	1.712990	1.716400	1.705085	1.745196	1.729097	1.726961	1.728142	1.698483	1.741636	1.740166
534.0	1.640950	1.641474	1.618234	1.624485	1.618754	1.634464	1.623930	1.608942	1.638233	1.630232	1.644843	1.629715	1.605771	1.650919	1.655731	1.655124	1.608849	1.652985	1.658701	1.645394
535.0	1.574776	1.556170	1.562682	1.560297	1.548521	1.563235	1.562084	1.539045	1.530256	1.549866	1.570937	1.557478	1.571059	1.569277	1.556932	1.529163	1.556597	1.578803	1.572805	1.542725
536.0	1.486544	1.475501	1.469469	1.483838	1.492524	1.457816	1.488821	1.482552	1.464323	1.470456	1.479755	1.472719	1.480423	1.466253	1.491391	1.481928	1.484627	1.489784	1.493820	1.502249
537.0	1.405665	1.386488	1.384729	1.409266	1.411851	1.400832	1.419363	1.408825	1.424189	1.385306	1.407769	1.387960	1.390750	1.399190	1.417047	1.401234	1.417587	1.412635	1.395088	1.423272
538.0	1.329381	1.317873	1.340476	1.345078	1.353957	1.327704	1.354663	1.337970	1.352523	1.334599	1.335783	1.324391	1.333862	1.375864	1.318247	1.334317	1.328857	1.380984	1.336837	1.333437
539.0	1.265965	1.288202	1.284925	1.272394	1.270436	1.271670	1.277593	1.257540	1.257923	1.269540	1.256118	1.262749	1.266366	1.281587	1.258576	1.258544	1.254916	1.266249	1.238105	1.263345
540.0	1.209901	1.214951	1.213367	1.217645	1.201152	1.219435	1.206233	1.217325	1.202501	1.204482	1.187971	1.201106	1.202728	1.204805	1.197927	1.209340	1.207593	1.200969	1.206511	1.185355
541.0	1.137293	1.158390	1.129569	1.131746	1.129970	1.119714	1.126309	1.140725	1.133701	1.136553	1.139021	1.144279	1.108235	1.151349	1.133365	1.133567	1.133651	1.133711	1.147272	1.138957
542.0	1.070200	1.095339	1.062718	1.059062	1.059737	1.077926	1.082541	1.062210	1.062991	1.082975	1.068955	1.067226	1.059060	1.065819	1.069781	1.093220	1.066611	1.088213	1.090995	1.083673
543.0	1.003107	1.010962	1.032589	1.006201	1.018926	1.031390	0.999763	1.034443	1.008524	0.999739	1.004647	1.009436	1.020491	1.003616	1.034565	1.011542	0.992669	1.032823	1.010035	1.006671
544.0	0.947043	0.939565	0.944083	0.942957	0.943948	0.961110	0.975976	0.968375	0.963613	0.976777	0.951857	0.956462	0.954924	0.952103	0.948482	0.942657	0.951262	0.962598	0.930063	0.950400
545.0	0.902927	0.890422	0.903596	0.883488	0.879410	0.887982	0.907470	0.928160	0.885258	0.914588	0.915384	0.882298	0.924069	0.884068	0.909353	0.890502	0.898024	0.891383	0.907355	0.902027
546.0	0.848702	0.842207	0.855577	0.850450	0.849039	0.826250	0.821837	0.840070	0.833658	0.836136	0.827081	0.834140	0.857538	0.857826	0.845769	0.855075	0.858589	0.840939	0.866875	0.842794
547.0	0.788042	0.807899	0.786844	0.784374	0.812024	0.785411	0.794245	0.796983	0.798302	0.771077	0.786769	0.797540	0.774616	0.790763	0.796859	0.806856	0.794506	0.770714	0.790851	0.777639
548.0	0.735655	0.753193	0.755773	0.754168	0.744638	0.742674	0.743816	0.742406	0.732369	0.736634	0.746457	0.736860	0.713870	0.735364	0.753817	0.751748	0.762958	0.748954	0.726676	0.758882
549.0	0.703487	0.688287	0.693630	0.701307	0.701929	0.706584	0.705758	0.723256	0.703703	0.702191	0.697506	0.684849	0.684944	0.701346	0.695124	0.709433	0.689016	0.695543	0.701006	0.686815
550.0	0.650180	0.646562	0.648436	0.655054	0.651627	0.639154	0.636300	0.644741	0.647325	0.657225	0.640877	0.650175	0.659874	0.641087	0.637410	0.662198	0.631835	0.660924	0.649665	0.648314
551.0	0.598711	0.594638	0.610774	0.591809	0.597529	0.586919	0.583969	0.605483	0.595725	0.594080	0.586168	0.605870	0.601057	0.601238	0.607085	0.604137	0.583526	0.598612	0.607211	0.603890
552.0	0.560110	0.540859	0.553339	0.545556	0.546278	0.531835	0.542104	0.550906	0.561325	0.534761	0.541057	0.559638	0.560560	0.559445	0.554261	0.558870	0.542119	0.550146	0.567718	0.558478
553.0	0.504965	0.492643	0.511911	0.503079	0.485536	0.508092	0.496433	0.505903	0.492526	0.506059	0.506503	0.529780	0.504635	0.499185	0.507307	0.498842	0.508599	0.513550	0.503543	0.521952
554.0	0.471878	0.453700	0.476132	0.468153	0.465605	0.479600	0.475501	0.452283	0.475326	0.471616	0.464272	0.457542	0.469923	0.474887	0.458396	0.441766	0.470149	0.470029	0.467012	0.448898
555.0	0.425005	0.422174	0.425288	0.424731	0.417201	0.412170	0.405092	0.425473	0.437104	0.440044	0.409562	0.419016	0.410142	0.415599	0.406551	0.425037	0.418883	0.429477	0.439367	0.427180
556.0	0.385484	0.368395	0.381035	0.391693	0.388728	0.371332	0.388917	0.373768	0.385504	0.380726	0.378848	0.391084	0.380251	0.382068	0.386008	0.387347	0.404094	0.385264	0.388521	0.385520
557.0	0.346883	0.354487	0.342149	0.353652	0.340609	0.337712	0.343817	0.350405	0.330655	0.350971	0.355333	0.335991	0.332619	0.347662	0.352260	0.344442	0.349969	0.337887	0.338069	0.332507
558.0	0.296609	0.293197	0.303074	0.310797	0.296191	0.291555	0.287299	0.306935	0.289088	0.294523	0.308590	0.295345	0.313334	0.325113	0.312740	0.305866	0.317238	0.299213	0.301834	0.302298
559.0	0.268393	0.267513	0.277464	0.272662	0.261454	0.268667	0.258660	0.276199	0.268735	0.258263	0.270293	0.261056	0.264159	0.270102	0.277720	0.260304	0.259366	0.275376	0.270438	0.269523
560.0	0.217844	0.233298	0.238861	0.238963	0.219884	0.233147	0.241724	0.238857	0.248095	0.229369	0.244954	0.233414	0.235040	0.231128	0.244265	0.242590	0.239057	0.234230	0.248519	0.237537
561.0	0.191650	0.202144	0.205153	0.202904	0.207166	0.208454	0.199669	0.226984	0.225926	0.205833	0.208289	0.189878	0.198882	0.188946	0.200735	0.208049	0.211255	0.217811	0.208039	0.200714
562.0	0.168765	0.153557	0.182273	0.176851	0.169013	0.190599	0.171981	0.178726	0.177289	0.172921	0.164426	0.170326	0.174873	0.169313	0.154954	0.190533	0.179805	0.170631	0.165091	0.178404
563.0	0.147994	0.132787	0.148754	0.147494	0.142913	0.142259	0.155140	0.147607	0.137729	0.142305	0.129872	0.131125	0.148068	0.135490	0.150259	0.150875	0.136327	0.139475	0.127771	0.148491
564.0	0.121065	0.102653	0.114011	0.110397	0.113491	0.116901	0.121838	0.105381	0.108393	0.110159	0.102134	0.111573	0.112874	0.106235	0.106532	0.114858	0.126271	0.118308	0.098053	0.122922
565.0	0.092114	0.089300	0.083693	0.086232	0.071351	0.081096	0.084160	0.080391	0.079631	0.074472	0.083321	0.088457	0.093397	0.086991	0.083544	0.099900	0.096202	0.093383	0.083638	0.095379
566.0	0.058751	0.056199	0.062979	0.054327	0.061765	0.054789	0.065416	0.061432	0.051538	0.042039	0.053087	0.074395	0.042679	0.064053	0.052046	0.051386	0.054104	0.064205	0.055598	0.058458
567.0	0.025572	0.015308	0.021362	0.028180	0.030350	0.030286	0.027071	0.016525	0.035580	0.034672	0.038978	0.024599	0.039208	0.032174	0.029547	0.027866	0.019204	0.039180	0.018771	0.033580
568.0	-0.000346	0.006407	-0.006225	-0.007218	0.001592	0.019364	0.003855	0.006376	0.003187	-0.007138	-0.007381	0.008418	0.003628	-0.005828	0.002450	-0.010217	0.003528	0.007431	0.005837	0.009887
569.0	-0.015787	-0.026695	-0.020725	-0.036575	-0.024508	-0.016630	-0.025450	-0.022062	-0.026817	-0.027230	-0.030705	-0.016913	-0.020574	-0.035861	-0.018875	-0.020550	-0.019739	-0.017099	-0.013810	-0.022395
570.0	-0.058248	-0.051359	-0.048407	-0.040917	-0.050608	-0.046167	-0.043814	-0.047531	-0.060930	-0.051818	-0.057004	-0.038392	-0.054803	-0.046552	-0.060742	-0.057354	-0.035710	-0.039848	-0.042245	-0.054183
571.0	-0.073781	-0.066844	-0.087764	-0.067914	-0.083731	-0.068295	-0.087106	-0.069745	-0.076602	-0.075641	-0.080807	-0.077593	-0.081416	-0.080278	-0.073948	-0.078413	-0.064005	-0.076642	-0.063768	-0.067312
572.0	-0.093725	-0.109311	-0.100286	-0.088964	-0.094551	-0.097642	-0.106421	-0.111396	-0.111575	-0.097263	-0.102595	-0.100420	-0.098579	-0.095537	-0.099773	-0.090714	-0.087371	-0.091775	-0.095165	-0.089525
573.0	-0.118356	-0.131286	-0.127121	-0.121624	-0.117804	-0.115591	-0.127353	-0.119918	-0.125144	-0.119268	-0.123231	-0.110340	-0.129337	-0.121196	-0.121587	-0.120335	-0.130947	-0.116008	-0.125969	-0.113810
574.0	-0.143723	-0.145009	-0.145387	-0.146922	-0.148080	-0.145033	-0.138676	-0.132557	-0.132310	-0.140030	-0.142619	-0.136153	-0.142547	-0.146563	-0.146238	-0.142771	-0.142580	-0.144890	-0.146407	-0.145203
575.0	-0.163851	-0.164295	-0.154990	-0.169671	-0.172092	-0.163458	-0.152853	-0.163772	-0.157537	-0.160887	-0.162103	-0.157921	-0.160385	-0.155797	-0.161498	-0.160386	-0.164270	-0.157056	-0.159834	-0.162578
576.0	-0.180394	-0.170971	-0.181731	-0.181848	-0.183101	-0.179223	-0.172834	-0.185986	-0.186108	-0.192268	-0.187634	-0.178436	-0.187962	-0.178734	-0.178030	-0.183315	-0.178269	-0.182772	-0.189651	-0.182816
577.0	-0.204842	-0.188960	-0.198961	-0.200161	-0.207873	-0.199072	-0.192910	-0.205997	-0.194517	-0.200974	-0.200592	-0.206657	-0.202714	-0.190203	-0.201410	-0.206834	-0.207254	-0.195927	-0.204559	-0.206904
578.0	-0.216422	-0.221320	-0.218733	-0.207806	-0.216984	-0.217307	-0.219456	-0.224381	-0.222037	-0.225084	-0.218540	-0.220238	-0.223638	-0.221693	-0.223713	-0.215297	-0.226085	-0.212742	-0.219172	-0.228030
579.0	-0.239859	-0.240606	-0.234363	-0.232255	-0.234827	-0.238581	-0.235345	-0.240372	-0.235319	-0.234269	-0.225355	-0.234878	-0.237233	-0.225775	-0.241810	-0.231731	-0.239493	-0.230347	-0.236845	-0.241456
580.0	-0.263755	-0.249229	-0.257620	-0.264160	-0.245362	-0.256246	-0.249998	-0.250713	-0.248888	-0.244984	-0.242248	-0.244028	-0.258543	-0.250074	-0.252277	-0.246591	-0.246197	-0.249536	-0.257085	-0.257153
581.0	-0.267155	-0.263416	-0.273720	-0.277092	-0.263964	-0.269257	-0.279303	-0.272639	-0.269336	-0.272825	-0.270082	-0.268781	-0.275706	-0.273108	-0.273504	-0.268732	-0.267788	-0.258438	-0.271499	-0.256955
582.0	-0.283423	-0.281311	-0.279746	-0.283983	-0.282471	-0.284927	-0.289008	-0.285470	-0.278605	-0.283541	-0.279009	-0.286889	-0.286119	-0.279523	-0.288079	-0.290283	-0.281295	-0.285737	-0.274856	-0.286275
583.0	-0.291419	-0.294941	-0.303191	-0.300691	-0.288451	-0.291195	-0.294812	-0.303854	-0.305552	-0.294352	-0.300220	-0.293631	-0.290844	-0.290797	-0.303242	-0.294416	-0.298055	-0.310662	-0.296972	-0.293186
584.0	-0.316602	-0.303194	-0.317126	-0.315133	-0.302782	-0.315318	-0.318124	-0.312663	-0.315490	-0.312626	-0.306363	-0.310679	-0.304439	-0.305765	-0.304905	-0.306324	-0.308702	-0.303837	-0.306944	-0.307994
585.0	-0.327631	-0.317009	-0.322492	-0.328348	-0.318442	-0.322251	-0.330207	-0.322812	-0.323325	-0.319706	-0.323160	-0.322911	-0.318324	-0.316845	-0.323393	-0.317837	-0.314815	-0.315805	-0.319878	-0.333760
586.0	-0.333789	-0.345104	-0.344807	-0.342035	-0.326984	-0.331369	-0.344099	-0.336696	-0.324663	-0.343720	-0.339669	-0.336684	-0.325266	-0.338325	-0.326621	-0.332894	-0.340349	-0.339247	-0.330936	-0.336030
587.0	-0.348035	-0.355582	-0.353470	-0.346566	-0.350711	-0.355967	-0.347334	-0.348090	-0.341194	-0.350704	-0.348499	-0.344101	-0.343490	-0.354847	-0.348924	-0.353953	-0.349912	-0.346863	-0.348609	-0.343336
588.0	-0.352998	-0.360125	-0.361944	-0.355817	-0.366846	-0.364324	-0.361130	-0.355750	-0.357630	-0.360559	-0.361457	-0.355177	-0.356411	-0.365053	-0.357141	-0.361825	-0.360363	-0.360710	-0.356211	-0.359526
589.0	-0.366141	-0.363834	-0.371641	-0.369693	-0.371307	-0.365179	-0.367220	-0.372794	-0.363554	-0.372135	-0.371151	-0.364423	-0.375791	-0.374966	-0.370934	-0.364482	-0.369039	-0.367831	-0.365887	-0.373544
590.0	-0.375056	-0.377372	-0.376632	-0.377245	-0.385068	-0.376671	-0.386439	-0.372698	-0.373874	-0.379024	-0.376526	-0.372418	-0.378395	-0.378660	-0.372793	-0.374421	-0.378898	-0.378217	-0.381388	-0.377000
591.0	-0.385625	-0.391929	-0.392450	-0.386873	-0.384119	-0.386643	-0.392434	-0.391369	-0.387347	-0.385913	-0.386220	-0.385035	-0.383023	-0.388573	-0.389520	-0.386919	-0.388165	-0.387119	-0.390471	-0.384404
592.0	-0.400606	-0.389889	-0.399041	-0.399994	-0.397027	-0.395665	-0.397381	-0.399891	-0.395183	-0.388878	-0.402537	-0.401794	-0.392762	-0.401500	-0.392553	-0.392922	-0.390531	-0.399878	-0.401529	-0.393585
593.0	-0.409889	-0.410195	-0.402148	-0.409622	-0.403291	-0.400034	-0.405754	-0.398933	-0.407509	-0.409161	-0.405608	-0.406995	-0.410021	-0.400236	-0.400770	-0.404435	-0.396644	-0.400274	-0.402417	-0.404148
594.0	-0.414944	-0.414739	-0.412976	-0.419817	-0.413162	-0.416749	-0.416221	-0.414062	-0.413625	-0.418346	-0.413958	-0.410174	-0.418410	-0.409858	-0.416226	-0.415851	-0.407784	-0.412044	-0.418609	-0.412342
595.0	-0.420918	-0.418540	-0.423615	-0.423215	-0.428442	-0.422352	-0.421739	-0.415019	-0.423945	-0.421216	-0.419813	-0.420287	-0.419856	-0.418703	-0.417986	-0.425593	-0.423755	-0.418572	-0.428483	-0.421918
596.0	-0.437829	-0.427627	-0.428982	-0.429539	-0.431479	-0.426626	-0.422595	-0.435031	-0.427098	-0.428105	-0.430563	-0.427318	-0.424484	-0.427742	-0.431290	-0.425691	-0.423755	-0.429650	-0.428186	-0.426557
597.0	-0.433693	-0.431892	-0.437173	-0.437280	-0.434137	-0.434319	-0.431539	-0.437042	-0.437132	-0.437098	-0.435362	-0.439647	-0.439430	-0.436392	-0.438138	-0.428250	-0.434206	-0.436277	-0.426705	-0.426360
598.0	-0.439024	-0.446172	-0.446024	-0.440300	-0.441350	-0.437928	-0.440769	-0.440585	-0.435794	-0.437768	-0.439010	-0.442344	-0.446276	-0.443098	-0.443322	-0.442519	-0.445445	-0.444882	-0.434999	-0.436429
599.0	-0.451156	-0.450344	-0.447060	-0.455498	-0.451125	-0.446950	-0.442767	-0.444798	-0.449267	-0.446953	-0.444768	-0.447256	-0.446179	-0.455150	-0.451833	-0.448719	-0.450374	-0.452597	-0.448624	-0.450152
600.0	-0.452718	-0.448026	-0.458076	-0.458613	-0.458339	-0.452838	-0.453613	-0.455330	-0.452898	-0.455659	-0.457918	-0.459006	-0.453218	-0.454081	-0.457897	-0.457870	-0.453135	-0.456652	-0.454844	-0.455581
601.0	-0.465218	-0.450715	-0.457793	-0.462672	-0.458623	-0.456162	-0.461320	-0.455043	-0.463027	-0.461304	-0.462429	-0.463726	-0.464114	-0.465744	-0.454963	-0.456788	-0.456783	-0.465752	-0.459188	-0.462196
602.0	-0.467791	-0.457947	-0.459488	-0.464182	-0.470012	-0.466799	-0.468932	-0.462320	-0.469716	-0.464461	-0.471739	-0.464593	-0.471345	-0.469243	-0.463278	-0.467514	-0.462599	-0.467136	-0.461854	-0.468612
603.0	-0.468618	-0.471299	-0.468245	-0.469940	-0.469253	-0.473827	-0.475212	-0.479076	-0.474589	-0.472306	-0.470875	-0.474321	-0.476359	-0.470701	-0.465723	-0.465054	-0.467036	-0.469016	-0.465507	-0.465848
604.0	-0.479463	-0.471392	-0.477001	-0.472772	-0.475897	-0.477436	-0.473880	-0.476970	-0.481278	-0.472115	-0.474331	-0.477306	-0.473659	-0.477019	-0.475114	-0.475190	-0.467529	-0.479203	-0.468370	-0.476905
605.0	-0.478636	-0.481499	-0.483215	-0.478719	-0.484059	-0.484179	-0.485773	-0.476874	-0.482138	-0.481491	-0.477594	-0.484530	-0.484748	-0.484891	-0.478636	-0.483161	-0.484388	-0.483852	-0.480613	-0.482828
606.0	-0.489849	-0.486413	-0.488865	-0.485138	-0.485198	-0.486364	-0.489294	-0.483959	-0.487776	-0.486084	-0.481721	-0.484145	-0.485133	-0.484891	-0.491519	-0.490994	-0.488499	-0.488461	-0.486043	-0.486580
607.0	-0.490768	-0.489473	-0.491501	-0.497881	-0.489754	-0.488928	-0.493176	-0.484917	-0.492640	-0.491135	-0.490177	-0.491157	-0.488605	-0.489265	-0.491900	-0.491230	-0.491496	-0.494178	-0.492944	-0.483421
608.0	-0.494371	-0.496242	-0.494655	-0.492434	-0.499767	-0.490637	-0.498799	-0.496790	-0.494656	-0.492676	-0.498921	-0.492842	-0.492500	-0.493026	-0.494835	-0.494537	-0.493645	-0.495227	-0.495205	-0.496057
609.0	-0.499077	-0.499413	-0.505144	-0.498617	-0.499880	-0.498938	-0.502386	-0.500361	-0.499567	-0.495747	-0.501330	-0.494759	-0.498420	-0.501492	-0.499462	-0.499300	-0.493063	-0.496275	-0.500932	-0.495800
610.0	-0.503166	-0.504225	-0.508910	-0.498891	-0.505157	-0.501483	-0.500397	-0.500103	-0.505721	-0.503152	-0.506849	-0.503726	-0.501371	-0.503591	-0.501624	-0.502419	-0.497608	-0.500192	-0.504427	-0.501822
611.0	-0.508313	-0.506311	-0.509127	-0.504130	-0.507767	-0.507571	-0.503737	-0.508127	-0.507403	-0.509514	-0.509153	-0.506423	-0.509142	-0.507916	-0.503277	-0.503059	-0.508374	-0.506779	-0.502156	-0.502770
612.0	-0.509012	-0.512570	-0.509598	-0.508349	-0.511051	-0.512291	-0.509075	-0.509706	-0.513929	-0.507763	-0.509306	-0.509765	-0.512228	-0.509228	-0.507483	-0.511542	-0.510652	-0.506552	-0.511595	-0.508584
613.0	-0.508920	-0.512255	-0.512997	-0.511634	-0.514506	-0.514200	-0.512700	-0.509496	-0.517665	-0.512958	-0.513069	-0.514957	-0.511871	-0.513048	-0.516444	-0.515950	-0.511864	-0.518193	-0.514033	-0.509562
614.0	-0.515353	-0.516743	-0.516612	-0.514268	-0.514610	-0.514257	-0.517258	-0.515547	-0.517264	-0.514709	-0.518396	-0.514880	-0.520916	-0.518199	-0.518664	-0.514612	-0.519564	-0.518371	-0.516748	-0.512573
615.0	-0.523423	-0.518848	-0.519343	-0.520526	-0.522213	-0.517980	-0.523461	-0.523064	-0.517474	-0.521406	-0.517311	-0.520851	-0.521841	-0.518053	-0.517177	-0.518715	-0.522926	-0.524652	-0.519661	-0.521398
616.0	-0.528744	-0.520340	-0.522600	-0.520800	-0.526778	-0.526081	-0.519608	-0.522116	-0.527383	-0.521856	-0.526334	-0.524068	-0.524782	-0.524041	-0.521697	-0.523065	-0.525519	-0.524889	-0.522307	-0.528171
617.0	-0.529461	-0.526636	-0.525981	-0.525132	-0.525468	-0.527002	-0.521349	-0.522575	-0.523657	-0.523138	-0.528531	-0.523760	-0.525727	-0.527092	-0.524025	-0.526303	-0.523902	-0.531101	-0.523995	-0.531290
618.0	-0.526778	-0.523131	-0.526291	-0.526718	-0.529340	-0.526423	-0.527971	-0.527315	-0.529600	-0.532945	-0.528157	-0.526524	-0.525177	-0.532681	-0.528280	-0.527572	-0.529403	-0.531714	-0.528557	-0.526818
619.0	-0.530941	-0.529789	-0.531771	-0.531778	-0.531087	-0.529785	-0.532101	-0.533309	-0.531253	-0.530696	-0.526401	-0.530329	-0.530664	-0.531466	-0.531440	-0.529235	-0.529945	-0.535314	-0.531963	-0.530570
620.0	-0.536649	-0.533053	-0.534342	-0.535091	-0.529207	-0.530830	-0.532196	-0.534247	-0.535143	-0.532629	-0.533398	-0.532515	-0.534511	-0.539144	-0.530980	-0.531715	-0.533761	-0.536571	-0.532447	-0.533551
621.0	-0.534590	-0.537624	-0.539370	-0.537895	-0.534532	-0.536034	-0.537562	-0.532849	-0.537111	-0.537968	-0.536584	-0.534759	-0.537153	-0.536228	-0.535519	-0.535799	-0.536718	-0.536937	-0.538183	-0.540837
622.0	-0.536474	-0.537540	-0.540415	-0.541151	-0.539723	-0.538114	-0.541130	-0.539580	-0.536232	-0.539441	-0.540203	-0.537716	-0.536960	-0.536637	-0.538727	-0.538603	-0.540189	-0.536304	-0.538627	-0.538122
623.0	-0.539093	-0.535844	-0.541563	-0.540198	-0.540986	-0.541714	-0.544565	-0.542233	-0.542443	-0.540532	-0.540164	-0.541203	-0.541000	-0.540408	-0.538483	-0.538220	-0.540228	-0.540201	-0.541935	-0.543739
624.0	-0.543238	-0.541045	-0.542882	-0.539943	-0.541849	-0.546472	-0.544660	-0.541208	-0.543723	-0.544445	-0.543361	-0.540895	-0.543488	-0.545151	-0.545144	-0.543839	-0.546035	-0.541981	-0.543406	-0.543166
625.0	-0.545178	-0.540999	-0.544736	-0.542680	-0.546547	-0.547839	-0.546886	-0.543334	-0.546657	-0.542072	-0.540500	-0.543322	-0.544819	-0.544879	-0.547394	-0.543662	-0.545503	-0.547569	-0.544729	-0.541172
626.0	-0.551014	-0.543938	-0.545537	-0.547296	-0.549081	-0.546301	-0.546477	-0.545076	-0.546972	-0.547449	-0.544608	-0.548330	-0.548299	-0.545617	-0.548226	-0.548543	-0.545789	-0.549458	-0.549053	-0.546592
627.0	-0.550159	-0.548611	-0.547005	-0.550081	-0.549385	-0.549606	-0.547476	-0.547451	-0.551702	-0.547248	-0.548323	-0.544959	-0.552928	-0.548611	-0.548500	-0.552380	-0.550708	-0.548479	-0.549024	-0.548981
628.0	-0.550187	-0.550123	-0.548465	-0.551261	-0.552745	-0.550517	-0.552005	-0.551951	-0.546399	-0.549410	-0.551356	-0.549486	-0.551877	-0.549738	-0.551356	-0.552361	-0.553015	-0.552198	-0.549735	-0.552693
629.0	-0.551216	-0.552070	-0.552419	-0.552460	-0.553201	-0.548504	-0.554565	-0.553627	-0.551024	-0.554041	-0.551586	-0.555005	-0.551047	-0.551352	-0.551454	-0.550589	-0.554336	-0.554265	-0.550979	-0.552101
630.0	-0.554047	-0.554768	-0.554491	-0.552988	-0.554188	-0.555076	-0.552110	-0.554249	-0.551377	-0.555868	-0.553640	-0.558010	-0.551616	-0.551177	-0.554301	-0.549655	-0.552542	-0.556649	-0.554533	-0.554845
631.0	-0.555517	-0.557012	-0.554754	-0.553753	-0.556285	-0.554725	-0.556059	-0.554776	-0.555486	-0.558519	-0.554514	-0.556459	-0.556206	-0.555492	-0.557773	-0.555628	-0.557540	-0.556600	-0.554276	-0.556168
632.0	-0.557797	-0.556020	-0.557617	-0.559067	-0.554491	-0.553955	-0.554689	-0.556940	-0.555037	-0.555352	-0.554274	-0.556411	-0.556003	-0.557834	-0.556961	-0.556376	-0.554878	-0.556224	-0.558196	-0.556010
633.0	-0.558633	-0.558718	-0.562400	-0.557585	-0.555858	-0.559758	-0.556011	-0.556969	-0.556040	-0.559054	-0.558842	-0.558145	-0.555541	-0.558563	-0.557617	-0.557980	-0.556328	-0.555947	-0.558759	-0.558804
634.0	-0.560021	-0.562501	-0.562955	-0.558029	-0.559540	-0.557536	-0.559094	-0.557285	-0.559738	-0.558423	-0.557959	-0.559359	-0.559301	-0.561946	-0.560542	-0.559889	-0.559345	-0.559092	-0.559321	-0.557895
635.0	-0.560113	-0.560721	-0.560385	-0.562871	-0.562293	-0.560480	-0.561254	-0.560808	-0.562022	-0.558825	-0.558852	-0.560909	-0.558877	-0.561819	-0.559906	-0.561493	-0.561267	-0.560180	-0.560546	-0.559900
636.0	-0.563624	-0.561620	-0.561496	-0.561276	-0.561220	-0.560243	-0.560140	-0.561383	-0.562424	-0.560356	-0.560992	-0.561882	-0.560092	-0.562879	-0.561442	-0.561798	-0.562746	-0.561100	-0.559924	-0.561341
637.0	-0.563017	-0.563252	-0.564443	-0.563381	-0.562407	-0.562522	-0.564850	-0.563843	-0.563092	-0.563235	-0.562336	-0.561352	-0.564199	-0.562995	-0.561843	-0.562999	-0.563101	-0.561842	-0.565650	-0.562318
638.0	-0.562171	-0.563289	-0.564123	-0.561068	-0.562359	-0.564611	-0.566030	-0.565318	-0.564650	-0.562920	-0.563987	-0.564059	-0.565838	-0.563579	-0.564679	-0.566069	-0.564580	-0.566847	-0.564594	-0.564293
639.0	-0.563725	-0.566312	-0.562965	-0.564976	-0.566668	-0.563215	-0.565231	-0.563527	-0.565328	-0.564383	-0.564976	-0.565032	-0.563891	-0.563336	-0.566822	-0.565144	-0.567054	-0.565432	-0.564021	-0.563898
640.0	-0.565728	-0.565598	-0.566185	-0.565052	-0.566896	-0.565371	-0.565868	-0.563805	-0.565911	-0.567694	-0.563450	-0.566987	-0.566041	-0.565153	-0.565844	-0.565144	-0.569095	-0.567193	-0.566262	-0.565833
641.0	-0.565545	-0.566405	-0.565629	-0.565212	-0.566118	-0.566273	-0.566934	-0.568066	-0.568252	-0.567206	-0.566588	-0.567825	-0.566697	-0.567991	-0.566078	-0.568135	-0.568819	-0.567658	-0.565996	-0.565250
642.0	-0.566712	-0.566757	-0.569810	-0.567006	-0.567351	-0.567033	-0.567895	-0.569215	-0.567928	-0.567828	-0.568095	-0.567700	-0.568374	-0.566825	-0.568025	-0.565646	-0.570623	-0.567450	-0.566825	-0.567570
643.0	-0.567208	-0.568120	-0.568153	-0.566543	-0.566659	-0.567299	-0.569703	-0.569014	-0.567364	-0.567445	-0.567634	-0.568181	-0.567024	-0.568594	-0.567937	-0.569739	-0.569992	-0.568578	-0.569560	-0.568863
644.0	-0.568734	-0.570754	-0.568831	-0.568922	-0.570768	-0.568648	-0.571054	-0.568947	-0.571215	-0.569196	-0.568546	-0.569876	-0.567863	-0.567729	-0.568162	-0.569247	-0.572063	-0.570180	-0.568030	-0.568390
645.0	-0.571188	-0.570058	-0.568915	-0.568762	-0.570692	-0.571069	-0.568866	-0.569646	-0.569552	-0.571128	-0.569084	-0.568326	-0.570216	-0.569857	-0.568475	-0.570704	-0.572881	-0.572771	-0.570093	-0.570591
646.0	-0.571583	-0.569724	-0.570855	-0.568677	-0.569999	-0.570338	-0.570616	-0.570546	-0.572151	-0.570861	-0.569775	-0.571485	-0.570717	-0.572025	-0.570040	-0.572042	-0.570209	-0.571575	-0.571860	-0.571608
647.0	-0.571748	-0.571171	-0.572361	-0.572169	-0.569591	-0.572257	-0.570493	-0.573926	-0.574578	-0.569961	-0.570888	-0.572477	-0.571122	-0.571441	-0.571097	-0.569730	-0.573758	-0.571911	-0.571337	-0.569031
648.0	-0.571160	-0.571162	-0.574037	-0.572849	-0.571812	-0.571924	-0.571901	-0.572940	-0.573307	-0.571119	-0.570120	-0.570917	-0.571874	-0.573813	-0.571996	-0.571924	-0.573108	-0.571021	-0.571298	-0.573010
649.0	-0.573927	-0.570494	-0.570902	-0.575133	-0.573018	-0.574821	-0.572300	-0.572854	-0.572486	-0.570889	-0.572030	-0.573007	-0.573244	-0.570858	-0.572936	-0.571629	-0.572605	-0.572534	-0.571959	-0.572151
650.0	-0.573495	-0.572330	-0.572983	-0.572207	-0.573853	-0.573339	-0.573166	-0.573256	-0.574091	-0.570899	-0.573547	-0.572891	-0.571836	-0.572841	-0.574902	-0.570674	-0.573177	-0.571308	-0.571377	-0.573424
651.0	-0.570406	-0.573053	-0.574103	-0.573887	-0.573568	-0.574925	-0.573908	-0.574117	-0.573986	-0.573166	-0.573364	-0.573585	-0.571711	-0.573201	-0.572789	-0.572898	-0.574695	-0.575056	-0.572976	-0.572141
652.0	-0.570673	-0.573480	-0.573152	-0.575096	-0.573321	-0.574659	-0.573490	-0.574711	-0.575620	-0.572162	-0.575121	-0.573816	-0.573504	-0.573492	-0.574804	-0.574650	-0.572782	-0.574997	-0.573687	-0.574767
653.0	-0.573182	-0.573711	-0.572117	-0.574671	-0.573967	-0.574897	-0.575012	-0.575736	-0.574530	-0.573779	-0.575044	-0.574384	-0.574950	-0.574153	-0.574638	-0.572485	-0.575444	-0.574928	-0.574635	-0.575428
654.0	-0.574910	-0.575343	-0.573651	-0.574237	-0.573397	-0.576027	-0.575554	-0.575219	-0.574053	-0.574965	-0.575783	-0.574249	-0.572058	-0.575844	-0.574853	-0.574591	-0.577063	-0.575353	-0.574171	-0.576287
655.0	-0.575563	-0.577290	-0.573595	-0.575567	-0.576886	-0.573852	-0.575469	-0.575362	-0.574244	-0.573740	-0.574507	-0.573787	-0.575529	-0.577186	-0.575626	-0.575536	-0.576598	-0.576352	-0.574812	-0.575537
656.0	-0.575094	-0.575761	-0.573454	-0.574010	-0.575533	-0.574299	-0.576097	-0.573792	-0.575486	-0.573339	-0.572625	-0.576753	-0.574545	-0.575135	-0.576571	-0.575063	-0.574547	-0.576698	-0.575474	-0.575991
657.0	-0.574340	-0.575714	-0.574885	-0.575945	-0.575779	-0.573985	-0.577251	-0.574041	-0.573183	-0.572946	-0.574718	-0.576561	-0.576213	-0.575125	-0.575547	-0.576500	-0.575917	-0.576718	-0.575681	-0.576712
658.0	-0.575939	-0.575492	-0.575986	-0.577652	-0.575314	-0.575866	-0.577271	-0.577521	-0.575218	-0.575931	-0.575457	-0.576954	-0.575413	-0.575057	-0.577117	-0.576480	-0.577097	-0.577361	-0.575543	-0.576159
659.0	-0.576856	-0.575297	-0.575196	-0.576757	-0.575590	-0.576179	-0.575688	-0.574567	-0.576977	-0.577497	-0.573345	-0.576387	-0.576818	-0.578003	-0.576359	-0.575703	-0.574577	-0.577114	-0.576323	-0.575191
660.0	-0.575507	-0.576345	-0.576128	-0.577022	-0.575267	-0.577152	-0.576677	-0.575161	-0.576317	-0.576008	-0.575841	-0.577516	-0.574352	-0.575951	-0.576242	-0.576864	-0.575227	-0.575828	-0.575671	-0.575932
661.0	-0.578084	-0.576474	-0.576644	-0.576049	-0.576339	-0.577983	-0.576002	-0.575525	-0.575142	-0.576607	-0.575562	-0.576214	-0.577094	-0.573405	-0.575988	-0.577879	-0.578001	-0.577222	-0.576264	-0.573701
662.0	-0.577750	-0.576684	-0.576813	-0.575907	-0.577526	-0.575704	-0.574641	-0.577321	-0.577981	-0.575185	-0.575255	-0.576185	-0.574671	-0.576058	-0.576674	-0.576966	-0.577830	-0.578494	-0.577222	-0.576070
663.0	-0.578246	-0.576755	-0.576837	-0.575492	-0.574935	-0.576179	-0.577979	-0.574912	-0.578815	-0.576187	-0.575025	-0.576926	-0.573417	-0.577221	-0.576635	-0.574384	-0.576775	-0.578769	-0.578143	-0.575438
664.0	-0.577425	-0.577203	-0.576766	-0.577685	-0.576595	-0.577549	-0.576753	-0.576214	-0.576604	-0.576395	-0.576252	-0.578700	-0.575953	-0.576330	-0.575528	-0.576461	-0.579072	-0.579584	-0.577852	-0.578018
665.0	-0.576656	-0.577453	-0.575836	-0.576941	-0.575210	-0.576550	-0.578781	-0.576348	-0.576537	-0.576978	-0.575678	-0.577501	-0.575606	-0.576408	-0.575694	-0.577224	-0.577243	-0.578037	-0.576244	-0.578315
666.0	-0.577134	-0.577993	-0.576231	-0.578676	-0.575305	-0.577381	-0.577867	-0.578760	-0.575238	-0.577295	-0.576274	-0.575935	-0.574314	-0.578425	-0.574775	-0.577963	-0.577505	-0.579170	-0.577063	-0.578346
667.0	-0.576757	-0.577876	-0.576651	-0.578236	-0.577111	-0.577167	-0.578380	-0.577518	-0.577499	-0.576410	-0.577127	-0.579606	-0.577012	-0.577183	-0.576832	-0.577325	-0.577488	-0.579585	-0.577855	-0.580047
668.0	-0.577695	-0.577253	-0.575497	-0.577370	-0.578256	-0.576868	-0.577224	-0.577090	-0.577922	-0.577969	-0.577125	-0.578803	-0.576847	-0.577638	-0.576953	-0.578488	-0.579605	-0.576164	-0.578641	-0.577169
669.0	-0.579076	-0.578211	-0.575883	-0.577487	-0.578539	-0.578780	-0.577619	-0.579213	-0.577075	-0.578255	-0.577630	-0.578550	-0.577637	-0.577516	-0.578089	-0.578228	-0.578185	-0.578015	-0.577507	-0.578508
670.0	-0.578266	-0.579090	-0.577490	-0.578703	-0.578283	-0.578243	-0.577440	-0.579446	-0.576078	-0.578001	-0.578858	-0.579185	-0.579217	-0.577967	-0.577971	-0.577527	-0.578522	-0.577761	-0.578741	-0.579188
671.0	-0.578834	-0.577950	-0.577343	-0.577896	-0.578890	-0.577673	-0.578929	-0.579535	-0.578215	-0.575941	-0.577790	-0.579229	-0.578114	-0.578490	-0.577805	-0.579388	-0.577690	-0.578594	-0.579329	-0.577986
672.0	-0.580069	-0.578893	-0.577649	-0.577944	-0.577648	-0.578405	-0.578671	-0.577875	-0.579342	-0.578522	-0.577052	-0.578150	-0.578108	-0.578353	-0.578502	-0.579405	-0.578690	-0.578335	-0.578421	-0.578841
673.0	-0.578981	-0.580077	-0.578703	-0.578402	-0.579321	-0.577213	-0.578934	-0.580326	-0.581086	-0.578856	-0.578139	-0.580358	-0.578820	-0.578355	-0.579061	-0.580168	-0.579662	-0.579544	-0.576903	-0.580461
674.0	-0.579911	-0.579011	-0.578843	-0.579478	-0.579212	-0.578329	-0.579023	-0.579528	-0.578042	-0.577415	-0.579724	-0.580311	-0.578382	-0.580450	-0.578310	-0.579066	-0.580351	-0.580460	-0.578524	-0.579577
675.0	-0.579557	-0.580392	-0.580573	-0.580535	-0.579837	-0.578344	-0.579326	-0.579233	-0.579703	-0.578310	-0.578379	-0.578458	-0.579445	-0.580655	-0.579376	-0.581911	-0.580080	-0.580034	-0.579755	-0.579630
676.0	-0.580426	-0.580728	-0.577978	-0.582067	-0.578117	-0.580850	-0.581218	-0.579995	-0.579581	-0.578468	-0.579449	-0.579800	-0.580485	-0.579873	-0.578716	-0.580308	-0.580317	-0.581691	-0.580453	-0.579198
677.0	-0.581013	-0.579612	-0.579632	-0.581298	-0.578187	-0.580495	-0.579039	-0.579490	-0.580014	-0.578822	-0.580987	-0.581000	-0.579471	-0.580218	-0.581115	-0.580307	-0.580576	-0.582074	-0.580053	-0.578362
678.0	-0.580026	-0.579940	-0.579984	-0.580434	-0.579423	-0.580245	-0.579376	-0.579482	-0.580082	-0.580569	-0.580397	-0.580738	-0.579505	-0.581075	-0.581227	-0.579473	-0.580982	-0.581163	-0.581343	-0.580293
679.0	-0.581408	-0.581083	-0.580664	-0.581595	-0.580404	-0.579302	-0.580062	-0.581081	-0.581222	-0.578997	-0.581064	-0.581964	-0.581887	-0.581158	-0.580362	-0.579346	-0.580346	-0.580980	-0.580462	-0.582294
680.0	-0.581525	-0.579672	-0.581054	-0.581090	-0.582216	-0.581137	-0.581803	-0.581387	-0.582520	-0.578566	-0.579584	-0.580352	-0.578989	-0.580917	-0.581350	-0.581588	-0.581331	-0.581399	-0.581342	-0.581625
681.0	-0.579254	-0.581410	-0.581244	-0.581715	-0.582528	-0.580111	-0.581661	-0.579322	-0.582506	-0.578515	-0.581217	-0.581084	-0.580892	-0.582709	-0.580560	-0.581348	-0.580489	-0.582366	-0.581913	-0.581831
682.0	-0.581768	-0.581703	-0.580197	-0.581040	-0.581661	-0.580680	-0.581465	-0.581481	-0.582629	-0.579561	-0.581007	-0.581616	-0.581049	-0.581506	-0.582980	-0.581481	-0.581170	-0.581791	-0.582133	-0.581324
683.0	-0.581249	-0.581781	-0.580885	-0.581364	-0.581776	-0.582084	-0.581395	-0.580847	-0.582280	-0.581005	-0.580998	-0.581775	-0.582449	-0.582553	-0.582728	-0.581392	-0.582160	-0.582826	-0.581883	-0.582194
684.0	-0.581960	-0.582508	-0.580712	-0.582172	-0.581207	-0.582497	-0.582145	-0.582969	-0.582408	-0.580894	-0.580957	-0.580322	-0.581748	-0.581723	-0.583193	-0.581596	-0.582005	-0.583023	-0.582304	-0.582344
685.0	-0.581185	-0.582229	-0.580763	-0.583328	-0.582900	-0.581106	-0.581629	-0.582473	-0.584440	-0.581659	-0.581338	-0.582585	-0.581521	-0.582551	-0.581982	-0.582277	-0.581901	-0.582746	-0.580765	-0.581643
686.0	-0.582532	-0.582074	-0.581752	-0.582535	-0.582598	-0.582116	-0.582537	-0.582059	-0.583259	-0.581066	-0.581664	-0.583060	-0.580335	-0.582529	-0.581845	-0.583440	-0.582728	-0.582266	-0.581852	-0.582402
687.0	-0.583079	-0.582052	-0.581405	-0.583531	-0.580930	-0.582408	-0.582776	-0.581060	-0.583081	-0.582187	-0.581298	-0.582923	-0.583052	-0.582413	-0.582174	-0.581618	-0.582248	-0.584312	-0.581776	-0.582307
688.0	-0.583161	-0.582702	-0.582052	-0.582364	-0.582520	-0.582750	-0.581638	-0.581703	-0.581607	-0.582953	-0.582074	-0.582052	-0.582220	-0.583760	-0.582867	-0.581202	-0.584298	-0.584299	-0.582154	-0.582677
689.0	-0.581629	-0.581336	-0.582869	-0.583583	-0.582817	-0.582900	-0.583277	-0.584325	-0.582379	-0.582630	-0.581937	-0.582623	-0.583765	-0.583667	-0.583444	-0.583234	-0.581279	-0.584358	-0.582182	-0.583747
690.0	-0.582069	-0.582849	-0.583130	-0.581298	-0.583221	-0.582155	-0.582169	-0.584700	-0.583205	-0.582724	-0.581555	-0.583987	-0.582930	-0.583780	-0.583325	-0.582484	-0.582225	-0.582869	-0.584159	-0.582978
691.0	-0.582555	-0.582313	-0.582829	-0.583394	-0.583209	-0.583268	-0.584076	-0.583715	-0.582959	-0.582520	-0.582973	-0.583887	-0.582660	-0.583112	-0.583128	-0.583481	-0.583487	-0.584045	-0.583549	-0.582976
692.0	-0.583354	-0.582728	-0.583528	-0.583490	-0.581448	-0.582943	-0.583778	-0.584153	-0.583147	-0.582869	-0.583331	-0.583099	-0.583583	-0.583566	-0.583832	-0.583728	-0.582720	-0.584087	-0.583127	-0.581626
693.0	-0.584787	-0.583306	-0.582891	-0.583248	-0.583179	-0.582735	-0.583513	-0.583609	-0.582444	-0.582272	-0.583129	-0.583099	-0.582789	-0.583503	-0.582483	-0.584206	-0.583296	-0.583599	-0.584280	-0.582534
694.0	-0.584158	-0.583533	-0.582802	-0.583717	-0.583063	-0.583240	-0.583799	-0.582548	-0.583880	-0.582197	-0.582735	-0.584481	-0.583679	-0.583442	-0.582988	-0.584374	-0.583389	-0.583905	-0.584743	-0.583468
695.0	-0.584642	-0.582968	-0.584216	-0.583838	-0.583468	-0.583728	-0.584006	-0.584731	-0.581887	-0.582278	-0.583329	-0.584290	-0.582257	-0.583195	-0.582449	-0.582835	-0.585284	-0.585312	-0.584138	-0.583826
696.0	-0.583071	-0.582151	-0.583862	-0.583987	-0.583367	-0.583153	-0.583231	-0.583890	-0.584335	-0.582698	-0.584223	-0.583486	-0.583328	-0.583573	-0.584186	-0.583339	-0.583896	-0.585035	-0.584653	-0.583759
697.0	-0.582924	-0.582367	-0.583087	-0.583663	-0.583341	-0.584162	-0.582999	-0.584616	-0.583851	-0.582234	-0.584703	-0.583900	-0.583290	-0.585203	-0.582699	-0.584569	-0.583354	-0.584551	-0.584783	-0.584110
698.0	-0.583115	-0.582830	-0.583697	-0.583700	-0.583282	-0.584012	-0.584223	-0.584589	-0.584173	-0.582575	-0.584008	-0.583339	-0.583370	-0.585199	-0.583717	-0.584608	-0.585229	-0.585748	-0.584345	-0.582655
699.0	-0.583863	-0.583069	-0.583256	-0.583861	-0.581817	-0.584355	-0.584235	-0.584505	-0.584110	-0.582997	-0.583152	-0.583649	-0.584678	-0.584373	-0.582611	-0.583749	-0.584197	-0.584471	-0.585082	-0.584667
700.0	-0.583058	-0.582755	-0.582264	-0.583706	-0.583372	-0.582924	-0.585538	-0.584477	-0.583688	-0.581394	-0.582288	-0.583849	-0.584060	-0.584331	-0.584296	-0.584080	-0.583763	-0.585194	-0.583347	-0.584297
701.0	-0.584108	-0.583427	-0.583959	-0.583622	-0.583835	-0.582664	-0.583441	-0.584322	-0.582741	-0.583423	-0.583481	-0.585120	-0.584259	-0.583889	-0.582983	-0.583836	-0.583561	-0.585102	-0.583940	-0.582900
702.0	-0.583527	-0.583333	-0.584255	-0.584898	-0.583943	-0.583336	-0.583918	-0.584905	-0.582663	-0.583709	-0.583774	-0.584529	-0.583033	-0.584335	-0.583328	-0.584612	-0.584802	-0.584563	-0.584010	-0.583532
703.0	-0.584338	-0.583652	-0.583494	-0.584698	-0.584224	-0.583194	-0.583262	-0.585304	-0.582991	-0.583785	-0.583098	-0.584876	-0.583642	-0.585287	-0.583219	-0.584859	-0.583883	-0.584094	-0.584487	-0.582960
704.0	-0.583298	-0.583712	-0.583612	-0.584673	-0.583707	-0.584411	-0.583877	-0.584145	-0.584229	-0.584504	-0.583861	-0.584217	-0.584029	-0.583771	-0.584046	-0.584527	-0.584549	-0.584300	-0.584326	-0.583607
705.0	-0.584256	-0.584377	-0.582983	-0.584742	-0.583979	-0.585158	-0.583090	-0.584405	-0.583479	-0.583497	-0.583288	-0.585264	-0.583764	-0.584039	-0.584576	-0.584036	-0.584489	-0.585765	-0.585599	-0.584747
706.0	-0.584122	-0.584738	-0.584507	-0.584495	-0.584027	-0.583233	-0.584148	-0.583824	-0.584191	-0.583756	-0.584091	-0.584589	-0.584071	-0.585417	-0.584196	-0.583957	-0.584783	-0.584093	-0.584824	-0.584389
707.0	-0.584080	-0.583736	-0.584261	-0.584317	-0.583477	-0.582781	-0.585414	-0.585783	-0.584221	-0.582751	-0.583835	-0.583676	-0.584890	-0.584457	-0.584212	-0.585752	-0.584723	-0.584952	-0.583566	-0.583856
708.0	-0.584016	-0.584330	-0.582874	-0.583971	-0.583220	-0.583445	-0.584415	-0.584402	-0.583291	-0.583574	-0.584086	-0.584522	-0.584693	-0.584630	-0.583881	-0.584803	-0.584931	-0.586100	-0.584971	-0.583791
709.0	-0.583608	-0.583381	-0.583660	-0.584656	-0.584006	-0.582627	-0.584490	-0.582978	-0.584023	-0.583726	-0.583781	-0.583481	-0.584685	-0.585599	-0.584422	-0.582724	-0.585538	-0.585211	-0.584674	-0.584364
710.0	-0.583622	-0.584936	-0.583394	-0.585058	-0.584095	-0.583226	-0.584938	-0.583717	-0.584016	-0.583875	-0.583054	-0.583943	-0.583819	-0.584650	-0.584431	-0.583462	-0.584448	-0.584213	-0.584918	-0.585166
711.0	-0.584685	-0.583376	-0.583267	-0.584998	-0.584559	-0.584688	-0.584696	-0.584344	-0.584434	-0.582708	-0.583391	-0.584771	-0.584221	-0.585096	-0.584265	-0.584377	-0.584399	-0.585819	-0.583824	-0.585277
712.0	-0.583751	-0.583422	-0.584050	-0.584322	-0.583865	-0.584302	-0.584395	-0.584646	-0.584543	-0.583945	-0.584090	-0.585063	-0.582380	-0.585924	-0.584621	-0.584951	-0.584978	-0.584461	-0.584435	-0.584773
713.0	-0.583965	-0.584329	-0.583672	-0.583484	-0.583940	-0.584028	-0.584060	-0.585684	-0.584941	-0.583913	-0.584417	-0.585045	-0.583881	-0.584807	-0.585064	-0.585099	-0.584864	-0.585776	-0.583885	-0.584843
714.0	-0.583880	-0.584280	-0.584237	-0.583701	-0.584417	-0.583992	-0.585282	-0.584479	-0.584557	-0.583458	-0.584297	-0.584421	-0.584653	-0.584405	-0.584037	-0.585939	-0.584825	-0.585388	-0.583970	-0.585031
715.0	-0.584348	-0.584583	-0.582907	-0.584649	-0.584234	-0.584005	-0.584361	-0.583858	-0.583712	-0.584058	-0.583538	-0.584910	-0.583939	-0.585304	-0.585565	-0.585546	-0.585893	-0.584449	-0.584955	-0.585713
716.0	-0.584704	-0.584104	-0.583669	-0.583831	-0.584103	-0.583985	-0.585334	-0.583032	-0.584040	-0.584493	-0.583719	-0.584811	-0.584291	-0.586133	-0.584804	-0.585599	-0.584872	-0.584946	-0.585073	-0.585355
717.0	-0.584514	-0.583502	-0.584075	-0.584474	-0.585068	-0.584764	-0.584216	-0.584335	-0.584438	-0.582759	-0.584845	-0.584116	-0.583513	-0.584869	-0.583963	-0.584940	-0.584089	-0.584530	-0.584616	-0.584385
718.0	-0.584580	-0.583232	-0.583618	-0.584176	-0.584532	-0.584418	-0.584806	-0.585249	-0.585331	-0.584337	-0.584046	-0.584551	-0.583086	-0.584755	-0.583758	-0.585204	-0.585437	-0.584856	-0.585238	-0.585036
719.0	-0.584548	-0.584039	-0.584749	-0.584163	-0.585030	-0.583741	-0.584630	-0.584932	-0.585651	-0.583686	-0.583880	-0.584651	-0.584493	-0.584901	-0.585163	-0.584426	-0.585003	-0.584362	-0.585109	-0.584623
720.0	-0.584065	-0.583814	-0.584896	-0.585502	-0.584085	-0.584542	-0.585014	-0.586195	-0.584352	-0.583505	-0.583882	-0.585782	-0.585287	-0.584991	-0.584346	-0.585813	-0.585668	-0.585722	-0.584712	-0.584584
721.0	-0.584025	-0.584170	-0.584173	-0.584628	-0.584682	-0.583811	-0.585677	-0.584512	-0.584941	-0.583938	-0.584011	-0.585192	-0.584339	-0.583733	-0.585162	-0.585206	-0.584786	-0.585999	-0.584594	-0.584369
722.0	-0.583852	-0.584111	-0.585167	-0.584976	-0.583786	-0.584408	-0.585232	-0.584014	-0.584891	-0.585458	-0.584822	-0.584765	-0.584577	-0.584535	-0.585468	-0.584492	-0.585242	-0.586429	-0.585264	-0.584667
723.0	-0.584865	-0.583759	-0.585183	-0.584103	-0.584474	-0.583366	-0.585311	-0.585017	-0.583558	-0.584196	-0.585486	-0.584676	-0.584012	-0.583703	-0.585172	-0.585932	-0.584328	-0.586320	-0.584338	-0.584828
724.0	-0.584709	-0.583905	-0.584528	-0.584262	-0.584944	-0.584311	-0.583776	-0.585450	-0.585033	-0.584518	-0.583602	-0.584519	-0.584156	-0.584962	-0.584461	-0.585223	-0.585127	-0.586315	-0.584179	-0.585105
725.0	-0.583273	-0.584076	-0.584543	-0.585325	-0.584721	-0.584199	-0.584472	-0.584609	-0.584005	-0.585040	-0.584290	-0.585342	-0.584721	-0.585195	-0.585211	-0.585501	-0.584534	-0.585575	-0.585102	-0.585716
726.0	-0.584876	-0.584228	-0.584906	-0.583909	-0.584131	-0.585208	-0.585006	-0.584936	-0.585283	-0.584331	-0.584099	-0.584438	-0.584036	-0.584875	-0.585427	-0.585106	-0.585792	-0.584787	-0.585097	-0.586025
727.0	-0.584766	-0.585123	-0.584595	-0.584065	-0.584108	-0.585087	-0.584136	-0.585717	-0.584657	-0.584132	-0.583059	-0.583850	-0.584771	-0.584970	-0.585645	-0.585917	-0.586080	-0.585953	-0.584196	-0.585028
728.0	-0.584749	-0.583795	-0.584607	-0.583279	-0.584832	-0.585576	-0.585183	-0.585299	-0.583915	-0.583788	-0.584597	-0.584992	-0.585784	-0.585969	-0.585630	-0.585079	-0.585392	-0.585865	-0.584606	-0.585058
729.0	-0.584526	-0.583913	-0.584774	-0.584544	-0.585122	-0.584542	-0.584488	-0.585339	-0.585010	-0.583398	-0.583797	-0.585769	-0.584730	-0.585325	-0.584973	-0.584368	-0.584986	-0.585187	-0.585191	-0.584528
730.0	-0.584603	-0.584439	-0.584488	-0.583889	-0.585090	-0.584259	-0.585407	-0.584930	-0.585455	-0.584288	-0.584552	-0.585709	-0.584923	-0.584573	-0.584705	-0.584699	-0.586231	-0.585434	-0.584047	-0.585267
731.0	-0.584354	-0.584476	-0.584026	-0.584436	-0.584516	-0.584507	-0.584601	-0.585256	-0.584747	-0.584710	-0.584455	-0.585477	-0.583612	-0.583886	-0.585410	-0.585195	-0.585164	-0.585670	-0.585417	-0.584889
732.0	-0.584600	-0.584833	-0.585074	-0.583227	-0.584898	-0.585356	-0.585007	-0.585412	-0.585224	-0.585227	-0.584424	-0.585065	-0.584428	-0.585136	-0.584861	-0.585058	-0.584638	-0.585946	-0.584556	-0.585323
733.0	-0.584809	-0.583682	-0.584572	-0.584098	-0.584817	-0.585239	-0.584640	-0.585067	-0.585993	-0.585085	-0.584358	-0.585401	-0.584312	-0.585564	-0.585190	-0.586243	-0.584685	-0.585720	-0.585175	-0.585654
734.0	-0.584691	-0.583787	-0.583210	-0.585739	-0.583743	-0.585280	-0.585093	-0.585882	-0.584840	-0.584394	-0.584323	-0.585765	-0.584353	-0.585064	-0.584886	-0.585248	-0.585893	-0.585752	-0.585042	-0.584878
735.0	-0.585726	-0.585584	-0.584502	-0.583849	-0.584937	-0.583339	-0.584122	-0.584772	-0.585115	-0.584058	-0.583840	-0.585891	-0.582460	-0.583353	-0.584816	-0.585261	-0.585689	-0.585638	-0.584508	-0.584349
736.0	-0.584821	-0.584930	-0.585222	-0.584647	-0.584840	-0.584276	-0.585052	-0.585920	-0.585440	-0.584291	-0.584506	-0.585273	-0.582760	-0.584282	-0.585373	-0.584666	-0.585985	-0.584945	-0.584861	-0.584674
737.0	-0.584115	-0.585030	-0.584975	-0.585228	-0.584672	-0.585398	-0.585304	-0.585999	-0.585803	-0.585065	-0.584351	-0.584816	-0.584252	-0.585648	-0.584479	-0.585069	-0.585097	-0.585000	-0.585957	-0.585115
738.0	-0.585259	-0.584310	-0.585599	-0.584671	-0.584148	-0.583808	-0.585059	-0.585995	-0.585220	-0.583650	-0.584851	-0.584821	-0.584665	-0.585245	-0.585147	-0.585194	-0.586136	-0.586393	-0.586041	-0.584704
739.0	-0.584864	-0.584939	-0.585149	-0.585634	-0.584359	-0.584071	-0.585358	-0.585466	-0.584361	-0.584551	-0.585637	-0.584738	-0.584596	-0.585490	-0.584392	-0.583986	-0.585846	-0.587036	-0.583952	-0.586127
740.0	-0.585660	-0.584807	-0.585007	-0.585540	-0.584603	-0.584784	-0.584897	-0.585366	-0.583789	-0.585519	-0.585479	-0.584238	-0.584391	-0.585992	-0.585049	-0.584751	-0.585308	-0.586705	-0.584732	-0.585408
741.0	-0.585102	-0.584686	-0.585629	-0.584865	-0.584813	-0.584572	-0.585167	-0.585952	-0.585388	-0.584366	-0.583674	-0.584411	-0.585026	-0.585716	-0.585748	-0.585444	-0.585628	-0.585460	-0.583243	-0.585725
742.0	-0.584046	-0.584389	-0.585054	-0.585390	-0.584255	-0.585889	-0.585085	-0.585568	-0.584423	-0.584509	-0.583948	-0.585589	-0.585069	-0.585299	-0.584862	-0.585937	-0.584791	-0.585547	-0.585058	-0.584962
743.0	-0.584910	-0.584365	-0.585807	-0.585037	-0.585308	-0.585156	-0.585128	-0.585619	-0.584711	-0.583993	-0.585239	-0.585996	-0.585085	-0.585334	-0.585299	-0.585577	-0.585160	-0.586270	-0.585265	-0.585900
744.0	-0.584599	-0.584941	-0.584530	-0.585957	-0.585153	-0.585051	-0.585546	-0.585324	-0.584611	-0.584660	-0.585686	-0.586142	-0.584052	-0.585156	-0.584576	-0.584660	-0.585355	-0.586254	-0.585269	-0.585260
745.0	-0.585056	-0.584782	-0.585813	-0.586089	-0.584489	-0.585076	-0.584806	-0.585322	-0.584679	-0.584928	-0.584746	-0.585748	-0.585163	-0.585399	-0.584936	-0.586088	-0.585090	-0.586289	-0.586398	-0.586352
746.0	-0.584616	-0.584560	-0.584991	-0.584553	-0.584634	-0.583739	-0.584728	-0.585257	-0.584269	-0.584821	-0.584949	-0.584624	-0.584368	-0.584994	-0.585400	-0.585754	-0.585019	-0.586274	-0.584515	-0.586053
747.0	-0.584881	-0.584241	-0.584314	-0.585453	-0.584653	-0.584555	-0.585127	-0.585622	-0.585391	-0.585326	-0.585006	-0.585764	-0.584430	-0.584884	-0.585382	-0.586043	-0.585566	-0.585698	-0.584481	-0.586063
748.0	-0.584307	-0.584925	-0.584408	-0.585683	-0.585963	-0.585595	-0.584673	-0.584469	-0.585720	-0.584305	-0.585346	-0.586021	-0.584550	-0.585191	-0.585317	-0.584853	-0.584251	-0.585620	-0.585360	-0.585651
749.0	-0.585271	-0.585449	-0.584207	-0.585603	-0.584695	-0.585180	-0.584976	-0.585055	-0.585051	-0.584114	-0.584393	-0.584865	-0.584897	-0.585051	-0.585526	-0.585300	-0.584593	-0.586631	-0.585650	-0.585971
750.0	-0.583795	-0.584662	-0.584549	-0.586177	-0.585187	-0.584357	-0.584255	-0.585876	-0.585536	-0.584936	-0.584157	-0.585182	-0.584680	-0.584257	-0.584620	-0.585305	-0.585403	-0.586311	-0.584606	-0.585905
751.0	-0.584389	-0.584205	-0.584376	-0.584644	-0.585932	-0.584949	-0.585489	-0.584342	-0.585139	-0.585321	-0.584194	-0.586110	-0.583686	-0.584921	-0.584937	-0.585611	-0.586162	-0.585827	-0.585758	-0.585805
752.0	-0.584787	-0.585050	-0.584242	-0.585188	-0.584603	-0.585436	-0.585048	-0.584706	-0.584998	-0.584337	-0.584751	-0.585096	-0.584942	-0.585791	-0.585082	-0.585225	-0.586278	-0.586426	-0.584983	-0.585819
753.0	-0.585263	-0.585071	-0.585263	-0.585297	-0.585209	-0.584798	-0.585303	-0.585538	-0.584905	-0.583925	-0.584882	-0.586516	-0.585265	-0.585828	-0.584633	-0.585777	-0.585848	-0.586049	-0.585453	-0.585194
754.0	-0.583755	-0.584794	-0.584410	-0.584971	-0.584622	-0.584135	-0.585312	-0.585801	-0.585452	-0.584556	-0.584782	-0.586011	-0.585120	-0.585175	-0.585407	-0.585866	-0.586182	-0.586129	-0.585482	-0.585715
755.0	-0.584930	-0.584466	-0.584309	-0.585341	-0.584937	-0.584956	-0.585180	-0.586176	-0.584554	-0.583444	-0.584365	-0.586043	-0.584537	-0.584680	-0.585069	-0.585225	-0.585318	-0.586313	-0.585689	-0.585349
756.0	-0.585322	-0.584357	-0.585055	-0.585219	-0.584746	-0.585192	-0.585892	-0.585680	-0.585342	-0.584179	-0.584592	-0.584992	-0.584455	-0.585292	-0.584679	-0.585804	-0.586500	-0.586854	-0.585161	-0.586155
757.0	-0.584959	-0.585072	-0.585203	-0.584945	-0.583886	-0.585410	-0.584563	-0.586121	-0.584418	-0.584509	-0.584612	-0.585189	-0.583766	-0.585691	-0.585031	-0.585121	-0.584561	-0.585612	-0.586347	-0.585602
758.0	-0.585619	-0.585208	-0.585869	-0.585410	-0.583510	-0.584642	-0.585534	-0.585972	-0.585483	-0.584832	-0.584060	-0.586498	-0.584740	-0.586121	-0.584181	-0.585630	-0.585102	-0.585883	-0.584897	-0.584643
759.0	-0.585697	-0.584926	-0.585222	-0.585075	-0.584231	-0.584789	-0.584203	-0.585974	-0.585425	-0.584815	-0.584901	-0.586224	-0.585077	-0.585223	-0.584717	-0.585570	-0.585743	-0.587089	-0.585259	-0.585672
760.0	-0.585061	-0.584921	-0.584861	-0.585739	-0.585453	-0.585431	-0.584826	-0.585654	-0.585397	-0.584376	-0.585298	-0.585102	-0.585110	-0.584703	-0.585133	-0.585428	-0.586306	-0.586695	-0.586056	-0.586372
761.0	-0.584533	-0.584161	-0.585558	-0.585305	-0.585612	-0.585331	-0.584577	-0.585597	-0.584827	-0.584754	-0.584775	-0.585333	-0.584789	-0.584527	-0.585911	-0.586473	-0.585343	-0.586923	-0.585192	-0.585637
762.0	-0.584557	-0.584139	-0.584526	-0.585226	-0.584913	-0.585105	-0.585812	-0.585043	-0.584260	-0.584503	-0.585061	-0.585951	-0.584619	-0.585034	-0.584976	-0.586429	-0.584928	-0.586587	-0.586065	-0.584964
763.0	-0.583777	-0.584046	-0.584682	-0.585276	-0.584881	-0.584549	-0.585638	-0.585276	-0.584649	-0.584907	-0.584874	-0.585189	-0.584908	-0.584512	-0.585374	-0.585979	-0.585710	-0.585413	-0.585979	-0.585260
764.0	-0.584023	-0.584569	-0.584498	-0.585467	-0.585592	-0.585002	-0.585503	-0.585307	-0.586111	-0.584525	-0.584451	-0.585282	-0.583631	-0.584251	-0.585546	-0.585982	-0.585541	-0.586372	-0.586418	-0.585887
765.0	-0.585070	-0.584209	-0.585283	-0.584458	-0.584205	-0.583721	-0.584940	-0.585081	-0.585604	-0.584997	-0.585251	-0.585844	-0.584373	-0.585478	-0.585410	-0.584948	-0.586000	-0.586326	-0.586234	-0.584905
766.0	-0.584174	-0.584064	-0.584600	-0.584629	-0.584579	-0.585854	-0.585649	-0.585565	-0.585642	-0.584336	-0.584621	-0.584824	-0.584776	-0.584926	-0.586027	-0.585892	-0.585193	-0.585784	-0.585191	-0.585621
767.0	-0.584301	-0.585067	-0.585042	-0.584937	-0.585426	-0.584766	-0.584945	-0.585968	-0.584782	-0.584713	-0.583229	-0.585881	-0.584054	-0.585996	-0.585498	-0.585442	-0.585348	-0.586086	-0.586133	-0.586603
768.0	-0.584637	-0.584242	-0.584703	-0.585439	-0.585067	-0.583996	-0.585494	-0.586006	-0.585402	-0.584082	-0.584270	-0.584748	-0.585432	-0.586057	-0.585187	-0.585633	-0.586392	-0.585700	-0.585233	-0.586007
769.0	-0.585913	-0.585606	-0.584198	-0.585172	-0.583931	-0.584905	-0.584615	-0.585196	-0.585676	-0.584656	-0.584430	-0.584204	-0.585635	-0.584957	-0.585682	-0.586304	-0.585694	-0.586214	-0.585898	-0.585326
770.0	-0.585222	-0.585503	-0.584172	-0.585628	-0.584049	-0.585492	-0.585645	-0.586173	-0.584508	-0.584811	-0.584501	-0.586202	-0.585143	-0.585553	-0.585312	-0.585201	-0.584219	-0.586517	-0.584783	-0.585387
771.0	-0.585590	-0.584331	-0.584697	-0.585843	-0.584724	-0.585081	-0.584752	-0.585275	-0.584404	-0.584531	-0.584897	-0.585608	-0.585570	-0.585565	-0.585463	-0.584639	-0.586235	-0.586438	-0.585296	-0.585847
772.0	-0.585564	-0.585294	-0.584786	-0.585759	-0.585374	-0.584870	-0.584507	-0.585157	-0.585341	-0.584158	-0.584386	-0.585110	-0.585853	-0.585021	-0.584858	-0.585026	-0.585600	-0.586414	-0.586254	-0.585931
773.0	-0.584845	-0.585053	-0.584592	-0.585700	-0.585126	-0.584600	-0.584569	-0.585528	-0.585869	-0.584360	-0.584089	-0.585136	-0.585623	-0.584740	-0.585173	-0.586560	-0.586380	-0.587034	-0.585483	-0.586573
774.0	-0.585069	-0.585208	-0.585337	-0.585115	-0.584343	-0.584993	-0.584806	-0.585254	-0.584726	-0.583885	-0.583919	-0.586012	-0.584999	-0.583757	-0.584825	-0.585744	-0.585882	-0.586407	-0.585740	-0.585844
775.0	-0.585699	-0.583079	-0.584700	-0.584284	-0.584412	-0.585218	-0.584235	-0.585232	-0.585672	-0.584980	-0.585051	-0.585165	-0.583918	-0.586187	-0.585951	-0.585608	-0.586190	-0.586468	-0.585677	-0.584875
776.0	-0.585263	-0.583447	-0.585391	-0.584807	-0.585124	-0.585381	-0.585433	-0.585542	-0.585047	-0.584804	-0.584355	-0.585534	-0.585021	-0.585796	-0.584890	-0.585050	-0.585280	-0.586568	-0.585730	-0.585177
777.0	-0.584497	-0.584287	-0.585667	-0.585785	-0.585583	-0.585366	-0.585242	-0.585375	-0.585317	-0.585104	-0.584874	-0.585846	-0.585541	-0.585840	-0.585651	-0.585378	-0.585027	-0.585844	-0.585239	-0.586347
778.0	-0.585117	-0.584326	-0.585625	-0.585469	-0.585418	-0.584468	-0.585938	-0.585714	-0.584967	-0.584795	-0.585379	-0.585515	-0.585548	-0.586287	-0.585852	-0.585466	-0.585809	-0.584932	-0.585383	-0.585005
779.0	-0.584888	-0.584252	-0.585215	-0.585333	-0.585954	-0.584403	-0.585839	-0.585524	-0.584595	-0.584050	-0.584717	-0.585307	-0.585648	-0.585480	-0.585828	-0.585494	-0.586275	-0.586448	-0.584618	-0.585483
780.0	-0.584961	-0.584575	-0.585080	-0.585574	-0.585130	-0.584079	-0.586297	-0.585259	-0.585459	-0.585217	-0.585337	-0.585774	-0.584759	-0.585865	-0.584095	-0.585246	-0.585401	-0.586853	-0.584961	-0.585649
781.0	-0.584900	-0.584869	-0.585912	-0.585045	-0.584098	-0.584826	-0.586269	-0.586224	-0.585745	-0.584888	-0.585293	-0.585964	-0.584604	-0.585716	-0.584901	-0.586423	-0.585758	-0.585350	-0.585135	-0.585521
782.0	-0.585944	-0.584772	-0.584936	-0.585589	-0.584622	-0.584222	-0.585372	-0.585623	-0.584719	-0.583784	-0.584919	-0.585759	-0.584554	-0.586234	-0.585881	-0.585030	-0.585978	-0.586333	-0.585614	-0.585835
783.0	-0.584908	-0.584961	-0.585131	-0.585093	-0.584808	-0.585213	-0.585432	-0.585214	-0.585415	-0.584199	-0.585278	-0.585695	-0.584454	-0.585304	-0.585862	-0.586264	-0.585742	-0.585859	-0.585347	-0.585193
784.0	-0.585082	-0.584590	-0.585536	-0.584631	-0.585010	-0.584934	-0.585494	-0.585184	-0.585745	-0.584888	-0.585450	-0.585583	-0.584753	-0.584739	-0.585724	-0.586319	-0.585538	-0.585246	-0.585563	-0.585191
785.0	-0.585395	-0.584676	-0.584465	-0.585235	-0.583580	-0.584807	-0.585972	-0.585525	-0.584249	-0.584978	-0.584123	-0.585473	-0.584455	-0.585821	-0.585531	-0.585775	-0.585861	-0.587075	-0.585441	-0.585624
786.0	-0.585009	-0.585196	-0.585748	-0.585233	-0.584537	-0.585956	-0.586237	-0.585876	-0.584677	-0.583483	-0.584624	-0.585084	-0.584709	-0.586095	-0.585126	-0.585847	-0.586282	-0.586782	-0.585281	-0.585759
787.0	-0.584371	-0.585572	-0.584489	-0.585275	-0.585119	-0.585831	-0.585619	-0.586088	-0.585298	-0.584533	-0.584905	-0.584053	-0.584799	-0.584512	-0.584581	-0.585195	-0.586330	-0.586530	-0.585501	-0.585309
788.0	-0.584542	-0.585681	-0.585409	-0.586076	-0.585216	-0.585697	-0.584396	-0.585301	-0.585051	-0.584852	-0.585307	-0.585888	-0.585370	-0.585515	-0.584304	-0.585886	-0.585021	-0.586321	-0.584742	-0.585490
789.0	-0.584148	-0.585515	-0.585741	-0.585893	-0.585387	-0.584819	-0.585892	-0.586297	-0.585510	-0.585081	-0.585051	-0.585431	-0.583107	-0.584803	-0.584851	-0.585873	-0.585296	-0.586095	-0.585153	-0.585439
790.0	-0.584742	-0.585615	-0.585266	-0.585220	-0.585119	-0.585824	-0.584588	-0.585719	-0.586291	-0.584920	-0.584841	-0.585355	-0.584483	-0.585762	-0.585194	-0.585434	-0.585355	-0.586237	-0.585737	-0.586669
791.0	-0.585906	-0.584679	-0.584891	-0.585337	-0.585828	-0.585595	-0.585078	-0.586335	-0.585535	-0.585237	-0.584928	-0.585788	-0.585173	-0.584772	-0.585103	-0.586009	-0.585971	-0.586223	-0.585967	-0.585931
792.0	-0.584731	-0.584822	-0.584708	-0.584907	-0.584481	-0.585405	-0.585776	-0.585781	-0.584410	-0.584263	-0.584833	-0.585459	-0.585196	-0.585288	-0.584458	-0.584835	-0.586121	-0.586157	-0.583390	-0.585088
793.0	-0.584638	-0.584291	-0.585464	-0.586059	-0.585271	-0.584919	-0.585598	-0.585477	-0.585690	-0.584373	-0.585413	-0.585502	-0.584954	-0.585587	-0.584901	-0.585107	-0.586022	-0.586247	-0.584197	-0.585288
794.0	-0.585810	-0.585358	-0.585136	-0.585909	-0.585265	-0.585373	-0.585238	-0.585930	-0.585645	-0.584568	-0.584763	-0.585265	-0.585459	-0.585538	-0.584775	-0.586225	-0.586064	-0.586767	-0.584455	-0.585904
795.0	-0.585023	-0.584419	-0.585047	-0.584268	-0.585500	-0.583736	-0.584634	-0.586189	-0.585772	-0.584475	-0.585149	-0.585088	-0.585049	-0.585897	-0.585620	-0.585856	-0.586586	-0.586296	-0.584817	-0.585980
796.0	-0.585647	-0.584790	-0.583323	-0.585919	-0.585392	-0.584405	-0.585532	-0.586085	-0.585362	-0.584255	-0.584722	-0.585195	-0.585370	-0.586004	-0.586167	-0.586080	-0.586220	-0.586952	-0.585291	-0.585281
797.0	-0.585119	-0.585097	-0.584467	-0.585122	-0.583510	-0.585442	-0.584603	-0.585216	-0.585032	-0.584892	-0.583932	-0.585855	-0.584482	-0.586199	-0.585643	-0.584505	-0.586297	-0.585846	-0.585164	-0.585688
798.0	-0.585551	-0.584920	-0.584318	-0.585940	-0.584440	-0.584625	-0.585288	-0.585616	-0.585397	-0.585546	-0.584206	-0.586339	-0.585261	-0.585167	-0.584395	-0.585881	-0.586577	-0.586462	-0.584851	-0.585978
799.0	-0.585128	-0.584985	-0.585221	-0.585918	-0.584812	-0.585024	-0.585135	-0.585602	-0.585513	-0.584671	-0.585180	-0.586233	-0.585115	-0.586108	-0.585396	-0.584983	-0.585880	-0.586360	-0.584842	-0.585817
800.0	-0.585531	-0.585194	-0.585392	-0.585250	-0.585623	-0.585903	-0.585755	-0.585817	-0.584134	-0.584917	-0.584243	-0.585248	-0.584895	-0.585611	-0.585435	-0.585712	-0.585377	-0.586279	-0.584796	-0.585563
