475.0	-0.774960	-0.773736	-0.772589	-0.777794	-0.774789	-0.775475	-0.779028	-0.780909	-0.774557	-0.764632	-0.778164	-0.769811	-0.767398	-0.775108	-0.775604	-0.774320	-0.774817	-0.775285	-0.777518	-0.772085
476.0	-0.775093	-0.776355	-0.776324	-0.774385	-0.775930	-0.779456	-0.772809	-0.781505	-0.773313	-0.772622	-0.777339	-0.774957	-0.772801	-0.775751	-0.776970	-0.777186	-0.778352	-0.777628	-0.773933	-0.777560
477.0	-0.774043	-0.776141	-0.778506	-0.778234	-0.773474	-0.777571	-0.778503	-0.780252	-0.776788	-0.773387	-0.776297	-0.770708	-0.774764	-0.773837	-0.777294	-0.779537	-0.777346	-0.774514	-0.775727	-0.777193
478.0	-0.776659	-0.774617	-0.779208	-0.777502	-0.771795	-0.778971	-0.779272	-0.775393	-0.773292	-0.773159	-0.776230	-0.775794	-0.776033	-0.773936	-0.775279	-0.772443	-0.778352	-0.773566	-0.777143	-0.777086
479.0	-0.774908	-0.776800	-0.778816	-0.775801	-0.769530	-0.779268	-0.773728	-0.779407	-0.777660	-0.772323	-0.780313	-0.779124	-0.773841	-0.774249	-0.776432	-0.775122	-0.778159	-0.771849	-0.777646	-0.775365
480.0	-0.775168	-0.775714	-0.774625	-0.776323	-0.775452	-0.775642	-0.777761	-0.779249	-0.775134	-0.775527	-0.775190	-0.774218	-0.774805	-0.775020	-0.777429	-0.777448	-0.778717	-0.778717	-0.776111	-0.776657
481.0	-0.774344	-0.776962	-0.776864	-0.772108	-0.777170	-0.779434	-0.774426	-0.777483	-0.773688	-0.773762	-0.780184	-0.779121	-0.774230	-0.772361	-0.774062	-0.777291	-0.777143	-0.776813	-0.777761	-0.772547
482.0	-0.773272	-0.774917	-0.775884	-0.772982	-0.777367	-0.775272	-0.775554	-0.779305	-0.772253	-0.774257	-0.776062	-0.776794	-0.774479	-0.774845	-0.775512	-0.772597	-0.775433	-0.772678	-0.777224	-0.775813
483.0	-0.773563	-0.777006	-0.773334	-0.775093	-0.776880	-0.778901	-0.776040	-0.780754	-0.774858	-0.775283	-0.777462	-0.772847	-0.770097	-0.777028	-0.778028	-0.779159	-0.773629	-0.778568	-0.774773	-0.771558
484.0	-0.772233	-0.777140	-0.775244	-0.773968	-0.778916	-0.778796	-0.774831	-0.773925	-0.776221	-0.776229	-0.777377	-0.776757	-0.775079	-0.777491	-0.777198	-0.776079	-0.771691	-0.774402	-0.774926	-0.774953
485.0	-0.773414	-0.774218	-0.777464	-0.775790	-0.773766	-0.777757	-0.777068	-0.774870	-0.776860	-0.773409	-0.770773	-0.774984	-0.773230	-0.776242	-0.776066	-0.772875	-0.773641	-0.774878	-0.774496	-0.775073
486.0	-0.778316	-0.777647	-0.778493	-0.778098	-0.773863	-0.778185	-0.775115	-0.777464	-0.775951	-0.775682	-0.773111	-0.775601	-0.768792	-0.772798	-0.776406	-0.774997	-0.778809	-0.777799	-0.776796	-0.771187
487.0	-0.774551	-0.775840	-0.777105	-0.774016	-0.775023	-0.775301	-0.774583	-0.779371	-0.771543	-0.773427	-0.778005	-0.771943	-0.771902	-0.772276	-0.774298	-0.775729	-0.776105	-0.777325	-0.773003	-0.771530
488.0	-0.774331	-0.770773	-0.776412	-0.776959	-0.776863	-0.776935	-0.774970	-0.772899	-0.777257	-0.773292	-0.778721	-0.772846	-0.776134	-0.774232	-0.776114	-0.776022	-0.774956	-0.774545	-0.773366	-0.776210
489.0	-0.772019	-0.772464	-0.777587	-0.777252	-0.773555	-0.777278	-0.777901	-0.778449	-0.775986	-0.774659	-0.774525	-0.772392	-0.772892	-0.773166	-0.774668	-0.775497	-0.775849	-0.772609	-0.777823	-0.770400
490.0	-0.773225	-0.773822	-0.775457	-0.771022	-0.774631	-0.773587	-0.775252	-0.777105	-0.776117	-0.774809	-0.776454	-0.776062	-0.770368	-0.769853	-0.774027	-0.776670	-0.777532	-0.778112	-0.777056	-0.776315
491.0	-0.774166	-0.776953	-0.775753	-0.775704	-0.778467	-0.776559	-0.773818	-0.776913	-0.771112	-0.770322	-0.777745	-0.774162	-0.774821	-0.775954	-0.772574	-0.776887	-0.773522	-0.775139	-0.774624	-0.769382
492.0	-0.776174	-0.777768	-0.772446	-0.776475	-0.777580	-0.774045	-0.777024	-0.775972	-0.775436	-0.769742	-0.777387	-0.774277	-0.773745	-0.775562	-0.772202	-0.779133	-0.769448	-0.771877	-0.774718	-0.772756
493.0	-0.775377	-0.771262	-0.771565	-0.777187	-0.777498	-0.774290	-0.774295	-0.776019	-0.775538	-0.775367	-0.775962	-0.771078	-0.772821	-0.776198	-0.776400	-0.778498	-0.775362	-0.772717	-0.773933	-0.772855
494.0	-0.775665	-0.772228	-0.777674	-0.773276	-0.778401	-0.774023	-0.774511	-0.773819	-0.773002	-0.774171	-0.779288	-0.773799	-0.775487	-0.773758	-0.774978	-0.772429	-0.775697	-0.773881	-0.774191	-0.768881
495.0	-0.776304	-0.771905	-0.774609	-0.773195	-0.769821	-0.777887	-0.768954	-0.774057	-0.772829	-0.774670	-0.775893	-0.778110	-0.769871	-0.772050	-0.777588	-0.772068	-0.773973	-0.777659	-0.772198	-0.771627
496.0	-0.772545	-0.774603	-0.770706	-0.774435	-0.771951	-0.776319	-0.771391	-0.771090	-0.773212	-0.768971	-0.775731	-0.776183	-0.772992	-0.769853	-0.770574	-0.777856	-0.776351	-0.773998	-0.770845	-0.769238
497.0	-0.772747	-0.772887	-0.772102	-0.775145	-0.776180	-0.776264	-0.771668	-0.774262	-0.774038	-0.770971	-0.774224	-0.777731	-0.775451	-0.772911	-0.772449	-0.773793	-0.777796	-0.771691	-0.774320	-0.775983
498.0	-0.773563	-0.773825	-0.771643	-0.770017	-0.770851	-0.776596	-0.773288	-0.773439	-0.773267	-0.772735	-0.777818	-0.772455	-0.772851	-0.773156	-0.772245	-0.774098	-0.777620	-0.770148	-0.774559	-0.775336
499.0	-0.774393	-0.772266	-0.775777	-0.770838	-0.775489	-0.774991	-0.772426	-0.776244	-0.773492	-0.770948	-0.778072	-0.775060	-0.770537	-0.772309	-0.772679	-0.773533	-0.775888	-0.772735	-0.774349	-0.771369
500.0	-0.775468	-0.770238	-0.773373	-0.774003	-0.773494	-0.772955	-0.774692	-0.773308	-0.773117	-0.771171	-0.770933	-0.773598	-0.767116	-0.771086	-0.769333	-0.771590	-0.769894	-0.772215	-0.769535	-0.770795
501.0	-0.772673	-0.770129	-0.772257	-0.771953	-0.776028	-0.771249	-0.768540	-0.775926	-0.769175	-0.771089	-0.768788	-0.772831	-0.771044	-0.768343	-0.773532	-0.768628	-0.768618	-0.768774	-0.771376	-0.771219
502.0	-0.771601	-0.767543	-0.773906	-0.774416	-0.768977	-0.767232	-0.768540	-0.774579	-0.768865	-0.770980	-0.773794	-0.776565	-0.769576	-0.767969	-0.772112	-0.771970	-0.773339	-0.769394	-0.773727	-0.770377
503.0	-0.774123	-0.769324	-0.770783	-0.770984	-0.768925	-0.771395	-0.772873	-0.776821	-0.767470	-0.769886	-0.775260	-0.769416	-0.769994	-0.766627	-0.772136	-0.771860	-0.773017	-0.771838	-0.773765	-0.769976
504.0	-0.773123	-0.769784	-0.774139	-0.772985	-0.769926	-0.771152	-0.769972	-0.770138	-0.765771	-0.768714	-0.771453	-0.773398	-0.764413	-0.766486	-0.773410	-0.768902	-0.769385	-0.773595	-0.769622	-0.768373
505.0	-0.770060	-0.769028	-0.772074	-0.772282	-0.766671	-0.772130	-0.769068	-0.773436	-0.770166	-0.765775	-0.771436	-0.775076	-0.766672	-0.766304	-0.770238	-0.772470	-0.769209	-0.773030	-0.765756	-0.765784
506.0	-0.768589	-0.768646	-0.764636	-0.771602	-0.765594	-0.775498	-0.768364	-0.772560	-0.765657	-0.768042	-0.774912	-0.768996	-0.767946	-0.769927	-0.768775	-0.761660	-0.773008	-0.770328	-0.767325	-0.763297
507.0	-0.768208	-0.766850	-0.770119	-0.769514	-0.772705	-0.769895	-0.769371	-0.776584	-0.759532	-0.767831	-0.766758	-0.771435	-0.765291	-0.766880	-0.764668	-0.768577	-0.773401	-0.772698	-0.770196	-0.769799
508.0	-0.771540	-0.767372	-0.775886	-0.769550	-0.772172	-0.774706	-0.768861	-0.773144	-0.766962	-0.770484	-0.774570	-0.768454	-0.765160	-0.766637	-0.768453	-0.769115	-0.774491	-0.769151	-0.770116	-0.767525
509.0	-0.770719	-0.767121	-0.768579	-0.765402	-0.771239	-0.769164	-0.768312	-0.763397	-0.765149	-0.764549	-0.769461	-0.769221	-0.765603	-0.768662	-0.763713	-0.765007	-0.771663	-0.765293	-0.768847	-0.760869
510.0	-0.767945	-0.768162	-0.769151	-0.770647	-0.766568	-0.765061	-0.764409	-0.768937	-0.767128	-0.763946	-0.769618	-0.767554	-0.765492	-0.765940	-0.766680	-0.767867	-0.774039	-0.769172	-0.768827	-0.758472
511.0	-0.763728	-0.766146	-0.767345	-0.761818	-0.771575	-0.764885	-0.770172	-0.766866	-0.768444	-0.766087	-0.767484	-0.765007	-0.760783	-0.761886	-0.767229	-0.767411	-0.767830	-0.772545	-0.760119	-0.762672
512.0	-0.765005	-0.763585	-0.768930	-0.763747	-0.763967	-0.768219	-0.762535	-0.767994	-0.764880	-0.765349	-0.767326	-0.769099	-0.762507	-0.766395	-0.765146	-0.764804	-0.766565	-0.764722	-0.761283	-0.759459
513.0	-0.766333	-0.766347	-0.765349	-0.766336	-0.766568	-0.763535	-0.770223	-0.772204	-0.767812	-0.765723	-0.766853	-0.769324	-0.760410	-0.768292	-0.767300	-0.762999	-0.763476	-0.770706	-0.758389	-0.764616
514.0	-0.763667	-0.759506	-0.765138	-0.762580	-0.765718	-0.763794	-0.770314	-0.766679	-0.760133	-0.756050	-0.765654	-0.767391	-0.761287	-0.765192	-0.761376	-0.764713	-0.768089	-0.765130	-0.764269	-0.762330
515.0	-0.765786	-0.759978	-0.766482	-0.755260	-0.768798	-0.760159	-0.767971	-0.764401	-0.760144	-0.755240	-0.767347	-0.768618	-0.764282	-0.765727	-0.764089	-0.758110	-0.766814	-0.760782	-0.763682	-0.763589
516.0	-0.764245	-0.765905	-0.762399	-0.760925	-0.757345	-0.764646	-0.763426	-0.760653	-0.757470	-0.752434	-0.761500	-0.759637	-0.760864	-0.759359	-0.758236	-0.765027	-0.762429	-0.758955	-0.763580	-0.758200
517.0	-0.760900	-0.758723	-0.758326	-0.763067	-0.760848	-0.764158	-0.764274	-0.754710	-0.767377	-0.757276	-0.759618	-0.760895	-0.758766	-0.764636	-0.755696	-0.763861	-0.758043	-0.761833	-0.763975	-0.758009
518.0	-0.763779	-0.755106	-0.764195	-0.762224	-0.762153	-0.768229	-0.765082	-0.763397	-0.764133	-0.760892	-0.761448	-0.765928	-0.751455	-0.758540	-0.758399	-0.764825	-0.763590	-0.757332	-0.755808	-0.754383
519.0	-0.760302	-0.762932	-0.754644	-0.755848	-0.763532	-0.756420	-0.761086	-0.755880	-0.761180	-0.752964	-0.764592	-0.760476	-0.757485	-0.756357	-0.759425	-0.760301	-0.763548	-0.754761	-0.761718	-0.750334
520.0	-0.754768	-0.758411	-0.760774	-0.758701	-0.765044	-0.756472	-0.757338	-0.753778	-0.759128	-0.755364	-0.765055	-0.761888	-0.755710	-0.757499	-0.758734	-0.759043	-0.767923	-0.755863	-0.758015	-0.755732
521.0	-0.756897	-0.752243	-0.760633	-0.758915	-0.760744	-0.749046	-0.762525	-0.759535	-0.758828	-0.759209	-0.764329	-0.755597	-0.751505	-0.749988	-0.755482	-0.751010	-0.762024	-0.755077	-0.754513	-0.754594
522.0	-0.756765	-0.754815	-0.760593	-0.756793	-0.755936	-0.752016	-0.755381	-0.754306	-0.759159	-0.753006	-0.754118	-0.754411	-0.754520	-0.751484	-0.751327	-0.752146	-0.752849	-0.758016	-0.755687	-0.757626
523.0	-0.756056	-0.744759	-0.753872	-0.751503	-0.756071	-0.752422	-0.750867	-0.751355	-0.752154	-0.758377	-0.746894	-0.755280	-0.749892	-0.746713	-0.749843	-0.754834	-0.754975	-0.750668	-0.747409	-0.750797
524.0	-0.755427	-0.759215	-0.745795	-0.752457	-0.751263	-0.751227	-0.749252	-0.754337	-0.748257	-0.748548	-0.754602	-0.752160	-0.750638	-0.751696	-0.754954	-0.752339	-0.750714	-0.751219	-0.748836	-0.746003
525.0	-0.756917	-0.752454	-0.748916	-0.752793	-0.749097	-0.743656	-0.753673	-0.753850	-0.746454	-0.743956	-0.751069	-0.754042	-0.744658	-0.742113	-0.749680	-0.748342	-0.748485	-0.753597	-0.751518	-0.752630
526.0	-0.747734	-0.746929	-0.746819	-0.749919	-0.752102	-0.737175	-0.755226	-0.742160	-0.744237	-0.743042	-0.751027	-0.747711	-0.743367	-0.738585	-0.739855	-0.751446	-0.749335	-0.747596	-0.746528	-0.745298
527.0	-0.742646	-0.745442	-0.744822	-0.740091	-0.747843	-0.743136	-0.740617	-0.741674	-0.742599	-0.743063	-0.739249	-0.751894	-0.743427	-0.741305	-0.741480	-0.745492	-0.750745	-0.747892	-0.747004	-0.734591
528.0	-0.738166	-0.736933	-0.734780	-0.742518	-0.749719	-0.737559	-0.736248	-0.742844	-0.742672	-0.741525	-0.735622	-0.750023	-0.741310	-0.737746	-0.739377	-0.741476	-0.747023	-0.739513	-0.739859	-0.734480
529.0	-0.738227	-0.737777	-0.739515	-0.736975	-0.743978	-0.739730	-0.740679	-0.735761	-0.732661	-0.738439	-0.738461	-0.735795	-0.738667	-0.739323	-0.738015	-0.742977	-0.741788	-0.734032	-0.741084	-0.740524
530.0	-0.742930	-0.733226	-0.734760	-0.739513	-0.730911	-0.741111	-0.734581	-0.739013	-0.735801	-0.730512	-0.735800	-0.740479	-0.730398	-0.733127	-0.740139	-0.732621	-0.739984	-0.734073	-0.735801	-0.729726
531.0	-0.728548	-0.724918	-0.731359	-0.735868	-0.736756	-0.722375	-0.727997	-0.728275	-0.732330	-0.727498	-0.730522	-0.728594	-0.735067	-0.724433	-0.733707	-0.729933	-0.735173	-0.727816	-0.730438	-0.728780
532.0	-0.728963	-0.720830	-0.730346	-0.729502	-0.723046	-0.731057	-0.718772	-0.724599	-0.722174	-0.728963	-0.726242	-0.724881	-0.727111	-0.722128	-0.732904	-0.729071	-0.727802	-0.727837	-0.724771	-0.720722
533.0	-0.717702	-0.719594	-0.727226	-0.720842	-0.722145	-0.722395	-0.723493	-0.722653	-0.724972	-0.718293	-0.723245	-0.714468	-0.724176	-0.718903	-0.725283	-0.723776	-0.718368	-0.732572	-0.717393	-0.715384
534.0	-0.712685	-0.711899	-0.719390	-0.710669	-0.711876	-0.717524	-0.706389	-0.717092	-0.719148	-0.712579	-0.706388	-0.718406	-0.720737	-0.711797	-0.713507	-0.718188	-0.714460	-0.718998	-0.719701	-0.709401
535.0	-0.710111	-0.705389	-0.708696	-0.709989	-0.715503	-0.701104	-0.708988	-0.706728	-0.712837	-0.711321	-0.698165	-0.713967	-0.702272	-0.706924	-0.706333	-0.709871	-0.709971	-0.703393	-0.707870	-0.699067
536.0	-0.698597	-0.701250	-0.706890	-0.703430	-0.691255	-0.703524	-0.703459	-0.706552	-0.704319	-0.701420	-0.696640	-0.699402	-0.701798	-0.690518	-0.698590	-0.706645	-0.700557	-0.707037	-0.706332	-0.702008
537.0	-0.703269	-0.691918	-0.685491	-0.690069	-0.687152	-0.694841	-0.688799	-0.690389	-0.694381	-0.692848	-0.693212	-0.694707	-0.691794	-0.689891	-0.696243	-0.698673	-0.684830	-0.694657	-0.697659	-0.689831
538.0	-0.685187	-0.690772	-0.688320	-0.684942	-0.686799	-0.684912	-0.666219	-0.681805	-0.680670	-0.668193	-0.671855	-0.688774	-0.685239	-0.674930	-0.683084	-0.684990	-0.684757	-0.682940	-0.691041	-0.680121
539.0	-0.669457	-0.675272	-0.667292	-0.674474	-0.674759	-0.685702	-0.668911	-0.679931	-0.675282	-0.666115	-0.665651	-0.675968	-0.677515	-0.668359	-0.665404	-0.669218	-0.671042	-0.688298	-0.662422	-0.673635
540.0	-0.655571	-0.650057	-0.662777	-0.659448	-0.653516	-0.658698	-0.658868	-0.672796	-0.664235	-0.660816	-0.671645	-0.684049	-0.680298	-0.666338	-0.663270	-0.670841	-0.672286	-0.671621	-0.663434	-0.658225
541.0	-0.658916	-0.653774	-0.637596	-0.649194	-0.654967	-0.651843	-0.637126	-0.643804	-0.644545	-0.651153	-0.656187	-0.666149	-0.659978	-0.650467	-0.647114	-0.659278	-0.652692	-0.648964	-0.651189	-0.643419
542.0	-0.648273	-0.629161	-0.629470	-0.631934	-0.651754	-0.638757	-0.631639	-0.635107	-0.631177	-0.629023	-0.640519	-0.644362	-0.646767	-0.635809	-0.644675	-0.644977	-0.643983	-0.634879	-0.628824	-0.632339
543.0	-0.632665	-0.627654	-0.621143	-0.619243	-0.642014	-0.632629	-0.619940	-0.630137	-0.619260	-0.619776	-0.604976	-0.625439	-0.631337	-0.626812	-0.615004	-0.621547	-0.618065	-0.622122	-0.617793	-0.620555
544.0	-0.603271	-0.589782	-0.610107	-0.617111	-0.612689	-0.598251	-0.591158	-0.614916	-0.602990	-0.594736	-0.603715	-0.606005	-0.604513	-0.615288	-0.605351	-0.602580	-0.593702	-0.606404	-0.603625	-0.613807
545.0	-0.586548	-0.595206	-0.590745	-0.585841	-0.581084	-0.586619	-0.585463	-0.596278	-0.595425	-0.582995	-0.584997	-0.594447	-0.574763	-0.587893	-0.588992	-0.574484	-0.583128	-0.585380	-0.593809	-0.574929
546.0	-0.576513	-0.566777	-0.577101	-0.576805	-0.581291	-0.580491	-0.570348	-0.564697	-0.573870	-0.567618	-0.579319	-0.571535	-0.556107	-0.560397	-0.576900	-0.556531	-0.569028	-0.578848	-0.577314	-0.573418
547.0	-0.555127	-0.565370	-0.535065	-0.539747	-0.545853	-0.535208	-0.535147	-0.535705	-0.541123	-0.552761	-0.561337	-0.549953	-0.542089	-0.548974	-0.539304	-0.545577	-0.545598	-0.547515	-0.549585	-0.548943
548.0	-0.518639	-0.515643	-0.517007	-0.517411	-0.526475	-0.516928	-0.509367	-0.515514	-0.519569	-0.507149	-0.533261	-0.528166	-0.523029	-0.511673	-0.525789	-0.512105	-0.497805	-0.516794	-0.502528	-0.520036
549.0	-0.502726	-0.485606	-0.488114	-0.500151	-0.479742	-0.492625	-0.479032	-0.484554	-0.492521	-0.488032	-0.498980	-0.500959	-0.478657	-0.487614	-0.502622	-0.485024	-0.488475	-0.490463	-0.512749	-0.515806
550.0	-0.457927	-0.441404	-0.459822	-0.462586	-0.471452	-0.463440	-0.452631	-0.466227	-0.475837	-0.462057	-0.461650	-0.469353	-0.463631	-0.466890	-0.463502	-0.466868	-0.458099	-0.465662	-0.471662	-0.454567
551.0	-0.446575	-0.420609	-0.425812	-0.427255	-0.436531	-0.434048	-0.445694	-0.443033	-0.433556	-0.420081	-0.430208	-0.444088	-0.419259	-0.445258	-0.455271	-0.450133	-0.431559	-0.419530	-0.430373	-0.427675
552.0	-0.433297	-0.413778	-0.397521	-0.382887	-0.413320	-0.402682	-0.406248	-0.385256	-0.394592	-0.400652	-0.388462	-0.427007	-0.398687	-0.420087	-0.392577	-0.386131	-0.414971	-0.410344	-0.419039	-0.392826
553.0	-0.387991	-0.367969	-0.352576	-0.357607	-0.376638	-0.377859	-0.358002	-0.383496	-0.351793	-0.366781	-0.359439	-0.380160	-0.339389	-0.361354	-0.354269	-0.347588	-0.380241	-0.353190	-0.369856	-0.356163
554.0	-0.327278	-0.333010	-0.306828	-0.323595	-0.337572	-0.338184	-0.323319	-0.333899	-0.313761	-0.336858	-0.331783	-0.327995	-0.318212	-0.329208	-0.338723	-0.359861	-0.358781	-0.327471	-0.341217	-0.329372
555.0	-0.290385	-0.288105	-0.280443	-0.296386	-0.280166	-0.293628	-0.279525	-0.282438	-0.283812	-0.305584	-0.283306	-0.295366	-0.279184	-0.291199	-0.283243	-0.311886	-0.304664	-0.280522	-0.316726	-0.298853
556.0	-0.247511	-0.252542	-0.245430	-0.253135	-0.243173	-0.240348	-0.250432	-0.265871	-0.208163	-0.245011	-0.244924	-0.243098	-0.250645	-0.222661	-0.246764	-0.241596	-0.255420	-0.246638	-0.258436	-0.243960
557.0	-0.195515	-0.171171	-0.164168	-0.177700	-0.193123	-0.192884	-0.207569	-0.189870	-0.174276	-0.175087	-0.176048	-0.215379	-0.173095	-0.201938	-0.180310	-0.174653	-0.182434	-0.185912	-0.169381	-0.177787
558.0	-0.126390	-0.125663	-0.134271	-0.139932	-0.152918	-0.142719	-0.147313	-0.142447	-0.141115	-0.121059	-0.144606	-0.147871	-0.126605	-0.134411	-0.140783	-0.152643	-0.128317	-0.147741	-0.126270	-0.123901
559.0	-0.060813	-0.064384	-0.073676	-0.095361	-0.077895	-0.086634	-0.070389	-0.065307	-0.084222	-0.112540	-0.080987	-0.092637	-0.089998	-0.082856	-0.076971	-0.058619	-0.081561	-0.095894	-0.089838	-0.083412
560.0	-0.036893	-0.020383	-0.026222	-0.025815	-0.009194	-0.035120	-0.037465	-0.022440	-0.034791	-0.001575	-0.039766	-0.035664	-0.036852	-0.012095	-0.020577	-0.025959	-0.022468	-0.039862	-0.039138	-0.038289
561.0	0.037502	0.027837	0.032066	0.025355	0.028421	0.041010	0.004258	-0.005976	0.039614	0.060037	0.046777	0.056801	0.032227	0.034608	0.031347	0.054170	0.061507	0.035664	0.026237	0.001899
562.0	0.091221	0.095446	0.133293	0.094901	0.112666	0.128045	0.116798	0.102434	0.099098	0.107207	0.084107	0.108967	0.080835	0.099608	0.106946	0.091090	0.131485	0.120579	0.105071	0.092648
563.0	0.178996	0.195804	0.210743	0.174398	0.194320	0.176548	0.184198	0.160107	0.189462	0.160611	0.165076	0.149676	0.172604	0.184320	0.157548	0.177405	0.177827	0.193144	0.160022	0.159728
564.0	0.224201	0.276974	0.236024	0.246990	0.215977	0.227959	0.238863	0.254953	0.251640	0.220769	0.262030	0.254314	0.256104	0.272469	0.239854	0.225077	0.254544	0.241215	0.243815	0.214621
565.0	0.324138	0.313139	0.307254	0.317044	0.307890	0.283836	0.312682	0.306725	0.296822	0.288927	0.354251	0.313639	0.301485	0.332111	0.301837	0.293439	0.353344	0.331029	0.310606	0.290061
566.0	0.427521	0.393506	0.430653	0.386082	0.381461	0.390812	0.410003	0.391631	0.393197	0.394904	0.446788	0.449678	0.419474	0.445330	0.429868	0.441525	0.392739	0.370833	0.384481	0.392796
567.0	0.524823	0.518074	0.519941	0.496747	0.514097	0.499865	0.478334	0.491032	0.506153	0.513349	0.515139	0.514117	0.507210	0.501939	0.479657	0.488182	0.487081	0.503513	0.505920	0.522726
568.0	0.591718	0.611501	0.650362	0.597260	0.584560	0.603726	0.593255	0.633922	0.617036	0.599586	0.567717	0.600037	0.588895	0.566635	0.597527	0.571353	0.596974	0.636192	0.600035	0.595245
569.0	0.711318	0.685840	0.727611	0.687619	0.735849	0.715895	0.705070	0.687765	0.709266	0.658808	0.670769	0.649133	0.701842	0.663680	0.720477	0.700167	0.714123	0.692326	0.717426	0.668771
570.0	0.838014	0.779266	0.801851	0.796254	0.790768	0.809370	0.853122	0.804769	0.838803	0.753357	0.796955	0.755510	0.800671	0.782964	0.814975	0.764067	0.799135	0.790305	0.812553	0.813809
571.0	0.907949	0.937991	0.938292	0.894735	0.908898	0.896612	0.892464	0.905206	0.904089	0.899854	0.945224	0.846543	0.974125	0.934597	0.906426	0.917224	0.942202	0.913799	0.890476	0.950789
572.0	0.988021	0.996257	0.966382	1.016568	0.999049	0.963083	0.992891	1.027388	0.985956	1.028689	0.979926	1.035771	1.023540	0.997271	0.950119	1.000396	1.019957	1.032190	1.018999	1.001149
573.0	1.137014	1.145940	1.101820	1.105913	1.101635	1.145877	1.128519	1.138179	1.130001	1.121160	1.065102	1.146238	1.098166	1.085218	1.101520	1.127181	1.074903	1.078118	1.123233	1.113956
574.0	1.251547	1.170050	1.195121	1.171906	1.206293	1.206117	1.210310	1.192022	1.223267	1.205318	1.156587	1.224998	1.237333	1.176197	1.198051	1.217453	1.141253	1.146499	1.253780	1.184461
575.0	1.312360	1.315715	1.274377	1.325212	1.334784	1.331788	1.304524	1.329735	1.337259	1.320646	1.261742	1.278186	1.308933	1.298514	1.330146	1.272224	1.286394	1.310818	1.334739	1.293239
576.0	1.374188	1.368958	1.399781	1.332319	1.415610	1.385795	1.373891	1.356656	1.342440	1.440130	1.371104	1.381494	1.345237	1.333895	1.396194	1.412195	1.356892	1.397570	1.399507	1.422162
577.0	1.486693	1.450329	1.474021	1.485626	1.448769	1.446034	1.470176	1.446739	1.438815	1.490002	1.555126	1.453093	1.473311	1.518887	1.476467	1.551152	1.441903	1.433291	1.463262	1.484609
578.0	1.566764	1.561838	1.569329	1.564817	1.526485	1.556126	1.599592	1.546141	1.628457	1.628188	1.616116	1.527761	1.567098	1.512821	1.585191	1.596795	1.562163	1.583321	1.566485	1.589358
579.0	1.627578	1.646223	1.681692	1.647054	1.638397	1.621558	1.629617	1.618621	1.651255	1.622993	1.618219	1.645389	1.692146	1.611888	1.688835	1.703295	1.593264	1.631290	1.671732	1.683028
580.0	1.735016	1.755723	1.760948	1.744521	1.725439	1.720226	1.734184	1.769795	1.736231	1.768452	1.716013	1.725171	1.719375	1.713987	1.743705	1.736766	1.699010	1.728248	1.758763	1.702165
581.0	1.772517	1.842117	1.855252	1.802392	1.750309	1.776310	1.773527	1.816389	1.769393	1.792349	1.831684	1.788588	1.776857	1.792836	1.769108	1.792552	1.786095	1.838475	1.834662	1.802886
582.0	1.909348	1.929516	1.872307	1.914072	1.846677	1.847974	1.851176	1.880586	1.898929	1.884819	1.882159	1.888827	1.847449	1.884826	1.892058	1.862538	1.904281	1.875217	1.883238	1.820009
583.0	1.948877	1.964676	1.916450	1.943515	1.943046	1.971568	1.898801	1.923039	1.984941	1.910794	1.979954	1.940993	1.941235	1.919196	1.912381	1.906152	1.884583	1.944618	2.000628	1.949938
584.0	1.985365	1.976731	2.030819	1.969912	2.003147	1.985070	1.984733	1.989307	2.006703	1.995991	1.983108	2.000318	2.001743	2.054654	2.076991	1.978166	2.011063	2.023206	2.017832	2.057709
585.0	1.998542	2.061116	2.017777	2.032859	2.030088	2.052579	2.105866	2.033831	1.997377	2.041707	2.063026	1.996226	2.058216	2.059709	2.045492	2.034966	2.104369	2.085463	2.049204	2.104041
586.0	2.077600	2.119382	2.102049	2.141494	2.104696	2.121127	2.082054	2.104240	2.055409	2.042746	2.147151	2.081123	2.173180	2.125416	2.083088	2.107994	2.099185	2.126287	2.146355	2.148358
587.0	2.134359	2.123401	2.168263	2.143524	2.152362	2.125281	2.110008	2.159118	2.135204	2.119631	2.158718	2.139425	2.211502	2.152710	2.177587	2.185080	2.155168	2.163030	2.151415	2.173538
588.0	2.214430	2.137465	2.157227	2.186166	2.198992	2.228103	2.189728	2.199500	2.190127	2.184049	2.167130	2.163974	2.172172	2.251776	2.150152	2.223623	2.166572	2.220184	2.175702	2.231956
589.0	2.255986	2.213813	2.206386	2.224746	2.250803	2.258223	2.194905	2.187075	2.197381	2.253661	2.183955	2.308196	2.250831	2.255820	2.240586	2.214494	2.269207	2.268153	2.205050	2.204762
590.0	2.222539	2.212809	2.208392	2.266372	2.235260	2.272763	2.268413	2.249201	2.241942	2.290026	2.277543	2.258076	2.279068	2.316473	2.236522	2.242894	2.241216	2.246720	2.247554	2.252100
591.0	2.284366	2.292171	2.273603	2.331350	2.248731	2.276918	2.300508	2.277158	2.206708	2.311845	2.258615	2.300013	2.251840	2.277048	2.276150	2.260137	2.267134	2.231411	2.229338	2.299439
592.0	2.262068	2.344409	2.292664	2.350640	2.345099	2.272763	2.306720	2.287512	2.305155	2.339898	2.267028	2.280579	2.306297	2.271994	2.325940	2.289551	2.307566	2.325307	2.310297	2.287353
593.0	2.291461	2.281120	2.272599	2.302922	2.347172	2.272763	2.269448	2.281299	2.310337	2.308728	2.314348	2.313310	2.282094	2.338712	2.323908	2.274337	2.365623	2.308977	2.288033	2.273252
594.0	2.344166	2.308244	2.348846	2.286678	2.308832	2.288342	2.362627	2.340319	2.324845	2.332625	2.264925	2.356270	2.325457	2.288168	2.325940	2.337223	2.330374	2.385523	2.312321	2.356850
595.0	2.330990	2.367515	2.325771	2.354701	2.369969	2.310153	2.346062	2.358957	2.308264	2.346132	2.323812	2.310241	2.356719	2.375104	2.300537	2.253037	2.373916	2.354905	2.350777	2.304475
596.0	2.272203	2.330345	2.372923	2.325258	2.320230	2.327809	2.357451	2.367241	2.325881	2.379379	2.302781	2.342973	2.318398	2.349832	2.323908	2.322008	2.292015	2.309998	2.372028	2.353828
597.0	2.271190	2.341395	2.304703	2.327289	2.327484	2.339234	2.339850	2.314433	2.330026	2.304572	2.289110	2.346041	2.287136	2.335679	2.354391	2.299694	2.293052	2.305915	2.350777	2.337713
598.0	2.281325	2.366510	2.305706	2.286678	2.347172	2.358967	2.271519	2.325823	2.382877	2.322235	2.288059	2.355247	2.264950	2.315462	2.356423	2.355480	2.260914	2.264070	2.321429	2.337713
599.0	2.277271	2.270070	2.382956	2.317136	2.265310	2.338195	2.259095	2.334107	2.335208	2.323274	2.336430	2.301036	2.291170	2.298277	2.300537	2.367651	2.264024	2.343678	2.328513	2.306490
600.0	2.298556	2.227877	2.275609	2.260281	2.302614	2.273802	2.306720	2.321681	2.302046	2.281714	2.318554	2.360361	2.307305	2.259863	2.313746	2.333166	2.323117	2.288565	2.359885	2.281309
601.0	2.283353	2.297194	2.233473	2.264342	2.235260	2.285227	2.296366	2.283370	2.341426	2.305611	2.351152	2.243756	2.305288	2.312429	2.303585	2.236809	2.284758	2.300812	2.220230	2.273252
602.0	2.225580	2.328336	2.287648	2.240990	2.279818	2.262377	2.293260	2.215032	2.245050	2.346132	2.302781	2.253985	2.261924	2.247733	2.288343	2.216523	2.202857	2.230390	2.217194	2.283324
603.0	2.196186	2.240937	2.270593	2.217639	2.263238	2.238489	2.171092	2.210890	2.273030	2.237038	2.223914	2.222276	2.222595	2.212352	2.234489	2.195223	2.192490	2.247740	2.272853	2.236992
604.0	2.220512	2.220845	2.233473	2.253174	2.296397	2.183443	2.140032	2.177756	2.239869	2.241194	2.229172	2.183408	2.215535	2.187080	2.261924	2.144509	2.254693	2.210998	2.212134	2.160445
605.0	2.193146	2.237923	2.167259	2.233884	2.183449	2.142938	2.215611	2.193288	2.192200	2.186127	2.134532	2.177271	2.184273	2.185058	2.138974	2.170880	2.213224	2.173236	2.182786	2.205769
606.0	2.204295	2.163584	2.107065	2.199364	2.155471	2.121127	2.165915	2.124949	2.188054	2.138333	2.161872	2.143517	2.168138	2.161808	2.125765	2.160737	2.106442	2.116081	2.141295	2.132243
607.0	2.105979	2.092258	2.074961	2.147585	2.173087	2.133590	2.108972	2.089744	2.184946	2.084306	2.112449	2.089306	2.161079	2.156753	2.111539	2.149580	2.155168	2.088525	2.138259	2.136272
608.0	2.131318	2.158561	2.059913	2.086669	2.081899	2.109702	2.120361	2.113559	2.087534	2.031317	2.094573	2.090329	2.110656	2.081948	2.111539	2.091766	2.157241	2.082401	2.071468	2.109077
609.0	2.099898	2.091254	2.041854	2.031844	2.079827	2.066081	2.095513	2.069035	2.055409	2.042746	2.030428	2.008501	2.095529	2.054654	2.078008	2.051194	2.096075	2.051783	2.005688	2.054688
610.0	1.987393	2.049061	2.037841	1.999355	2.005219	2.051541	2.027182	1.995519	2.061627	2.023005	2.017809	2.010546	2.088470	2.005121	1.975380	2.022795	2.001733	1.986463	1.963185	2.046630
611.0	1.979284	2.023947	2.000722	2.029813	2.005219	1.975722	2.005440	1.934429	1.964215	2.009498	1.983108	2.004409	2.030988	1.985914	1.969283	1.954837	1.964411	1.931350	1.987472	1.926772
612.0	1.930633	1.895360	1.976644	1.974988	1.961698	1.945603	1.924684	1.962386	1.905147	1.918067	1.909499	1.938947	1.965438	1.916163	1.915429	1.924409	1.939530	1.989525	1.946993	1.942888
613.0	1.909348	1.878282	1.908424	1.883614	1.954444	1.927947	1.955744	1.914756	1.913437	1.879624	1.856922	1.895987	1.887787	1.892913	1.891042	1.924409	1.937456	1.895629	1.864010	1.929794
614.0	1.875901	1.828053	1.861271	1.871430	1.869474	1.847974	1.859459	1.841240	1.834679	1.816246	1.825375	1.830525	1.831313	1.865619	1.898155	1.863552	1.897024	1.871134	1.894369	1.867347
615.0	1.844480	1.845131	1.836190	1.809498	1.819736	1.824086	1.903978	1.831921	1.780792	1.876507	1.839045	1.831548	1.847449	1.875728	1.853446	1.832109	1.869032	1.830310	1.810374	1.842167
616.0	1.841440	1.767778	1.824152	1.795285	1.747200	1.807469	1.769386	1.738732	1.724832	1.830792	1.787519	1.753811	1.770806	1.777672	1.796543	1.773281	1.781948	1.730290	1.733463	1.788785
617.0	1.693460	1.796911	1.753925	1.733353	1.686063	1.757615	1.748679	1.734590	1.720687	1.724814	1.750715	1.769154	1.728451	1.763520	1.745738	1.747923	1.742552	1.685383	1.699055	1.738425
618.0	1.700555	1.690425	1.705769	1.671421	1.722331	1.706724	1.746608	1.747015	1.740376	1.709229	1.734941	1.704714	1.700214	1.669508	1.659368	1.700252	1.708340	1.680280	1.703103	1.706194
619.0	1.718799	1.686406	1.699750	1.656192	1.638397	1.614288	1.675171	1.641401	1.647110	1.658319	1.690776	1.608566	1.686096	1.656367	1.661400	1.697209	1.643027	1.624146	1.657564	1.626625
620.0	1.750219	1.632159	1.627517	1.641978	1.614564	1.618442	1.651358	1.587558	1.597368	1.647929	1.653972	1.647435	1.640715	1.615931	1.647174	1.632295	1.606742	1.621084	1.636312	1.613531
621.0	1.601226	1.620104	1.578358	1.618627	1.587622	1.589362	1.588204	1.602054	1.551771	1.592862	1.603497	1.599361	1.591301	1.586616	1.579095	1.590709	1.623329	1.624146	1.587737	1.531947
622.0	1.578927	1.527682	1.545251	1.550603	1.467421	1.544702	1.522978	1.534751	1.521719	1.537796	1.550919	1.551287	1.539870	1.560333	1.512031	1.596795	1.571493	1.524126	1.565473	1.496695
623.0	1.513046	1.507590	1.481044	1.515069	1.488145	1.442918	1.564391	1.517148	1.484412	1.533640	1.474156	1.508327	1.482388	1.475419	1.508983	1.527824	1.499959	1.489425	1.522969	1.503745
624.0	1.429934	1.472430	1.432888	1.450091	1.452913	1.464729	1.472247	1.415676	1.446070	1.471300	1.453125	1.467413	1.447092	1.507767	1.412452	1.525795	1.492702	1.465951	1.447070	1.472522
625.0	1.398513	1.374985	1.415833	1.425724	1.444624	1.433571	1.379068	1.397038	1.468868	1.439091	1.383722	1.392745	1.394652	1.425885	1.389081	1.433495	1.486482	1.478198	1.359027	1.420147
626.0	1.357971	1.387040	1.353632	1.346533	1.380378	1.414876	1.379068	1.423959	1.413944	1.355972	1.443661	1.365128	1.359356	1.368265	1.410419	1.354381	1.393177	1.446559	1.404567	1.390938
627.0	1.295130	1.364939	1.359652	1.345518	1.301625	1.345290	1.345937	1.362869	1.316533	1.304022	1.378465	1.398882	1.308933	1.355124	1.357581	1.357424	1.355855	1.375116	1.348907	1.355686
628.0	1.311347	1.309687	1.309490	1.325212	1.319241	1.339058	1.270358	1.319380	1.260573	1.287399	1.337454	1.287392	1.299857	1.307612	1.347420	1.316852	1.323716	1.338374	1.262888	1.315398
629.0	1.233303	1.229320	1.242273	1.272418	1.264321	1.290243	1.281747	1.277963	1.270936	1.267658	1.258587	1.246478	1.229265	1.300536	1.275276	1.302653	1.278101	1.278158	1.252768	1.263023
630.0	1.259655	1.221284	1.260331	1.274448	1.232198	1.233120	1.200992	1.236546	1.226376	1.259346	1.243866	1.251592	1.252459	1.247970	1.188906	1.210353	1.239742	1.245498	1.217348	1.209641
631.0	1.224181	1.172059	1.196124	1.164799	1.189713	1.240390	1.220663	1.229298	1.201505	1.166875	1.211268	1.252615	1.192960	1.186306	1.112697	1.193110	1.203457	1.223045	1.218360	1.177410
632.0	1.146136	1.069591	1.150978	1.138401	1.194894	1.178074	1.153367	1.237581	1.199432	1.150252	1.172360	1.156467	1.176825	1.159012	1.158423	1.160653	1.167171	1.157726	1.195085	1.144173
633.0	1.120797	1.099729	1.128907	1.071393	1.111997	1.102256	1.097459	1.136108	1.124819	1.099341	1.106112	1.163627	1.148588	1.097349	1.119810	1.097767	1.150584	1.105674	1.120197	1.105899
634.0	1.092418	1.051509	1.064700	1.064286	1.055005	1.104333	1.072611	1.120577	1.096839	1.042196	1.107164	1.110439	1.014464	1.035685	1.148261	1.056181	1.056242	1.074035	1.075670	1.074675
635.0	1.040726	1.010321	1.052661	0.986110	1.025991	1.018129	1.058117	1.039813	1.068859	1.034923	1.044070	1.076685	1.041692	1.020522	1.090343	1.087624	1.070756	1.045458	1.025070	1.038416
636.0	0.988021	0.998266	1.021560	0.987125	0.960709	0.999434	1.009456	1.018069	1.028444	1.008949	1.012524	1.050091	1.018497	1.009402	0.951135	1.065310	1.018920	1.037293	1.005843	0.978991
637.0	0.931261	0.930959	0.982434	1.001339	0.948274	0.972431	0.993926	0.972510	0.996319	0.965311	0.952585	0.990765	0.977151	0.939651	0.930813	0.986196	0.932872	0.974015	0.967387	0.952803
638.0	0.937343	0.862647	0.872078	0.878491	0.903716	0.939195	0.888323	0.908313	0.943468	0.947648	0.937864	0.980537	0.916643	0.941673	0.908458	0.964896	0.915248	0.887263	0.959291	0.936688
639.0	0.915044	0.826482	0.905185	0.890674	0.891282	0.890381	0.907994	0.877250	0.887508	0.866607	0.895801	0.879275	0.833950	0.890118	0.910490	0.887810	0.821943	0.887263	0.890476	0.901436
640.0	0.866393	0.858629	0.852013	0.878491	0.873666	0.857145	0.887288	0.835832	0.855383	0.869724	0.902111	0.818927	0.859161	0.841595	0.845459	0.808696	0.859265	0.884201	0.838864	0.848054
641.0	0.860312	0.836528	0.867062	0.807422	0.835326	0.839489	0.791003	0.849293	0.810823	0.833359	0.779079	0.814835	0.827899	0.828454	0.843427	0.796525	0.797061	0.853583	0.826721	0.829924
642.0	0.845108	0.796344	0.788809	0.836865	0.779370	0.797945	0.767190	0.822372	0.762117	0.774136	0.833760	0.831201	0.729070	0.842606	0.808879	0.791453	0.745225	0.777037	0.816601	0.819852
643.0	0.758956	0.715978	0.706543	0.770872	0.769008	0.777173	0.734060	0.779919	0.784915	0.711797	0.723347	0.803584	0.671588	0.766790	0.746896	0.774210	0.731748	0.747439	0.750821	0.794672
644.0	0.747807	0.702918	0.718582	0.681528	0.727559	0.705509	0.697823	0.750927	0.694758	0.673354	0.734914	0.700276	0.740163	0.725344	0.709299	0.679882	0.637406	0.739274	0.703258	0.724167
645.0	0.694088	0.680817	0.684472	0.670360	0.673675	0.641116	0.645022	0.682588	0.672996	0.715953	0.696006	0.678796	0.676631	0.620212	0.632075	0.705239	0.624965	0.653543	0.692126	0.637547
646.0	0.680911	0.712964	0.664407	0.664268	0.684038	0.641116	0.660551	0.623568	0.646052	0.634911	0.586644	0.607197	0.614106	0.634365	0.665606	0.591639	0.649847	0.653543	0.674922	0.650641
647.0	0.606921	0.577345	0.614245	0.587107	0.656060	0.627614	0.621209	0.615285	0.645016	0.593352	0.550892	0.656293	0.597971	0.601005	0.599559	0.570339	0.657104	0.645378	0.608131	0.655677
648.0	0.537999	0.536157	0.594181	0.583046	0.577307	0.593340	0.630527	0.621497	0.597347	0.596469	0.569820	0.601060	0.579819	0.560570	0.585333	0.560196	0.637406	0.608636	0.596999	0.572079
649.0	0.533945	0.515061	0.548032	0.573908	0.583524	0.587108	0.515606	0.532450	0.567294	0.582962	0.523551	0.586740	0.537464	0.545407	0.571108	0.577439	0.590753	0.540255	0.571699	0.559992
650.0	0.542053	0.542184	0.507902	0.517053	0.502699	0.581915	0.496970	0.477572	0.506153	0.507115	0.522500	0.530483	0.495109	0.522157	0.507092	0.538896	0.537881	0.485142	0.521100	0.446178
651.0	0.483267	0.476886	0.476802	0.462228	0.461250	0.481171	0.462804	0.501387	0.439830	0.440620	0.502520	0.462975	0.491075	0.483743	0.451206	0.502382	0.467383	0.487183	0.469488	0.461286
652.0	0.423467	0.482914	0.489844	0.426693	0.458142	0.455205	0.446239	0.464111	0.433613	0.417762	0.436272	0.404672	0.486032	0.451395	0.471528	0.434425	0.477751	0.458606	0.416865	0.410926
653.0	0.368734	0.437708	0.387513	0.412480	0.407367	0.440665	0.386190	0.413375	0.441903	0.404255	0.434169	0.405695	0.372077	0.404894	0.414626	0.409068	0.436282	0.366750	0.445200	0.424019
654.0	0.357585	0.393506	0.375475	0.397250	0.382497	0.371079	0.390331	0.378170	0.385943	0.408411	0.435221	0.397512	0.387204	0.383666	0.384142	0.384725	0.310838	0.383080	0.394601	0.413947
655.0	0.380897	0.368391	0.352400	0.358670	0.318252	0.353422	0.338565	0.371957	0.349673	0.358539	0.380540	0.347393	0.350899	0.385688	0.374997	0.366468	0.337793	0.344297	0.324774	0.362580
656.0	0.360626	0.316153	0.320296	0.346487	0.295455	0.339920	0.306470	0.330540	0.332056	0.325292	0.324808	0.340233	0.316612	0.320991	0.328256	0.327925	0.355417	0.296328	0.295426	0.323299
657.0	0.315016	0.310125	0.259099	0.266280	0.277839	0.297338	0.317859	0.334682	0.294749	0.278537	0.268549	0.315684	0.293417	0.318969	0.289644	0.290397	0.278700	0.299390	0.293402	0.310205
658.0	0.304880	0.275970	0.252076	0.266280	0.277839	0.247796	0.254911	0.307760	0.223349	0.241133	0.275385	0.268633	0.273248	0.317958	0.284563	0.263011	0.256514	0.267751	0.296438	0.275960
659.0	0.263324	0.271951	0.208335	0.240898	0.264368	0.245615	0.231823	0.252572	0.218686	0.224198	0.227118	0.245108	0.233918	0.207772	0.199717	0.224874	0.226034	0.242236	0.302510	0.244737
660.0	0.195922	0.223329	0.186765	0.202318	0.219604	0.194723	0.245075	0.219956	0.219307	0.209652	0.239421	0.227719	0.190252	0.187555	0.198396	0.246782	0.224479	0.220190	0.201615	0.248765
661.0	0.201395	0.214991	0.179141	0.198155	0.190279	0.174782	0.196415	0.206909	0.188944	0.175781	0.178116	0.188135	0.175730	0.209086	0.209066	0.190692	0.197006	0.201207	0.172267	0.193671
662.0	0.177779	0.167575	0.105804	0.169626	0.206651	0.125137	0.148686	0.175121	0.152674	0.138896	0.171176	0.170644	0.176638	0.159553	0.166998	0.177811	0.137498	0.169568	0.136038	0.154793
663.0	0.129534	0.124076	0.164092	0.143635	0.169140	0.116413	0.162663	0.138570	0.130083	0.119987	0.134792	0.114183	0.118147	0.133877	0.122696	0.171725	0.147969	0.148543	0.107702	0.148246
664.0	0.109769	0.106295	0.137908	0.132974	0.144788	0.127733	0.121768	0.117344	0.074641	0.116974	0.109344	0.120218	0.108769	0.087174	0.143831	0.148600	0.143304	0.120068	0.090093	0.103627
665.0	0.080376	0.092934	0.080021	0.100282	0.104687	0.118490	0.086670	0.113099	0.112155	0.097337	0.112183	0.083395	0.091726	0.050075	0.084998	0.083178	0.113861	0.081591	0.100416	0.102116
666.0	0.080072	0.067619	0.063668	0.065357	0.034949	0.058770	0.074868	0.095703	0.075159	0.071050	0.087367	0.049334	0.057035	0.072820	0.069350	0.087438	0.059744	0.077407	0.064389	0.051051
667.0	0.049665	0.040394	0.053535	0.032361	0.040130	0.056901	0.025690	0.042068	0.039407	0.034062	0.046251	0.038595	0.042211	0.045526	0.026571	0.039868	0.048029	0.042297	0.061049	0.047727
668.0	0.043482	0.020001	0.034173	-0.000941	0.043135	0.019926	0.012748	0.006035	0.040443	0.019932	0.044148	0.044732	0.037773	0.037641	0.016308	0.027595	0.025325	0.014843	0.023403	0.018518
669.0	0.028076	-0.018273	0.015011	0.017030	-0.000386	-0.001469	0.004983	0.006967	-0.006915	0.002892	0.011339	0.043709	0.014882	0.031373	0.005436	0.014004	0.003554	-0.019041	0.008932	-0.001324
670.0	-0.016014	-0.028219	-0.041171	-0.008961	-0.031991	0.018472	-0.003714	-0.018091	-0.014687	-0.027550	-0.003698	-0.010605	-0.029894	-0.033424	-0.015496	-0.019467	-0.019150	-0.034963	-0.013939	-0.041310
671.0	-0.043684	-0.037160	-0.032944	-0.048455	-0.057689	-0.014555	-0.033635	-0.044909	-0.045051	-0.058304	-0.025465	-0.043949	-0.048954	-0.045858	-0.082560	-0.042593	-0.039574	-0.031289	-0.015154	-0.051886
672.0	-0.075915	-0.075233	-0.071368	-0.056273	-0.047431	-0.052464	-0.069250	-0.066032	-0.050128	-0.083448	-0.072890	-0.057144	-0.070837	-0.028875	-0.081848	-0.059126	-0.077518	-0.058947	-0.064033	-0.053296
673.0	-0.085747	-0.074731	-0.073876	-0.090691	-0.082040	-0.095982	-0.065626	-0.093988	-0.066605	-0.074513	-0.062375	-0.083227	-0.084149	-0.074870	-0.053905	-0.069167	-0.091099	-0.097629	-0.097934	-0.079081
674.0	-0.098315	-0.093416	-0.108187	-0.108966	-0.093335	-0.096086	-0.085504	-0.100304	-0.097176	-0.104539	-0.080567	-0.097854	-0.090906	-0.109847	-0.099326	-0.113086	-0.101052	-0.102732	-0.107346	-0.123297
675.0	-0.099937	-0.129481	-0.133669	-0.119220	-0.116546	-0.123609	-0.127642	-0.107035	-0.132928	-0.110981	-0.115478	-0.113708	-0.107747	-0.147351	-0.132756	-0.150006	-0.117121	-0.114367	-0.116049	-0.147671
676.0	-0.133992	-0.128376	-0.153032	-0.155770	-0.159757	-0.126205	-0.127642	-0.137477	-0.161012	-0.135190	-0.119579	-0.145723	-0.136387	-0.160290	-0.132045	-0.141283	-0.133708	-0.114571	-0.142158	-0.123398
677.0	-0.155885	-0.169262	-0.149119	-0.164095	-0.147529	-0.153624	-0.145760	-0.150212	-0.159561	-0.171554	-0.142082	-0.154110	-0.158472	-0.169893	-0.138446	-0.148992	-0.168024	-0.131819	-0.139628	-0.174665
678.0	-0.164399	-0.188550	-0.162663	-0.192828	-0.161415	-0.176162	-0.165535	-0.168643	-0.182981	-0.188490	-0.180990	-0.164134	-0.188423	-0.173937	-0.182850	-0.190070	-0.193112	-0.174072	-0.180209	-0.177082
679.0	-0.186191	-0.211555	-0.185336	-0.205925	-0.187942	-0.199531	-0.194731	-0.209750	-0.213241	-0.202413	-0.214219	-0.207299	-0.184289	-0.202242	-0.178786	-0.209139	-0.207523	-0.215305	-0.196300	-0.190780
680.0	-0.216192	-0.218286	-0.191355	-0.218819	-0.248354	-0.215318	-0.209951	-0.215548	-0.187230	-0.223504	-0.227994	-0.225096	-0.210206	-0.188999	-0.220447	-0.223947	-0.230953	-0.219388	-0.216135	-0.241140
681.0	-0.232308	-0.245510	-0.198378	-0.218209	-0.221619	-0.206697	-0.244427	-0.223935	-0.228578	-0.244388	-0.244819	-0.219777	-0.226946	-0.247731	-0.242903	-0.238654	-0.229812	-0.220306	-0.227570	-0.252824
682.0	-0.258458	-0.248122	-0.218443	-0.209580	-0.213640	-0.278569	-0.238629	-0.212856	-0.242361	-0.259142	-0.266061	-0.250361	-0.257301	-0.241059	-0.275114	-0.234496	-0.236966	-0.262151	-0.258132	-0.245975
683.0	-0.254099	-0.291922	-0.278938	-0.247957	-0.257472	-0.254785	-0.243702	-0.249200	-0.279149	-0.293532	-0.275209	-0.268567	-0.269806	-0.261075	-0.280906	-0.264620	-0.267238	-0.253578	-0.262383	-0.255140
684.0	-0.272242	-0.286096	-0.303016	-0.263795	-0.258716	-0.283035	-0.289050	-0.282541	-0.286092	-0.266726	-0.279205	-0.272863	-0.276966	-0.281394	-0.287917	-0.269286	-0.278953	-0.280318	-0.276652	-0.286465
685.0	-0.276296	-0.296644	-0.286362	-0.272831	-0.291046	-0.282827	-0.289464	-0.274154	-0.317284	-0.312650	-0.278995	-0.295570	-0.299656	-0.299488	-0.281210	-0.299613	-0.296888	-0.285625	-0.298713	-0.309530
686.0	-0.325353	-0.309904	-0.317061	-0.329382	-0.315708	-0.321878	-0.282009	-0.306045	-0.310134	-0.322728	-0.333781	-0.294343	-0.304900	-0.316370	-0.310170	-0.308741	-0.308811	-0.314305	-0.322900	-0.308522
687.0	-0.346029	-0.328590	-0.328197	-0.321361	-0.330215	-0.321567	-0.327978	-0.323855	-0.330653	-0.341741	-0.320847	-0.316846	-0.315085	-0.320414	-0.317181	-0.333591	-0.340845	-0.310631	-0.325429	-0.344278
688.0	-0.360321	-0.338736	-0.343246	-0.336591	-0.342339	-0.313258	-0.324044	-0.343839	-0.356663	-0.350573	-0.327366	-0.331472	-0.368332	-0.348314	-0.336081	-0.335113	-0.352457	-0.339616	-0.345770	-0.336120
689.0	-0.333563	-0.348380	-0.352074	-0.344307	-0.351354	-0.329045	-0.375499	-0.361648	-0.360705	-0.356183	-0.350921	-0.359499	-0.364702	-0.377832	-0.357521	-0.359354	-0.334936	-0.351149	-0.354474	-0.355156
690.0	-0.375220	-0.359028	-0.342644	-0.358419	-0.369695	-0.380144	-0.378191	-0.372520	-0.356663	-0.357638	-0.381942	-0.351725	-0.359357	-0.374900	-0.368800	-0.373047	-0.354219	-0.369520	-0.370868	-0.367948
691.0	-0.380794	-0.381732	-0.371838	-0.380857	-0.403683	-0.371731	-0.360280	-0.355125	-0.380809	-0.387249	-0.395822	-0.376478	-0.377509	-0.376518	-0.385870	-0.395463	-0.363342	-0.374011	-0.385744	-0.376710
692.0	-0.399748	-0.406244	-0.410563	-0.402482	-0.389176	-0.398631	-0.399001	-0.413213	-0.386509	-0.375716	-0.389092	-0.392332	-0.395661	-0.380157	-0.388411	-0.391913	-0.366453	-0.401873	-0.404972	-0.399070
693.0	-0.405019	-0.418600	-0.407052	-0.397710	-0.403269	-0.399981	-0.399415	-0.393229	-0.392416	-0.400029	-0.389513	-0.409720	-0.401914	-0.394916	-0.404872	-0.409561	-0.385839	-0.412182	-0.393638	-0.422538
694.0	-0.415256	-0.424829	-0.401835	-0.420757	-0.400575	-0.436540	-0.402211	-0.431126	-0.394177	-0.398366	-0.399187	-0.405731	-0.398586	-0.428275	-0.398165	-0.411996	-0.405019	-0.414937	-0.426527	-0.408639
695.0	-0.440696	-0.441706	-0.421398	-0.436189	-0.388347	-0.423869	-0.409976	-0.418494	-0.407235	-0.432030	-0.424214	-0.445929	-0.425511	-0.417559	-0.426820	-0.422950	-0.416008	-0.439228	-0.436647	-0.424653
696.0	-0.432385	-0.433368	-0.436748	-0.436392	-0.427205	-0.442668	-0.413910	-0.435268	-0.442365	-0.447199	-0.434940	-0.435189	-0.450320	-0.452132	-0.439826	-0.430455	-0.432595	-0.454945	-0.442213	-0.451949
697.0	-0.434209	-0.435779	-0.445075	-0.456495	-0.438189	-0.450562	-0.436066	-0.451006	-0.453039	-0.453745	-0.430208	-0.453908	-0.456471	-0.456579	-0.449378	-0.429948	-0.444518	-0.457701	-0.448892	-0.460611
698.0	-0.456203	-0.472245	-0.471961	-0.458119	-0.452489	-0.459390	-0.459878	-0.467056	-0.468998	-0.451147	-0.461965	-0.469659	-0.437210	-0.443842	-0.468277	-0.451045	-0.441304	-0.465049	-0.453143	-0.447416
699.0	-0.488232	-0.467122	-0.467447	-0.481572	-0.457981	-0.458559	-0.466297	-0.471404	-0.463402	-0.470473	-0.467538	-0.491753	-0.464640	-0.478819	-0.466347	-0.471838	-0.460069	-0.467499	-0.467310	-0.472294
700.0	-0.489955	-0.471040	-0.468249	-0.465734	-0.468033	-0.485770	-0.480999	-0.477824	-0.470345	-0.476499	-0.451765	-0.477229	-0.485414	-0.474068	-0.455576	-0.490197	-0.480699	-0.479746	-0.456685	-0.463229
701.0	-0.489043	-0.455971	-0.503563	-0.475074	-0.471556	-0.473930	-0.489075	-0.499775	-0.484853	-0.471823	-0.483207	-0.476513	-0.484304	-0.471338	-0.471630	-0.488270	-0.474583	-0.485564	-0.477936	-0.473402
702.0	-0.488435	-0.489624	-0.492227	-0.489491	-0.504922	-0.511216	-0.496943	-0.511269	-0.485475	-0.477434	-0.479421	-0.479479	-0.493885	-0.510460	-0.497846	-0.487763	-0.492103	-0.495770	-0.497771	-0.486899
703.0	-0.495023	-0.487716	-0.506673	-0.500761	-0.477255	-0.513189	-0.493837	-0.497187	-0.496045	-0.509746	-0.494984	-0.486537	-0.502457	-0.501867	-0.491343	-0.501050	-0.506928	-0.494137	-0.508701	-0.497474
704.0	-0.510632	-0.497259	-0.520719	-0.500862	-0.500363	-0.501765	-0.522308	-0.502985	-0.481744	-0.496759	-0.516541	-0.504743	-0.503969	-0.488119	-0.508820	-0.508251	-0.518954	-0.512610	-0.494837	-0.505331
705.0	-0.520058	-0.504894	-0.512492	-0.531625	-0.512279	-0.514747	-0.509988	-0.504228	-0.514387	-0.528448	-0.526320	-0.509653	-0.508810	-0.511774	-0.517356	-0.507845	-0.520198	-0.506690	-0.514469	-0.511978
706.0	-0.534755	-0.524082	-0.517207	-0.518832	-0.504922	-0.515994	-0.523033	-0.519345	-0.518740	-0.538423	-0.538308	-0.524177	-0.526861	-0.524713	-0.528330	-0.524987	-0.510661	-0.527511	-0.510826	-0.519935
707.0	-0.533031	-0.533525	-0.525936	-0.514873	-0.532278	-0.538012	-0.525932	-0.517378	-0.529828	-0.530318	-0.526741	-0.533997	-0.528072	-0.534923	-0.543165	-0.521437	-0.518021	-0.539350	-0.537745	-0.533029
708.0	-0.533031	-0.532721	-0.539178	-0.519543	-0.528030	-0.542063	-0.549227	-0.527629	-0.538118	-0.543202	-0.519380	-0.531542	-0.534727	-0.556657	-0.533817	-0.535637	-0.528078	-0.531695	-0.539465	-0.536151
709.0	-0.535667	-0.545078	-0.532758	-0.534772	-0.539117	-0.546217	-0.555853	-0.525247	-0.556771	-0.566579	-0.550296	-0.549033	-0.547938	-0.563329	-0.542759	-0.533000	-0.532224	-0.551903	-0.549383	-0.552267
710.0	-0.564046	-0.556329	-0.562955	-0.544925	-0.563883	-0.557745	-0.565171	-0.546266	-0.560398	-0.560138	-0.553661	-0.550771	-0.560544	-0.559487	-0.556679	-0.550851	-0.539793	-0.549760	-0.545740	-0.542899
711.0	-0.557154	-0.555324	-0.562955	-0.547565	-0.550930	-0.565223	-0.559373	-0.557035	-0.560502	-0.556709	-0.544302	-0.552101	-0.550661	-0.572528	-0.547433	-0.570731	-0.550367	-0.550373	-0.560009	-0.561734
712.0	-0.573371	-0.568484	-0.550816	-0.560763	-0.567510	-0.559096	-0.549538	-0.560245	-0.564647	-0.571463	-0.561232	-0.550669	-0.567704	-0.560903	-0.576290	-0.571948	-0.563015	-0.562416	-0.568509	-0.566871
713.0	-0.577932	-0.573005	-0.581314	-0.571525	-0.572380	-0.561277	-0.576456	-0.553100	-0.570243	-0.558995	-0.569855	-0.555681	-0.572141	-0.562217	-0.572734	-0.568601	-0.551922	-0.572826	-0.566384	-0.579763
714.0	-0.577121	-0.576621	-0.574492	-0.578835	-0.578183	-0.572494	-0.575628	-0.571738	-0.577394	-0.576242	-0.572799	-0.577161	-0.579805	-0.579503	-0.574461	-0.575904	-0.576182	-0.575480	-0.569521	-0.577950
715.0	-0.593034	-0.576320	-0.595159	-0.582186	-0.580566	-0.573221	-0.583186	-0.591929	-0.582057	-0.581749	-0.595092	-0.583605	-0.583234	-0.593352	-0.578932	-0.591828	-0.594531	-0.580072	-0.584195	-0.591648
716.0	-0.604994	-0.590786	-0.596764	-0.595790	-0.591965	-0.593266	-0.587430	-0.592447	-0.597083	-0.586320	-0.583420	-0.598129	-0.602899	-0.596385	-0.592955	-0.579961	-0.592354	-0.585686	-0.588243	-0.592555
717.0	-0.595974	-0.602741	-0.584926	-0.590612	-0.593726	-0.595655	-0.613314	-0.600627	-0.608897	-0.595983	-0.594461	-0.580843	-0.604008	-0.599114	-0.602303	-0.586250	-0.596605	-0.589972	-0.592089	-0.593562
718.0	-0.599420	-0.604850	-0.595761	-0.621477	-0.591757	-0.603860	-0.596748	-0.604044	-0.603197	-0.607723	-0.613494	-0.588515	-0.607437	-0.598305	-0.602506	-0.602478	-0.605002	-0.607935	-0.603221	-0.594468
719.0	-0.599014	-0.607965	-0.603988	-0.619243	-0.602534	-0.614661	-0.595817	-0.593172	-0.615011	-0.603879	-0.600034	-0.604369	-0.604210	-0.601641	-0.613175	-0.595682	-0.603758	-0.599668	-0.608483	-0.592353
720.0	-0.612089	-0.610576	-0.615826	-0.626452	-0.607819	-0.603133	-0.614142	-0.613880	-0.629105	-0.591827	-0.609078	-0.609176	-0.614698	-0.612660	-0.611550	-0.606840	-0.613089	-0.613446	-0.617591	-0.613505
721.0	-0.618171	-0.621325	-0.623049	-0.617517	-0.614865	-0.609156	-0.622528	-0.616987	-0.620400	-0.605853	-0.607711	-0.624110	-0.618833	-0.623982	-0.613785	-0.608158	-0.617132	-0.622428	-0.619514	-0.616929
722.0	-0.621211	-0.619417	-0.627865	-0.622492	-0.612482	-0.616219	-0.626566	-0.614709	-0.619882	-0.619880	-0.621486	-0.623803	-0.626396	-0.627419	-0.598239	-0.624387	-0.620968	-0.611916	-0.617996	-0.629721
723.0	-0.632462	-0.621426	-0.630874	-0.633254	-0.627092	-0.614765	-0.632467	-0.622992	-0.633768	-0.635465	-0.616123	-0.634236	-0.634060	-0.607403	-0.620898	-0.619822	-0.616095	-0.631001	-0.638843	-0.633649
724.0	-0.631651	-0.634084	-0.637596	-0.626756	-0.650615	-0.618608	-0.639197	-0.634071	-0.636566	-0.623828	-0.629162	-0.630963	-0.639304	-0.629845	-0.639899	-0.627328	-0.635067	-0.634267	-0.635807	-0.640397
725.0	-0.631347	-0.641618	-0.628366	-0.620157	-0.634450	-0.641042	-0.638576	-0.638006	-0.632006	-0.651257	-0.638942	-0.628713	-0.648380	-0.639347	-0.653414	-0.623372	-0.642428	-0.645596	-0.644712	-0.630929
726.0	-0.639455	-0.639408	-0.644519	-0.628990	-0.634553	-0.646338	-0.650275	-0.644426	-0.648898	-0.639205	-0.654715	-0.631270	-0.647170	-0.647636	-0.640915	-0.647411	-0.638178	-0.642840	-0.649873	-0.636469
727.0	-0.656889	-0.642723	-0.643315	-0.651326	-0.651547	-0.642080	-0.667254	-0.651777	-0.642576	-0.640140	-0.652927	-0.654591	-0.650397	-0.638639	-0.655954	-0.652787	-0.645227	-0.643963	-0.652808	-0.655707
728.0	-0.654152	-0.650760	-0.660069	-0.650514	-0.653412	-0.660463	-0.652863	-0.653744	-0.646307	-0.642634	-0.650929	-0.648863	-0.655440	-0.655521	-0.665810	-0.658974	-0.661193	-0.644779	-0.652808	-0.661347
729.0	-0.645537	-0.666431	-0.655454	-0.674677	-0.669370	-0.657348	-0.662181	-0.662546	-0.658328	-0.650738	-0.663443	-0.657455	-0.664213	-0.660070	-0.656665	-0.660191	-0.661296	-0.651719	-0.653415	-0.661548
730.0	-0.660842	-0.665226	-0.657661	-0.659042	-0.664189	-0.653609	-0.659800	-0.652295	-0.663613	-0.667777	-0.661866	-0.660421	-0.654229	-0.655521	-0.679233	-0.659177	-0.661296	-0.653659	-0.667381	-0.653994
731.0	-0.669862	-0.677180	-0.669599	-0.674474	-0.670096	-0.665760	-0.661456	-0.659129	-0.660401	-0.671829	-0.663758	-0.666660	-0.666734	-0.668258	-0.671704	-0.661509	-0.668450	-0.663048	-0.650885	-0.666383
732.0	-0.672194	-0.670148	-0.667292	-0.680353	-0.671443	-0.665449	-0.660524	-0.666895	-0.677862	-0.664245	-0.672907	-0.665433	-0.673693	-0.670887	-0.664692	-0.677637	-0.671664	-0.677510	-0.660600	-0.674239
733.0	-0.673612	-0.684283	-0.674114	-0.666860	-0.668748	-0.668980	-0.678177	-0.677767	-0.677758	-0.674499	-0.675336	-0.678484	-0.672684	-0.673717	-0.669570	-0.674898	-0.663474	-0.678082	-0.667786	-0.665577
734.0	-0.670572	-0.679963	-0.681518	-0.672444	-0.684292	-0.684756	-0.674398	-0.676628	-0.676183	-0.670686	-0.673958	-0.677707	-0.671071	-0.682016	-0.678603	-0.672971	-0.676122	-0.669172	-0.671833	-0.682790
735.0	-0.684863	-0.680355	-0.682561	-0.676403	-0.689027	-0.700865	-0.685352	-0.680593	-0.676556	-0.674957	-0.684074	-0.675150	-0.679058	-0.690194	-0.676378	-0.682252	-0.680548	-0.674683	-0.682267	-0.674340
736.0	-0.686616	-0.683359	-0.691119	-0.684018	-0.692809	-0.689679	-0.674294	-0.689074	-0.684474	-0.672141	-0.682697	-0.682474	-0.675710	-0.688921	-0.679345	-0.686887	-0.690107	-0.690135	-0.682530	-0.682549
737.0	-0.687914	-0.680234	-0.679682	-0.682048	-0.695100	-0.700792	-0.687930	-0.684134	-0.680235	-0.681409	-0.693349	-0.688713	-0.682436	-0.700617	-0.673228	-0.681937	-0.695363	-0.695800	-0.679940	-0.686044
738.0	-0.680586	-0.692741	-0.696526	-0.695582	-0.689483	-0.692058	-0.695891	-0.694033	-0.699158	-0.695508	-0.695095	-0.682913	-0.683041	-0.698403	-0.690624	-0.694048	-0.686074	-0.685828	-0.686224	-0.689730
739.0	-0.689657	-0.693254	-0.689112	-0.702404	-0.693069	-0.691840	-0.697910	-0.704036	-0.689572	-0.698137	-0.697808	-0.683374	-0.682154	-0.691620	-0.693073	-0.701229	-0.689226	-0.685247	-0.694300	-0.699611
740.0	-0.701414	-0.697453	-0.691269	-0.700293	-0.698788	-0.697417	-0.702455	-0.709492	-0.695510	-0.703009	-0.696325	-0.690339	-0.695203	-0.698716	-0.700033	-0.705834	-0.697737	-0.698259	-0.706008	-0.692591
741.0	-0.702043	-0.710372	-0.705194	-0.694556	-0.703721	-0.693938	-0.704371	-0.715063	-0.702536	-0.697233	-0.698386	-0.704342	-0.695314	-0.696715	-0.704230	-0.705438	-0.692025	-0.699219	-0.700311	-0.703589
742.0	-0.702935	-0.705158	-0.708585	-0.696506	-0.706425	-0.700221	-0.715231	-0.705330	-0.710702	-0.696817	-0.708975	-0.707983	-0.708000	-0.707804	-0.699972	-0.703531	-0.693445	-0.698372	-0.703883	-0.705876
743.0	-0.714064	-0.717936	-0.708646	-0.703521	-0.703255	-0.703690	-0.705416	-0.707960	-0.700609	-0.701939	-0.699911	-0.702685	-0.702061	-0.708643	-0.697604	-0.708593	-0.709794	-0.703444	-0.713983	-0.702794
744.0	-0.704496	-0.701250	-0.709027	-0.715410	-0.710840	-0.711168	-0.716039	-0.706624	-0.710277	-0.710075	-0.712508	-0.713445	-0.714323	-0.707622	-0.709706	-0.710175	-0.711329	-0.700107	-0.706413	-0.696468
745.0	-0.720540	-0.714440	-0.707632	-0.705125	-0.716021	-0.707865	-0.715231	-0.708457	-0.711583	-0.709586	-0.713960	-0.718846	-0.715049	-0.709654	-0.715986	-0.708369	-0.713112	-0.718386	-0.715531	-0.714195
746.0	-0.717115	-0.715345	-0.712769	-0.718821	-0.718870	-0.714419	-0.722706	-0.715777	-0.712764	-0.715675	-0.721142	-0.713006	-0.709261	-0.714789	-0.707146	-0.712761	-0.706508	-0.719386	-0.711412	-0.711023
747.0	-0.712655	-0.708724	-0.718247	-0.717573	-0.721171	-0.722489	-0.714455	-0.720458	-0.712350	-0.711051	-0.711562	-0.716565	-0.719386	-0.719641	-0.714828	-0.723503	-0.712200	-0.717192	-0.708346	-0.719110
748.0	-0.713486	-0.708413	-0.725149	-0.718720	-0.721254	-0.712103	-0.714889	-0.721659	-0.724412	-0.712360	-0.719533	-0.719337	-0.720092	-0.716700	-0.717927	-0.715104	-0.724443	-0.720233	-0.708498	-0.712926
749.0	-0.718594	-0.720177	-0.722962	-0.721674	-0.722259	-0.716382	-0.718213	-0.720986	-0.728682	-0.717212	-0.719722	-0.713210	-0.724327	-0.714840	-0.722377	-0.727113	-0.721178	-0.722080	-0.723071	-0.714437
750.0	-0.726997	-0.720599	-0.718638	-0.720365	-0.730735	-0.717130	-0.720925	-0.729228	-0.721127	-0.713555	-0.724980	-0.725546	-0.728129	-0.720945	-0.720010	-0.728371	-0.715870	-0.723897	-0.720298	-0.723995
751.0	-0.730129	-0.722467	-0.720444	-0.727147	-0.726362	-0.722011	-0.724342	-0.735119	-0.727148	-0.722096	-0.735306	-0.721475	-0.727010	-0.716124	-0.718120	-0.732043	-0.724143	-0.725561	-0.730924	-0.729928
752.0	-0.724767	-0.727892	-0.726393	-0.725004	-0.722083	-0.732034	-0.726868	-0.727426	-0.730164	-0.725815	-0.722835	-0.722825	-0.718095	-0.723614	-0.718811	-0.731049	-0.721727	-0.730470	-0.730782	-0.730895
753.0	-0.719669	-0.731860	-0.727095	-0.723563	-0.724445	-0.725781	-0.724321	-0.730377	-0.729045	-0.725410	-0.733561	-0.725883	-0.731507	-0.720086	-0.734002	-0.722346	-0.724785	-0.730521	-0.733666	-0.738398
754.0	-0.730666	-0.737476	-0.732513	-0.734040	-0.734984	-0.734537	-0.729229	-0.732137	-0.735739	-0.732309	-0.732183	-0.725300	-0.725981	-0.727587	-0.723322	-0.732733	-0.724122	-0.723662	-0.721644	-0.737502
755.0	-0.736534	-0.729047	-0.736104	-0.725807	-0.728766	-0.741807	-0.732687	-0.732085	-0.738019	-0.734782	-0.737819	-0.732603	-0.735572	-0.734410	-0.727773	-0.731221	-0.728486	-0.733277	-0.734304	-0.736213
756.0	-0.734244	-0.732824	-0.747712	-0.734639	-0.737284	-0.737247	-0.734685	-0.736414	-0.740630	-0.729899	-0.731152	-0.736818	-0.731921	-0.732560	-0.735963	-0.737104	-0.738024	-0.732052	-0.736854	-0.735830
757.0	-0.734173	-0.736290	-0.737107	-0.737218	-0.735077	-0.741620	-0.735927	-0.736269	-0.730433	-0.737005	-0.733171	-0.732399	-0.738869	-0.728840	-0.731390	-0.738524	-0.741808	-0.739686	-0.735811	-0.740362
758.0	-0.740609	-0.732111	-0.744953	-0.738386	-0.736072	-0.739480	-0.735844	-0.739075	-0.740454	-0.737223	-0.740911	-0.736040	-0.740604	-0.743003	-0.737355	-0.738524	-0.744545	-0.739012	-0.735761	-0.730129
759.0	-0.744582	-0.739716	-0.741512	-0.729827	-0.738061	-0.747073	-0.738816	-0.739996	-0.737397	-0.734553	-0.742457	-0.732603	-0.735884	-0.739434	-0.731909	-0.743687	-0.745250	-0.740696	-0.738696	-0.739496
760.0	-0.741856	-0.733166	-0.739505	-0.740142	-0.738351	-0.737424	-0.743754	-0.746157	-0.747895	-0.737629	-0.740269	-0.743435	-0.738345	-0.742103	-0.738798	-0.737571	-0.732975	-0.737900	-0.739880	-0.737190
761.0	-0.742930	-0.733648	-0.744321	-0.745838	-0.748278	-0.746522	-0.737418	-0.738464	-0.751169	-0.732631	-0.744307	-0.746596	-0.747744	-0.728770	-0.745260	-0.739295	-0.741072	-0.743391	-0.744515	-0.744421
762.0	-0.748940	-0.741223	-0.751434	-0.737787	-0.736642	-0.743261	-0.747906	-0.751738	-0.746092	-0.747645	-0.746831	-0.749286	-0.744043	-0.739424	-0.742456	-0.737601	-0.742658	-0.742146	-0.741701	-0.741652
763.0	-0.742859	-0.742639	-0.744080	-0.739685	-0.743429	-0.747872	-0.749687	-0.743579	-0.744205	-0.746844	-0.747020	-0.744182	-0.746654	-0.735340	-0.745321	-0.751608	-0.752352	-0.741931	-0.739880	-0.745630
764.0	-0.742991	-0.744829	-0.749829	-0.742081	-0.744175	-0.749036	-0.745939	-0.751541	-0.748858	-0.743364	-0.748976	-0.744264	-0.747441	-0.745207	-0.739519	-0.752227	-0.752870	-0.746902	-0.744727	-0.751099
765.0	-0.753177	-0.736330	-0.751123	-0.741523	-0.740507	-0.752286	-0.753704	-0.753250	-0.740910	-0.747946	-0.746915	-0.745686	-0.750789	-0.747987	-0.737131	-0.751477	-0.746639	-0.746014	-0.742885	-0.746899
766.0	-0.748201	-0.745944	-0.748655	-0.742071	-0.752517	-0.748859	-0.750857	-0.760166	-0.750444	-0.751894	-0.752678	-0.748130	-0.746100	-0.752657	-0.752495	-0.753404	-0.746318	-0.747708	-0.742733	-0.748944
767.0	-0.744116	-0.752042	-0.746458	-0.747635	-0.747294	-0.748059	-0.745929	-0.758013	-0.755543	-0.748777	-0.754381	-0.744919	-0.745979	-0.749998	-0.743838	-0.753870	-0.747946	-0.753066	-0.750222	-0.739234
768.0	-0.752762	-0.746075	-0.743819	-0.749523	-0.752537	-0.748828	-0.751354	-0.749025	-0.755884	-0.753827	-0.749744	-0.750831	-0.749690	-0.752889	-0.747414	-0.754043	-0.754373	-0.748647	-0.754928	-0.749528
769.0	-0.749690	-0.746989	-0.747421	-0.750904	-0.749273	-0.745234	-0.755267	-0.749781	-0.749522	-0.755634	-0.753603	-0.754810	-0.743286	-0.752263	-0.754731	-0.754093	-0.749262	-0.742983	-0.751244	-0.746355
770.0	-0.760343	-0.753328	-0.753039	-0.754417	-0.753511	-0.753377	-0.751499	-0.747555	-0.753356	-0.746221	-0.761637	-0.751230	-0.747481	-0.753000	-0.749345	-0.750442	-0.749211	-0.745126	-0.753319	-0.751321
771.0	-0.758630	-0.751680	-0.753059	-0.752092	-0.752092	-0.754208	-0.754294	-0.750464	-0.756890	-0.755416	-0.748093	-0.749470	-0.749761	-0.751818	-0.749558	-0.746212	-0.746826	-0.758588	-0.750101	-0.755390
772.0	-0.757546	-0.753328	-0.755968	-0.748630	-0.755946	-0.746958	-0.753010	-0.756221	-0.753004	-0.754928	-0.759345	-0.755822	-0.752554	-0.754396	-0.756600	-0.747308	-0.754892	-0.760670	-0.754584	-0.754967
773.0	-0.750704	-0.757718	-0.760453	-0.759118	-0.752506	-0.755724	-0.766273	-0.758831	-0.752786	-0.752123	-0.755948	-0.756548	-0.757536	-0.760693	-0.752017	-0.760980	-0.750144	-0.760313	-0.754736	-0.751230
774.0	-0.752701	-0.754624	-0.756952	-0.759168	-0.755190	-0.753543	-0.758870	-0.760146	-0.751884	-0.755084	-0.757946	-0.755730	-0.755620	-0.755477	-0.757769	-0.755889	-0.762138	-0.759578	-0.749332	-0.756850
775.0	-0.748646	-0.752404	-0.758266	-0.758133	-0.755843	-0.748724	-0.754822	-0.761813	-0.756890	-0.761754	-0.764382	-0.760016	-0.753169	-0.756326	-0.752302	-0.755189	-0.754228	-0.758476	-0.756436	-0.752842
776.0	-0.758417	-0.755247	-0.763452	-0.760214	-0.754320	-0.759359	-0.754418	-0.755704	-0.759242	-0.749660	-0.760449	-0.754636	-0.754833	-0.757125	-0.753430	-0.759226	-0.759899	-0.757649	-0.759522	-0.753799
777.0	-0.759512	-0.754513	-0.758065	-0.761920	-0.759936	-0.762693	-0.762121	-0.759193	-0.758092	-0.756705	-0.758293	-0.762307	-0.754793	-0.755679	-0.756458	-0.759702	-0.761568	-0.763660	-0.759097	-0.761121
778.0	-0.752751	-0.761324	-0.762058	-0.760214	-0.758817	-0.764750	-0.761272	-0.758292	-0.757076	-0.755530	-0.758335	-0.761438	-0.756921	-0.760663	-0.758500	-0.766569	-0.761983	-0.763375	-0.753501	-0.758472
779.0	-0.757272	-0.763243	-0.766763	-0.764397	-0.754620	-0.764864	-0.761065	-0.760829	-0.759978	-0.757099	-0.759891	-0.761816	-0.762961	-0.757610	-0.758602	-0.765869	-0.759153	-0.757486	-0.761749	-0.759499
780.0	-0.760343	-0.761284	-0.760132	-0.759016	-0.760091	-0.766588	-0.763612	-0.758624	-0.762392	-0.759240	-0.759776	-0.760783	-0.766057	-0.759763	-0.763205	-0.762979	-0.764481	-0.755638	-0.767507	-0.759117
781.0	-0.760100	-0.762640	-0.759430	-0.760874	-0.763107	-0.764594	-0.761458	-0.765074	-0.758361	-0.758918	-0.761458	-0.761468	-0.756900	-0.761522	-0.760573	-0.761011	-0.766596	-0.760211	-0.759573	-0.762672
782.0	-0.764671	-0.761063	-0.761105	-0.763717	-0.759128	-0.760242	-0.760641	-0.766659	-0.766123	-0.763759	-0.765770	-0.766992	-0.758786	-0.763281	-0.754365	-0.763678	-0.763984	-0.759945	-0.752742	-0.756770
783.0	-0.761225	-0.763916	-0.764205	-0.760570	-0.763625	-0.763555	-0.761479	-0.765716	-0.761056	-0.762762	-0.765265	-0.767708	-0.764625	-0.757580	-0.756112	-0.765301	-0.767882	-0.764936	-0.761303	-0.758391
784.0	-0.764265	-0.760621	-0.763312	-0.759828	-0.763490	-0.766733	-0.767215	-0.764557	-0.767512	-0.760622	-0.758219	-0.765948	-0.763980	-0.760420	-0.764892	-0.764399	-0.765435	-0.762191	-0.764289	-0.759086
785.0	-0.762674	-0.763062	-0.766131	-0.762702	-0.767718	-0.765124	-0.758922	-0.767632	-0.763926	-0.761785	-0.763709	-0.760936	-0.761953	-0.760127	-0.757057	-0.761366	-0.759142	-0.765824	-0.757569	-0.763548
786.0	-0.769209	-0.765564	-0.765740	-0.766590	-0.763314	-0.765809	-0.760071	-0.764350	-0.762133	-0.765858	-0.765864	-0.762409	-0.761075	-0.768826	-0.762433	-0.761853	-0.765912	-0.764048	-0.762892	-0.766177
787.0	-0.768472	-0.767151	-0.769937	-0.761158	-0.765449	-0.765549	-0.762991	-0.770821	-0.762444	-0.761338	-0.769850	-0.762593	-0.763012	-0.765091	-0.761965	-0.763891	-0.767954	-0.761895	-0.763095	-0.765865
788.0	-0.764428	-0.763755	-0.769689	-0.763179	-0.766329	-0.767180	-0.769151	-0.766617	-0.761387	-0.760216	-0.764623	-0.765560	-0.766814	-0.765121	-0.764932	-0.766447	-0.765653	-0.764058	-0.760200	-0.763750
789.0	-0.766475	-0.763293	-0.772290	-0.758813	-0.763459	-0.767232	-0.767173	-0.769579	-0.763128	-0.761214	-0.768714	-0.761560	-0.764393	-0.762675	-0.761701	-0.763800	-0.760780	-0.763844	-0.764815	-0.763750
790.0	-0.760961	-0.762570	-0.766041	-0.761575	-0.766651	-0.768312	-0.763912	-0.768129	-0.763066	-0.759146	-0.763277	-0.762645	-0.764746	-0.763979	-0.765766	-0.764449	-0.766182	-0.759557	-0.764289	-0.762461
791.0	-0.765380	-0.762480	-0.770065	-0.765595	-0.759366	-0.768208	-0.768581	-0.769962	-0.763719	-0.761141	-0.767831	-0.760691	-0.768592	-0.769965	-0.765491	-0.765271	-0.767903	-0.765661	-0.761698	-0.764999
792.0	-0.762461	-0.764579	-0.765850	-0.761575	-0.765221	-0.760928	-0.769544	-0.768119	-0.763004	-0.764601	-0.770814	-0.766634	-0.762497	-0.764828	-0.765908	-0.761832	-0.770551	-0.769905	-0.767335	-0.762239
793.0	-0.764995	-0.766046	-0.763733	-0.767565	-0.766236	-0.762797	-0.766863	-0.768502	-0.768279	-0.767009	-0.770326	-0.761110	-0.763667	-0.766061	-0.766660	-0.769490	-0.766638	-0.771455	-0.770219	-0.765915
794.0	-0.771692	-0.763103	-0.768087	-0.762915	-0.762361	-0.765477	-0.768840	-0.768398	-0.764962	-0.764476	-0.763309	-0.767524	-0.766128	-0.764737	-0.766375	-0.765748	-0.771157	-0.763211	-0.762396	-0.768051
795.0	-0.769651	-0.765112	-0.767415	-0.767149	-0.764651	-0.764521	-0.765175	-0.771490	-0.763025	-0.768523	-0.768167	-0.769150	-0.762830	-0.763867	-0.764252	-0.763618	-0.765280	-0.764640	-0.762548	-0.767902
796.0	-0.769759	-0.765654	-0.767235	-0.763991	-0.767594	-0.768873	-0.764958	-0.767963	-0.764745	-0.768844	-0.766853	-0.767360	-0.766219	-0.767133	-0.766721	-0.774953	-0.765456	-0.766579	-0.764967	-0.766207
797.0	-0.772310	-0.766980	-0.766272	-0.765483	-0.768412	-0.768561	-0.770620	-0.769548	-0.767439	-0.763001	-0.769692	-0.774089	-0.768247	-0.768633	-0.769596	-0.770399	-0.768670	-0.761833	-0.766303	-0.764737
798.0	-0.764499	-0.767272	-0.768830	-0.767169	-0.769258	-0.765903	-0.771105	-0.773137	-0.768144	-0.763988	-0.770370	-0.774209	-0.766561	-0.762341	-0.766538	-0.767533	-0.768691	-0.762874	-0.767760	-0.768613
799.0	-0.774649	-0.769989	-0.769473	-0.765037	-0.769972	-0.769431	-0.771867	-0.772877	-0.769709	-0.763635	-0.772404	-0.767779	-0.761529	-0.761492	-0.768466	-0.772784	-0.767509	-0.767977	-0.769447	-0.767914
800.0	-0.770106	-0.769572	-0.764917	-0.768275	-0.767946	-0.767575	-0.770358	-0.770024	-0.768622	-0.762596	-0.771189	-0.772146	-0.764262	-0.765485	-0.766091	-0.769125	-0.769116	-0.765222	-0.769932	-0.768282
