480.0	20.42	14.26	18.78	12.98	18.15	13.32	11.77	16.73	20.93	26.09	17.47	29.83	21.11	27.41	25.06	27.59	14.85	21.61	19.71	20.00	
481.0	18.46	22.33	23.54	18.65	17.75	16.62	17.77	19.54	23.39	23.03	16.70	17.58	23.93	22.42	20.71	23.02	22.87	19.91	21.88	22.68	
482.0	19.57	27.04	24.13	27.42	22.89	20.87	24.29	19.91	31.02	23.19	27.49	17.46	21.50	24.62	18.58	21.62	16.30	29.02	21.47	21.15	
483.0	25.33	21.70	25.71	27.61	24.47	22.48	26.10	28.25	29.72	25.35	28.19	24.89	20.06	24.94	27.52	27.39	29.31	29.37	21.12	27.85	
484.0	21.52	23.22	26.91	30.74	24.33	23.74	28.49	26.84	29.12	31.96	30.80	31.45	29.57	23.40	26.24	32.65	26.08	23.82	28.57	28.53	
485.0	29.70	29.74	34.23	37.80	32.95	35.42	34.96	31.07	31.07	35.11	32.13	28.24	28.44	27.31	27.18	33.61	29.43	29.70	25.21	34.11	
486.0	31.92	44.06	38.14	35.74	35.60	39.21	38.32	34.01	46.05	36.71	40.26	35.84	36.98	34.84	37.03	39.16	34.11	38.95	40.79	34.74	
487.0	40.15	46.27	39.12	45.15	34.21	41.68	39.21	41.44	50.16	39.34	43.03	38.64	38.70	51.37	41.16	47.18	43.47	42.36	38.63	36.05	
488.0	42.98	43.45	45.86	52.70	40.18	51.77	49.49	45.07	47.40	54.49	46.82	49.63	48.25	49.92	51.33	46.07	51.33	49.29	49.08	46.14	
489.0	57.66	59.40	47.27	58.33	60.61	62.35	50.76	52.77	52.48	51.60	61.98	50.64	54.93	52.62	55.42	55.52	52.28	59.26	50.80	49.92	
490.0	59.58	60.92	67.27	77.23	50.68	60.85	61.79	56.55	60.64	54.63	65.09	55.66	60.41	62.66	57.40	63.84	65.04	69.90	60.08	56.83	
491.0	72.68	65.72	74.16	73.21	74.41	72.04	73.46	75.71	68.25	72.86	74.29	78.31	72.31	81.74	65.95	66.26	64.43	76.52	74.54	71.24	
492.0	74.95	81.24	88.28	83.96	81.27	86.47	75.96	88.24	87.57	87.11	83.59	83.09	75.17	78.21	83.58	75.97	80.56	97.87	90.71	92.10	
493.0	97.23	97.09	95.45	88.24	101.6	92.81	91.87	91.26	102.8	89.83	104.7	93.44	93.51	93.32	104.4	98.89	89.57	102.3	100.6	95.50	
494.0	109.9	116.8	99.17	106.8	109.5	95.19	112.6	119.5	117.7	105.6	109.9	107.0	109.3	113.7	115.3	122.7	99.92	101.6	100.0	109.3	
495.0	118.9	126.4	109.0	122.7	128.6	123.8	121.2	117.3	129.6	127.5	137.2	125.5	128.9	124.9	116.6	136.2	121.1	117.8	132.3	126.9	
496.0	142.9	152.0	143.0	131.1	150.3	141.9	139.1	149.9	139.9	137.7	145.9	145.7	131.2	136.7	130.3	141.4	134.7	137.3	143.9	144.7	
497.0	162.1	160.0	152.8	150.9	162.8	152.1	151.0	158.5	152.9	170.2	159.7	149.7	145.0	153.7	153.1	141.3	147.9	156.4	164.8	157.2	
498.0	173.5	181.4	181.8	177.6	170.6	172.8	175.9	173.2	193.5	181.9	172.1	176.3	169.1	181.6	162.8	163.2	182.0	179.3	165.9	168.3	
499.0	191.3	190.0	195.0	189.3	207.6	186.3	210.5	191.5	204.1	203.0	199.9	205.1	184.7	187.3	194.2	195.4	201.0	187.8	195.8	185.7	
500.0	208.1	228.6	212.7	216.4	209.5	217.7	218.4	212.0	212.3	211.7	213.9	207.6	212.8	213.5	218.7	223.7	212.9	212.6	204.5	207.6	
501.0	236.6	227.9	220.4	241.8	222.0	230.7	221.9	224.8	237.1	213.2	240.0	222.0	213.4	227.6	238.3	233.2	211.6	228.6	237.0	225.4	
502.0	243.5	229.6	251.5	255.4	227.9	241.8	244.4	245.0	260.7	244.3	250.1	251.5	236.9	252.2	251.5	245.0	234.1	253.4	250.0	253.4	
503.0	276.7	264.3	264.3	267.2	239.6	247.9	263.8	264.5	271.3	271.6	271.8	273.0	266.8	270.5	260.4	251.1	267.4	276.0	260.8	260.1	
504.0	282.8	277.5	285.8	281.7	265.3	283.5	280.6	281.7	280.9	270.2	265.0	265.5	273.9	279.8	272.8	286.0	283.6	289.3	276.1	274.0	
505.0	299.1	295.2	294.7	269.4	280.9	292.3	291.2	287.0	303.2	275.4	271.0	286.9	300.8	285.6	294.4	278.7	281.5	300.5	291.7	292.7	
506.0	306.9	317.2	291.2	304.8	307.4	295.7	304.3	301.5	308.9	288.0	287.2	301.9	296.2	296.4	297.2	290.7	302.2	309.0	298.9	307.3	
507.0	314.8	304.6	310.8	327.3	302.6	297.0	317.1	314.6	298.7	304.1	302.0	307.5	297.0	314.9	306.8	311.7	305.4	314.4	299.5	299.5	
508.0	313.1	316.3	311.1	316.1	293.0	304.4	326.3	331.3	307.0	314.6	313.5	306.0	314.1	315.1	299.5	306.1	316.8	317.0	315.7	312.7	
509.0	342.2	326.3	316.6	321.5	323.6	314.5	324.9	312.9	314.8	311.9	310.1	316.5	315.4	318.2	327.7	296.7	322.0	318.7	337.2	309.7	
510.0	311.0	333.8	330.7	322.8	328.0	337.1	317.6	322.2	323.0	330.3	306.0	324.5	339.6	324.1	308.7	305.7	328.1	333.0	318.5	334.3	
511.0	315.3	325.7	305.1	319.7	322.5	328.2	330.8	319.4	316.0	306.9	314.4	330.9	327.2	322.0	309.8	324.3	322.7	315.8	339.9	309.5	
512.0	321.6	331.7	319.1	340.9	326.6	316.1	330.4	328.1	311.0	314.1	332.4	334.0	320.5	318.5	327.2	322.8	318.5	317.5	329.8	323.4	
513.0	323.5	335.3	326.1	332.2	317.5	344.5	317.9	333.7	332.0	320.1	328.8	322.1	325.0	302.4	317.5	314.9	335.9	326.3	332.5	310.8	
514.0	323.0	328.4	327.3	313.0	323.9	320.5	334.6	319.0	318.5	327.1	325.7	317.8	311.4	317.0	325.4	350.8	298.4	329.4	330.9	321.8	
515.0	334.3	322.7	317.9	331.0	345.1	336.6	323.4	307.3	325.7	316.8	331.4	313.7	324.9	317.2	317.4	327.4	326.0	318.2	349.6	325.0	
516.0	318.0	310.7	313.0	321.4	318.4	311.3	310.6	319.7	310.9	325.5	293.7	304.7	312.7	303.0	299.5	301.1	322.2	326.1	313.0	320.6	
517.0	321.3	311.4	314.0	333.5	321.6	308.3	303.1	311.0	316.1	319.2	293.5	311.5	320.9	315.4	313.6	298.2	316.6	314.5	301.4	305.1	
518.0	307.1	305.4	290.6	318.0	314.0	313.9	310.2	311.2	306.2	313.9	289.8	302.2	305.9	314.6	305.3	309.5	305.3	307.4	317.1	314.5	
519.0	309.5	305.0	304.2	303.7	295.0	303.7	300.9	303.0	318.6	297.2	295.3	296.4	297.5	319.3	322.6	299.0	314.6	328.0	298.8	317.5	
520.0	296.0	304.1	306.5	308.6	289.6	301.4	289.6	287.9	317.4	325.7	294.0	307.2	315.2	311.7	299.3	284.1	301.8	294.3	293.2	298.8	
521.0	279.0	284.3	310.8	298.8	308.8	311.6	289.2	302.9	320.6	288.1	297.5	289.8	293.8	284.1	284.2	291.0	305.5	294.7	283.4	300.5	
522.0	296.1	293.2	302.3	285.3	301.5	285.9	290.5	294.7	298.5	295.6	306.5	305.3	306.4	296.2	274.1	280.8	287.5	299.4	275.9	303.0	
523.0	288.3	278.9	286.7	283.3	281.7	284.3	288.9	288.8	277.1	281.2	290.0	283.5	289.3	282.7	271.0	284.3	298.6	293.0	268.7	286.7	
524.0	282.4	290.3	284.5	280.0	289.2	283.9	301.5	290.4	274.5	297.1	283.3	284.9	274.7	276.9	262.4	265.8	297.7	288.0	275.4	290.6	
525.0	287.0	276.8	283.3	276.8	290.1	284.8	255.9	269.3	275.5	285.4	286.2	284.5	272.3	276.5	279.4	269.3	288.1	276.7	267.1	287.1	
526.0	265.1	256.9	253.6	272.1	279.1	281.0	267.1	287.5	279.6	273.7	281.8	279.2	271.5	287.0	279.0	281.6	262.4	251.7	269.8	270.2	
527.0	257.2	252.0	265.5	253.1	278.7	263.8	252.6	277.0	264.9	250.6	259.3	266.2	277.2	283.3	261.7	270.5	266.7	267.4	273.1	270.1	
528.0	276.4	252.3	258.4	259.5	262.5	269.1	269.8	265.6	267.4	254.8	268.7	248.7	257.2	260.3	258.2	250.7	251.2	248.7	272.8	263.8	
529.0	259.2	275.2	258.1	260.3	243.4	265.4	265.4	262.0	260.0	256.6	265.0	259.3	252.2	262.9	264.7	279.8	252.1	263.9	261.0	263.2	
530.0	253.7	265.0	248.9	260.9	241.4	255.6	260.3	266.4	253.0	248.5	243.2	256.9	260.1	265.9	246.6	245.9	252.7	243.8	254.0	258.7	
531.0	243.9	258.3	233.7	255.0	247.1	249.4	250.4	252.1	240.4	245.3	255.5	239.3	240.9	251.8	241.9	248.0	247.9	246.8	244.6	253.4	
532.0	237.4	243.7	234.2	242.6	256.6	249.3	260.0	240.9	235.3	250.8	249.8	238.1	244.8	250.0	235.8	243.3	254.8	251.9	231.9	241.2	
533.0	236.0	239.4	245.9	229.6	248.4	247.0	247.4	226.0	219.6	235.9	257.5	248.1	236.7	233.4	228.7	245.3	243.9	245.0	240.7	237.9	
534.0	236.6	224.6	230.1	217.2	224.3	234.4	234.2	229.8	236.4	235.2	250.8	225.5	228.9	250.0	233.1	233.8	247.7	242.6	242.3	216.3	
535.0	226.9	212.3	230.3	224.5	229.7	235.6	205.7	220.1	233.8	222.8	250.4	227.5	222.7	231.5	210.7	231.3	228.0	250.5	223.2	213.6	
536.0	227.1	217.8	213.9	214.3	220.8	226.8	222.2	232.9	226.2	217.2	220.0	222.5	211.0	215.9	218.0	219.4	215.1	220.1	216.1	227.1	
537.0	208.2	209.1	226.4	217.4	217.6	229.0	217.4	232.3	218.0	204.3	213.8	221.7	209.9	220.5	219.9	205.8	225.4	199.8	202.2	219.3	
538.0	215.2	208.9	202.1	202.9	204.5	216.1	198.6	226.2	211.9	206.1	196.6	206.7	201.3	207.0	203.8	211.2	214.3	202.3	201.5	212.3	
539.0	207.9	206.8	205.6	189.8	202.4	213.1	201.8	208.6	206.2	213.7	200.2	205.1	210.9	218.4	211.1	194.8	193.2	195.5	194.3	213.4	
540.0	196.3	208.2	199.3	195.5	200.4	202.1	194.9	198.2	202.5	208.0	196.9	206.4	202.6	201.3	219.8	190.3	200.9	196.4	198.0	204.7	
541.0	189.4	194.5	183.8	210.6	207.4	204.1	189.3	188.6	211.5	198.9	198.2	206.1	194.0	198.1	204.0	199.1	189.8	188.0	197.9	198.7	
542.0	193.1	198.4	184.8	190.4	201.5	177.1	201.2	184.3	185.7	194.1	181.8	173.5	205.7	177.7	195.0	183.3	185.2	184.0	180.8	183.7	
543.0	175.5	188.4	189.0	179.2	196.6	183.3	188.5	191.7	172.5	180.5	182.0	162.3	179.0	175.9	190.2	193.4	184.8	176.0	170.0	195.3	
544.0	169.0	178.8	178.8	179.6	182.7	178.8	177.7	184.7	170.6	171.2	184.9	178.2	181.9	170.5	187.7	186.6	180.9	191.3	182.7	180.6	
545.0	173.9	149.6	175.0	181.8	162.4	157.6	171.5	181.8	183.1	166.0	176.4	160.0	172.5	170.3	173.7	176.6	161.4	177.3	158.8	174.4	
546.0	166.4	160.9	175.0	180.9	161.6	177.3	163.4	175.9	172.0	161.4	170.7	159.5	164.5	161.2	160.2	157.2	170.4	169.9	174.3	170.9	
547.0	159.0	151.1	162.2	156.2	173.1	157.0	164.6	163.6	153.2	152.6	174.9	162.7	155.0	174.5	155.5	159.5	160.3	155.3	164.9	167.0	
548.0	158.8	150.7	156.5	161.4	145.7	142.7	163.4	159.3	160.2	162.6	154.8	152.3	153.8	159.1	151.7	162.1	147.8	158.5	156.8	158.1	
549.0	150.1	144.1	149.6	149.4	129.1	146.0	156.9	149.9	149.4	140.7	163.6	140.6	150.8	145.3	140.5	154.1	144.2	162.7	158.3	153.5	
550.0	156.2	138.3	154.0	131.1	154.8	147.7	153.3	143.8	144.1	143.6	151.3	149.8	153.0	131.4	147.1	150.3	150.5	155.5	152.8	146.1	
551.0	138.3	139.3	162.5	134.1	153.3	134.2	147.5	143.3	151.3	138.8	144.9	144.3	131.5	139.0	132.1	140.2	130.1	144.3	142.0	143.9	
552.0	126.6	136.3	140.4	137.5	146.0	141.4	148.4	139.2	139.9	129.0	146.6	131.4	129.3	129.5	139.1	128.4	131.1	131.6	137.2	152.3	
553.0	123.5	125.6	143.3	134.5	144.0	140.2	131.1	132.1	140.5	126.0	126.8	124.2	120.4	124.7	124.4	129.4	145.7	138.1	134.5	130.9	
554.0	129.1	126.8	126.8	138.2	143.0	128.6	125.1	130.3	129.4	123.5	128.6	126.9	125.8	118.7	129.1	122.9	121.3	125.5	126.7	128.9	
555.0	125.2	131.9	138.2	118.6	123.9	114.6	125.8	120.9	123.1	116.6	128.0	126.6	133.0	112.1	134.9	120.7	117.7	126.3	117.2	127.9	
556.0	121.2	114.2	127.0	130.5	123.4	112.9	114.2	112.3	117.8	117.5	120.4	118.2	119.9	125.1	123.1	121.5	115.1	121.6	117.9	119.4	
557.0	111.6	109.5	111.9	115.4	115.6	103.3	112.8	114.4	109.5	110.8	117.4	110.2	106.8	119.1	110.5	111.2	122.3	123.5	119.9	111.2	
558.0	107.4	102.9	118.2	104.9	99.74	116.3	103.5	114.4	110.3	115.1	100.4	111.8	113.1	107.3	110.3	113.6	115.8	110.1	113.3	104.7	
559.0	100.8	99.88	108.5	107.7	108.4	111.4	102.0	108.8	110.5	112.0	101.8	105.9	108.6	114.1	106.5	117.1	113.6	101.1	99.42	113.0	
560.0	105.9	105.6	98.77	103.4	107.2	109.3	106.4	108.4	100.2	107.2	106.9	102.4	108.9	109.0	113.2	101.5	107.7	102.6	109.0	110.5	
561.0	102.0	100.7	95.01	98.03	85.94	108.7	105.2	101.5	100.9	103.2	102.1	93.70	103.5	107.6	110.0	95.92	102.6	105.8	90.60	104.2	
562.0	98.26	93.22	109.6	99.55	89.19	99.45	98.70	98.38	99.25	93.03	100.8	93.65	95.38	100.0	95.68	103.1	101.6	98.49	105.5	100.5	
563.0	99.12	90.28	93.29	94.57	97.57	89.04	86.13	86.00	98.10	84.94	102.4	86.66	97.71	94.91	94.72	97.60	96.29	94.76	92.55	92.46	
564.0	86.53	92.61	88.49	89.64	87.61	93.04	90.64	98.49	85.43	87.01	93.83	88.21	89.54	93.95	76.89	87.23	83.47	97.92	92.95	89.51	
565.0	90.77	89.35	88.80	86.73	84.16	90.69	89.40	84.91	85.49	92.11	81.20	94.58	86.19	80.37	87.22	85.30	90.62	79.44	87.12	87.92	
566.0	77.01	86.11	88.76	82.72	84.14	83.37	82.06	90.71	83.91	91.86	83.47	95.35	85.23	76.99	83.31	85.49	88.22	88.59	89.98	81.99	
567.0	81.01	89.28	76.58	79.41	83.98	83.15	84.43	82.44	90.61	84.76	85.82	81.16	78.60	76.46	76.48	90.66	80.98	79.93	77.75	81.54	
568.0	77.83	83.66	80.38	83.14	81.75	85.07	77.83	79.90	81.81	79.13	80.92	86.31	79.59	85.45	83.31	79.38	78.90	78.86	75.87	75.47	
569.0	75.97	75.69	78.27	79.46	76.89	77.55	77.18	71.89	77.74	70.57	78.76	80.77	70.42	76.10	69.80	78.17	75.57	78.65	81.05	70.40	
570.0	68.61	74.89	76.15	74.31	64.20	79.04	71.83	77.26	69.33	64.72	78.11	90.24	83.84	68.12	70.86	65.14	80.17	69.33	74.58	64.92	
571.0	62.23	77.09	71.93	73.49	64.19	74.92	70.71	71.39	66.78	67.75	72.68	72.18	81.19	79.73	71.43	66.72	74.86	68.36	70.70	67.65	
572.0	65.31	69.51	67.76	75.35	63.60	79.04	76.04	72.23	75.60	71.03	71.50	61.10	61.63	78.25	71.20	74.78	62.52	64.61	67.74	72.51	
573.0	72.45	65.76	60.12	69.56	70.84	65.83	58.22	66.10	66.52	64.88	61.54	70.06	69.62	71.42	73.67	75.66	73.95	66.61	70.65	66.66	
574.0	70.84	62.68	57.04	71.49	64.68	68.21	67.06	61.29	62.60	63.24	62.07	65.93	67.51	66.83	79.71	68.65	66.00	72.76	64.68	61.15	
575.0	61.07	69.77	58.65	70.50	58.69	63.59	66.39	73.10	59.03	66.04	57.45	76.84	66.00	66.55	63.39	65.40	62.96	67.01	68.04	60.61	
576.0	59.83	68.84	58.50	63.97	64.73	56.15	58.56	67.02	68.65	62.50	58.24	63.76	63.35	55.99	64.19	68.72	72.60	59.30	62.76	65.68	
577.0	60.78	64.31	58.23	57.10	60.06	64.49	54.87	66.90	67.70	57.22	51.27	58.47	68.28	52.23	55.52	65.93	61.93	64.58	57.73	65.45	
578.0	62.16	62.87	58.32	56.73	50.58	59.26	58.43	67.00	54.25	52.09	61.49	55.71	58.63	57.80	66.69	59.94	55.44	65.97	47.05	55.33	
579.0	63.85	54.50	60.77	60.07	51.86	53.20	56.25	53.31	55.11	54.72	50.95	52.93	51.10	53.64	62.84	53.24	51.99	58.85	57.29	60.24	
580.0	51.66	57.31	46.85	55.64	53.55	54.47	52.06	58.99	52.99	53.22	48.59	54.97	56.10	55.23	60.50	51.87	62.52	53.81	56.82	53.44	
581.0	56.17	53.66	53.08	56.73	48.90	58.01	59.38	46.21	46.47	52.90	50.31	49.65	58.45	51.87	51.61	46.66	55.91	52.90	51.41	51.28	
582.0	51.87	53.77	43.70	52.81	58.00	60.73	48.35	50.61	39.63	45.49	45.21	47.93	52.35	43.47	53.21	43.66	51.54	45.69	56.83	49.13	
583.0	49.88	46.77	50.22	43.62	42.21	49.97	47.51	48.65	57.62	41.49	47.07	43.08	56.92	50.02	48.52	45.90	50.36	44.65	50.51	47.73	
584.0	46.42	44.84	45.33	46.65	42.28	48.35	48.45	49.60	43.23	44.07	47.79	40.71	46.13	46.98	46.39	50.67	57.21	48.42	46.90	48.76	
585.0	41.04	43.84	43.76	43.42	39.30	47.34	44.93	42.82	42.49	42.49	54.45	50.47	47.52	50.05	51.34	44.22	49.24	51.49	44.70	49.18	
586.0	42.70	47.22	50.15	51.29	43.79	49.61	48.60	41.81	47.23	41.12	48.82	48.85	42.15	45.81	49.99	52.29	47.48	57.81	48.20	40.18	
587.0	56.11	46.57	42.02	41.57	42.87	49.18	45.07	37.24	47.20	36.66	42.84	48.06	44.56	50.35	43.51	39.54	44.54	44.54	42.79	40.46	
588.0	49.02	40.66	36.84	37.41	46.03	45.56	42.32	45.09	45.19	40.81	43.95	43.59	43.66	44.89	41.63	42.32	42.97	47.83	46.70	47.92	
589.0	36.86	38.16	36.33	33.67	41.09	40.40	42.35	41.42	42.07	38.33	50.80	41.88	46.01	38.10	37.96	46.49	42.98	46.22	39.55	45.11	
590.0	36.04	39.95	40.71	43.17	40.27	35.01	38.31	39.57	36.86	40.88	35.79	42.76	39.83	44.96	45.85	43.36	40.81	45.49	37.62	41.65	
591.0	41.92	41.54	46.50	40.30	32.60	42.12	44.18	39.92	44.55	37.87	38.83	34.70	40.06	33.47	35.71	39.23	40.97	38.80	43.42	47.25	
592.0	42.12	37.90	38.69	36.37	35.90	38.59	35.31	39.74	36.26	35.43	36.75	41.39	33.47	34.49	35.94	39.40	36.46	37.57	39.72	37.36	
593.0	35.51	35.51	32.56	40.51	37.84	37.43	31.87	40.72	35.45	40.21	37.93	31.86	37.69	35.43	35.98	35.20	37.59	36.31	36.68	27.52	
594.0	36.84	45.42	35.28	46.24	39.50	32.30	30.67	39.26	37.42	34.77	37.39	37.00	39.36	38.59	37.84	33.29	35.41	41.18	35.99	30.27	
595.0	30.98	39.94	32.90	36.50	30.51	29.65	29.52	42.10	33.81	28.32	38.44	33.79	25.21	31.98	35.81	39.56	33.10	26.78	41.52	33.57	
596.0	33.76	37.72	30.90	33.73	36.01	28.32	33.32	35.00	39.54	39.69	36.98	38.34	34.05	24.98	29.23	37.93	29.39	27.68	35.30	35.46	
597.0	32.57	35.91	29.64	32.47	30.23	29.56	36.62	35.48	34.80	35.19	29.62	33.84	36.36	32.52	29.83	34.56	39.39	32.17	34.46	36.63	
598.0	31.77	30.61	36.93	33.65	27.43	34.43	35.60	37.94	35.69	36.02	30.11	30.52	36.27	33.51	34.38	38.16	38.44	35.94	36.47	34.08	
599.0	30.81	24.25	32.62	32.56	32.12	29.35	28.55	31.16	28.72	27.71	27.94	31.25	33.21	26.00	32.21	37.29	28.12	34.01	33.16	36.57	
600.0	33.58	24.30	32.63	28.83	35.52	31.08	25.70	31.14	27.08	26.14	24.79	39.45	28.46	27.82	28.72	30.86	30.98	30.08	26.24	33.21	
601.0	33.89	29.03	27.04	25.98	35.45	32.15	28.64	25.99	30.16	34.16	22.93	35.67	31.23	28.20	32.85	28.63	28.25	20.37	32.51	31.92	
602.0	25.39	34.09	28.28	31.90	28.62	28.01	29.56	27.50	29.08	26.72	27.77	29.86	29.99	27.80	32.16	25.49	28.38	26.21	30.46	30.57	
603.0	27.28	28.08	29.31	27.97	27.29	29.20	26.36	23.81	25.85	22.25	32.67	30.99	30.33	26.84	29.20	23.99	21.44	24.94	24.81	32.36	
604.0	22.87	22.20	24.80	22.24	34.11	30.40	25.06	30.68	28.64	27.55	21.37	26.28	21.94	26.86	36.63	28.42	23.15	27.32	26.26	27.34	
605.0	21.50	29.35	26.55	28.17	24.02	26.66	31.65	25.61	29.80	27.77	27.07	25.74	22.46	25.92	25.98	25.22	29.52	28.00	24.47	23.81	
606.0	29.14	24.74	23.91	27.37	28.56	22.32	31.57	24.51	26.58	26.57	20.71	23.93	21.40	20.21	23.60	28.38	33.47	36.71	24.30	22.30	
607.0	24.81	21.27	20.89	22.95	23.02	22.05	26.00	28.24	24.20	28.28	24.61	23.99	28.69	26.30	21.45	24.94	23.33	20.59	28.66	28.49	
608.0	30.16	28.66	23.96	27.20	21.94	24.01	22.16	27.51	22.91	30.91	20.86	20.46	27.37	26.21	25.29	24.92	22.38	22.72	21.99	27.51	
609.0	25.89	26.44	26.03	21.83	21.11	21.64	23.62	18.10	19.13	24.90	23.22	21.63	18.32	22.92	24.53	21.25	28.37	22.95	21.99	23.26	
610.0	22.11	21.46	20.31	22.85	28.09	23.62	21.87	21.10	21.30	24.20	25.18	23.01	26.58	26.95	23.85	25.73	23.97	25.22	25.74	20.13	
611.0	20.37	23.04	24.29	20.40	24.75	26.30	19.06	24.19	24.85	22.96	22.78	22.76	23.21	24.67	20.03	20.38	25.78	22.60	18.33	26.10	
612.0	23.71	22.69	22.20	24.54	25.24	25.00	21.94	19.13	28.69	20.95	24.90	22.09	18.17	23.35	23.40	24.06	26.47	21.45	18.62	23.56	
613.0	17.21	24.72	23.09	22.76	18.69	23.66	20.27	20.47	24.05	23.71	20.80	22.32	23.12	23.98	26.11	24.31	23.57	22.61	20.10	24.91	
614.0	25.40	18.49	20.68	17.78	23.56	19.89	23.29	23.09	18.99	25.55	17.14	21.11	22.86	25.61	22.67	19.37	20.49	17.81	18.06	18.65	
615.0	23.56	19.39	19.08	21.93	22.48	18.49	19.59	18.13	19.35	25.77	18.23	18.79	22.06	21.18	23.78	21.57	22.63	21.89	21.30	26.85	
616.0	20.44	16.38	20.85	18.43	24.81	21.76	14.78	15.66	21.13	22.41	17.05	20.80	21.41	14.52	17.62	19.52	19.78	25.35	23.61	19.37	
617.0	19.46	22.91	12.47	17.97	15.38	22.79	18.92	19.25	20.52	22.33	23.05	19.02	20.18	20.22	21.65	23.37	19.68	20.70	22.05	20.60	
618.0	22.32	16.45	21.31	18.95	17.52	25.44	18.80	17.13	17.39	20.76	21.18	19.11	18.98	20.84	19.88	18.25	19.59	19.19	21.67	18.28	
619.0	18.87	19.20	19.05	18.53	15.95	18.16	14.98	18.92	16.86	19.58	15.87	23.72	20.49	17.28	16.65	19.10	26.01	16.65	19.34	17.40	
620.0	15.90	19.41	16.07	16.44	15.16	15.88	18.14	14.94	12.97	19.59	22.28	20.50	25.58	18.13	21.22	14.80	19.04	20.04	20.62	18.92	
621.0	17.79	17.71	14.23	17.84	15.44	18.57	16.23	18.72	13.54	19.03	18.99	18.09	23.83	21.81	21.69	21.46	19.54	18.72	22.08	18.44	
622.0	17.77	17.28	13.35	14.67	17.81	23.83	14.45	17.28	19.23	14.69	19.14	22.59	19.39	21.68	16.43	24.17	20.78	20.53	17.75	23.10	
623.0	14.79	16.39	17.09	21.19	17.15	18.62	15.21	20.62	16.23	15.31	16.44	17.38	17.23	23.15	16.13	14.52	17.93	18.34	17.88	14.41	
624.0	21.28	13.25	14.01	16.39	18.00	15.72	19.14	15.55	19.20	13.97	14.52	19.53	21.14	15.82	14.65	13.43	19.92	21.56	19.95	17.67	
625.0	15.43	14.97	15.78	16.46	16.97	21.81	15.60	15.64	18.41	18.90	19.26	20.60	15.49	22.43	15.78	15.85	23.29	18.85	21.96	18.18	
626.0	17.00	17.43	17.32	14.95	22.12	23.45	22.11	17.45	18.36	16.68	12.83	19.19	14.12	17.06	15.97	17.70	13.57	19.26	20.50	20.89	
627.0	15.21	17.07	20.13	17.08	18.88	16.45	20.41	16.10	16.26	17.97	24.10	16.86	18.61	15.88	18.20	14.10	16.74	18.09	19.02	14.62	
628.0	15.20	19.54	15.31	19.46	17.02	18.02	16.29	18.39	14.21	19.76	20.30	12.95	11.24	16.85	14.28	18.48	14.30	16.55	15.54	21.64	
629.0	12.94	13.82	16.83	15.32	15.59	14.37	15.21	15.14	15.30	13.59	16.64	14.79	12.62	12.13	17.19	18.53	18.18	14.11	12.96	20.94	
630.0	16.26	18.04	12.25	19.04	16.06	12.01	12.39	19.24	14.22	14.19	15.21	15.89	16.19	16.18	17.69	15.70	12.92	17.55	17.92	16.49	
631.0	17.22	18.12	15.45	15.85	15.71	14.18	19.99	18.98	15.13	16.58	13.40	13.57	17.50	13.88	15.62	14.29	15.74	13.64	17.53	10.95	
632.0	12.09	15.70	18.74	16.08	17.61	13.95	12.67	15.51	11.16	15.77	11.83	21.41	21.10	14.66	12.35	13.31	15.86	15.56	11.08	11.12	
633.0	15.80	15.46	17.23	20.97	16.60	16.37	15.70	20.58	14.56	11.30	15.02	22.19	18.21	15.00	10.54	18.47	14.12	14.47	16.27	13.06	
634.0	15.53	20.17	15.61	13.63	16.64	14.40	15.75	13.72	17.15	12.71	19.36	14.75	19.45	17.34	16.80	13.31	22.71	13.25	15.28	15.59	
635.0	13.50	13.90	16.42	13.49	18.39	15.23	18.58	15.86	12.96	11.24	11.88	15.76	12.79	15.76	18.91	11.06	22.66	14.49	20.71	13.32	
636.0	12.85	14.92	17.82	13.95	15.24	15.94	19.38	15.24	12.94	13.99	14.88	12.86	17.84	19.18	15.13	13.58	13.43	15.36	14.72	16.93	
637.0	12.36	10.65	17.49	12.49	12.82	20.77	15.44	13.17	16.10	13.83	12.54	18.14	14.42	14.34	15.75	14.78	12.14	13.46	14.09	14.21	
638.0	18.96	11.36	16.18	11.17	12.09	16.30	17.77	15.05	11.04	12.60	11.51	13.40	12.73	12.90	16.24	17.16	12.23	13.90	13.68	19.19	
639.0	16.21	17.30	12.07	10.88	13.98	12.80	15.46	14.06	16.24	9.075	12.89	12.19	12.30	9.823	14.56	16.38	11.69	12.66	15.69	12.78	
640.0	16.30	15.03	16.34	15.63	12.62	14.50	17.47	11.10	13.57	10.87	14.98	9.924	15.70	15.42	15.58	11.03	13.97	12.67	13.12	10.02	
641.0	18.72	12.73	12.28	9.675	10.46	13.05	12.34	9.091	11.12	12.20	13.82	14.16	14.76	12.12	17.47	14.26	9.004	15.24	11.97	18.06	
642.0	15.97	14.35	11.90	15.71	12.31	13.12	16.65	18.30	12.51	9.044	13.00	13.09	13.88	11.90	12.15	15.24	13.93	12.19	13.57	10.73	
643.0	14.65	15.04	10.57	13.46	12.76	12.47	11.61	14.29	13.78	11.94	11.67	15.78	14.98	12.73	11.64	18.60	15.07	11.60	14.50	13.56	
644.0	9.865	15.24	7.964	16.92	13.42	12.34	14.55	16.98	8.946	13.34	11.06	13.53	13.12	12.67	11.37	15.99	10.67	9.910	15.33	13.45	
645.0	18.14	13.98	8.988	11.51	18.03	15.17	11.03	13.27	10.93	16.50	16.85	13.36	8.652	12.33	11.31	11.71	10.40	11.27	11.52	10.99	
646.0	16.34	13.76	19.44	14.41	11.36	13.49	11.11	10.76	14.71	14.17	13.97	14.03	10.21	14.67	13.45	12.31	9.204	10.38	9.678	8.187	
647.0	12.16	10.27	12.85	20.29	15.41	13.30	14.21	12.24	11.12	16.11	15.69	11.14	10.69	13.04	17.45	10.59	15.17	12.22	14.37	9.755	
648.0	14.14	12.05	13.79	13.52	9.207	12.24	13.33	14.39	13.98	9.308	11.41	12.74	10.40	9.988	13.98	14.66	10.72	14.77	11.24	9.312	
649.0	11.10	17.65	11.98	13.62	9.759	13.16	13.05	8.448	10.31	11.15	11.68	15.77	12.65	9.375	14.93	15.11	11.54	14.84	14.97	10.23	
650.0	11.74	12.88	11.54	11.17	10.42	14.33	12.02	9.974	9.328	11.76	12.28	12.03	12.24	8.900	15.71	9.635	10.66	10.61	13.52	12.40	
651.0	13.80	8.021	10.40	15.00	11.75	14.21	14.46	12.12	8.762	13.33	13.71	11.57	12.99	13.37	14.88	10.33	7.688	15.15	15.02	14.55	
652.0	16.91	8.983	4.848	13.36	8.520	9.262	12.67	9.363	13.01	13.96	9.490	14.40	11.18	15.34	17.59	14.55	9.995	13.46	13.86	11.63	
653.0	12.40	11.27	14.68	14.18	14.02	11.72	12.50	13.05	12.87	11.74	11.72	11.49	12.18	10.34	13.25	11.77	11.74	11.59	15.05	11.67	
654.0	12.95	10.16	14.97	11.22	11.10	11.10	14.11	10.32	14.24	12.60	10.28	12.67	11.51	11.64	13.83	12.39	15.65	10.38	11.44	10.66	
655.0	14.51	11.95	15.65	17.65	14.79	9.644	9.346	8.797	13.16	14.47	12.76	11.02	10.42	11.85	10.28	13.05	17.97	16.26	13.68	10.34	
656.0	9.857	10.46	12.68	12.37	15.73	10.48	11.00	14.74	17.58	11.65	13.01	13.90	12.18	9.813	11.35	11.24	13.92	13.30	14.52	7.922	
657.0	10.60	12.48	7.555	13.71	11.01	12.25	12.31	11.62	14.82	9.252	9.883	11.11	12.03	10.60	11.15	14.48	14.76	12.17	10.75	11.49	
658.0	15.97	12.56	13.19	11.85	13.57	10.82	13.83	11.66	11.30	7.974	12.30	13.51	14.70	5.472	11.32	11.57	14.99	10.83	12.08	11.53	
659.0	14.03	10.01	12.88	9.756	8.717	8.645	11.57	9.489	10.87	13.50	10.56	10.84	14.16	11.88	8.575	13.82	10.67	15.05	10.58	11.63	
660.0	8.886	9.261	10.97	7.912	9.914	9.951	9.007	13.98	11.66	11.06	9.981	14.18	9.632	9.433	12.41	11.29	9.218	11.47	13.61	11.93	
661.0	14.13	15.39	12.75	14.95	13.69	13.58	7.781	10.81	14.70	11.60	11.66	12.19	11.14	12.74	12.04	10.66	11.01	15.09	12.61	9.693	
662.0	11.61	11.27	12.18	11.49	14.80	11.86	12.88	11.85	13.64	11.72	13.69	12.41	15.63	12.26	14.30	10.66	9.994	12.01	8.993	9.463	
663.0	10.51	9.664	11.93	12.78	10.51	13.71	11.30	11.05	14.50	13.61	15.29	9.523	11.63	8.579	12.98	11.16	12.71	9.155	13.11	9.231	
664.0	8.208	9.097	9.851	15.48	10.68	6.491	10.51	9.414	8.794	10.47	9.924	10.37	8.733	9.935	13.99	11.90	12.67	10.50	13.00	12.65	
665.0	8.963	12.19	12.41	8.917	13.96	9.460	8.055	9.826	9.540	10.60	7.992	10.32	12.30	12.33	14.60	11.07	13.36	9.709	11.67	13.24	
666.0	10.75	11.76	11.96	6.814	15.15	10.86	11.12	11.37	9.878	11.23	6.004	6.160	14.68	11.41	12.35	12.10	12.58	12.53	9.470	9.124	
667.0	10.86	11.46	11.03	12.49	7.757	9.622	14.19	10.70	11.31	7.611	12.06	11.11	10.45	10.71	11.19	11.52	11.32	10.83	13.71	11.62	
668.0	9.405	8.106	12.45	9.754	6.886	11.98	11.61	8.680	14.36	8.366	9.762	11.58	14.43	11.61	13.38	14.59	12.69	10.04	13.14	11.38	
669.0	6.702	14.77	13.86	9.804	8.162	8.993	11.20	15.44	12.73	11.88	8.778	8.469	12.12	8.113	11.35	8.861	13.16	11.73	9.661	9.099	
670.0	10.16	11.19	8.492	12.44	13.51	10.86	12.90	9.029	12.37	11.36	9.319	9.133	11.07	10.02	10.96	8.462	12.85	13.51	10.41	13.44	
671.0	11.21	7.654	8.935	12.43	8.939	7.803	13.07	6.987	10.70	10.93	9.674	9.610	13.79	12.27	10.17	8.341	10.93	10.20	13.15	12.97	
672.0	11.34	11.38	11.00	11.11	10.55	9.240	8.557	9.273	10.91	11.58	10.57	11.95	16.78	13.26	13.00	14.36	12.94	6.793	11.80	11.33	
673.0	14.36	12.12	10.63	14.06	9.683	12.73	11.81	11.95	8.049	7.990	6.286	14.66	11.31	15.61	11.04	15.56	10.26	10.91	10.16	10.56	
674.0	7.190	9.364	10.55	13.49	10.72	11.90	10.89	10.79	14.72	10.92	10.07	11.16	12.24	11.46	11.84	12.30	15.92	8.412	11.50	11.43	
675.0	11.74	11.77	10.39	10.30	9.432	11.85	10.69	11.32	11.44	13.68	14.25	10.42	15.79	13.47	13.98	14.02	12.43	8.439	10.17	11.70	
676.0	11.12	12.84	10.36	10.09	13.31	13.06	10.54	10.49	13.09	8.389	8.535	11.32	14.70	14.55	12.37	13.55	12.05	13.58	8.988	13.13	
677.0	11.28	12.04	10.02	11.47	12.95	6.739	15.72	9.278	10.90	11.23	7.977	9.587	11.30	11.82	17.04	12.24	13.98	13.99	10.40	12.71	
678.0	8.662	9.529	8.419	10.30	8.687	12.17	11.27	7.118	6.499	11.07	11.13	9.998	10.43	11.93	13.53	11.72	9.433	10.25	11.37	12.49	
679.0	13.29	11.17	8.341	7.597	9.391	11.32	8.434	10.29	13.62	12.18	13.85	10.75	10.82	10.28	14.12	13.12	8.443	9.019	11.91	11.64	
680.0	11.90	10.32	9.471	10.33	10.16	9.925	8.351	11.80	6.980	12.01	11.96	9.062	12.79	8.073	12.45	8.948	12.78	8.045	11.72	8.402	
681.0	13.03	9.722	9.487	12.26	10.23	9.039	9.425	14.18	14.96	9.033	10.29	10.27	9.522	10.93	9.263	9.542	12.73	15.26	15.15	9.489	
682.0	10.65	7.677	11.19	10.75	10.72	9.132	10.37	12.15	9.630	11.33	11.76	12.00	8.923	11.11	12.35	12.00	10.41	9.621	9.455	14.03	
683.0	11.12	10.55	15.18	9.838	11.33	9.951	10.79	12.33	9.252	14.45	12.88	15.94	11.14	11.00	13.98	7.816	11.90	11.47	8.855	10.33	
684.0	9.513	12.43	10.62	9.224	6.661	10.99	11.73	14.29	12.45	10.22	6.858	12.57	11.88	12.17	8.149	8.413	12.26	10.97	8.938	8.064	
685.0	11.71	11.89	9.668	9.140	8.340	11.25	11.64	11.64	9.949	13.92	11.75	9.930	9.060	10.79	10.51	8.929	12.99	10.89	9.277	11.09	
686.0	7.909	13.85	9.120	10.82	10.69	8.558	9.897	13.06	12.32	11.75	11.72	13.49	8.745	10.25	7.074	8.937	8.508	11.58	10.73	10.46	
687.0	10.56	8.749	13.13	11.98	9.279	10.88	8.040	13.21	11.93	10.88	9.966	9.906	10.51	10.51	12.04	13.87	11.10	6.877	10.22	13.63	
688.0	7.467	9.687	11.30	10.90	7.168	9.138	9.310	7.432	11.24	11.46	13.68	8.350	12.44	13.90	9.076	11.99	10.38	7.356	8.057	8.794	
689.0	8.134	8.017	11.68	9.010	10.10	12.07	10.87	12.22	10.78	7.240	12.73	8.156	10.44	10.27	7.038	10.77	13.82	8.354	13.95	12.44	
690.0	9.359	7.946	13.21	7.770	11.77	12.42	8.252	6.910	8.962	14.85	10.54	10.80	12.36	12.28	5.582	10.53	16.89	11.15	12.53	9.806	
691.0	8.257	10.27	10.90	9.242	15.59	11.84	10.10	9.028	12.55	12.28	11.61	11.27	10.49	10.73	6.702	11.44	13.37	10.91	9.414	8.131	
692.0	7.133	9.505	10.92	11.17	8.922	6.186	8.089	9.443	11.93	11.99	11.25	10.83	15.46	9.743	10.76	8.584	9.484	10.19	11.54	11.59	
693.0	10.53	10.86	11.08	11.02	6.720	6.997	8.450	11.32	9.054	11.71	11.51	15.08	11.17	11.53	12.65	13.07	8.738	10.80	12.63	7.815	
694.0	9.713	11.62	13.48	10.17	6.906	7.886	10.90	13.20	10.80	10.58	12.90	10.69	11.00	10.84	12.11	9.646	9.319	8.750	11.13	7.740	
695.0	9.013	9.930	10.79	9.445	12.72	11.54	9.101	11.10	11.65	9.806	14.81	11.72	11.03	11.07	11.02	11.12	9.700	10.28	10.55	9.600	
696.0	9.400	10.21	12.65	10.52	11.69	10.11	11.51	10.15	9.882	8.781	14.15	8.569	9.128	10.03	8.911	8.626	12.51	4.237	13.04	9.282	
697.0	11.15	8.989	9.391	8.017	10.26	11.04	14.59	12.05	11.75	12.20	11.78	7.217	12.39	10.37	13.78	11.28	13.01	9.666	6.993	10.22	
698.0	9.624	9.063	7.847	10.87	12.27	8.630	7.982	11.48	12.31	10.80	9.881	7.411	12.74	8.593	12.23	10.57	11.00	6.940	10.68	11.54	
699.0	10.59	9.351	7.233	8.390	14.21	7.700	7.947	9.382	9.537	8.497	7.773	12.65	12.25	9.818	11.06	9.802	13.49	14.01	10.03	13.53	
700.0	13.02	9.093	6.365	12.00	10.30	9.730	7.651	10.84	9.847	12.64	9.490	14.20	11.83	11.99	10.12	11.02	10.18	10.90	9.525	11.27	
701.0	9.554	11.29	11.45	9.581	9.467	7.954	8.521	12.42	8.023	13.63	11.69	10.42	10.98	9.881	9.454	14.32	13.26	10.72	10.30	12.12	
702.0	7.834	11.77	8.901	11.28	12.75	10.57	8.507	9.656	7.897	8.183	11.32	11.83	11.82	9.653	13.97	10.48	9.687	10.28	14.20	8.222	
703.0	5.612	12.10	10.72	12.04	11.32	9.831	8.943	11.62	7.178	11.89	12.44	11.97	9.054	10.56	12.42	11.49	14.52	10.57	14.54	11.47	
704.0	6.827	10.36	13.19	10.32	10.06	7.833	9.834	9.950	8.351	8.951	8.156	9.846	9.179	14.14	10.40	14.72	11.10	11.89	12.37	8.052	
705.0	10.37	11.61	10.65	8.789	7.504	8.784	9.100	9.562	7.824	10.68	10.47	7.332	7.912	13.08	9.070	9.742	7.587	10.22	10.38	9.383	
706.0	9.469	13.55	11.57	12.77	8.973	9.224	11.87	9.971	9.603	8.588	10.19	10.73	7.268	13.51	10.58	8.162	10.16	11.96	9.121	9.151	
707.0	10.63	11.34	7.519	9.106	9.157	8.640	13.95	7.353	10.17	10.50	8.871	9.695	11.43	10.27	7.199	14.88	10.65	8.234	9.885	8.875	
708.0	8.331	11.58	8.918	10.87	6.652	9.703	10.23	6.177	10.94	7.091	10.30	6.246	11.25	6.772	11.19	9.329	7.471	9.073	7.404	9.442	
709.0	13.94	9.223	7.553	10.71	7.842	8.504	12.13	9.440	10.91	6.626	11.43	11.53	11.70	8.759	12.47	10.62	9.525	11.52	9.133	8.174	
710.0	9.783	15.38	9.878	10.93	7.652	10.37	12.76	5.715	7.722	10.51	8.124	10.08	11.70	8.132	15.53	11.30	13.12	8.028	8.394	8.716	
711.0	11.80	8.136	11.94	8.500	8.822	13.31	11.48	8.194	9.307	8.561	12.51	8.344	10.19	15.71	12.79	8.676	6.950	12.23	10.70	11.62	
712.0	9.447	12.81	10.00	10.21	9.398	10.50	13.64	12.54	6.400	11.65	17.07	10.98	11.91	10.78	10.45	8.890	9.386	12.13	8.184	10.84	
713.0	8.976	9.593	5.547	10.50	8.786	8.058	7.295	10.74	8.530	13.47	11.07	12.31	11.58	8.017	12.54	11.04	12.14	9.606	9.373	10.84	
714.0	11.05	11.60	10.15	9.350	7.211	6.794	8.709	10.13	8.232	14.18	8.197	8.976	10.61	8.299	13.89	8.850	11.58	5.221	8.976	12.44	
715.0	10.55	7.830	8.777	10.36	11.59	10.20	11.04	10.18	8.204	5.222	8.385	12.33	9.525	10.76	12.35	8.457	12.81	6.280	8.850	12.76	
716.0	9.186	7.312	9.128	9.546	8.143	13.40	8.684	11.18	6.100	9.735	11.35	9.723	10.73	8.280	9.660	12.74	10.37	7.339	7.388	13.51	
717.0	8.261	10.23	8.684	9.116	7.231	10.92	11.89	12.88	8.214	9.636	6.958	5.667	9.089	8.393	12.17	10.88	11.12	8.250	10.78	12.83	
718.0	11.93	12.85	10.14	13.07	8.406	11.31	11.05	10.33	12.48	9.002	11.12	8.123	11.26	12.00	7.790	8.498	14.73	13.58	11.83	9.379	
719.0	12.96	12.23	12.81	7.559	8.655	13.69	9.779	10.57	12.92	11.35	12.40	11.82	10.77	11.65	7.501	11.81	8.285	8.678	8.839	13.06	
720.0	7.269	8.379	11.50	11.18	12.71	11.34	9.679	8.043	8.859	10.76	9.510	12.27	9.638	8.267	7.772	12.70	5.092	9.192	7.560	9.490	
721.0	13.24	12.09	11.25	10.41	9.095	10.86	11.47	8.356	8.494	11.63	8.419	12.03	9.743	6.688	9.795	8.973	10.30	8.278	7.573	10.32	
722.0	11.33	6.390	14.86	15.47	9.845	8.795	10.24	8.815	9.213	7.717	7.728	11.93	10.03	8.931	6.964	9.243	11.70	8.104	8.013	11.42	
723.0	8.476	8.935	7.044	15.91	10.41	6.968	7.057	11.68	9.211	13.21	11.21	10.66	10.41	10.65	6.654	10.34	10.19	9.242	10.89	9.151	
724.0	11.22	14.30	10.17	10.09	11.22	8.184	9.321	13.43	10.65	10.49	11.13	10.59	11.34	11.34	7.115	15.51	10.51	7.980	9.758	9.959	
725.0	10.78	11.78	11.84	10.96	8.459	10.43	8.236	12.62	11.08	9.674	10.11	9.310	13.13	13.88	8.460	10.99	7.504	12.40	10.36	9.865	
726.0	6.814	10.21	8.108	10.49	9.217	10.88	12.26	15.26	7.227	7.123	10.33	7.676	12.21	13.78	9.448	10.91	9.453	9.867	7.580	13.19	
727.0	8.321	7.988	12.33	9.897	8.760	11.91	10.28	12.47	13.07	11.25	11.08	6.891	10.82	8.543	7.747	13.16	12.45	11.44	10.79	6.475	
728.0	8.094	5.839	11.72	7.396	7.869	12.98	10.91	13.54	9.901	10.04	8.563	7.778	8.605	8.802	8.442	7.512	13.03	10.86	9.765	10.16	
729.0	9.894	9.451	10.59	9.465	8.687	12.44	10.95	11.27	12.48	11.34	9.410	8.485	10.95	14.39	12.39	6.811	11.76	14.04	10.58	10.27	
730.0	9.698	7.966	14.46	11.17	11.46	12.40	11.02	11.18	11.05	11.20	10.22	8.125	12.00	4.937	7.387	9.186	13.43	8.347	5.815	12.01	
731.0	10.76	12.82	11.15	7.775	12.68	15.41	9.955	12.28	9.476	9.785	8.247	7.438	11.82	10.35	6.357	7.127	12.97	10.27	7.765	13.46	
732.0	6.907	10.08	17.35	14.47	10.98	9.446	8.050	9.383	7.957	8.950	6.057	7.699	10.94	6.814	8.258	9.787	8.200	10.61	12.15	11.31	
733.0	11.07	13.67	11.27	9.523	10.89	7.429	10.06	11.51	15.38	12.21	10.13	7.969	11.76	9.152	8.971	9.268	8.323	10.70	11.45	10.50	
734.0	12.97	11.19	10.31	12.99	7.416	6.499	10.85	11.97	11.39	8.906	8.134	11.95	11.44	11.06	9.862	9.603	10.08	10.04	10.13	6.780	
735.0	8.271	10.83	9.396	13.13	9.770	12.23	9.047	12.57	9.079	11.25	8.800	9.215	8.139	8.027	13.31	12.23	7.621	7.716	8.301	9.854	
736.0	14.00	10.70	6.928	14.12	8.009	12.72	13.37	13.58	13.22	11.72	11.69	11.22	10.08	9.208	10.34	10.24	10.73	10.11	12.16	7.893	
737.0	7.927	8.616	7.247	11.10	10.86	11.06	11.95	9.332	9.449	9.562	12.32	9.761	12.15	7.290	7.878	7.243	9.762	12.39	12.02	11.33	
738.0	8.674	10.35	11.23	10.30	8.772	9.763	11.32	8.657	7.073	10.64	8.795	8.958	9.476	9.571	10.79	13.14	8.390	9.065	10.47	7.612	
739.0	10.01	12.37	8.617	9.585	9.464	7.475	11.18	9.890	8.268	10.15	9.212	7.693	8.859	10.78	8.497	10.08	10.24	10.57	11.64	7.527	
740.0	11.86	10.17	8.831	8.554	10.53	9.109	6.241	10.81	11.27	12.12	13.69	10.71	8.561	7.933	10.33	9.960	8.987	8.721	10.59	6.725	
741.0	9.310	9.256	9.018	9.460	10.84	8.447	9.723	10.36	7.453	7.614	7.783	8.334	10.09	14.74	10.25	12.61	7.836	12.27	7.807	5.701	
742.0	9.387	13.88	11.24	13.49	13.48	7.895	16.88	10.03	11.04	9.518	13.71	8.655	11.80	9.711	8.654	7.802	9.499	9.387	6.403	9.103	
743.0	8.375	12.94	9.467	10.60	9.791	11.31	11.55	8.935	11.46	9.510	11.94	10.59	9.685	10.66	11.75	9.524	10.21	7.861	8.575	8.794	
744.0	9.153	11.63	12.15	10.84	13.18	8.470	7.474	13.80	12.95	11.78	9.509	13.94	8.082	9.925	7.545	10.45	10.53	9.671	13.00	11.02	
745.0	9.358	8.251	12.22	11.08	10.23	8.819	8.882	13.34	12.49	10.39	9.860	10.55	12.28	9.175	11.00	10.52	8.548	8.925	10.33	12.51	
746.0	8.540	10.93	11.69	8.936	8.572	7.491	7.861	10.72	7.452	10.26	12.20	12.53	12.06	8.959	12.74	11.19	11.36	11.35	8.531	11.35	
747.0	8.996	7.752	13.80	10.56	9.295	9.729	8.692	12.94	9.593	10.98	7.061	11.42	8.933	12.50	9.056	14.87	10.15	5.581	10.47	7.693	
748.0	6.815	7.120	13.22	10.19	9.774	12.09	8.503	13.25	13.09	13.25	6.659	12.26	13.06	10.98	9.056	13.32	9.335	10.98	11.01	8.990	
749.0	10.27	11.16	11.99	10.78	10.06	10.18	8.735	10.74	8.801	9.200	5.069	12.71	12.83	12.98	8.227	9.457	8.367	8.947	12.31	11.29	
750.0	13.45	10.35	8.476	10.56	9.215	12.28	8.874	10.59	11.45	8.211	9.943	6.937	14.25	7.721	8.041	9.689	11.33	10.47	7.905	10.19	
751.0	10.49	7.397	9.969	8.933	10.24	9.854	9.019	11.44	9.832	12.30	10.26	8.307	11.43	10.35	10.87	9.120	8.141	13.75	11.84	11.31	
752.0	10.60	10.40	7.355	7.008	8.391	10.12	7.993	10.21	6.866	11.68	11.84	6.375	7.380	8.016	10.45	11.95	9.699	10.09	8.253	9.364	
753.0	8.808	11.00	5.742	9.779	12.31	10.08	9.875	9.472	8.394	11.97	8.960	11.14	10.72	7.987	5.036	7.910	10.73	10.67	9.034	6.480	
754.0	7.435	8.369	10.65	8.464	10.60	12.69	7.228	9.848	7.395	14.68	11.43	6.746	7.963	8.461	13.43	8.880	11.49	11.31	9.560	6.225	
755.0	7.540	9.992	10.04	9.710	10.30	9.281	6.728	10.69	12.97	11.23	11.50	7.173	10.83	8.719	14.96	14.34	9.246	7.405	11.25	11.42	
756.0	7.756	10.57	6.364	6.252	7.088	11.82	12.07	10.64	14.69	9.509	13.06	11.54	7.191	8.214	11.80	11.34	9.291	11.43	7.654	10.60	
757.0	9.498	5.985	9.550	7.692	5.905	11.08	8.380	11.58	12.19	9.474	11.93	10.46	7.815	7.928	9.732	12.30	11.21	7.786	11.95	8.015	
758.0	9.461	9.011	9.621	7.046	9.358	11.34	9.971	11.35	13.17	9.737	13.55	9.616	7.808	10.30	9.495	9.330	12.31	8.477	8.798	8.074	
759.0	11.01	8.470	11.96	8.502	8.611	10.36	10.35	10.35	10.40	10.30	12.87	10.01	8.837	10.73	9.216	11.36	5.113	11.50	9.862	13.41	
760.0	10.11	6.805	7.911	9.907	6.764	11.35	9.538	11.41	10.75	9.442	11.97	8.514	9.484	8.081	10.00	7.638	12.39	11.65	6.319	8.612	
761.0	7.337	6.517	13.39	10.87	10.42	10.15	10.00	10.94	9.267	11.39	7.854	7.739	8.564	11.45	7.627	10.80	12.23	10.99	6.994	8.157	
762.0	8.947	7.528	10.57	14.98	8.455	9.811	13.98	5.340	7.201	11.68	7.215	10.17	8.376	11.50	7.908	9.115	15.44	10.26	10.26	9.186	
763.0	8.705	7.664	10.50	8.191	11.41	9.982	10.90	8.485	7.848	9.496	6.370	8.365	7.981	9.242	9.193	11.50	8.891	8.555	12.79	8.442	
764.0	7.359	8.459	8.273	7.375	10.06	6.301	8.683	11.76	9.664	13.00	10.60	6.647	13.61	8.925	9.033	8.259	9.103	5.532	10.72	10.14	
765.0	9.794	8.943	7.359	8.982	12.22	6.954	8.663	9.230	14.53	13.01	11.56	7.967	9.120	10.78	10.52	9.980	9.784	8.493	7.396	10.05	
766.0	8.106	10.03	10.99	9.476	10.95	5.761	11.06	12.57	8.680	11.27	12.84	12.01	11.38	12.92	8.605	10.30	9.763	6.921	9.785	9.650	
767.0	7.016	9.248	11.84	11.29	8.687	8.522	13.48	7.673	8.394	9.729	10.73	10.02	10.92	12.27	12.17	8.272	10.57	13.23	8.284	10.99	
768.0	9.437	9.328	11.02	8.546	9.610	11.07	11.36	8.621	9.835	16.99	6.987	11.70	10.33	10.12	9.754	11.33	8.465	11.80	11.66	8.904	
769.0	11.79	10.90	10.07	10.46	6.706	11.10	9.994	8.784	9.743	11.35	10.49	10.39	12.03	11.27	10.46	12.62	7.761	11.57	10.82	9.060	
770.0	9.685	8.209	11.93	9.858	7.680	10.29	7.372	8.353	10.89	9.928	11.19	10.45	10.63	10.52	8.271	9.681	7.931	11.33	13.18	10.17	
771.0	10.53	10.55	12.65	6.710	9.814	9.274	9.257	10.56	6.366	9.556	13.20	11.52	9.954	8.797	8.460	7.841	8.600	10.75	13.33	11.89	
772.0	11.21	9.548	13.90	10.07	10.81	5.585	9.113	5.729	12.02	6.021	7.027	8.468	12.44	12.30	8.254	8.835	12.25	12.19	10.00	15.22	
773.0	12.13	10.44	7.442	9.739	7.546	8.821	9.796	8.439	9.268	4.963	8.428	10.63	8.040	9.723	9.959	9.455	10.14	12.11	10.96	14.88	
774.0	14.62	7.629	11.10	11.06	12.11	10.84	10.78	7.735	10.07	9.130	11.43	9.708	10.15	6.679	11.20	7.331	10.42	10.36	13.44	11.28	
775.0	14.14	8.436	7.606	8.807	11.82	10.92	10.41	8.013	11.16	11.17	12.74	10.06	11.99	8.983	5.373	7.919	9.693	7.320	8.968	11.33	
776.0	10.15	10.11	12.78	10.13	7.472	10.40	8.408	8.080	10.18	11.73	8.815	11.42	9.361	9.949	8.502	13.19	10.34	9.364	7.271	7.210	
777.0	9.142	12.62	8.737	7.990	8.792	9.280	12.42	9.330	9.434	8.113	11.07	9.904	7.231	7.094	10.45	11.33	9.285	9.243	10.45	10.30	
778.0	6.648	12.46	10.28	11.87	8.249	8.032	8.324	12.62	8.478	13.24	11.53	10.54	12.46	9.859	8.714	9.976	10.66	13.97	7.913	9.577	
779.0	7.090	10.81	8.648	9.520	8.321	6.868	10.30	9.034	11.95	10.52	12.26	9.415	10.35	6.543	10.48	9.405	9.635	14.90	11.71	11.79	
780.0	7.918	10.76	10.94	9.546	11.78	8.328	13.39	9.476	13.04	9.279	6.823	11.08	7.536	8.170	8.828	7.358	9.588	12.31	12.99	9.717	
