500.0	0.001034	0.001477	0.004396	0.002439	0.003107	0.004197	0.003018	0.003035	0.002443	0.004042	0.004528	0.002980	0.004012	0.004777	0.003694	0.003392	0.004295	0.003297	0.003206	0.004416
501.0	0.002614	0.000896	0.006815	0.002059	0.004387	0.005871	0.003651	0.007090	0.001846	0.004988	0.004678	0.001857	0.004737	0.003187	0.003282	0.004029	0.006569	0.002581	0.003565	0.004405
502.0	0.003324	0.001318	0.003445	0.001844	0.004818	0.006198	0.003068	0.004024	0.003662	0.004247	0.007450	0.001240	0.005409	0.004078	0.003839	0.003435	0.005186	0.007662	0.002562	0.001134
503.0	0.002028	0.002462	0.003946	0.005461	0.005130	0.004574	0.004879	0.003699	0.003714	0.003184	0.004179	0.003475	0.006381	0.003299	0.002955	0.003966	0.005748	0.004764	0.001655	0.004193
504.0	0.001742	0.004304	0.005149	0.006213	0.004408	0.002181	0.002896	0.006678	0.003898	0.002828	0.007166	0.005108	0.006121	0.003235	0.002955	0.006438	0.003278	0.005593	0.003357	0.002285
505.0	0.004677	0.000594	0.004274	0.004742	0.003252	0.004093	0.005321	0.006026	0.003242	0.005407	0.004029	0.002460	0.005595	0.003633	0.003625	0.004071	0.003964	0.006040	0.006555	0.003264
506.0	0.004494	0.002327	0.003200	0.007511	0.005270	0.005453	0.007529	0.003576	0.001613	0.006773	0.003815	0.001678	0.004931	0.003177	0.004713	0.006954	0.004529	0.004108	0.003830	0.003811
507.0	0.007303	0.003865	0.006041	0.004190	0.002932	0.007194	0.005284	0.002031	0.006120	0.004676	0.002889	0.003220	0.006115	0.005921	0.005956	0.004477	0.007592	0.002905	0.004027	0.003853
508.0	0.003800	0.003755	0.005598	0.005050	0.003450	0.002727	0.004388	0.005368	0.005365	0.004612	0.002351	0.003666	0.007093	0.005095	0.004053	0.005484	0.005159	0.005809	0.004085	0.006023
509.0	0.005771	0.004260	0.004189	0.004834	0.003735	0.005431	0.005149	0.004325	0.003242	0.007934	0.004812	0.004299	0.005020	0.005111	0.005785	0.004798	0.006521	0.004921	0.002171	0.005954
510.0	0.007136	0.005145	0.004879	0.006895	0.006655	0.005056	0.003864	0.003082	0.001682	0.005859	0.002328	0.004257	0.008564	0.007774	0.005324	0.005067	0.002501	0.006008	0.004428	0.004373
511.0	0.004089	0.001798	0.006160	0.005597	0.006025	0.004296	0.005526	0.007721	0.007698	0.005375	0.004002	0.006985	0.007247	0.004989	0.005629	0.005336	0.006967	0.007426	0.002003	0.005456
512.0	0.006537	0.004222	0.006241	0.005375	0.006133	0.003879	0.005203	0.009395	0.004495	0.005090	0.004962	0.007495	0.009441	0.005153	0.004086	0.007366	0.004338	0.005415	0.004714	0.005732
513.0	0.004356	0.003486	0.005912	0.002944	0.006025	0.004173	0.008457	0.009261	0.005218	0.006133	0.005241	0.005762	0.008538	0.006096	0.006840	0.004994	0.006034	0.006034	0.005229	0.005472
514.0	0.004561	0.004007	0.007664	0.002486	0.007830	0.007318	0.006698	0.005641	0.002650	0.006117	0.007595	0.003299	0.010365	0.006011	0.003957	0.006248	0.007020	0.002982	0.004147	0.005488
515.0	0.006698	0.003848	0.008383	0.006397	0.007733	0.006123	0.005839	0.008101	0.007713	0.006052	0.003138	0.003252	0.009212	0.006329	0.004938	0.008119	0.008016	0.004134	0.006144	0.006183
516.0	0.005543	0.006535	0.005733	0.006105	0.007200	0.005190	0.007577	0.006769	0.004568	0.007310	0.005252	0.005113	0.010561	0.008097	0.008266	0.005494	0.009256	0.006570	0.004548	0.007631
517.0	0.004994	0.003996	0.006820	0.007273	0.007011	0.007462	0.005089	0.008582	0.004920	0.009707	0.007322	0.006198	0.010413	0.007838	0.005929	0.007982	0.009887	0.008124	0.007689	0.007175
518.0	0.005205	0.003727	0.008821	0.005575	0.005464	0.008802	0.008506	0.008358	0.004810	0.008030	0.010389	0.009022	0.010253	0.007891	0.005581	0.006027	0.005414	0.008150	0.007065	0.004394
519.0	0.007630	0.008265	0.009010	0.009155	0.006903	0.010216	0.009698	0.007957	0.006702	0.007170	0.005380	0.006389	0.007210	0.009252	0.005961	0.007761	0.007232	0.009767	0.005582	0.006289
520.0	0.005976	0.008057	0.006815	0.003882	0.009894	0.008218	0.006725	0.009427	0.006660	0.005864	0.006791	0.007325	0.010949	0.007743	0.007430	0.009226	0.007947	0.007294	0.006919	0.010571
521.0	0.006798	0.006623	0.005187	0.009301	0.009139	0.012306	0.009801	0.007529	0.008227	0.010019	0.007917	0.007740	0.008463	0.009527	0.009547	0.009643	0.006765	0.009153	0.007689	0.011176
522.0	0.006504	0.007480	0.007972	0.010648	0.010034	0.010125	0.009493	0.009358	0.006927	0.009256	0.007654	0.003847	0.009515	0.010692	0.009686	0.011409	0.007476	0.009820	0.006737	0.009207
523.0	0.007725	0.008167	0.009913	0.008982	0.008741	0.008930	0.010745	0.013625	0.006906	0.007788	0.011043	0.008240	0.012128	0.008563	0.008775	0.008235	0.009028	0.008680	0.009571	0.010534
524.0	0.008918	0.007040	0.010962	0.010307	0.012825	0.012686	0.010351	0.011882	0.006309	0.009637	0.012807	0.007974	0.012692	0.009803	0.010603	0.008119	0.010809	0.009442	0.010840	0.010475
525.0	0.010794	0.007298	0.009994	0.010810	0.010982	0.011347	0.011128	0.012839	0.009060	0.013620	0.010587	0.010862	0.013159	0.010380	0.011090	0.013860	0.010163	0.010555	0.009805	0.013754
526.0	0.008463	0.013078	0.013909	0.011881	0.011543	0.010918	0.015122	0.015444	0.008337	0.013545	0.011697	0.011085	0.015937	0.013631	0.010110	0.010033	0.010783	0.012534	0.008698	0.015272
527.0	0.012620	0.013166	0.011632	0.011503	0.015121	0.011159	0.015354	0.012861	0.010219	0.013701	0.016153	0.018812	0.016447	0.014150	0.012103	0.011641	0.016454	0.013589	0.010591	0.011319
528.0	0.011077	0.016803	0.012341	0.013217	0.016484	0.016721	0.013697	0.016240	0.016052	0.014281	0.015011	0.016611	0.013212	0.009564	0.014290	0.013317	0.016189	0.013379	0.014106	0.013638
529.0	0.018076	0.017496	0.015207	0.015391	0.014970	0.018795	0.014507	0.014920	0.015607	0.017737	0.014260	0.016175	0.012782	0.018471	0.010571	0.015947	0.017573	0.015595	0.015271	0.015097
530.0	0.013914	0.017183	0.014509	0.020140	0.017465	0.017246	0.020244	0.020658	0.022924	0.020333	0.012861	0.017084	0.017844	0.020658	0.015582	0.021719	0.020111	0.017490	0.016145	0.016641
531.0	0.017871	0.019842	0.018597	0.015483	0.015584	0.018784	0.018857	0.022973	0.016739	0.019081	0.017596	0.018584	0.019921	0.017126	0.021188	0.022410	0.018770	0.017973	0.015505	0.017416
532.0	0.023821	0.022111	0.018878	0.022125	0.017184	0.019716	0.018625	0.022963	0.017635	0.019021	0.020127	0.021961	0.026120	0.021114	0.017640	0.024877	0.020583	0.026578	0.019234	0.020191
533.0	0.021951	0.018556	0.021122	0.021151	0.023952	0.024576	0.019828	0.024995	0.018228	0.023450	0.020802	0.012952	0.025828	0.021506	0.022956	0.026859	0.025926	0.024772	0.021980	0.018652
534.0	0.023444	0.021430	0.022652	0.026133	0.027563	0.024329	0.024259	0.022465	0.023107	0.024482	0.024309	0.021222	0.023321	0.023528	0.025658	0.028024	0.023827	0.019921	0.023010	0.023496
535.0	0.021357	0.021259	0.025696	0.027679	0.027800	0.027475	0.026472	0.029129	0.022882	0.023886	0.029007	0.024194	0.028346	0.025710	0.027330	0.023638	0.031899	0.019065	0.020654	0.025868
536.0	0.020996	0.024182	0.027254	0.028593	0.025445	0.027244	0.028636	0.025888	0.024308	0.026911	0.021264	0.025013	0.029366	0.024635	0.030958	0.027075	0.029917	0.020934	0.026859	0.028558
537.0	0.021024	0.021204	0.027967	0.025521	0.025574	0.030159	0.029235	0.026145	0.022463	0.025815	0.026872	0.027566	0.030838	0.024937	0.031349	0.029653	0.034062	0.031476	0.031706	0.031487
538.0	0.028833	0.027836	0.030438	0.027274	0.027821	0.027185	0.034713	0.029808	0.029402	0.031292	0.033382	0.028678	0.034444	0.025991	0.033188	0.033237	0.032874	0.028872	0.031175	0.030325
539.0	0.027218	0.034627	0.033823	0.030708	0.032218	0.031525	0.029753	0.031562	0.032086	0.033469	0.028186	0.026992	0.035926	0.030026	0.030020	0.037844	0.033065	0.030331	0.032309	0.031344
540.0	0.027024	0.032017	0.032937	0.033553	0.030225	0.035233	0.034476	0.034632	0.029827	0.036091	0.030433	0.030427	0.035411	0.037477	0.032212	0.037270	0.039823	0.034169	0.035299	0.032039
541.0	0.031392	0.032885	0.034937	0.031644	0.034169	0.040832	0.037832	0.040263	0.033134	0.030582	0.037163	0.032677	0.036930	0.035528	0.034570	0.035124	0.044599	0.034731	0.034457	0.031880
542.0	0.037631	0.038500	0.038987	0.039053	0.037650	0.041845	0.039122	0.045504	0.040509	0.036908	0.035924	0.038617	0.044978	0.041893	0.037138	0.038040	0.043337	0.040558	0.044172	0.035700
543.0	0.039896	0.038187	0.047293	0.040573	0.041287	0.046796	0.047450	0.040156	0.036583	0.048163	0.040460	0.042983	0.042242	0.044282	0.045815	0.046748	0.044811	0.043036	0.045004	0.039849
544.0	0.039013	0.042253	0.044297	0.046760	0.042483	0.048886	0.048740	0.046328	0.044194	0.048614	0.047785	0.044558	0.048426	0.047533	0.056298	0.048282	0.046332	0.044653	0.044728	0.043558
545.0	0.045035	0.047780	0.049180	0.054711	0.050119	0.049496	0.047871	0.055403	0.049383	0.054005	0.044198	0.049179	0.054030	0.052474	0.059621	0.048798	0.051383	0.049987	0.050298	0.047824
546.0	0.049909	0.053406	0.054506	0.052115	0.048793	0.060566	0.054730	0.054547	0.057271	0.057606	0.056456	0.056401	0.057270	0.056657	0.056351	0.060227	0.060526	0.051589	0.053159	0.054197
547.0	0.054799	0.059834	0.058723	0.056820	0.066284	0.055958	0.064553	0.058291	0.058634	0.066206	0.064660	0.056880	0.062210	0.057610	0.054368	0.060279	0.062010	0.054896	0.055447	0.059715
548.0	0.066233	0.064284	0.069484	0.064013	0.072966	0.061048	0.061854	0.069575	0.070794	0.070774	0.061550	0.065548	0.068266	0.065024	0.068357	0.065023	0.065508	0.059411	0.066472	0.061466
549.0	0.059350	0.075767	0.070511	0.072451	0.064452	0.073104	0.068438	0.074174	0.065710	0.082222	0.071846	0.070813	0.069276	0.070426	0.068678	0.067554	0.074519	0.065081	0.070425	0.070593
550.0	0.071228	0.073295	0.080244	0.069963	0.075283	0.075676	0.078584	0.076313	0.068645	0.085769	0.081980	0.070388	0.082927	0.072650	0.086472	0.075672	0.081621	0.076894	0.071621	0.077384
551.0	0.085549	0.085821	0.091004	0.086134	0.085252	0.079427	0.086356	0.078987	0.082483	0.087597	0.082302	0.080226	0.095570	0.091608	0.093064	0.085582	0.087663	0.087394	0.084155	0.083433
552.0	0.089323	0.090766	0.094897	0.099763	0.094628	0.091965	0.096502	0.087330	0.086938	0.096304	0.089380	0.086076	0.103538	0.099021	0.095637	0.095755	0.094766	0.096581	0.094920	0.091074
553.0	0.094208	0.097140	0.102683	0.095653	0.099585	0.095501	0.098337	0.100967	0.095115	0.097110	0.097960	0.100808	0.097695	0.103152	0.104051	0.102872	0.101656	0.101201	0.097261	0.097017
554.0	0.113468	0.105601	0.115120	0.105442	0.106267	0.103217	0.112153	0.114016	0.101037	0.100550	0.104341	0.110487	0.113950	0.111784	0.108607	0.110041	0.118564	0.108183	0.101473	0.104445
555.0	0.111137	0.116149	0.119500	0.122479	0.112679	0.113986	0.112855	0.117332	0.116133	0.125005	0.116996	0.116230	0.113684	0.110830	0.111340	0.116893	0.114907	0.123566	0.111198	0.113890
556.0	0.120295	0.123676	0.131936	0.125832	0.129976	0.127596	0.124134	0.127974	0.124047	0.120866	0.123002	0.127824	0.125105	0.121474	0.128598	0.128912	0.134359	0.120678	0.117283	0.125669
557.0	0.131341	0.139774	0.138641	0.138812	0.135041	0.145010	0.132931	0.133054	0.135526	0.138764	0.143271	0.135376	0.138545	0.130689	0.140764	0.142723	0.145277	0.135378	0.139022	0.140102
558.0	0.142719	0.146203	0.147671	0.143355	0.150560	0.147046	0.153656	0.145194	0.141659	0.155533	0.151529	0.156223	0.162077	0.153459	0.145641	0.150103	0.152486	0.138581	0.151920	0.138086
559.0	0.146771	0.166586	0.154484	0.158229	0.156972	0.165049	0.155113	0.160275	0.153662	0.170958	0.175820	0.155797	0.172276	0.163256	0.175708	0.156376	0.165577	0.161366	0.168562	0.162653
560.0	0.167364	0.181750	0.171895	0.167856	0.165863	0.179034	0.177996	0.174982	0.164407	0.179020	0.186974	0.176166	0.168452	0.169028	0.179727	0.178199	0.174111	0.167403	0.182552	0.187803
561.0	0.184348	0.185981	0.186602	0.191653	0.186555	0.184177	0.195536	0.187603	0.176043	0.192510	0.187456	0.193982	0.187309	0.185974	0.189910	0.195647	0.182167	0.176591	0.192954	0.198150
562.0	0.195727	0.202298	0.191361	0.215234	0.206277	0.193875	0.201526	0.192523	0.195698	0.199874	0.199843	0.200629	0.203192	0.211074	0.205882	0.211092	0.203474	0.196121	0.195086	0.203987
563.0	0.208937	0.221418	0.215639	0.227024	0.202990	0.208557	0.214695	0.219530	0.220176	0.222662	0.232660	0.210468	0.216526	0.218012	0.232947	0.220633	0.216672	0.208983	0.214017	0.221868
564.0	0.223591	0.241362	0.241269	0.233460	0.225352	0.220452	0.236067	0.239049	0.228667	0.233465	0.230193	0.221636	0.230921	0.237923	0.235788	0.231861	0.226584	0.235233	0.234403	0.241076
565.0	0.239743	0.246801	0.242999	0.254878	0.240979	0.241562	0.259435	0.251082	0.227461	0.249535	0.250141	0.243440	0.258969	0.249679	0.246292	0.241824	0.246619	0.245996	0.252346	0.251900
566.0	0.251232	0.257790	0.265547	0.273861	0.263018	0.258119	0.269959	0.266484	0.257967	0.275065	0.274110	0.256789	0.269274	0.262547	0.270303	0.259114	0.272219	0.261693	0.270860	0.256251
567.0	0.272491	0.272459	0.280038	0.299335	0.274549	0.270550	0.286582	0.273276	0.265619	0.288609	0.278025	0.281040	0.284042	0.275627	0.292867	0.264649	0.292201	0.268886	0.283030	0.288512
568.0	0.291030	0.298996	0.297936	0.316209	0.300737	0.287803	0.309195	0.309855	0.303410	0.315483	0.296793	0.300717	0.308052	0.291778	0.307712	0.296435	0.312607	0.302066	0.297176	0.307614
569.0	0.314842	0.313940	0.317401	0.316804	0.332152	0.312557	0.318855	0.316380	0.325896	0.304626	0.312236	0.324648	0.328185	0.330806	0.328936	0.317204	0.330204	0.319916	0.329004	0.327883
570.0	0.335101	0.341082	0.332974	0.344387	0.333661	0.328471	0.347459	0.348735	0.336274	0.339937	0.341568	0.344007	0.356870	0.350082	0.349677	0.341400	0.342978	0.324903	0.338834	0.358976
571.0	0.352363	0.359817	0.364389	0.355042	0.368309	0.353386	0.363488	0.374618	0.355982	0.362565	0.356904	0.349750	0.352567	0.354318	0.365434	0.356476	0.348066	0.367323	0.356932	0.357968
572.0	0.370236	0.370915	0.384017	0.383004	0.389431	0.391214	0.387234	0.367292	0.376633	0.389277	0.378406	0.378521	0.370469	0.370363	0.376207	0.371288	0.378437	0.376458	0.367542	0.395270
573.0	0.383835	0.405364	0.394994	0.409884	0.399238	0.397697	0.402723	0.406331	0.393668	0.420074	0.392134	0.416546	0.388424	0.401077	0.395394	0.396643	0.400751	0.402183	0.395313	0.399249
574.0	0.417360	0.409374	0.408674	0.417997	0.413033	0.418594	0.430733	0.414139	0.411070	0.436090	0.418677	0.421864	0.422846	0.420777	0.424496	0.425952	0.407164	0.426911	0.421525	0.438355
575.0	0.453716	0.461514	0.433114	0.433302	0.437982	0.442866	0.445899	0.448259	0.453473	0.442916	0.446239	0.452018	0.446803	0.443547	0.442129	0.447933	0.453276	0.435048	0.435671	0.446791
576.0	0.465705	0.475305	0.463124	0.456829	0.458673	0.458190	0.470778	0.465211	0.460339	0.469359	0.460449	0.452975	0.455409	0.465365	0.472249	0.476082	0.480255	0.462033	0.459282	0.459473
577.0	0.481857	0.495413	0.494377	0.499123	0.473276	0.491089	0.475582	0.493234	0.468306	0.486236	0.497931	0.490521	0.502473	0.487977	0.493151	0.482671	0.512587	0.489858	0.489550	0.490619
578.0	0.509277	0.517500	0.512978	0.512590	0.513259	0.510539	0.527284	0.517514	0.509871	0.523643	0.496376	0.518495	0.514797	0.515619	0.533401	0.507552	0.503841	0.503771	0.497767	0.523835
579.0	0.533977	0.538433	0.520656	0.540282	0.534543	0.539204	0.519351	0.552382	0.511129	0.547991	0.530373	0.516208	0.544757	0.554647	0.536939	0.536123	0.539406	0.525926	0.535056	0.529354
580.0	0.540193	0.592331	0.563643	0.562997	0.556528	0.564923	0.570945	0.562008	0.537179	0.578089	0.578526	0.580398	0.567599	0.564179	0.562664	0.535068	0.580748	0.550600	0.551179	0.546333
581.0	0.567613	0.569255	0.588516	0.575437	0.582393	0.586356	0.576342	0.606930	0.590118	0.599050	0.599975	0.593694	0.579286	0.579007	0.579279	0.570386	0.588699	0.602050	0.589664	0.588251
582.0	0.579269	0.606066	0.619877	0.592203	0.596942	0.608859	0.613581	0.612278	0.599028	0.617324	0.605337	0.619752	0.601065	0.620312	0.628050	0.604650	0.605659	0.614650	0.593304	0.607883
583.0	0.636440	0.630790	0.639343	0.634930	0.624423	0.642080	0.652439	0.629926	0.622091	0.624311	0.643409	0.638366	0.626563	0.635669	0.676822	0.627844	0.628451	0.641425	0.626589	0.651923
584.0	0.690280	0.653866	0.659890	0.654400	0.662142	0.650117	0.664852	0.673244	0.659829	0.650109	0.663786	0.659107	0.670122	0.655792	0.687005	0.673177	0.671913	0.658225	0.654153	0.686413
585.0	0.665858	0.707160	0.659350	0.680901	0.684235	0.679586	0.683201	0.686079	0.677126	0.687732	0.691134	0.678784	0.706244	0.654733	0.698260	0.704805	0.666083	0.695500	0.669235	0.674739
586.0	0.685284	0.708258	0.704770	0.723087	0.755902	0.729952	0.710725	0.695171	0.693899	0.699556	0.710974	0.709629	0.735991	0.720397	0.716482	0.706914	0.692584	0.707050	0.711361	0.709759
587.0	0.709152	0.748915	0.744783	0.734445	0.741353	0.744955	0.741488	0.732071	0.714341	0.724817	0.768350	0.725584	0.741834	0.732577	0.733097	0.744867	0.714315	0.738550	0.728523	0.729922
588.0	0.738015	0.736279	0.761545	0.773927	0.738659	0.770674	0.766314	0.766297	0.752603	0.739329	0.788191	0.731965	0.737053	0.778118	0.786156	0.751193	0.789049	0.746425	0.756087	0.756983
589.0	0.761327	0.782979	0.762626	0.808000	0.760751	0.803894	0.797616	0.784480	0.764659	0.757603	0.782292	0.778765	0.783268	0.796652	0.770613	0.784402	0.795409	0.774775	0.797692	0.756983
590.0	0.825158	0.826933	0.807505	0.798265	0.814636	0.811931	0.822981	0.818172	0.781955	0.796300	0.817683	0.803760	0.796548	0.817834	0.795803	0.810232	0.826151	0.815725	0.804973	0.832329
591.0	0.833484	0.841767	0.776144	0.803132	0.841579	0.824790	0.846188	0.820846	0.786149	0.812424	0.825190	0.827692	0.813016	0.812009	0.842966	0.807069	0.821911	0.837250	0.819015	0.857798
592.0	0.864567	0.828032	0.819942	0.809082	0.856666	0.837114	0.848347	0.843307	0.834370	0.845747	0.834306	0.853751	0.856043	0.835310	0.875659	0.842387	0.820321	0.841450	0.855420	0.849308
593.0	0.878998	0.853305	0.862658	0.844777	0.864210	0.871942	0.875871	0.871116	0.838039	0.883370	0.868088	0.875024	0.864543	0.848548	0.868692	0.860310	0.878094	0.871375	0.858541	0.880614
594.0	0.878998	0.867590	0.894020	0.875065	0.901930	0.854260	0.892062	0.849190	0.865295	0.895731	0.875595	0.880873	0.868792	0.872378	0.894418	0.875069	0.888694	0.865600	0.866862	0.919348
595.0	0.873448	0.912093	0.910241	0.903189	0.914862	0.899268	0.916348	0.912829	0.879971	0.896269	0.908305	0.872364	0.891634	0.902033	0.915320	0.876124	0.884454	0.857200	0.871022	0.901838
596.0	0.912857	0.888468	0.903212	0.925363	0.911629	0.907305	0.936856	0.913899	0.866343	0.892507	0.906697	0.909591	0.925100	0.886146	0.902457	0.918294	0.900355	0.883450	0.895986	0.902369
597.0	0.903976	0.908796	0.927544	0.925363	0.918095	0.918557	0.945491	0.938499	0.907750	0.920992	0.947986	0.929800	0.942099	0.932747	0.938902	0.930418	0.894524	0.927025	0.900666	0.926246
598.0	0.909526	0.934070	0.934573	0.902107	0.934261	0.927130	0.904475	0.956147	0.916661	0.943029	0.951740	0.957987	0.944223	0.945456	0.952300	0.936217	0.927916	0.934900	0.934991	0.955429
599.0	0.957261	0.960442	0.950795	0.968631	0.950426	0.952849	0.957904	0.955613	0.937627	0.972052	0.943160	0.940437	0.951660	0.939631	0.945869	0.950977	0.935867	0.969025	0.934991	0.969756
600.0	0.940609	0.959892	0.970801	0.952406	0.972519	0.935167	0.963301	0.958821	0.947585	0.968289	0.958174	0.957455	0.968659	0.975641	0.955516	0.950449	0.937457	0.972175	0.930831	0.948531
601.0	0.963921	0.980770	1.000000	0.979448	0.960664	0.924987	0.984889	0.975400	0.935006	1.000000	0.942624	0.973409	0.947942	0.958165	0.988745	0.988930	0.966078	0.965875	0.967236	0.975592
602.0	0.973912	0.952201	0.950254	1.000000	0.969286	0.919629	0.984349	0.975935	0.974317	0.979576	0.993565	0.981918	0.960160	0.958165	0.942653	0.964155	0.985159	0.981625	0.936031	0.991510
603.0	1.000000	0.978023	0.949173	0.950242	0.978446	0.942668	0.977333	0.991443	0.973793	0.995700	1.000000	0.981918	0.989907	0.964520	0.965699	0.965209	0.959188	0.976375	0.976597	0.987796
604.0	0.955596	0.970331	0.989186	0.975662	0.968208	0.960886	0.968698	1.000000	1.000000	0.983339	0.973725	1.000000	0.973440	0.986761	0.981778	0.971535	0.981979	0.989500	0.960995	0.995755
605.0	0.964477	1.000000	0.982156	0.980530	1.000000	0.968923	0.989206	0.981817	0.947061	0.979039	0.988739	0.996809	0.959628	0.990998	1.000000	0.968899	0.993110	0.977425	0.986998	1.000000
606.0	0.995005	0.983517	0.976209	0.996214	0.962281	0.945347	0.981650	0.996256	0.950206	0.993013	0.989275	0.975005	0.986720	0.987820	0.995712	0.992093	0.978269	0.970600	0.978157	0.983551
607.0	0.972802	0.997802	0.962150	0.954569	0.981140	0.976424	1.000000	0.973795	0.942344	0.999463	0.996246	0.993086	1.000000	1.000000	0.968915	0.979969	0.992580	0.982675	1.000000	0.974000
608.0	0.987234	0.997253	0.976209	0.974580	0.969286	0.992499	0.976793	0.964169	0.966455	0.981726	0.985522	0.987768	0.972377	0.971404	0.991425	1.000000	0.960248	1.000000	0.957874	0.990980
609.0	0.981128	0.986265	0.991349	0.995132	0.978985	0.996249	0.962222	0.996256	0.984800	0.956465	0.984449	0.973409	0.995750	0.974582	0.983921	0.986295	1.000000	0.985300	0.955794	0.970286
610.0	0.965587	0.975826	0.968098	0.978366	0.986529	1.000000	0.964380	0.993048	0.984800	0.992475	0.981232	0.981386	0.978221	0.962931	0.982314	0.974170	0.969258	0.967450	0.975037	0.970286
611.0	0.960591	0.980221	0.977831	0.998377	0.959586	0.990355	0.980571	0.975400	0.968551	0.991401	0.977478	0.945223	0.966534	0.966638	0.962483	0.946760	0.952828	0.970075	0.936551	0.975062
612.0	0.943940	0.969782	0.974046	0.960518	0.953120	0.968387	0.961682	0.964169	0.935530	0.921530	0.970508	0.952137	0.978752	0.972993	0.980706	0.971008	0.970318	0.951175	0.957354	0.985143
613.0	0.934504	0.970331	0.959446	0.951324	0.968747	0.952313	0.973015	0.964704	0.932909	0.951091	0.966754	0.955328	0.965472	0.940690	0.971595	0.956248	0.925796	0.929650	0.957874	0.953307
614.0	0.926178	0.964288	0.948091	0.939966	0.939110	0.936775	0.951967	0.922456	0.920854	0.937654	0.958174	0.937246	0.913945	0.944927	0.966235	0.915659	0.940637	0.928075	0.924070	0.939511
615.0	0.928398	0.957695	0.931870	0.935099	0.927256	0.934631	0.948190	0.928873	0.893598	0.957540	0.935653	0.918101	0.933068	0.908917	0.967307	0.911969	0.924206	0.945400	0.925110	0.938980
616.0	0.925068	0.917587	0.944306	0.922659	0.926178	0.927130	0.937935	0.929943	0.903033	0.972052	0.941015	0.938841	0.912882	0.929570	0.949085	0.899845	0.932686	0.931750	0.911068	0.941633
617.0	0.932283	0.936267	0.914026	0.912383	0.923484	0.915878	0.921205	0.917643	0.893598	0.919380	0.941015	0.909591	0.901727	0.934865	0.929254	0.889302	0.935867	0.901300	0.905347	0.915634
618.0	0.936169	0.915939	0.911863	0.896158	0.926717	0.907841	0.925523	0.917108	0.870012	0.909706	0.916349	0.925014	0.895353	0.889324	0.904065	0.898790	0.931096	0.898150	0.912108	0.899716
619.0	0.882329	0.902753	0.914567	0.892372	0.895463	0.895517	0.900157	0.898925	0.865819	0.889819	0.906160	0.889383	0.876229	0.886676	0.888522	0.885085	0.897705	0.891850	0.882464	0.908736
620.0	0.867897	0.862645	0.884287	0.886423	0.873371	0.859618	0.879109	0.882347	0.892026	0.865633	0.876668	0.877151	0.878885	0.868671	0.880483	0.859783	0.891874	0.864025	0.871022	0.896532
621.0	0.864567	0.854953	0.876176	0.865330	0.858283	0.852653	0.873172	0.901599	0.866867	0.874233	0.844494	0.867578	0.869855	0.863376	0.874052	0.847131	0.897705	0.857725	0.852300	0.883267
622.0	0.852911	0.856602	0.840489	0.798806	0.835651	0.838722	0.869395	0.864164	0.824411	0.848434	0.877740	0.838328	0.861355	0.823659	0.876195	0.849767	0.830391	0.842500	0.870502	0.867349
623.0	0.840144	0.827482	0.822105	0.821521	0.824336	0.838186	0.823521	0.848120	0.807114	0.823174	0.860045	0.829819	0.834795	0.831603	0.841359	0.819720	0.814490	0.828850	0.811214	0.822778
624.0	0.850691	0.821988	0.798854	0.820980	0.816253	0.801751	0.839172	0.817102	0.808163	0.808662	0.807495	0.812801	0.817265	0.811480	0.826888	0.803906	0.816080	0.811000	0.797172	0.839757
625.0	0.831819	0.804407	0.805343	0.816653	0.793082	0.807645	0.801933	0.809615	0.805018	0.790388	0.806422	0.795783	0.808235	0.791886	0.847790	0.787038	0.808130	0.788950	0.790931	0.808452
626.0	0.779644	0.792869	0.812372	0.773927	0.787694	0.759958	0.758758	0.808011	0.767803	0.798450	0.797843	0.787806	0.772113	0.758525	0.802770	0.775968	0.785339	0.774775	0.781570	0.812697
627.0	0.750226	0.765398	0.779929	0.756620	0.748358	0.772281	0.749583	0.786619	0.759941	0.796838	0.773712	0.769192	0.778487	0.778118	0.770613	0.754883	0.758837	0.771100	0.753486	0.787758
628.0	0.753001	0.771991	0.741538	0.738231	0.752130	0.736382	0.733932	0.759345	0.754700	0.748466	0.775857	0.735156	0.757239	0.737872	0.755070	0.741705	0.733396	0.774775	0.775849	0.760167
629.0	0.748006	0.724192	0.739916	0.758242	0.733809	0.750849	0.740408	0.724049	0.732686	0.759752	0.744756	0.748452	0.742897	0.761172	0.733632	0.726418	0.715375	0.741175	0.717081	0.767595
630.0	0.724138	0.726389	0.725317	0.733904	0.723571	0.720844	0.724218	0.719771	0.714341	0.739329	0.717945	0.738347	0.720055	0.717220	0.728273	0.700588	0.712725	0.718600	0.707720	0.745310
631.0	0.696386	0.735180	0.697740	0.700913	0.735964	0.701019	0.715043	0.718701	0.698616	0.696331	0.705075	0.729306	0.708368	0.688094	0.708979	0.690573	0.698414	0.690250	0.699919	0.727269
632.0	0.700826	0.700017	0.704770	0.686851	0.688546	0.717093	0.716122	0.712284	0.687609	0.688269	0.692206	0.696334	0.685527	0.663205	0.684325	0.666852	0.689404	0.689725	0.693678	0.706576
633.0	0.680289	0.661008	0.691792	0.663053	0.669686	0.705305	0.670248	0.676453	0.653015	0.685045	0.678800	0.667616	0.689245	0.643082	0.660743	0.670542	0.660782	0.658225	0.660914	0.689066
634.0	0.659197	0.665953	0.669082	0.667921	0.662142	0.637257	0.658375	0.656131	0.666643	0.647959	0.652525	0.641557	0.661622	0.692331	0.693436	0.654728	0.676153	0.637225	0.646872	0.668903
635.0	0.631444	0.640130	0.646372	0.644665	0.647593	0.636186	0.644883	0.627787	0.651967	0.652259	0.631076	0.630389	0.667466	0.647848	0.654848	0.631007	0.672443	0.614650	0.654673	0.648740
636.0	0.634220	0.631889	0.642047	0.627358	0.614185	0.615825	0.626533	0.629392	0.610036	0.656021	0.586569	0.609116	0.638781	0.601248	0.638769	0.607813	0.641701	0.629350	0.604226	0.628577
637.0	0.619233	0.603869	0.626366	0.591121	0.603408	0.590642	0.622216	0.616557	0.588546	0.626998	0.608019	0.618157	0.626032	0.601777	0.630194	0.599379	0.598769	0.592600	0.610467	0.614781
638.0	0.604247	0.600572	0.613389	0.603020	0.608796	0.611539	0.597390	0.604791	0.579111	0.601200	0.602120	0.593694	0.607439	0.598071	0.609292	0.591999	0.581278	0.578425	0.589144	0.610006
639.0	0.594256	0.593979	0.608522	0.585172	0.568383	0.597608	0.574723	0.581261	0.564959	0.571102	0.564048	0.576675	0.568130	0.578477	0.615187	0.583037	0.574918	0.550075	0.567301	0.594087
640.0	0.565948	0.584090	0.586894	0.584090	0.558684	0.580997	0.570945	0.563613	0.552379	0.570564	0.566193	0.550085	0.565474	0.565238	0.591070	0.585146	0.566967	0.564775	0.577702	0.580292
641.0	0.560952	0.551674	0.581487	0.558129	0.557606	0.555814	0.570405	0.548638	0.543993	0.557665	0.558686	0.548489	0.538383	0.552000	0.578743	0.550355	0.562197	0.560050	0.548578	0.562251
642.0	0.565393	0.528434	0.549584	0.542445	0.541979	0.540812	0.557993	0.551847	0.548710	0.542079	0.551179	0.539980	0.518038	0.544586	0.568024	0.547192	0.560607	0.541151	0.531936	0.542619
643.0	0.554292	0.552773	0.550666	0.550558	0.531202	0.534221	0.529011	0.538477	0.535607	0.546916	0.521150	0.521845	0.542632	0.539820	0.546050	0.528743	0.536226	0.519521	0.526215	0.531476
644.0	0.524874	0.509204	0.542555	0.522758	0.535675	0.500465	0.521725	0.504946	0.509557	0.539391	0.531392	0.519293	0.513947	0.521180	0.528363	0.514141	0.516615	0.517211	0.502708	0.506431
645.0	0.506002	0.517116	0.514384	0.503937	0.528562	0.504270	0.507316	0.512273	0.505259	0.517570	0.524689	0.508656	0.489246	0.514031	0.505478	0.496535	0.514919	0.496736	0.514514	0.507758
646.0	0.498509	0.498215	0.487078	0.521514	0.527592	0.487284	0.484918	0.498047	0.485079	0.502628	0.501899	0.504295	0.488821	0.494173	0.498404	0.497062	0.505908	0.495738	0.491735	0.516937
647.0	0.490183	0.490084	0.486375	0.499123	0.487017	0.491571	0.487671	0.485854	0.475435	0.516549	0.485062	0.487916	0.486643	0.492637	0.489453	0.476135	0.489212	0.495948	0.477797	0.466742
648.0	0.484466	0.465086	0.475615	0.480518	0.470366	0.472121	0.481680	0.465746	0.461021	0.503381	0.488601	0.477811	0.452434	0.472249	0.486023	0.470705	0.465255	0.460143	0.486742	0.467644
649.0	0.468869	0.459976	0.466476	0.454558	0.459967	0.468317	0.470994	0.472752	0.444458	0.483763	0.456856	0.465473	0.466883	0.447625	0.487845	0.477611	0.470979	0.448751	0.460582	0.480538
650.0	0.448665	0.445911	0.468099	0.456775	0.435880	0.454118	0.471210	0.448793	0.441208	0.465436	0.451709	0.454518	0.447122	0.461923	0.464692	0.455155	0.460591	0.452583	0.441756	0.460587
651.0	0.442670	0.456624	0.457068	0.452881	0.430869	0.458244	0.458905	0.441734	0.436019	0.449634	0.442646	0.452390	0.443191	0.432586	0.448131	0.443189	0.445962	0.442241	0.434059	0.441485
652.0	0.433235	0.447120	0.446037	0.428922	0.431515	0.439758	0.448489	0.436814	0.421972	0.428996	0.435622	0.441116	0.441172	0.428243	0.441432	0.430801	0.434566	0.440666	0.425373	0.443396
653.0	0.437453	0.439428	0.430357	0.443308	0.426881	0.436811	0.420101	0.431787	0.411175	0.417548	0.433959	0.420907	0.421996	0.416276	0.431195	0.417518	0.426934	0.425861	0.410707	0.439788
654.0	0.440617	0.410089	0.408404	0.407450	0.425965	0.421594	0.419939	0.423658	0.389318	0.422600	0.421090	0.413249	0.421730	0.415587	0.418654	0.408609	0.413683	0.410321	0.402438	0.423922
655.0	0.406370	0.401353	0.406241	0.394253	0.415188	0.410825	0.414812	0.418417	0.389160	0.408787	0.413047	0.392083	0.407866	0.416381	0.423317	0.402758	0.404673	0.408956	0.409615	0.395323
656.0	0.399432	0.408880	0.393047	0.399337	0.402525	0.400162	0.399917	0.395529	0.378468	0.415290	0.415406	0.385382	0.393258	0.396523	0.408793	0.389843	0.394231	0.373886	0.399578	0.380890
657.0	0.387554	0.397342	0.381098	0.380246	0.378008	0.383070	0.400726	0.385475	0.384338	0.395081	0.392777	0.379319	0.379074	0.382649	0.397323	0.388947	0.383684	0.378611	0.374406	0.386090
658.0	0.372789	0.385969	0.379259	0.381868	0.382911	0.375783	0.390850	0.386811	0.371025	0.379226	0.382053	0.375809	0.384864	0.384450	0.375510	0.377034	0.373666	0.356771	0.361249	0.375054
659.0	0.372734	0.379706	0.386288	0.385329	0.356400	0.358905	0.374174	0.386437	0.370082	0.364123	0.375189	0.365545	0.366379	0.374335	0.369775	0.368863	0.364497	0.370263	0.362861	0.383119
660.0	0.367072	0.363718	0.375690	0.371159	0.351011	0.358583	0.358253	0.367880	0.348225	0.363747	0.363124	0.354324	0.364997	0.347540	0.369936	0.367229	0.372977	0.337398	0.377787	0.357066
661.0	0.365185	0.358718	0.367742	0.363533	0.342282	0.362387	0.358738	0.351141	0.340467	0.345849	0.352560	0.345974	0.353683	0.360884	0.349838	0.349992	0.360575	0.339603	0.348923	0.349426
662.0	0.347312	0.342126	0.355522	0.346010	0.338887	0.342884	0.338986	0.346007	0.338266	0.342248	0.344034	0.342358	0.352886	0.349446	0.351124	0.340662	0.345310	0.335981	0.345334	0.343483
663.0	0.338986	0.344048	0.337246	0.338060	0.323638	0.336133	0.344814	0.335044	0.331033	0.330532	0.339905	0.340284	0.340509	0.327735	0.330705	0.335865	0.341706	0.327266	0.335141	0.329846
664.0	0.347146	0.330148	0.334975	0.325728	0.329027	0.321559	0.334722	0.324188	0.323380	0.315536	0.327358	0.324117	0.334825	0.331653	0.338154	0.318100	0.322784	0.331676	0.332541	0.332340
665.0	0.329162	0.332730	0.324431	0.315831	0.328865	0.317379	0.328030	0.317022	0.309543	0.328382	0.315614	0.318373	0.318729	0.327893	0.316502	0.320947	0.317642	0.316923	0.322711	0.320879
666.0	0.321835	0.330643	0.320862	0.324268	0.313346	0.315558	0.316750	0.306486	0.303987	0.340851	0.304943	0.311725	0.311611	0.311901	0.306105	0.312460	0.313932	0.299336	0.310594	0.311169
667.0	0.300410	0.308446	0.300801	0.289221	0.301437	0.299162	0.312055	0.305844	0.295548	0.319997	0.304139	0.301780	0.298969	0.295432	0.298923	0.299545	0.312024	0.301436	0.300244	0.310585
668.0	0.302575	0.300534	0.293448	0.295062	0.303916	0.285445	0.298401	0.306540	0.286480	0.305593	0.300814	0.296675	0.297375	0.301204	0.296833	0.291796	0.302060	0.296501	0.295408	0.294083
669.0	0.284980	0.298666	0.295124	0.283110	0.295402	0.293697	0.282318	0.288357	0.294500	0.301616	0.291484	0.296462	0.294825	0.288018	0.293831	0.288950	0.289445	0.281118	0.281470	0.293924
670.0	0.279429	0.282349	0.289392	0.281704	0.283009	0.268889	0.281077	0.283330	0.281186	0.276893	0.281939	0.282901	0.284998	0.276845	0.289704	0.288159	0.283297	0.277601	0.283706	0.292120
671.0	0.269771	0.265701	0.274036	0.272996	0.279991	0.270121	0.296404	0.279854	0.278671	0.274581	0.269070	0.268542	0.269912	0.264559	0.277646	0.286841	0.277042	0.277076	0.271952	0.288618
672.0	0.273990	0.251032	0.265871	0.263964	0.272394	0.273711	0.271039	0.269907	0.266563	0.270013	0.267086	0.255885	0.270974	0.255027	0.275234	0.263068	0.265435	0.258281	0.263735	0.273337
673.0	0.268772	0.250812	0.265222	0.259637	0.258707	0.265352	0.257978	0.262420	0.259696	0.267756	0.257434	0.268595	0.265556	0.256616	0.273197	0.263120	0.260452	0.243476	0.261967	0.250998
674.0	0.246681	0.241582	0.242837	0.259853	0.245559	0.248903	0.255064	0.250815	0.240408	0.254695	0.257648	0.267797	0.260456	0.253174	0.262853	0.245936	0.245824	0.247203	0.251150	0.242827
675.0	0.242685	0.265427	0.242729	0.242168	0.244481	0.246278	0.241355	0.246590	0.246488	0.253620	0.245529	0.247376	0.257694	0.242795	0.250848	0.239241	0.242537	0.244841	0.243349	0.252113
676.0	0.239410	0.248285	0.245540	0.227132	0.239147	0.223184	0.236444	0.241563	0.233542	0.238786	0.247996	0.244132	0.243298	0.242159	0.242541	0.249046	0.236654	0.234446	0.220101	0.243623
677.0	0.230418	0.221803	0.236727	0.226537	0.234243	0.222488	0.235095	0.229370	0.229663	0.230670	0.234805	0.234399	0.231931	0.230085	0.237288	0.233390	0.238668	0.235076	0.230243	0.233276
678.0	0.223924	0.226802	0.234402	0.218965	0.218670	0.224256	0.225219	0.220278	0.219128	0.214923	0.212927	0.224986	0.228956	0.220977	0.229517	0.222426	0.222608	0.215546	0.213184	0.221815
679.0	0.202499	0.219165	0.220451	0.212421	0.213551	0.231007	0.224571	0.216695	0.217660	0.214546	0.209656	0.229507	0.214348	0.215999	0.212742	0.220264	0.207556	0.220376	0.214693	0.212264
680.0	0.205940	0.211638	0.214017	0.209663	0.212204	0.216594	0.209568	0.206909	0.208907	0.217610	0.205473	0.211585	0.210310	0.214675	0.211831	0.211988	0.219269	0.209246	0.213652	0.201387
681.0	0.214765	0.204661	0.208015	0.196845	0.212689	0.204699	0.200987	0.196373	0.200835	0.211268	0.199682	0.217328	0.203139	0.209221	0.209473	0.211145	0.204057	0.206253	0.200859	0.205366
682.0	0.195172	0.200870	0.205311	0.201983	0.191997	0.196019	0.191542	0.198619	0.190457	0.199390	0.202631	0.209032	0.204467	0.203343	0.195806	0.197650	0.196319	0.194178	0.193266	0.196930
683.0	0.181185	0.184222	0.192226	0.194195	0.189465	0.193554	0.198072	0.197924	0.186945	0.185469	0.189762	0.197811	0.184122	0.195929	0.184872	0.198757	0.189164	0.194441	0.187337	0.199901
684.0	0.178465	0.179827	0.185899	0.188354	0.183699	0.183052	0.198504	0.189368	0.180288	0.177461	0.181182	0.186749	0.184653	0.179195	0.184980	0.191114	0.190436	0.181001	0.181616	0.190509
685.0	0.183016	0.178179	0.184926	0.179430	0.176155	0.174640	0.174596	0.174340	0.174890	0.177784	0.183113	0.175421	0.183007	0.176336	0.169437	0.176407	0.175065	0.169976	0.176571	0.179897
686.0	0.175134	0.176640	0.169840	0.179916	0.172545	0.170729	0.167256	0.174233	0.160109	0.174236	0.173246	0.167444	0.181785	0.174218	0.170563	0.164230	0.166850	0.171761	0.169602	0.175493
687.0	0.174191	0.159169	0.160648	0.163313	0.160152	0.175337	0.161319	0.173163	0.157331	0.166819	0.176356	0.161169	0.162502	0.172152	0.167347	0.162121	0.161973	0.159948	0.161073	0.170824
688.0	0.161036	0.159389	0.158377	0.172507	0.166887	0.151493	0.155437	0.157655	0.157121	0.161713	0.159251	0.169199	0.157296	0.151765	0.157539	0.162438	0.166479	0.156063	0.160501	0.158832
689.0	0.155874	0.162465	0.156485	0.145573	0.152015	0.153851	0.157757	0.152788	0.142393	0.155479	0.159519	0.154627	0.158730	0.159231	0.157003	0.153371	0.157786	0.162941	0.149112	0.156816
690.0	0.156984	0.151972	0.146752	0.147249	0.157026	0.147903	0.152630	0.152253	0.151408	0.156393	0.142091	0.153883	0.144335	0.150759	0.158396	0.157430	0.149677	0.156221	0.150672	0.146841
691.0	0.147160	0.141533	0.152375	0.146709	0.147111	0.147314	0.149122	0.141985	0.144961	0.151932	0.145416	0.136120	0.143272	0.150123	0.146391	0.144990	0.151002	0.147558	0.145835	0.147212
692.0	0.139500	0.143126	0.139182	0.143193	0.141723	0.137401	0.144373	0.139739	0.133063	0.135378	0.147561	0.141172	0.140723	0.148111	0.140871	0.126804	0.138387	0.137793	0.137046	0.139571
693.0	0.135448	0.128896	0.137938	0.135297	0.130461	0.141259	0.142700	0.136049	0.134688	0.134894	0.138874	0.130536	0.138173	0.135190	0.145212	0.132497	0.140825	0.127398	0.137462	0.145355
694.0	0.134227	0.129006	0.129070	0.118206	0.123725	0.125453	0.124728	0.130434	0.133272	0.135754	0.128847	0.120804	0.123193	0.131483	0.134118	0.125907	0.133352	0.132386	0.123316	0.131878
695.0	0.118352	0.132467	0.129611	0.124101	0.122648	0.126364	0.120573	0.130380	0.122370	0.122263	0.122305	0.127292	0.123299	0.129471	0.123988	0.139297	0.126885	0.128868	0.132261	0.126572
696.0	0.125346	0.126039	0.128584	0.118693	0.120061	0.126203	0.129855	0.119150	0.115714	0.116244	0.128471	0.125271	0.121281	0.121262	0.123988	0.132180	0.129324	0.123986	0.123784	0.121319
697.0	0.126845	0.115930	0.123555	0.107605	0.118660	0.115165	0.119061	0.118775	0.112778	0.115008	0.116353	0.113518	0.119528	0.119992	0.121577	0.126487	0.116550	0.111228	0.115047	0.117710
698.0	0.127566	0.114556	0.122798	0.114799	0.118822	0.114308	0.119169	0.112037	0.114141	0.109310	0.112867	0.116922	0.115862	0.115014	0.117396	0.115734	0.115066	0.111491	0.120144	0.112723
699.0	0.114967	0.110655	0.111605	0.115177	0.112140	0.110450	0.112045	0.118455	0.104759	0.103076	0.109650	0.115964	0.118146	0.111995	0.113698	0.113520	0.112734	0.113486	0.108650	0.113572
700.0	0.116354	0.104062	0.108361	0.111500	0.111440	0.109218	0.110156	0.106208	0.101824	0.107214	0.105092	0.116656	0.115278	0.110989	0.103194	0.106931	0.114536	0.103458	0.107558	0.109964
701.0	0.103921	0.103238	0.104900	0.109228	0.099531	0.097537	0.095693	0.105352	0.109791	0.099959	0.098067	0.095755	0.107310	0.110936	0.098584	0.100131	0.102981	0.095478	0.110522	0.105241
702.0	0.112857	0.098568	0.097871	0.100034	0.108745	0.100805	0.098769	0.097544	0.097316	0.099367	0.096298	0.096819	0.098120	0.108500	0.103730	0.099182	0.105525	0.102986	0.103657	0.096539
703.0	0.102700	0.098403	0.098033	0.097870	0.100124	0.094001	0.093858	0.092196	0.093228	0.101033	0.100319	0.093894	0.094933	0.096056	0.098370	0.102081	0.094554	0.094953	0.094192	0.098927
704.0	0.097316	0.086261	0.095113	0.088297	0.095113	0.095555	0.085277	0.094550	0.087095	0.090822	0.096190	0.090118	0.099076	0.090178	0.098638	0.093331	0.094819	0.091856	0.093880	0.099298
705.0	0.090322	0.094447	0.098033	0.096897	0.092688	0.097430	0.085061	0.090806	0.091550	0.094584	0.093992	0.092086	0.094933	0.089595	0.091188	0.093067	0.088034	0.089179	0.089928	0.096805
706.0	0.091155	0.088733	0.084786	0.087756	0.083797	0.093626	0.086140	0.097437	0.085313	0.085286	0.092812	0.089799	0.089302	0.088166	0.086686	0.089799	0.093229	0.082616	0.086131	0.084388
707.0	0.085660	0.092195	0.085381	0.090947	0.081103	0.092554	0.084575	0.088079	0.082168	0.087704	0.083482	0.091394	0.084574	0.082658	0.082881	0.090431	0.089731	0.081566	0.077342	0.092719
708.0	0.080942	0.079173	0.079270	0.082781	0.084713	0.087357	0.077613	0.084656	0.080543	0.078836	0.086377	0.083311	0.079050	0.082870	0.090867	0.086794	0.091056	0.087341	0.074846	0.083274
709.0	0.076668	0.068735	0.079649	0.085323	0.081156	0.083820	0.073835	0.084282	0.079862	0.073193	0.084876	0.082354	0.078997	0.080593	0.080898	0.080837	0.087981	0.079676	0.081034	0.077066
710.0	0.076945	0.075767	0.081487	0.074506	0.075822	0.079052	0.073889	0.080271	0.073677	0.072440	0.081980	0.072887	0.082821	0.077786	0.071572	0.073510	0.083529	0.067706	0.081138	0.074201
711.0	0.068897	0.079009	0.080568	0.071964	0.078839	0.072622	0.077883	0.074228	0.066444	0.076149	0.074741	0.075440	0.075278	0.072438	0.079505	0.079731	0.075526	0.072274	0.071881	0.073299
712.0	0.065511	0.076097	0.083001	0.069800	0.077492	0.067585	0.079718	0.071500	0.067807	0.078782	0.072865	0.070441	0.075119	0.066666	0.072216	0.075672	0.069165	0.069596	0.072765	0.071495
713.0	0.071006	0.069559	0.072512	0.067529	0.074044	0.068657	0.071676	0.068452	0.067492	0.070613	0.067181	0.068526	0.068160	0.065607	0.068893	0.066974	0.067257	0.071539	0.068501	0.069266
714.0	0.064457	0.069284	0.069321	0.066285	0.069625	0.069836	0.069841	0.067917	0.066234	0.064432	0.061657	0.066771	0.071825	0.072067	0.071358	0.070348	0.076851	0.071959	0.064236	0.060883
715.0	0.063735	0.061537	0.065590	0.063148	0.062243	0.067800	0.065200	0.061286	0.067125	0.063680	0.069057	0.075174	0.070019	0.060205	0.068732	0.067606	0.064289	0.062876	0.068085	0.061466
716.0	0.066510	0.066647	0.065590	0.062283	0.064775	0.063835	0.059965	0.068452	0.064347	0.063895	0.067127	0.064697	0.063007	0.064971	0.069054	0.064602	0.064448	0.066341	0.065640	0.060883
717.0	0.057963	0.065273	0.057047	0.059146	0.058148	0.060191	0.056673	0.059307	0.061307	0.064916	0.061765	0.056188	0.067735	0.064971	0.065034	0.063284	0.064819	0.059884	0.057163	0.061148
718.0	0.067732	0.056922	0.061211	0.059957	0.059656	0.058423	0.058400	0.060911	0.063718	0.063787	0.056671	0.057731	0.059767	0.059093	0.064444	0.063548	0.061056	0.057259	0.052430	0.062793
719.0	0.052529	0.049280	0.060021	0.054440	0.056854	0.055958	0.050828	0.060858	0.050877	0.053629	0.051523	0.054061	0.050922	0.056869	0.056941	0.055219	0.052417	0.059779	0.054511	0.050297
720.0	0.059794	0.045972	0.053478	0.048848	0.051450	0.056441	0.057321	0.056793	0.052135	0.059111	0.056510	0.060230	0.056261	0.053056	0.048816	0.057802	0.055650	0.058781	0.052326	0.045660
721.0	0.051552	0.049593	0.057263	0.046966	0.057285	0.058102	0.051897	0.053745	0.049032	0.053898	0.049120	0.050338	0.046147	0.051203	0.050542	0.048698	0.052417	0.048318	0.050714	0.060087
722.0	0.050825	0.050587	0.052775	0.055684	0.051751	0.049813	0.051292	0.048440	0.046568	0.053951	0.049919	0.050216	0.051953	0.049694	0.049432	0.047607	0.052470	0.050008	0.055447	0.048843
723.0	0.048110	0.046186	0.053370	0.052926	0.051164	0.045033	0.046365	0.046766	0.045782	0.052070	0.051206	0.051615	0.054349	0.046331	0.049593	0.047570	0.049957	0.050176	0.048114	0.043914
724.0	0.050775	0.049439	0.045049	0.043829	0.042526	0.050198	0.047126	0.048360	0.044042	0.048964	0.047512	0.048801	0.048983	0.044875	0.050151	0.043912	0.046268	0.047310	0.038721	0.042343
725.0	0.051024	0.048054	0.040858	0.040465	0.041891	0.043265	0.041934	0.046472	0.041673	0.041724	0.043109	0.043037	0.044686	0.041576	0.047267	0.042947	0.048092	0.043908	0.044198	0.039759
726.0	0.044697	0.045505	0.043351	0.037144	0.047829	0.040002	0.041232	0.043691	0.039880	0.039838	0.042444	0.043207	0.045446	0.040024	0.045139	0.040375	0.042945	0.041341	0.040620	0.044264
727.0	0.042238	0.044835	0.042691	0.037214	0.047656	0.041149	0.044999	0.041253	0.041096	0.036124	0.043560	0.041340	0.042216	0.037276	0.036838	0.039642	0.039585	0.039340	0.042518	0.038953
728.0	0.039291	0.041044	0.043518	0.040963	0.042020	0.041374	0.041195	0.040777	0.040153	0.039950	0.039249	0.036256	0.040909	0.041348	0.039222	0.041819	0.038387	0.038752	0.039403	0.041829
729.0	0.042682	0.033984	0.037268	0.042412	0.041222	0.032581	0.037563	0.037493	0.034712	0.040590	0.040305	0.038553	0.038285	0.039489	0.040337	0.036780	0.043062	0.040936	0.036537	0.040656
730.0	0.037464	0.035511	0.038030	0.034667	0.033932	0.037607	0.040121	0.033322	0.036169	0.041020	0.040712	0.030736	0.037509	0.037382	0.041002	0.036000	0.038159	0.037571	0.035398	0.039335
731.0	0.037892	0.035368	0.034802	0.032428	0.037882	0.040961	0.031680	0.035873	0.035939	0.036237	0.033087	0.028624	0.036224	0.039103	0.036918	0.033933	0.037809	0.037981	0.030665	0.035732
732.0	0.034950	0.030457	0.034634	0.031844	0.034250	0.035056	0.030530	0.036226	0.034450	0.034705	0.033581	0.037112	0.034609	0.034993	0.031349	0.031303	0.033956	0.035818	0.032616	0.035074
733.0	0.033646	0.033275	0.037333	0.035424	0.036847	0.035442	0.036931	0.036343	0.030278	0.030717	0.030508	0.029497	0.033355	0.032330	0.036291	0.030075	0.033548	0.030100	0.030208	0.027593
734.0	0.032352	0.030176	0.028286	0.030443	0.031011	0.034263	0.033828	0.033006	0.027154	0.030572	0.025473	0.031049	0.032782	0.032955	0.032143	0.029853	0.035652	0.030468	0.034363	0.024748
735.0	0.029239	0.026968	0.038928	0.029475	0.028888	0.030122	0.032355	0.029407	0.026347	0.025407	0.030862	0.029443	0.035911	0.030423	0.027206	0.029869	0.032694	0.029665	0.029433	0.029184
736.0	0.032808	0.030149	0.031725	0.031135	0.025197	0.027335	0.028258	0.027867	0.026037	0.028062	0.032267	0.031571	0.028904	0.031858	0.034115	0.032731	0.031412	0.026845	0.027186	0.032633
737.0	0.027512	0.032132	0.028432	0.022119	0.030041	0.025396	0.026628	0.028920	0.024711	0.027831	0.032969	0.029858	0.030710	0.029041	0.027544	0.024861	0.030961	0.027638	0.027701	0.029450
738.0	0.020957	0.028143	0.030363	0.029361	0.032897	0.027421	0.029894	0.029182	0.028040	0.028841	0.027848	0.027694	0.025770	0.028183	0.030631	0.023955	0.026705	0.026572	0.026859	0.027603
739.0	0.025547	0.023539	0.029130	0.024094	0.026814	0.024474	0.028447	0.028535	0.026069	0.026535	0.024089	0.025200	0.026997	0.029115	0.029072	0.023174	0.023572	0.023979	0.024991	0.025863
740.0	0.026713	0.023045	0.022295	0.025137	0.023063	0.026794	0.022834	0.020444	0.024533	0.022800	0.026020	0.021519	0.024676	0.023862	0.027871	0.029410	0.029037	0.022084	0.025486	0.024393
741.0	0.024804	0.027165	0.023869	0.023850	0.018742	0.030636	0.025047	0.023198	0.019370	0.026207	0.029441	0.020493	0.024840	0.026600	0.024425	0.023180	0.022947	0.022383	0.021398	0.025311
742.0	0.022783	0.019029	0.022793	0.022119	0.025084	0.024683	0.023072	0.024514	0.017127	0.024208	0.024213	0.021955	0.027193	0.026605	0.020545	0.023944	0.021542	0.022819	0.021455	0.020918
743.0	0.019897	0.020820	0.021095	0.023282	0.021307	0.024962	0.019450	0.018807	0.020623	0.022596	0.024535	0.020014	0.023273	0.021744	0.018278	0.018836	0.022671	0.022619	0.026089	0.022801
744.0	0.019414	0.021490	0.023279	0.020124	0.018688	0.018896	0.021598	0.020209	0.020534	0.021279	0.019907	0.017499	0.026174	0.019901	0.021901	0.018504	0.021717	0.022262	0.020462	0.023417
745.0	0.022472	0.022380	0.022993	0.019264	0.019981	0.021897	0.018096	0.022717	0.022552	0.018092	0.020036	0.016377	0.023454	0.019774	0.019371	0.020085	0.022746	0.019627	0.019109	0.019336
746.0	0.018226	0.018693	0.021998	0.020070	0.015180	0.023928	0.017804	0.020294	0.017274	0.016839	0.018304	0.017127	0.019385	0.018853	0.015582	0.017392	0.020806	0.017994	0.016972	0.015282
747.0	0.017666	0.016397	0.019830	0.018977	0.022842	0.020043	0.017378	0.017096	0.016278	0.018710	0.017606	0.017483	0.018073	0.020965	0.017801	0.017460	0.018458	0.018986	0.015807	0.020679
748.0	0.017915	0.014545	0.014844	0.014926	0.018882	0.018886	0.022241	0.019524	0.013793	0.018860	0.018909	0.016084	0.014832	0.019499	0.017704	0.015520	0.016067	0.016151	0.016878	0.014465
749.0	0.017904	0.014243	0.018948	0.015413	0.017346	0.018912	0.017729	0.015839	0.012960	0.015281	0.013070	0.015148	0.019310	0.022681	0.018261	0.013296	0.016756	0.017448	0.018974	0.015320
750.0	0.017483	0.013903	0.018056	0.017274	0.018451	0.017241	0.015182	0.019219	0.015696	0.017527	0.015183	0.014648	0.017685	0.019843	0.018449	0.015626	0.020689	0.017175	0.012837	0.018073
751.0	0.015756	0.013359	0.017034	0.017360	0.015342	0.020472	0.014696	0.017182	0.012766	0.012867	0.013193	0.011527	0.014535	0.014966	0.012945	0.016311	0.017482	0.013909	0.015349	0.014232
752.0	0.015873	0.014765	0.016542	0.016884	0.012847	0.014889	0.016914	0.018636	0.015224	0.015367	0.011831	0.012978	0.020564	0.013557	0.013963	0.014266	0.013725	0.012707	0.013363	0.014694
753.0	0.016439	0.015325	0.015353	0.014364	0.012265	0.015714	0.012310	0.020134	0.015151	0.013980	0.012518	0.012856	0.017515	0.015887	0.012671	0.012052	0.015649	0.017474	0.013768	0.016620
754.0	0.018903	0.013556	0.017018	0.014742	0.011246	0.017037	0.014755	0.014299	0.012420	0.013416	0.014314	0.010394	0.013042	0.013599	0.013368	0.013280	0.013862	0.011862	0.010112	0.018291
755.0	0.015534	0.011754	0.017472	0.014986	0.012674	0.014894	0.011760	0.015679	0.015140	0.013684	0.012180	0.010771	0.015385	0.011121	0.013727	0.014661	0.011779	0.012082	0.013638	0.016667
756.0	0.015018	0.012958	0.012016	0.015856	0.012243	0.014701	0.010718	0.014641	0.012457	0.013566	0.009520	0.010154	0.011390	0.011434	0.010565	0.014550	0.011785	0.013122	0.011792	0.014816
757.0	0.017038	0.011035	0.012141	0.012271	0.010007	0.011561	0.010421	0.010780	0.010633	0.009933	0.012936	0.010825	0.013510	0.012434	0.009745	0.012221	0.012235	0.012833	0.011204	0.013632
758.0	0.014213	0.007359	0.010897	0.013634	0.011521	0.010532	0.015942	0.012930	0.010203	0.014367	0.009091	0.012191	0.014684	0.011915	0.011717	0.012690	0.015384	0.013101	0.013347	0.011579
759.0	0.011516	0.007293	0.010519	0.010502	0.013245	0.013099	0.011781	0.010326	0.008395	0.010524	0.009627	0.012558	0.013642	0.009972	0.011600	0.012384	0.007968	0.010560	0.013207	0.009361
760.0	0.014457	0.007024	0.012627	0.011189	0.016231	0.009204	0.013902	0.012331	0.007132	0.013792	0.014132	0.012787	0.011539	0.012127	0.010522	0.008341	0.009574	0.010891	0.007996	0.010958
761.0	0.008613	0.007771	0.010232	0.011303	0.009694	0.012611	0.009898	0.014342	0.007158	0.012986	0.011048	0.011314	0.011353	0.007854	0.012468	0.008710	0.009892	0.008901	0.009764	0.008846
762.0	0.009767	0.009447	0.011968	0.010659	0.006036	0.010023	0.007264	0.010074	0.007498	0.009981	0.007820	0.009171	0.010561	0.014510	0.007371	0.010608	0.010216	0.009783	0.008973	0.009313
763.0	0.011183	0.009535	0.008626	0.011065	0.009301	0.010859	0.009094	0.010267	0.008222	0.007864	0.009182	0.009633	0.010301	0.011486	0.007510	0.011024	0.008562	0.007273	0.007606	0.011956
764.0	0.012570	0.007408	0.010740	0.009502	0.009958	0.007087	0.011393	0.012058	0.010444	0.009385	0.007558	0.009038	0.009159	0.012069	0.006599	0.008531	0.007317	0.007567	0.008282	0.010990
765.0	0.007736	0.008815	0.008886	0.008290	0.008250	0.008491	0.008727	0.010668	0.011267	0.009901	0.008480	0.005416	0.009743	0.009172	0.005972	0.011999	0.009405	0.008507	0.008271	0.008135
766.0	0.007325	0.007469	0.009356	0.010594	0.005799	0.009080	0.008824	0.009042	0.006518	0.006509	0.008582	0.009091	0.009515	0.006779	0.005618	0.009190	0.008154	0.008119	0.008734	0.004968
767.0	0.009412	0.005452	0.006939	0.009058	0.005093	0.007532	0.011231	0.007919	0.009018	0.009025	0.006062	0.007974	0.010121	0.007245	0.007457	0.010138	0.007915	0.008607	0.007538	0.007812
768.0	0.006759	0.006183	0.007485	0.007690	0.004430	0.010854	0.007167	0.007502	0.008735	0.009385	0.006866	0.005623	0.011162	0.008569	0.008400	0.007123	0.007624	0.009709	0.007704	0.006904
769.0	0.003662	0.010018	0.010221	0.005808	0.006418	0.009182	0.005537	0.005764	0.007462	0.005149	0.007391	0.004305	0.009223	0.005349	0.009236	0.005558	0.008318	0.004979	0.004173	0.006527
770.0	0.005316	0.004529	0.007604	0.004856	0.009996	0.006198	0.004981	0.008326	0.006738	0.006348	0.006860	0.004996	0.009674	0.009548	0.006690	0.007508	0.010253	0.009106	0.009889	0.003752
771.0	0.006820	0.003084	0.011011	0.006213	0.010395	0.009279	0.005494	0.006475	0.004972	0.004408	0.005279	0.006070	0.009690	0.004761	0.005688	0.007487	0.007709	0.006523	0.006383	0.004681
772.0	0.008246	0.001863	0.007815	0.007614	0.006402	0.005603	0.006331	0.008818	0.005533	0.008159	0.007150	0.006033	0.009913	0.008240	0.005983	0.006701	0.006696	0.006029	0.005177	0.003222
773.0	0.006270	0.005727	0.008366	0.005494	0.006014	0.004762	0.008468	0.008930	0.008133	0.007192	0.005043	0.006426	0.007475	0.006429	0.006562	0.007039	0.006553	0.007693	0.006903	0.006135
774.0	0.004600	0.003442	0.006236	0.003644	0.004667	0.004917	0.004620	0.006352	0.004044	0.007461	0.004147	0.006490	0.007098	0.002694	0.005383	0.005278	0.007147	0.007142	0.006092	0.003784
775.0	0.004206	0.006216	0.008091	0.005397	0.005179	0.006128	0.007194	0.004119	0.003877	0.007891	0.004887	0.005469	0.006184	0.004263	0.002733	0.003839	0.003467	0.006901	0.005276	0.006750
776.0	0.004294	0.005332	0.007745	0.002081	0.002286	0.005946	0.002623	0.003885	0.004778	0.004026	0.002417	0.004608	0.006822	0.003506	0.004750	0.003669	0.004831	0.006964	0.005208	0.006119
777.0	0.006093	0.002529	0.006885	0.006878	0.005265	0.004826	0.007766	0.005994	0.001865	0.004902	0.005364	0.003331	0.006955	0.004592	0.004150	0.004677	0.004762	0.005221	0.004137	0.006188
778.0	0.002023	0.005711	0.004378	0.002475	0.003116	0.006980	0.004987	0.005090	0.003693	0.006923	0.002956	0.001874	0.008012	0.006805	0.006342	0.001624	0.003227	0.005588	0.003492	0.005137
779.0	0.003252	0.003909	0.006517	0.003331	0.003918	0.005040	0.004312	0.003598	0.001338	0.001771	0.004383	0.003661	0.007831	0.001985	0.004407	0.005890	0.004391	0.003840	0.004828	0.001970
780.0	0.001570	0.002643	0.004636	0.005488	0.004495	0.003657	0.005958	0.002911	0.002944	0.004666	0.005139	0.002296	0.008856	0.002561	0.003791	0.004588	0.003229	0.007578	0.005489	0.003392
781.0	0.002014	0.001040	0.005706	0.002552	0.003109	0.004928	0.006201	0.004882	0.004490	0.005209	0.005043	0.003991	0.004447	0.002972	0.003303	0.003802	0.003200	0.005084	0.006368	0.001093
782.0	0.002297	0.002035	0.003561	0.005434	0.003719	0.004644	0.004193	0.005924	0.003022	0.004918	0.007536	0.002798	0.004896	0.003898	0.006465	0.004509	0.004385	0.004328	0.004553	0.000000
783.0	0.003606	0.003079	0.003126	0.003774	0.001924	0.002646	0.001503	0.003908	0.004589	0.002616	0.001752	0.001414	0.002732	0.004030	0.004975	0.004256	0.003950	0.004774	0.005078	0.003084
784.0	0.003086	0.003738	0.003963	0.003839	0.002938	0.004580	0.003421	0.006224	0.001369	0.003434	0.003488	0.001474	0.000795	0.003302	0.001852	0.004551	0.005133	0.001030	0.001563	0.003859
785.0	0.000844	0.000226	0.001708	0.000000	0.002646	0.003062	0.003794	0.002694	0.003038	0.004155	0.002930	0.001696	0.005706	0.002104	0.004150	0.004493	0.002843	0.002801	0.002622	0.000773
786.0	0.003961	0.003073	0.003262	0.004937	0.001293	0.005967	0.005165	0.003318	0.003499	0.002364	0.001228	0.001634	0.004177	0.003453	0.001049	0.002887	0.004385	0.003714	0.002922	0.003354
787.0	0.004616	0.000485	0.005922	0.003395	0.003409	0.003571	0.004069	0.001962	0.003520	0.002893	0.000611	0.002221	0.002578	0.004009	0.003228	0.001434	0.005419	0.000982	0.005868	0.004288
788.0	0.004195	0.002010	0.003921	0.003498	0.002044	0.004526	0.003416	0.004432	0.000197	0.003489	0.004630	0.002392	0.004384	0.004142	0.002651	0.005131	0.002537	0.003141	0.002530	0.001737
789.0	0.002421	0.002769	0.002942	0.000204	0.002736	0.003122	0.004193	0.002340	0.000819	0.003304	0.001408	0.001640	0.007337	0.003343	0.002108	0.005125	0.002638	0.002754	0.002958	0.003126
790.0	0.001498	0.003332	0.001771	0.002288	0.001114	0.002795	0.005732	0.004283	0.001318	0.004429	0.001476	0.001042	0.003570	0.003302	0.000888	0.003447	0.003806	0.001633	0.002875	0.002508
791.0	0.003512	0.001585	0.000288	0.000753	0.002444	0.002152	0.003572	0.004550	0.001683	0.002907	0.004067	0.002672	0.004261	0.005360	0.001687	0.001362	0.003246	0.005163	0.002694	0.001240
792.0	0.002046	0.002572	0.001718	0.002634	0.002963	0.000000	0.000000	0.003379	0.002807	0.002882	0.002337	0.004517	0.004210	0.001331	0.001287	0.000000	0.002906	0.002811	0.003747	0.000926
793.0	0.001598	0.002914	0.001311	0.002755	0.000948	0.003518	0.001304	0.004347	0.001088	0.003843	0.006442	0.002529	0.005536	0.001193	0.002385	0.001494	0.005355	0.002469	0.002494	0.002281
794.0	0.002498	0.003172	0.004603	0.000120	0.003154	0.004445	0.002557	0.004978	0.004149	0.004263	0.000668	0.001735	0.002298	0.001000	0.000695	0.001890	0.002772	0.002853	0.003216	0.000982
795.0	0.002532	0.000016	0.001723	0.000473	0.000000	0.003212	0.004210	0.000000	0.002687	0.004811	0.000702	0.000000	0.001374	0.002653	0.000000	0.002367	0.001892	0.003366	0.000808	0.002340
796.0	0.002569	0.001670	0.001648	0.002577	0.002724	0.004165	0.000669	0.003329	0.000000	0.002895	0.000000	0.001819	0.000000	0.002909	0.002016	0.001239	0.000563	0.000000	0.001559	0.001069
797.0	0.000359	0.002061	0.004119	0.000848	0.001747	0.002823	0.000512	0.002050	0.000907	0.001664	0.001038	0.001032	0.003750	0.001379	0.000275	0.002387	0.003328	0.000976	0.000000	0.000257
798.0	0.002079	0.001699	0.001666	0.005591	0.000254	0.002712	0.001644	0.003383	0.001101	0.000000	0.001574	0.001066	0.002964	0.002474	0.003421	0.002087	0.001195	0.004895	0.002917	0.001449
799.0	0.000000	0.001789	0.000000	0.003010	0.000658	0.001386	0.001759	0.003457	0.001401	0.006423	0.002021	0.000334	0.003159	0.003792	0.001583	0.002524	0.000000	0.003593	0.002136	0.000913
800.0	0.003823	0.000000	0.001638	0.001651	0.001205	0.002816	0.002954	0.003603	0.002729	0.001740	0.002119	0.001915	0.002433	0.000000	0.003191	0.001130	0.001596	0.002760	0.003871	0.002144
