500.0	0.004906	0.004757	0.007151	0.005957	0.006169	0.006912	0.007709	0.001291	0.004516	0.003701	0.004354	0.002087	0.005710	0.004999	0.006837	0.004136	0.005307	0.004022	0.004626	0.003144
501.0	0.009223	0.003425	0.004719	0.002539	0.007156	0.008868	0.006877	0.001205	0.005936	0.002708	0.007902	0.002752	0.009466	0.002068	0.004933	0.004178	0.005857	0.009764	0.005921	0.002691
502.0	0.002713	0.001551	0.005238	0.005437	0.012433	0.001482	0.004381	0.002558	0.009599	0.005096	0.008617	0.003815	0.004946	0.006028	0.007047	0.003805	0.004350	0.009136	0.004953	0.004019
503.0	0.004748	0.005420	0.004859	0.003740	0.005213	0.002251	0.002878	0.005911	0.004620	0.006439	0.006833	0.001867	0.004965	0.006759	0.007561	0.007750	0.004783	0.007112	0.005000	0.002837
504.0	0.005287	0.004954	0.009230	0.005891	0.010207	0.005954	0.009540	0.003771	0.008084	0.004466	0.007909	0.008261	0.007530	0.005227	0.007496	0.006295	0.006569	0.005244	0.003429	0.004549
505.0	0.001671	0.001918	0.008229	0.004994	0.005833	0.005063	0.010656	0.006431	0.007468	0.002125	0.007794	0.005295	0.004478	0.007353	0.006610	0.002874	0.006738	0.010333	0.008639	0.006390
506.0	0.000648	0.004178	0.004325	0.008996	0.005273	0.006456	0.002611	0.007097	0.007393	0.005082	0.011177	0.008573	0.007114	0.005465	0.009847	0.010150	0.005891	0.005903	0.009849	0.004104
507.0	0.005195	0.009379	0.003154	0.004328	0.004129	0.007303	0.002845	0.014161	0.003990	0.009983	0.012302	0.007072	0.012491	0.006915	0.004698	0.006037	0.005600	0.003180	0.005710	0.001845
508.0	0.005447	0.006370	0.009281	0.006604	0.002906	0.006996	0.004867	0.007190	0.006595	0.006866	0.004344	0.005911	0.008282	0.005373	0.004843	0.004038	0.002627	0.006151	0.004721	0.001717
509.0	0.003361	0.010651	0.003958	0.005219	0.004997	0.005423	0.006744	0.010517	0.004356	0.005220	0.011795	0.005729	0.007981	0.004213	0.008885	0.004530	0.008524	0.007901	0.005597	0.000000
510.0	0.003733	0.007181	0.000099	0.008083	0.001548	0.006938	0.004790	0.008615	0.005984	0.004648	0.006922	0.003161	0.007969	0.005142	0.006653	0.003053	0.003912	0.009881	0.008347	0.000310
511.0	0.006985	0.008219	0.008401	0.003949	0.002628	0.009447	0.003735	0.007544	0.005622	0.006521	0.007531	0.002595	0.006154	0.005317	0.002758	0.009931	0.011167	0.008988	0.007360	0.001563
512.0	0.007403	0.007191	0.006860	0.005932	0.000146	0.005696	0.004206	0.009120	0.006879	0.007868	0.005993	0.008231	0.006284	0.006025	0.006384	0.006533	0.006417	0.006298	0.010398	0.004626
513.0	0.003293	0.004429	0.001623	0.006340	0.003524	0.008259	0.006483	0.010647	0.008675	0.006119	0.010451	0.006518	0.006988	0.005742	0.006031	0.007086	0.006030	0.004712	0.007347	0.011207
514.0	0.004160	0.007865	0.005033	0.007177	0.009319	0.008953	0.005025	0.007651	0.006262	0.005407	0.004389	0.004345	0.005451	0.008328	0.008659	0.008916	0.007910	0.008874	0.000861	0.005145
515.0	0.008105	0.005105	0.006987	0.008733	0.007047	0.008022	0.001274	0.004822	0.002383	0.005559	0.005677	0.005698	0.006473	0.011217	0.004992	0.006799	0.001796	0.007666	0.007219	0.004555
516.0	0.007956	0.009225	0.003697	0.010600	0.001759	0.003728	0.006742	0.008917	0.009519	0.001632	0.005093	0.004574	0.005752	0.005619	0.003468	0.000000	0.005896	0.013541	0.008610	0.006474
517.0	0.003311	0.008548	0.004364	0.010156	0.005100	0.006648	0.006018	0.009229	0.006318	0.011288	0.007052	0.006288	0.002250	0.011638	0.004566	0.004208	0.010476	0.007766	0.006845	0.005548
518.0	0.005289	0.007038	0.010099	0.005600	0.004772	0.006814	0.005901	0.005719	0.002731	0.009963	0.006998	0.006281	0.004256	0.012902	0.005415	0.010687	0.005020	0.007801	0.005447	0.004993
519.0	0.005150	0.014241	0.005390	0.013795	0.004419	0.005918	0.009439	0.007194	0.003270	0.007101	0.010490	0.008602	0.005310	0.008964	0.012506	0.007317	0.008774	0.006024	0.003870	0.005709
520.0	0.008794	0.009994	0.009928	0.010245	0.007211	0.003939	0.006245	0.007867	0.006466	0.005737	0.011795	0.007580	0.007445	0.009903	0.004995	0.007063	0.009605	0.011245	0.009769	0.007210
521.0	0.012416	0.010384	0.007684	0.006930	0.004516	0.008517	0.007184	0.010577	0.009469	0.010571	0.010112	0.005790	0.008808	0.009025	0.012584	0.009543	0.010316	0.009273	0.007684	0.006126
522.0	0.013244	0.006810	0.009685	0.009575	0.016315	0.011927	0.005114	0.011672	0.009840	0.008512	0.006518	0.011914	0.015192	0.010394	0.006026	0.011125	0.009465	0.010951	0.010078	0.008843
523.0	0.009712	0.013205	0.010463	0.013647	0.011554	0.016493	0.010465	0.009053	0.012682	0.011716	0.009664	0.009657	0.009652	0.007957	0.011868	0.015863	0.011177	0.006608	0.008582	0.008167
524.0	0.013055	0.014252	0.007702	0.013588	0.010387	0.011211	0.009359	0.011463	0.010041	0.013161	0.012631	0.011035	0.006747	0.009081	0.009700	0.013574	0.011907	0.009051	0.011614	0.008628
525.0	0.012915	0.011564	0.018915	0.011054	0.012403	0.012955	0.011853	0.008948	0.009800	0.012065	0.010580	0.011962	0.012020	0.012862	0.015978	0.009085	0.009855	0.009616	0.012970	0.005630
526.0	0.013923	0.008323	0.013597	0.011202	0.018710	0.010727	0.014840	0.011861	0.012411	0.013589	0.011984	0.015362	0.015674	0.015048	0.017273	0.010628	0.013629	0.008810	0.013608	0.013454
527.0	0.014312	0.012528	0.016347	0.012464	0.012004	0.019467	0.013381	0.018104	0.014229	0.013589	0.014811	0.008681	0.016253	0.018820	0.019284	0.011394	0.015350	0.015915	0.012501	0.012286
528.0	0.013913	0.013082	0.016236	0.014800	0.016714	0.021080	0.013593	0.012917	0.016499	0.014177	0.017489	0.014649	0.018552	0.014597	0.009975	0.020670	0.013258	0.019819	0.017118	0.010894
529.0	0.012356	0.016057	0.009574	0.021574	0.019868	0.018570	0.015051	0.012180	0.017101	0.021140	0.017628	0.017481	0.013690	0.013785	0.013899	0.020431	0.012998	0.021605	0.012172	0.017966
530.0	0.012775	0.024161	0.019794	0.016743	0.019838	0.013711	0.019637	0.013902	0.013325	0.022963	0.013865	0.024846	0.021902	0.020084	0.016665	0.018968	0.017952	0.016072	0.023230	0.012620
531.0	0.016398	0.021227	0.022807	0.019898	0.021335	0.023227	0.020522	0.018861	0.020897	0.021339	0.022158	0.021701	0.016695	0.021528	0.015978	0.022193	0.015911	0.019849	0.018324	0.015111
532.0	0.020928	0.024992	0.021260	0.024374	0.024289	0.021453	0.022975	0.018811	0.021842	0.026021	0.024119	0.032318	0.021548	0.019381	0.022462	0.026184	0.018833	0.017475	0.030509	0.017897
533.0	0.030049	0.027269	0.029611	0.023339	0.023950	0.021413	0.019606	0.026547	0.027154	0.025962	0.029116	0.023371	0.025546	0.028890	0.022619	0.018331	0.023127	0.023714	0.024496	0.021997
534.0	0.028562	0.023945	0.024202	0.029481	0.022972	0.030414	0.027964	0.030201	0.025628	0.020492	0.028589	0.024289	0.023454	0.028389	0.026101	0.022522	0.025379	0.023704	0.019381	0.022674
535.0	0.015509	0.027690	0.026345	0.029383	0.019898	0.025092	0.025520	0.025342	0.028781	0.026490	0.026866	0.019679	0.025556	0.035630	0.029201	0.026881	0.027490	0.027668	0.025493	0.024341
536.0	0.029410	0.037168	0.031329	0.028357	0.029190	0.033821	0.024816	0.030550	0.026160	0.031221	0.038912	0.028138	0.028405	0.022812	0.027082	0.027816	0.028942	0.024617	0.031306	0.032943
537.0	0.024271	0.035465	0.036232	0.030379	0.028900	0.037088	0.026153	0.030132	0.032357	0.032815	0.032929	0.025813	0.030811	0.030445	0.025356	0.033997	0.029532	0.029777	0.032762	0.030560
538.0	0.026387	0.027772	0.031157	0.031187	0.035587	0.039698	0.031664	0.026687	0.038151	0.025573	0.035945	0.032875	0.033984	0.032060	0.025934	0.030573	0.027200	0.027482	0.034996	0.030923
539.0	0.036605	0.030162	0.030450	0.035151	0.030807	0.038489	0.037749	0.036404	0.036404	0.026978	0.027374	0.031898	0.027108	0.034246	0.030172	0.036376	0.033816	0.038312	0.038555	0.028716
540.0	0.035388	0.029280	0.033594	0.027431	0.036975	0.040051	0.034309	0.036185	0.035580	0.035684	0.033964	0.035141	0.031872	0.036292	0.034517	0.033778	0.031514	0.036959	0.037159	0.033522
541.0	0.035956	0.042030	0.042935	0.039726	0.037444	0.037440	0.034078	0.044887	0.039035	0.038235	0.034661	0.038081	0.040192	0.037296	0.033370	0.038177	0.041743	0.039186	0.035045	0.030383
542.0	0.039190	0.037589	0.037789	0.042191	0.037434	0.036049	0.042878	0.045684	0.035159	0.041592	0.038942	0.042760	0.042452	0.047466	0.040982	0.047623	0.042323	0.042109	0.033789	0.035219
543.0	0.035557	0.040451	0.042369	0.034116	0.042953	0.046049	0.042143	0.051618	0.036956	0.037149	0.042615	0.039068	0.041577	0.044016	0.041492	0.042149	0.043384	0.039607	0.047110	0.041300
544.0	0.045407	0.045333	0.045119	0.043324	0.044141	0.055424	0.055458	0.046669	0.046085	0.041960	0.046687	0.046960	0.046076	0.056654	0.052213	0.049385	0.055554	0.045984	0.052664	0.046695
545.0	0.044558	0.059172	0.057563	0.049506	0.052973	0.052460	0.047926	0.053420	0.050303	0.054432	0.054690	0.048279	0.043984	0.057817	0.052615	0.049275	0.055985	0.052960	0.050400	0.051629
546.0	0.048660	0.059654	0.046392	0.054525	0.057984	0.057047	0.053719	0.060738	0.065438	0.060469	0.055676	0.046706	0.060497	0.058239	0.054351	0.061507	0.068155	0.057286	0.049922	0.054101
547.0	0.060195	0.064885	0.051579	0.068161	0.063423	0.060071	0.053749	0.064412	0.066925	0.066038	0.073087	0.068644	0.054416	0.063184	0.056990	0.064911	0.067374	0.061505	0.066035	0.063752
548.0	0.064267	0.071758	0.060374	0.063626	0.067235	0.073054	0.059914	0.070734	0.064153	0.076807	0.070061	0.063311	0.066705	0.068199	0.060021	0.054421	0.062981	0.068794	0.066224	0.064861
549.0	0.072999	0.077185	0.074760	0.073071	0.069401	0.076804	0.077191	0.073333	0.067577	0.064843	0.072769	0.064366	0.062481	0.072983	0.073420	0.066145	0.070727	0.069010	0.075238	0.082075
550.0	0.081251	0.068978	0.079552	0.086687	0.083005	0.078094	0.083265	0.074229	0.090636	0.072374	0.074849	0.077308	0.076292	0.079232	0.082052	0.074287	0.087342	0.077849	0.078668	0.085037
551.0	0.085063	0.077103	0.077590	0.083927	0.082665	0.078760	0.093955	0.079377	0.092404	0.083651	0.090667	0.089830	0.088306	0.089252	0.088085	0.077531	0.097510	0.088023	0.090044	0.080408
552.0	0.095501	0.089474	0.092613	0.097770	0.092925	0.097670	0.100331	0.103014	0.099243	0.090972	0.094142	0.095046	0.094436	0.096604	0.090939	0.092779	0.098231	0.087493	0.092567	0.081712
553.0	0.099593	0.106112	0.095252	0.107107	0.098764	0.103658	0.096902	0.103910	0.107679	0.106324	0.110926	0.091452	0.102166	0.111018	0.106585	0.117871	0.107539	0.097422	0.098061	0.092639
554.0	0.106378	0.112370	0.113297	0.105825	0.119124	0.109303	0.112802	0.115161	0.113203	0.112201	0.110030	0.094099	0.106881	0.106504	0.107468	0.102543	0.122752	0.114884	0.114094	0.109569
555.0	0.117455	0.125500	0.116532	0.126432	0.119723	0.126540	0.122154	0.109983	0.104566	0.119075	0.113315	0.112413	0.114838	0.118641	0.115119	0.123245	0.123853	0.115866	0.120076	0.117416
556.0	0.138211	0.126321	0.129877	0.130869	0.123815	0.136923	0.134323	0.133481	0.133690	0.117581	0.119487	0.123353	0.133306	0.138802	0.126694	0.130411	0.134962	0.126853	0.125859	0.129677
557.0	0.134519	0.129296	0.137155	0.131066	0.133895	0.129060	0.131105	0.154489	0.141825	0.145274	0.153931	0.147088	0.140477	0.163476	0.142290	0.134194	0.141668	0.143237	0.138323	0.139878
558.0	0.150885	0.150530	0.162328	0.151278	0.147967	0.149423	0.146089	0.152697	0.147550	0.152148	0.163587	0.156758	0.153934	0.150437	0.158770	0.154199	0.152977	0.153146	0.142610	0.141937
559.0	0.167550	0.160480	0.176481	0.157983	0.160044	0.158999	0.153330	0.171415	0.174867	0.170578	0.167470	0.153730	0.162775	0.168592	0.186137	0.171716	0.161685	0.154814	0.162253	0.171069
560.0	0.167849	0.182843	0.179211	0.170998	0.177709	0.197002	0.183299	0.194813	0.192342	0.171873	0.179217	0.171117	0.181243	0.191260	0.180742	0.179878	0.169391	0.165115	0.191767	0.201084
561.0	0.184414	0.187664	0.195487	0.206591	0.175014	0.189441	0.192350	0.186947	0.194852	0.190302	0.188076	0.199541	0.193521	0.195673	0.196829	0.186347	0.200618	0.206320	0.193362	0.190981
562.0	0.217345	0.191665	0.217627	0.204323	0.207950	0.218070	0.197076	0.209350	0.208511	0.201459	0.216547	0.183619	0.197942	0.215634	0.202420	0.208642	0.201719	0.219172	0.202734	0.204321
563.0	0.231815	0.217515	0.226523	0.226113	0.221923	0.236718	0.237303	0.230756	0.212528	0.218594	0.232774	0.205010	0.220732	0.233287	0.229395	0.226656	0.219935	0.236438	0.224770	0.226880
564.0	0.241794	0.240596	0.241890	0.235677	0.238191	0.233896	0.250578	0.230557	0.239945	0.251766	0.220131	0.218685	0.221321	0.239806	0.226256	0.234022	0.245757	0.247132	0.251392	0.236101
565.0	0.251573	0.251469	0.247450	0.259143	0.250367	0.273612	0.244845	0.259431	0.254709	0.265912	0.258756	0.251407	0.261694	0.268694	0.249406	0.266170	0.265473	0.266459	0.274225	0.260328
566.0	0.281311	0.270857	0.263423	0.253918	0.267833	0.274519	0.293419	0.290695	0.280720	0.278962	0.290612	0.272896	0.274366	0.271001	0.272555	0.291550	0.273580	0.275681	0.281304	0.273668
567.0	0.284005	0.315685	0.301030	0.296906	0.282504	0.294478	0.301967	0.289002	0.298094	0.294403	0.299273	0.282175	0.301969	0.296377	0.294037	0.288663	0.291095	0.308939	0.303938	0.284261
568.0	0.306957	0.324712	0.318115	0.339993	0.307455	0.309095	0.320371	0.302941	0.323403	0.324089	0.321373	0.311185	0.320240	0.319748	0.318756	0.321508	0.316817	0.340627	0.312014	0.319082
569.0	0.338490	0.351383	0.336009	0.353205	0.314442	0.348610	0.350239	0.322556	0.328123	0.354971	0.334016	0.335799	0.330652	0.364884	0.327388	0.323698	0.339737	0.345827	0.322982	0.313491
570.0	0.370224	0.374258	0.363305	0.351233	0.365242	0.369274	0.362710	0.360191	0.362169	0.360948	0.360097	0.369595	0.344208	0.370701	0.357993	0.357637	0.352147	0.352498	0.359874	0.351156
571.0	0.371721	0.383901	0.390499	0.366417	0.384904	0.399818	0.387549	0.365468	0.375827	0.384259	0.376822	0.367349	0.368373	0.379929	0.386439	0.382022	0.360054	0.374572	0.377722	0.368027
572.0	0.380602	0.387901	0.427803	0.389685	0.406561	0.403447	0.424055	0.386477	0.399127	0.397707	0.382297	0.362172	0.380947	0.420652	0.407137	0.380330	0.407995	0.396940	0.405840	0.418640
573.0	0.413533	0.432216	0.434374	0.407038	0.445785	0.421490	0.430693	0.422619	0.415598	0.434666	0.412261	0.395773	0.417783	0.420452	0.414101	0.436464	0.430214	0.419407	0.413816	0.424721
574.0	0.434588	0.449039	0.467938	0.461168	0.451374	0.466751	0.454426	0.445021	0.454263	0.458973	0.449592	0.437188	0.418373	0.447734	0.426951	0.462442	0.445627	0.439518	0.459483	0.461308
575.0	0.452152	0.474274	0.474307	0.494592	0.441493	0.490238	0.496765	0.479272	0.454665	0.460268	0.505340	0.447737	0.455799	0.476320	0.456476	0.462939	0.460940	0.463260	0.474539	0.486320
576.0	0.468817	0.515101	0.510398	0.515988	0.501975	0.498202	0.507626	0.480268	0.491724	0.501609	0.495385	0.498235	0.498726	0.500894	0.497577	0.520368	0.511383	0.511921	0.486005	0.506428
577.0	0.493465	0.537054	0.536076	0.519340	0.530120	0.519471	0.544836	0.517704	0.514722	0.510973	0.503150	0.513961	0.508549	0.492368	0.510427	0.518377	0.526796	0.523105	0.515020	0.482494
578.0	0.530387	0.552748	0.549521	0.532059	0.540000	0.548603	0.545338	0.531046	0.559614	0.571741	0.534508	0.542092	0.529178	0.556362	0.554666	0.548236	0.581843	0.548809	0.538751	0.522906
579.0	0.534079	0.578599	0.558215	0.559469	0.566149	0.575417	0.554188	0.551557	0.570762	0.584492	0.568653	0.570907	0.554423	0.576723	0.560257	0.587251	0.589550	0.551948	0.558692	0.557237
580.0	0.576889	0.585677	0.587533	0.570118	0.592497	0.596586	0.611712	0.588097	0.586429	0.582798	0.610364	0.577060	0.568961	0.605209	0.573107	0.607058	0.600960	0.566959	0.615027	0.585584
581.0	0.584873	0.600448	0.615334	0.598218	0.601380	0.635899	0.630820	0.588296	0.588639	0.625634	0.600409	0.613103	0.646957	0.623464	0.600769	0.644680	0.610968	0.600315	0.612335	0.629134
582.0	0.619101	0.661074	0.621096	0.611233	0.667850	0.641846	0.629110	0.655901	0.648696	0.626929	0.650781	0.641136	0.659727	0.658169	0.642654	0.651448	0.634688	0.623664	0.664283	0.668957
583.0	0.650934	0.659022	0.652537	0.629079	0.677930	0.656463	0.657370	0.672529	0.696199	0.660003	0.650184	0.668779	0.682124	0.660074	0.664920	0.678321	0.690136	0.656137	0.660893	0.681611
584.0	0.668397	0.659535	0.707836	0.664278	0.675535	0.665636	0.696490	0.686966	0.703330	0.685604	0.688311	0.707752	0.664442	0.688360	0.703863	0.679018	0.707250	0.680173	0.709052	0.688378
585.0	0.694841	0.720365	0.690751	0.679955	0.673439	0.699102	0.709463	0.721117	0.702024	0.735912	0.696972	0.695640	0.672792	0.728982	0.696015	0.688971	0.704148	0.710292	0.729592	0.700443
586.0	0.708912	0.760269	0.733615	0.728267	0.713361	0.732569	0.721632	0.723805	0.734262	0.749958	0.703542	0.692710	0.735070	0.773918	0.725345	0.720422	0.724565	0.729815	0.737369	0.729281
587.0	0.718492	0.790017	0.763438	0.733887	0.723741	0.770874	0.768295	0.727091	0.774936	0.739996	0.750331	0.705505	0.740964	0.777228	0.742412	0.764215	0.746884	0.752183	0.788818	0.728692
588.0	0.757310	0.804481	0.761416	0.743451	0.761367	0.772286	0.776139	0.782250	0.760675	0.758226	0.776711	0.786186	0.784186	0.810027	0.765954	0.782230	0.788920	0.759738	0.807563	0.760276
589.0	0.776470	0.812277	0.793059	0.776284	0.804882	0.816941	0.820790	0.799973	0.799441	0.795882	0.814142	0.771241	0.791259	0.782444	0.791360	0.793875	0.829555	0.808104	0.797094	0.801374
590.0	0.800320	0.822023	0.819950	0.768002	0.789412	0.794059	0.794241	0.810925	0.813100	0.793890	0.826983	0.809335	0.802948	0.835805	0.797245	0.809401	0.830656	0.822329	0.793106	0.828937
591.0	0.820078	0.850437	0.809638	0.822624	0.854485	0.848291	0.841306	0.841691	0.826959	0.812120	0.817228	0.828773	0.830551	0.845634	0.821278	0.839360	0.838662	0.824095	0.848843	0.826387
592.0	0.827662	0.844898	0.866656	0.851316	0.840412	0.860690	0.885455	0.853539	0.853975	0.858940	0.841518	0.826722	0.842044	0.853759	0.867086	0.824729	0.883000	0.811832	0.884239	0.836882
593.0	0.891428	0.888495	0.897389	0.841949	0.828136	0.886496	0.865744	0.882214	0.836500	0.885539	0.880441	0.842741	0.883596	0.893980	0.848645	0.893902	0.875194	0.845777	0.897999	0.820697
594.0	0.887237	0.878750	0.879495	0.892431	0.861870	0.890629	0.917234	0.872158	0.871249	0.860634	0.873971	0.878197	0.863753	0.912737	0.892296	0.874593	0.918631	0.891592	0.914351	0.863954
595.0	0.875961	0.919474	0.901129	0.918559	0.866262	0.939014	0.883644	0.891971	0.918853	0.901577	0.910903	0.878881	0.891847	0.924773	0.846978	0.926050	0.895811	0.864613	0.905975	0.877195
596.0	0.886139	0.916397	0.906285	0.887797	0.887919	0.930345	0.923368	0.881617	0.926184	0.878167	0.924641	0.895193	0.892044	0.910530	0.860122	0.887333	0.877896	0.891298	0.907870	0.883375
597.0	0.911087	0.915166	0.905476	0.917080	0.924947	0.950304	0.920050	0.918157	0.932913	0.896098	0.923745	0.882593	0.887820	0.908223	0.914170	0.927443	0.948456	0.901403	0.891617	0.902698
598.0	0.929049	0.954454	0.926403	0.915108	0.953990	0.976412	0.930710	0.929408	0.929699	0.937340	0.942560	0.935826	0.916209	0.939016	0.922802	0.953420	0.965571	0.915923	0.931999	0.931045
599.0	0.921465	0.958045	0.944802	0.938771	0.937123	0.980847	0.943884	0.956789	0.949182	0.973402	0.959085	0.920394	0.933105	0.965295	0.949091	0.946851	0.967272	0.913863	0.962011	0.941148
600.0	0.974055	0.949120	0.987161	0.942321	0.934528	0.983468	0.936643	0.944243	0.983027	0.948398	0.966054	0.920003	0.945776	0.974423	0.909658	0.925950	0.930941	0.962621	0.996012	0.929574
601.0	0.918671	0.994461	0.982915	0.962237	0.937522	0.988004	0.961785	0.950516	0.954806	0.936643	0.924741	0.981441	0.933006	1.000000	0.948404	0.939586	0.945353	0.975473	0.967894	0.937028
602.0	0.933639	0.985331	0.972098	0.947251	0.971556	0.974194	0.985720	0.948126	0.973386	0.944612	0.958787	1.000000	0.949706	0.977131	0.917407	0.950335	0.957264	0.914157	0.948052	0.997057
603.0	0.955094	0.974868	0.984532	0.954152	0.976246	0.988912	0.969830	0.972122	0.997991	0.991732	0.950126	0.969916	0.937427	1.000000	0.965570	0.967553	0.998098	0.958207	0.969589	0.951938
604.0	0.947311	0.974868	0.991205	0.951885	0.970458	0.974094	0.980390	0.989745	0.990158	0.997011	0.983475	0.965227	0.966896	0.977933	1.000000	0.977307	0.970275	0.972040	0.993519	0.948406
605.0	0.941423	1.000000	0.991205	1.000000	0.979440	0.990020	0.996882	0.962364	1.000000	0.989640	0.962370	0.971478	0.987230	0.954563	0.959194	1.000000	1.000000	1.000000	0.991026	0.970868
606.0	0.954995	0.996717	1.000000	0.970224	0.985329	0.986896	1.000000	1.000000	0.962941	1.000000	0.980986	0.967669	0.958350	0.979639	0.981363	0.995024	0.986889	0.996076	0.985941	0.974007
607.0	0.980242	0.995692	0.987565	0.964308	1.000000	1.000000	0.983105	0.975905	0.978006	0.990636	0.965855	0.939734	0.961100	0.992176	0.986267	0.957600	0.971576	0.998038	0.973577	1.000000
608.0	1.000000	0.981433	0.986858	0.960758	0.975448	0.986593	0.974456	0.981979	1.000000	0.980375	0.958886	0.922738	0.952456	0.989970	0.970082	0.986066	0.972677	0.954871	0.977466	0.949289
609.0	0.954296	0.975175	0.972907	0.956026	0.976845	0.969457	0.972847	0.960373	0.966155	0.953877	1.000000	0.958390	1.000000	0.974623	0.975281	0.957401	0.948356	0.977730	1.000000	0.960177
610.0	0.941822	0.988408	0.959057	0.912742	0.957882	0.994254	0.947605	0.968836	0.951693	0.964735	0.981484	0.948036	0.948232	0.984453	0.974006	0.960487	0.996897	0.939076	0.986839	0.945464
611.0	0.958587	0.962763	0.952485	0.935025	0.941315	0.970364	0.957058	0.963659	0.976901	0.958559	0.965755	0.964641	0.907564	0.949347	0.922998	0.996019	0.979182	0.965074	0.950046	0.922904
612.0	0.971959	0.989742	0.950969	0.939462	0.922152	0.984275	0.972545	0.915071	0.971076	0.950888	0.947040	0.982418	0.952260	0.973921	0.937320	0.997014	0.938447	0.974296	0.918539	0.940069
613.0	0.945614	0.965738	0.976344	0.885923	0.936624	0.930244	0.929805	0.929408	0.933214	0.958758	0.953013	0.932896	0.946169	0.942226	0.952230	0.965762	0.983086	0.980183	0.945659	0.935263
614.0	0.947610	0.937528	0.933378	0.938476	0.920356	0.924095	0.944186	0.917261	0.959125	0.980176	0.958189	0.933775	0.934185	0.926679	0.919075	0.938789	0.947155	0.916021	0.987636	0.936244
615.0	0.936234	0.931989	0.942477	0.937588	0.896902	0.935587	0.940062	0.965252	0.968967	0.966727	0.944551	0.923324	0.932319	0.942828	0.919565	0.915101	0.941450	0.902875	0.942468	0.913193
616.0	0.899312	0.934861	0.954608	0.903178	0.934528	0.967844	0.921055	0.937373	0.939642	0.922696	0.917275	0.922640	0.943812	0.931694	0.924372	0.922467	0.944052	0.924752	0.941770	0.956351
617.0	0.896717	0.927168	0.930143	0.885233	0.907481	0.915829	0.915122	0.907205	0.913530	0.888328	0.914089	0.939734	0.891454	0.887260	0.920742	0.892011	0.934544	0.936133	0.928410	0.908093
618.0	0.897016	0.943375	0.893850	0.883754	0.910176	0.906858	0.891086	0.905711	0.914835	0.908351	0.905229	0.879467	0.857172	0.875725	0.861103	0.919481	0.920432	0.873050	0.905975	0.885631
619.0	0.907993	0.916192	0.889604	0.868768	0.894606	0.879137	0.934632	0.883210	0.883602	0.889224	0.892487	0.859150	0.884873	0.897992	0.893669	0.907239	0.910724	0.858629	0.890122	0.873076
620.0	0.860393	0.887366	0.868981	0.854767	0.885923	0.855247	0.870973	0.901530	0.887317	0.863622	0.866903	0.870090	0.848626	0.882646	0.843937	0.873399	0.879297	0.871383	0.925618	0.861992
621.0	0.824868	0.887674	0.866656	0.866401	0.883328	0.872988	0.883745	0.868573	0.882597	0.885240	0.850776	0.876439	0.833203	0.877230	0.836972	0.867924	0.869589	0.871186	0.882045	0.856990
622.0	0.840336	0.871466	0.854221	0.837414	0.846201	0.870468	0.868459	0.821578	0.828265	0.879063	0.851771	0.831410	0.838803	0.855965	0.825496	0.835577	0.871290	0.889434	0.835881	0.846396
623.0	0.820677	0.861208	0.848762	0.839090	0.842708	0.859581	0.847541	0.843881	0.839814	0.843798	0.851871	0.822229	0.822791	0.843929	0.808035	0.819354	0.898113	0.850976	0.868086	0.829918
624.0	0.833949	0.825100	0.816108	0.836822	0.826040	0.826014	0.839999	0.831037	0.838308	0.836227	0.828974	0.801131	0.803439	0.828583	0.819316	0.825525	0.822048	0.817620	0.809956	0.810987
625.0	0.789942	0.855156	0.808122	0.808623	0.833925	0.807163	0.825618	0.836414	0.838709	0.823177	0.827780	0.782474	0.769255	0.814039	0.818629	0.858370	0.815443	0.828412	0.799088	0.816480
626.0	0.765693	0.841513	0.789622	0.806454	0.817856	0.788313	0.813147	0.792007	0.795725	0.778648	0.792838	0.780423	0.778783	0.817048	0.776352	0.805719	0.840364	0.787011	0.815241	0.799413
627.0	0.791838	0.776477	0.771627	0.762973	0.791209	0.791237	0.763769	0.781553	0.773832	0.793392	0.810856	0.755027	0.791848	0.773717	0.755459	0.776158	0.779612	0.799667	0.810256	0.786858
628.0	0.780461	0.795454	0.766370	0.774016	0.767255	0.771479	0.787603	0.760744	0.758968	0.764701	0.770141	0.739887	0.758842	0.778331	0.755066	0.780438	0.780012	0.771314	0.755017	0.765671
629.0	0.751123	0.775964	0.757170	0.739606	0.772545	0.809986	0.772921	0.742523	0.777146	0.754242	0.763371	0.760497	0.744501	0.744930	0.762815	0.779144	0.743681	0.752281	0.774660	0.741051
630.0	0.717993	0.759961	0.757271	0.721661	0.744999	0.752528	0.760853	0.748398	0.739284	0.734816	0.745851	0.764599	0.713459	0.754860	0.755459	0.749086	0.700444	0.738939	0.753821	0.725651
631.0	0.718691	0.742317	0.741703	0.748184	0.748193	0.715735	0.741142	0.727389	0.735467	0.724256	0.720068	0.710389	0.711102	0.753556	0.733486	0.736048	0.694139	0.712941	0.740061	0.715352
632.0	0.713702	0.706209	0.724517	0.690406	0.698989	0.732368	0.709966	0.709069	0.687663	0.716486	0.735796	0.697398	0.694894	0.733596	0.714456	0.715744	0.720862	0.705877	0.727697	0.718491
633.0	0.697735	0.744779	0.701366	0.715055	0.684118	0.704042	0.669840	0.710563	0.677820	0.708218	0.711506	0.670635	0.681534	0.668199	0.707100	0.686184	0.694339	0.695870	0.711345	0.689752
634.0	0.671989	0.709799	0.675789	0.686462	0.684018	0.689325	0.676578	0.680195	0.691780	0.677436	0.681044	0.676495	0.652261	0.699192	0.676201	0.684492	0.692738	0.688905	0.691802	0.699560
635.0	0.639957	0.671332	0.675486	0.671475	0.679926	0.685696	0.659381	0.686169	0.689571	0.646853	0.678954	0.631271	0.685660	0.667196	0.695721	0.684989	0.669118	0.671638	0.684923	0.657972
636.0	0.641354	0.678717	0.673464	0.651460	0.666553	0.669567	0.670644	0.659187	0.688566	0.649144	0.657252	0.634983	0.683302	0.661780	0.628038	0.677923	0.677425	0.613559	0.677943	0.652675
637.0	0.639158	0.664869	0.658198	0.636868	0.630523	0.630657	0.647916	0.644850	0.661450	0.623642	0.642220	0.648364	0.655012	0.673314	0.655307	0.643386	0.660410	0.639263	0.656605	0.618246
638.0	0.635167	0.642814	0.649909	0.644164	0.631721	0.607069	0.650431	0.637083	0.643172	0.641673	0.639034	0.616522	0.628686	0.624868	0.630785	0.625471	0.652003	0.621898	0.629684	0.644338
639.0	0.598943	0.619939	0.628577	0.616261	0.647689	0.624810	0.637759	0.626330	0.623186	0.597442	0.641921	0.618964	0.628686	0.646132	0.630000	0.619300	0.622878	0.598843	0.614828	0.612459
640.0	0.599342	0.611014	0.609976	0.597232	0.623337	0.607775	0.590091	0.625733	0.599987	0.643267	0.610663	0.581847	0.604128	0.635199	0.613521	0.596209	0.621978	0.591485	0.613332	0.598237
641.0	0.599642	0.619118	0.592183	0.599007	0.608566	0.616343	0.603768	0.607612	0.603100	0.617067	0.593540	0.579502	0.563362	0.616643	0.607537	0.585759	0.594854	0.587267	0.590100	0.598825
642.0	0.585172	0.591729	0.600372	0.575343	0.564153	0.586102	0.610103	0.593374	0.593861	0.596844	0.592246	0.580577	0.559531	0.591467	0.583799	0.593820	0.587348	0.547435	0.577936	0.584603
643.0	0.552840	0.580240	0.554879	0.581555	0.560360	0.599206	0.569776	0.588595	0.572168	0.585588	0.566264	0.548441	0.582026	0.570504	0.543974	0.538681	0.554720	0.576377	0.552710	0.555471
644.0	0.568208	0.567930	0.561451	0.542806	0.558863	0.580961	0.559619	0.544985	0.575984	0.574928	0.544562	0.550883	0.572694	0.565991	0.528279	0.548136	0.532501	0.560778	0.544633	0.512901
645.0	0.539568	0.569674	0.569740	0.510861	0.547286	0.556869	0.561731	0.538414	0.563029	0.559089	0.555911	0.528320	0.549904	0.543423	0.524846	0.550724	0.558824	0.544688	0.524592	0.549488
646.0	0.514720	0.546799	0.565090	0.534919	0.524930	0.534088	0.550065	0.538812	0.536917	0.547733	0.516788	0.525097	0.539885	0.553553	0.529260	0.530420	0.549716	0.528207	0.556698	0.534873
647.0	0.503643	0.526385	0.530414	0.533834	0.513352	0.550720	0.523616	0.535427	0.531795	0.503203	0.522064	0.508589	0.519355	0.533593	0.496400	0.527036	0.531400	0.529776	0.541144	0.503191
648.0	0.519111	0.522590	0.506556	0.522791	0.513552	0.538221	0.511548	0.521786	0.508897	0.517050	0.518082	0.483779	0.503245	0.502399	0.507386	0.520766	0.513885	0.503386	0.524293	0.498188
649.0	0.479295	0.519615	0.492504	0.501100	0.510059	0.475420	0.516878	0.509341	0.497147	0.478299	0.496480	0.510250	0.472105	0.491466	0.494242	0.520368	0.493568	0.501325	0.505548	0.506231
650.0	0.481689	0.502997	0.486843	0.481282	0.492094	0.473001	0.487915	0.476982	0.494937	0.473517	0.487819	0.492961	0.476035	0.476521	0.480313	0.487623	0.479256	0.473267	0.489096	0.496815
651.0	0.485282	0.501663	0.481484	0.461267	0.456064	0.490641	0.484194	0.472999	0.484995	0.483778	0.468507	0.490617	0.487233	0.508617	0.457065	0.485433	0.455335	0.458159	0.486304	0.470528
652.0	0.453948	0.470581	0.454795	0.469154	0.471634	0.460804	0.474640	0.472501	0.452455	0.481985	0.470796	0.466588	0.444208	0.466390	0.456771	0.461148	0.445627	0.459826	0.474638	0.448458
653.0	0.446264	0.443910	0.480777	0.452196	0.444387	0.448808	0.460862	0.463441	0.462900	0.450704	0.442027	0.445685	0.458255	0.477223	0.444019	0.460252	0.433817	0.459925	0.459184	0.447281
654.0	0.455445	0.459605	0.464501	0.444308	0.432211	0.445784	0.468204	0.452389	0.445425	0.462758	0.456063	0.438164	0.450101	0.459469	0.454613	0.453783	0.456637	0.442854	0.444128	0.447576
655.0	0.426905	0.475710	0.451358	0.442336	0.445385	0.434292	0.447085	0.437753	0.433374	0.441639	0.443619	0.426052	0.432223	0.442017	0.431071	0.440047	0.449130	0.427648	0.427476	0.426487
656.0	0.454147	0.426985	0.427500	0.431096	0.431513	0.443970	0.414904	0.402308	0.425239	0.432375	0.449095	0.422145	0.421909	0.412227	0.396641	0.416061	0.447028	0.414599	0.417107	0.424819
657.0	0.411437	0.420522	0.416683	0.404081	0.401172	0.413729	0.435821	0.407883	0.440303	0.429286	0.407184	0.396066	0.418275	0.432588	0.400270	0.427805	0.414000	0.418720	0.446421	0.417365
658.0	0.406048	0.411392	0.401417	0.402700	0.378915	0.427438	0.444772	0.389862	0.414694	0.416734	0.397428	0.399094	0.410220	0.408114	0.394777	0.413175	0.391581	0.418327	0.407535	0.408047
659.0	0.388286	0.409033	0.404753	0.389784	0.402869	0.406168	0.406154	0.393347	0.396114	0.404083	0.393247	0.400071	0.388019	0.406309	0.399976	0.388591	0.401189	0.391054	0.403945	0.393824
660.0	0.382598	0.394672	0.394947	0.381107	0.398178	0.396693	0.401126	0.374728	0.390691	0.388941	0.390360	0.390596	0.382518	0.403199	0.364565	0.398046	0.395384	0.376142	0.397065	0.372735
661.0	0.378906	0.387799	0.398486	0.353895	0.383806	0.380161	0.413998	0.384286	0.396516	0.389937	0.373636	0.367056	0.377312	0.390662	0.366331	0.397747	0.398487	0.382322	0.400954	0.379013
662.0	0.365134	0.371796	0.379581	0.346500	0.381910	0.369174	0.363011	0.379308	0.387879	0.363738	0.372043	0.368716	0.374562	0.385346	0.339552	0.366396	0.389779	0.367901	0.375628	0.354884
663.0	0.374215	0.361333	0.356632	0.340683	0.365442	0.365343	0.360095	0.354516	0.343891	0.358259	0.368559	0.357484	0.364542	0.371404	0.345928	0.363609	0.341338	0.349653	0.360473	0.343898
664.0	0.352461	0.353742	0.339648	0.358726	0.336199	0.369274	0.344708	0.339980	0.361667	0.347500	0.343672	0.341367	0.336841	0.344924	0.355344	0.343703	0.341739	0.334447	0.356983	0.344290
665.0	0.346673	0.347074	0.345714	0.343641	0.331309	0.346594	0.343904	0.346750	0.341179	0.345707	0.336703	0.346348	0.318963	0.347832	0.330429	0.331560	0.351247	0.319338	0.328666	0.344683
666.0	0.308454	0.346561	0.330550	0.321949	0.348774	0.328953	0.336562	0.335101	0.325612	0.343814	0.318884	0.328962	0.316507	0.351142	0.338571	0.324195	0.326826	0.324734	0.318894	0.307410
667.0	0.316137	0.331072	0.330651	0.317217	0.327117	0.342562	0.322282	0.335798	0.320591	0.318710	0.318287	0.324274	0.316998	0.320049	0.332097	0.307773	0.320821	0.326107	0.318994	0.317316
668.0	0.311547	0.323481	0.317812	0.309329	0.324023	0.314941	0.299453	0.319370	0.311652	0.326679	0.322866	0.317338	0.307470	0.316739	0.326800	0.315238	0.319720	0.312667	0.307129	0.301819
669.0	0.299971	0.308094	0.297593	0.322935	0.305858	0.313631	0.303074	0.306824	0.300103	0.303668	0.299870	0.297217	0.297057	0.325164	0.298157	0.314342	0.307509	0.302170	0.298155	0.291520
670.0	0.283805	0.287578	0.294560	0.295723	0.301966	0.312825	0.290402	0.293383	0.311050	0.297691	0.290114	0.289110	0.295289	0.287651	0.315421	0.319119	0.300603	0.308645	0.296261	0.271019
671.0	0.296279	0.289937	0.284956	0.294145	0.287894	0.293874	0.290603	0.292188	0.303317	0.295997	0.303753	0.296924	0.277607	0.295775	0.295214	0.294535	0.281587	0.269893	0.287985	0.289754
672.0	0.295082	0.286654	0.278284	0.260425	0.271925	0.282483	0.264355	0.287110	0.285139	0.284242	0.279960	0.271137	0.273678	0.291663	0.292468	0.291649	0.284890	0.270383	0.282501	0.278670
673.0	0.274026	0.281320	0.274543	0.257270	0.275817	0.275729	0.281552	0.278846	0.277908	0.286434	0.276675	0.263909	0.279670	0.275514	0.283443	0.281099	0.278585	0.259493	0.267844	0.271706
674.0	0.270733	0.282654	0.261805	0.269496	0.265338	0.267866	0.258623	0.267595	0.273087	0.267008	0.275879	0.260686	0.277313	0.271101	0.274223	0.272639	0.290195	0.273915	0.276618	0.261407
675.0	0.251074	0.256701	0.252201	0.268017	0.253960	0.243674	0.262646	0.267098	0.263647	0.237222	0.254376	0.272310	0.257372	0.274210	0.271967	0.249449	0.260469	0.241442	0.250893	0.269156
676.0	0.246284	0.252700	0.268478	0.265453	0.243980	0.258996	0.256411	0.237029	0.243561	0.265016	0.258259	0.250430	0.252853	0.258764	0.248327	0.258307	0.258568	0.254097	0.257075	0.245125
677.0	0.243191	0.257009	0.238452	0.237846	0.235496	0.245186	0.256511	0.252959	0.254006	0.240908	0.233769	0.237537	0.254130	0.249937	0.237635	0.236211	0.253763	0.240951	0.236137	0.250225
678.0	0.238102	0.229209	0.223086	0.232818	0.227113	0.230166	0.248667	0.241011	0.249386	0.224073	0.238249	0.226011	0.228885	0.231481	0.239695	0.246861	0.232445	0.247524	0.232946	0.248361
679.0	0.232314	0.223875	0.228444	0.237057	0.224318	0.210106	0.227649	0.233046	0.246473	0.235429	0.239742	0.233923	0.234582	0.242314	0.246561	0.217898	0.232946	0.230356	0.227562	0.213639
680.0	0.226127	0.211463	0.210045	0.223845	0.219927	0.225428	0.236800	0.227271	0.224278	0.225965	0.248602	0.217122	0.215034	0.232785	0.239302	0.208642	0.231745	0.224077	0.213104	0.222172
681.0	0.227624	0.217310	0.211258	0.208662	0.223021	0.219582	0.227447	0.219107	0.215139	0.221881	0.227996	0.207257	0.222893	0.217038	0.211346	0.217798	0.209225	0.215051	0.216195	0.208538
682.0	0.207665	0.212899	0.222783	0.199393	0.203259	0.217969	0.212765	0.198198	0.201581	0.209827	0.204900	0.205499	0.206193	0.221150	0.198987	0.210533	0.224739	0.213383	0.212406	0.220112
683.0	0.192597	0.207872	0.202362	0.203042	0.204457	0.204260	0.210049	0.193817	0.208712	0.198371	0.195941	0.203057	0.200103	0.210518	0.191924	0.185153	0.198016	0.202984	0.210611	0.201476
684.0	0.191899	0.199563	0.192353	0.191210	0.202062	0.205268	0.203513	0.192324	0.202786	0.189206	0.192755	0.205694	0.187235	0.193968	0.180350	0.198689	0.183704	0.203278	0.205028	0.184801
685.0	0.185512	0.211668	0.193162	0.181252	0.197770	0.180873	0.180483	0.189337	0.186918	0.194386	0.192257	0.176587	0.183698	0.179123	0.196044	0.180276	0.193312	0.169824	0.196453	0.177935
686.0	0.175134	0.190434	0.169708	0.175533	0.183598	0.188232	0.194160	0.197601	0.193045	0.191199	0.202810	0.175903	0.182323	0.177218	0.179859	0.173309	0.187507	0.164624	0.178705	0.175483
687.0	0.177030	0.173303	0.171528	0.179871	0.178907	0.177647	0.181287	0.183662	0.192442	0.175160	0.185886	0.169749	0.163659	0.165683	0.171423	0.178186	0.193212	0.170903	0.184787	0.174404
688.0	0.165654	0.164789	0.171325	0.182336	0.162040	0.181478	0.188327	0.170121	0.179788	0.181137	0.178918	0.176489	0.178296	0.168792	0.171718	0.188138	0.182403	0.173846	0.164546	0.157141
689.0	0.163359	0.165712	0.171730	0.173265	0.155453	0.161620	0.165901	0.156879	0.186517	0.174662	0.163886	0.169847	0.170241	0.147729	0.175543	0.173209	0.189208	0.159425	0.167438	0.163615
690.0	0.154577	0.163660	0.166877	0.170998	0.153057	0.160108	0.155241	0.147519	0.164422	0.157328	0.165180	0.159688	0.162480	0.167990	0.162105	0.160171	0.169992	0.166096	0.162054	0.146547
691.0	0.155874	0.166840	0.159194	0.159166	0.159545	0.171196	0.146994	0.151203	0.163016	0.168984	0.158013	0.159982	0.156979	0.159063	0.149157	0.162161	0.144570	0.163447	0.151983	0.154885
692.0	0.138511	0.143657	0.151814	0.144081	0.146470	0.154160	0.150615	0.145528	0.164020	0.160715	0.150646	0.150409	0.159828	0.141209	0.144448	0.145241	0.150776	0.156776	0.151086	0.164595
693.0	0.147991	0.148273	0.144131	0.161631	0.141580	0.144080	0.147799	0.142242	0.145039	0.146968	0.152637	0.155488	0.153050	0.147528	0.147097	0.140663	0.135763	0.136468	0.150687	0.154492
694.0	0.138810	0.154736	0.128461	0.146546	0.142279	0.141157	0.148905	0.142043	0.148755	0.135113	0.138800	0.130190	0.152264	0.143817	0.135522	0.137677	0.134662	0.137449	0.145502	0.135562
695.0	0.134519	0.132476	0.128158	0.132841	0.138286	0.133899	0.131406	0.150407	0.148755	0.142286	0.138202	0.126185	0.138315	0.154048	0.141505	0.148725	0.137865	0.121163	0.140217	0.138210
696.0	0.136415	0.134322	0.121688	0.121502	0.129005	0.141258	0.130904	0.141346	0.148052	0.130631	0.127451	0.133804	0.123679	0.134188	0.130519	0.132999	0.133161	0.128619	0.137625	0.142428
697.0	0.112765	0.130116	0.110365	0.119530	0.131200	0.128859	0.135630	0.118944	0.136101	0.123956	0.125261	0.117590	0.126135	0.129474	0.133952	0.131108	0.141968	0.120280	0.135033	0.134385
698.0	0.123941	0.137502	0.112994	0.118840	0.127507	0.127649	0.128088	0.113269	0.130778	0.111803	0.122175	0.110655	0.123581	0.134689	0.137484	0.130013	0.128056	0.137155	0.119478	0.129578
699.0	0.122744	0.115037	0.117745	0.107600	0.124513	0.125028	0.111494	0.127507	0.124250	0.108416	0.124962	0.111827	0.135270	0.121249	0.125811	0.113591	0.118748	0.115866	0.122669	0.118887
700.0	0.109472	0.115858	0.129978	0.116276	0.120721	0.100634	0.117327	0.118944	0.113805	0.108814	0.110926	0.106845	0.113365	0.120446	0.110411	0.127127	0.117747	0.107625	0.122569	0.120653
701.0	0.109871	0.111447	0.108950	0.115290	0.103155	0.112226	0.109081	0.112273	0.122141	0.114990	0.111423	0.091979	0.102952	0.111219	0.104819	0.111700	0.103335	0.115179	0.090294	0.106038
702.0	0.100491	0.107241	0.109051	0.110558	0.100460	0.116158	0.128289	0.114364	0.114910	0.107121	0.104754	0.100985	0.103738	0.097026	0.108939	0.105927	0.117447	0.100561	0.111701	0.126930
703.0	0.099393	0.095342	0.106625	0.108783	0.090889	0.102650	0.102141	0.112871	0.103963	0.101343	0.099050	0.113292	0.105408	0.103997	0.108547	0.114885	0.100232	0.100659	0.104721	0.108196
704.0	0.106977	0.095957	0.090025	0.104543	0.101558	0.107085	0.110488	0.105503	0.101754	0.109213	0.103460	0.105576	0.100693	0.103295	0.096305	0.088470	0.099632	0.101934	0.102727	0.099956
705.0	0.095242	0.101496	0.088913	0.088590	0.086588	0.104162	0.097586	0.102516	0.095286	0.092776	0.104256	0.093933	0.097942	0.091690	0.101975	0.089415	0.097490	0.095675	0.101232	0.091727
706.0	0.093176	0.098357	0.097728	0.092317	0.095570	0.095080	0.098823	0.095178	0.084781	0.091291	0.100075	0.087896	0.088453	0.093415	0.092352	0.083692	0.083608	0.094321	0.094332	0.093630
707.0	0.091031	0.079954	0.085880	0.087289	0.093744	0.083336	0.095062	0.102814	0.087151	0.099151	0.083370	0.091198	0.083974	0.090887	0.096168	0.090630	0.083909	0.093115	0.095748	0.089235
708.0	0.094992	0.080826	0.090419	0.096212	0.088115	0.094908	0.089641	0.096791	0.091229	0.086041	0.088109	0.082182	0.086960	0.086534	0.084201	0.093864	0.079395	0.092712	0.088280	0.086803
709.0	0.079884	0.096449	0.081563	0.076630	0.083364	0.092973	0.077161	0.097279	0.076536	0.090454	0.082564	0.082700	0.082697	0.081449	0.077501	0.081015	0.084759	0.085786	0.080821	0.088814
710.0	0.074286	0.086181	0.081796	0.075309	0.087915	0.093870	0.085779	0.082951	0.087714	0.079327	0.087173	0.078070	0.091646	0.079563	0.082180	0.081682	0.075712	0.080518	0.079874	0.076523
711.0	0.088805	0.075892	0.069836	0.086421	0.074012	0.086239	0.081847	0.082384	0.080704	0.079716	0.093365	0.080248	0.076135	0.086664	0.085868	0.081105	0.080646	0.083657	0.088080	0.076670
712.0	0.069147	0.087976	0.079107	0.083917	0.074112	0.077137	0.081163	0.082662	0.083024	0.091700	0.083201	0.087466	0.082893	0.083084	0.078943	0.075810	0.075321	0.083510	0.081808	0.069657
713.0	0.070504	0.074713	0.079885	0.076857	0.082176	0.073044	0.075029	0.071611	0.077661	0.082415	0.074919	0.074495	0.075693	0.079252	0.082219	0.070246	0.075101	0.075269	0.079555	0.072806
714.0	0.068338	0.073707	0.068967	0.070882	0.072455	0.078891	0.066762	0.075643	0.068772	0.072543	0.071664	0.062793	0.073807	0.066343	0.076559	0.078387	0.072048	0.070815	0.078279	0.075307
715.0	0.071871	0.077913	0.061445	0.081472	0.062654	0.071734	0.080117	0.075922	0.072609	0.062830	0.066825	0.069797	0.069053	0.070556	0.066250	0.075591	0.066754	0.061004	0.062256	0.075219
716.0	0.072340	0.078857	0.063568	0.061930	0.070349	0.064798	0.081304	0.067299	0.070701	0.064823	0.070907	0.060586	0.072049	0.070626	0.067427	0.073162	0.079785	0.066587	0.072765	0.064243
717.0	0.061084	0.067809	0.061172	0.062117	0.066028	0.062349	0.072474	0.066861	0.054672	0.061346	0.065850	0.074134	0.073660	0.068460	0.065799	0.063757	0.072709	0.060465	0.076564	0.056690
718.0	0.072031	0.066957	0.065327	0.053924	0.058283	0.056895	0.073912	0.062371	0.059593	0.064464	0.056801	0.053524	0.064112	0.057055	0.072341	0.055496	0.064722	0.063918	0.068986	0.061379
719.0	0.058639	0.062577	0.071707	0.063921	0.052624	0.070816	0.062156	0.067050	0.059854	0.059573	0.051296	0.066886	0.069446	0.067366	0.061698	0.062144	0.063741	0.055285	0.057300	0.058897
720.0	0.057830	0.055417	0.055218	0.062758	0.056457	0.068216	0.058475	0.064014	0.072719	0.056285	0.060912	0.057450	0.054632	0.060205	0.059246	0.056889	0.061509	0.063261	0.064948	0.056288
721.0	0.053809	0.059336	0.059090	0.055896	0.062455	0.064768	0.053437	0.053709	0.053557	0.063627	0.064476	0.056767	0.060006	0.057717	0.058295	0.060203	0.057516	0.064360	0.064080	0.054493
722.0	0.061453	0.061572	0.054298	0.055304	0.062215	0.052248	0.046407	0.051618	0.055164	0.058009	0.054611	0.054784	0.054554	0.050545	0.053979	0.062084	0.066133	0.052734	0.058397	0.051482
723.0	0.055875	0.052124	0.050618	0.050197	0.050069	0.052490	0.053538	0.064571	0.047331	0.045955	0.053078	0.053055	0.057835	0.053514	0.051026	0.051644	0.053312	0.048035	0.052295	0.053277
724.0	0.054378	0.053725	0.057543	0.048323	0.044021	0.046573	0.055489	0.054067	0.047280	0.057042	0.048419	0.046530	0.057481	0.048118	0.053272	0.050887	0.041312	0.045043	0.048636	0.050050
725.0	0.050236	0.050863	0.049183	0.046164	0.045528	0.050051	0.053336	0.045903	0.044468	0.051275	0.051375	0.046882	0.056636	0.042321	0.047652	0.043343	0.049079	0.046239	0.053661	0.050305
726.0	0.035388	0.046718	0.046635	0.051971	0.053273	0.055867	0.049414	0.048223	0.045463	0.047798	0.049554	0.041265	0.046312	0.049482	0.046072	0.053833	0.046056	0.052852	0.044518	0.054983
727.0	0.041185	0.044974	0.044391	0.052898	0.045608	0.046613	0.044688	0.047575	0.047521	0.048157	0.047065	0.043297	0.050733	0.044868	0.041246	0.046050	0.052302	0.050380	0.054628	0.039888
728.0	0.038960	0.054084	0.051043	0.037695	0.037903	0.042763	0.047604	0.045544	0.046598	0.043335	0.044616	0.042516	0.046577	0.047256	0.049672	0.040128	0.042373	0.056354	0.050909	0.042536
729.0	0.050536	0.050698	0.036637	0.040159	0.040158	0.043640	0.054010	0.043264	0.040943	0.041791	0.043790	0.044958	0.045605	0.037285	0.039422	0.033012	0.049369	0.036272	0.043172	0.042880
730.0	0.040786	0.044564	0.037132	0.046913	0.044151	0.039073	0.040373	0.040845	0.051910	0.036043	0.038991	0.042682	0.036715	0.040234	0.034753	0.034515	0.046937	0.039529	0.045255	0.035454
731.0	0.040567	0.043990	0.038275	0.042240	0.046696	0.037934	0.038563	0.040745	0.034867	0.041851	0.045502	0.042066	0.036067	0.038078	0.047652	0.040536	0.043954	0.038548	0.036631	0.040673
732.0	0.034998	0.039107	0.030824	0.036955	0.044031	0.036886	0.036723	0.038883	0.035229	0.041153	0.032212	0.036557	0.031833	0.041348	0.035116	0.038795	0.040472	0.039097	0.039034	0.040300
733.0	0.032833	0.038194	0.035323	0.041619	0.037124	0.037168	0.031906	0.042189	0.040622	0.028024	0.042316	0.030374	0.033974	0.034878	0.044150	0.037541	0.031194	0.034938	0.032094	0.032561
734.0	0.035867	0.039332	0.029510	0.039045	0.031186	0.037077	0.032861	0.034273	0.034014	0.029100	0.039310	0.035629	0.036627	0.036222	0.044336	0.033291	0.036078	0.031906	0.035006	0.030766
735.0	0.034160	0.038317	0.032785	0.039105	0.033152	0.034830	0.030267	0.031306	0.025407	0.031441	0.037369	0.041119	0.033572	0.033213	0.037951	0.032892	0.038280	0.030346	0.033899	0.036239
736.0	0.029201	0.033916	0.031451	0.032035	0.033142	0.034688	0.034641	0.036792	0.038282	0.031192	0.033526	0.036479	0.037953	0.033464	0.034596	0.031479	0.030613	0.034908	0.036451	0.036651
737.0	0.028502	0.032121	0.029489	0.030793	0.031994	0.037622	0.031634	0.028130	0.026833	0.029588	0.027135	0.034096	0.031076	0.031759	0.030731	0.031210	0.036088	0.033221	0.028584	0.028235
738.0	0.030368	0.029126	0.026719	0.026011	0.024759	0.025344	0.030035	0.030221	0.026753	0.032835	0.027961	0.035004	0.029790	0.032902	0.025826	0.030643	0.028521	0.030297	0.024068	0.028912
739.0	0.026446	0.034501	0.031066	0.028762	0.032962	0.025586	0.024745	0.035647	0.035500	0.034031	0.037448	0.026546	0.024397	0.028870	0.025660	0.025906	0.027430	0.027070	0.026500	0.026784
740.0	0.023004	0.026920	0.033382	0.030872	0.024739	0.028408	0.032620	0.027752	0.028922	0.026888	0.028360	0.024406	0.031391	0.031508	0.026964	0.035630	0.022296	0.022723	0.024696	0.025057
741.0	0.020080	0.026961	0.021260	0.030467	0.021685	0.027793	0.024856	0.025004	0.026853	0.023232	0.029315	0.025881	0.033739	0.025550	0.022766	0.023547	0.027190	0.031288	0.022343	0.023400
742.0	0.029191	0.029516	0.019532	0.021032	0.021675	0.029124	0.029382	0.023949	0.025316	0.026141	0.034143	0.027571	0.031420	0.019973	0.024561	0.032056	0.030993	0.028943	0.024038	0.030982
743.0	0.019990	0.027043	0.023596	0.021130	0.022044	0.026705	0.028838	0.024028	0.022474	0.022246	0.025264	0.023752	0.029711	0.017235	0.025444	0.023686	0.028321	0.029395	0.024556	0.018328
744.0	0.023483	0.023443	0.024192	0.023161	0.023381	0.020213	0.019928	0.026448	0.019281	0.032437	0.020615	0.022570	0.025369	0.025069	0.035842	0.025298	0.027050	0.025313	0.025124	0.018937
745.0	0.019082	0.027290	0.017843	0.022629	0.022483	0.025082	0.023810	0.025103	0.023549	0.022714	0.023910	0.021349	0.018680	0.019351	0.032281	0.022641	0.023837	0.019653	0.025374	0.023655
746.0	0.017815	0.025053	0.021543	0.025695	0.020168	0.021564	0.023790	0.027762	0.018236	0.015701	0.023312	0.018184	0.019564	0.019963	0.028740	0.021009	0.019384	0.022017	0.025095	0.024557
747.0	0.022086	0.023463	0.021462	0.022343	0.026765	0.022673	0.019174	0.019368	0.022966	0.019098	0.017539	0.016612	0.017904	0.020565	0.024375	0.019317	0.021896	0.018191	0.026969	0.022379
748.0	0.015829	0.017996	0.019016	0.021682	0.022503	0.022763	0.018631	0.018403	0.016659	0.026818	0.028519	0.017286	0.017334	0.023825	0.021550	0.023109	0.016561	0.018623	0.021086	0.021752
749.0	0.016936	0.020376	0.019744	0.020578	0.018890	0.029195	0.016740	0.022634	0.023157	0.024776	0.023442	0.020705	0.018591	0.024076	0.019382	0.018929	0.026390	0.019613	0.018265	0.020467
750.0	0.018992	0.018037	0.014578	0.017965	0.023661	0.021786	0.016901	0.023749	0.015113	0.019476	0.017598	0.019044	0.019642	0.014828	0.023237	0.015425	0.018293	0.021242	0.014057	0.016896
751.0	0.018862	0.018078	0.016903	0.016772	0.019409	0.019659	0.019144	0.017218	0.014691	0.019138	0.022884	0.014229	0.015615	0.020665	0.018989	0.019237	0.012848	0.018122	0.015722	0.018328
752.0	0.015938	0.011625	0.019339	0.019247	0.022563	0.015435	0.019878	0.015057	0.018899	0.019187	0.017051	0.019698	0.018974	0.021889	0.020824	0.016301	0.019123	0.016837	0.015712	0.017936
753.0	0.012955	0.015544	0.011960	0.017936	0.017183	0.023882	0.019717	0.017925	0.021952	0.012991	0.021580	0.016680	0.022530	0.018228	0.016969	0.020063	0.016711	0.020683	0.018633	0.017093
754.0	0.017056	0.011072	0.010544	0.018015	0.014998	0.019921	0.014216	0.019199	0.016710	0.012364	0.011506	0.012265	0.017835	0.013353	0.021785	0.012260	0.012778	0.017926	0.015154	0.012885
755.0	0.016058	0.023915	0.017934	0.021653	0.012473	0.016383	0.014387	0.015475	0.017503	0.015641	0.018673	0.012373	0.011862	0.019983	0.014399	0.013713	0.014009	0.011206	0.013259	0.013385
756.0	0.010959	0.013246	0.015842	0.022353	0.017084	0.014870	0.014548	0.014540	0.012512	0.014087	0.020426	0.014727	0.017147	0.016954	0.017028	0.014878	0.011767	0.013217	0.016849	0.011963
757.0	0.015210	0.009666	0.013345	0.019543	0.015237	0.011766	0.012587	0.019030	0.009840	0.017853	0.016862	0.015293	0.015409	0.014376	0.016194	0.011225	0.010106	0.013403	0.020897	0.013248
758.0	0.012456	0.021371	0.018703	0.023704	0.014079	0.012451	0.009811	0.017118	0.012692	0.012354	0.017618	0.012675	0.012236	0.018409	0.012604	0.011056	0.017282	0.009322	0.016440	0.008118
759.0	0.013314	0.016201	0.006374	0.018636	0.016475	0.008736	0.011551	0.016650	0.010192	0.011218	0.012700	0.009413	0.018002	0.009672	0.012869	0.013275	0.018273	0.013452	0.011036	0.009491
760.0	0.010719	0.011256	0.003873	0.014751	0.020457	0.009790	0.011923	0.010398	0.010011	0.012045	0.008958	0.012422	0.013100	0.013955	0.017459	0.011533	0.015460	0.016906	0.010567	0.015258
761.0	0.009672	0.012887	0.009816	0.014169	0.014419	0.013772	0.011300	0.010925	0.015022	0.009315	0.008720	0.014385	0.010635	0.015620	0.012810	0.012370	0.015570	0.018024	0.009789	0.012120
762.0	0.007919	0.006222	0.012344	0.014021	0.012662	0.006655	0.010173	0.009770	0.017192	0.011806	0.008513	0.007762	0.009554	0.012862	0.006597	0.009623	0.016121	0.016297	0.008655	0.015592
763.0	0.006282	0.005249	0.009109	0.012917	0.011465	0.009921	0.013412	0.011224	0.009589	0.007272	0.010600	0.013711	0.013778	0.016192	0.014546	0.011653	0.014099	0.008556	0.010388	0.007559
764.0	0.005948	0.012795	0.012778	0.009841	0.008038	0.011746	0.008604	0.012160	0.013385	0.008352	0.011197	0.010634	0.013581	0.014507	0.009337	0.011713	0.011797	0.015552	0.005808	0.012286
765.0	0.008684	0.009758	0.012778	0.016250	0.013541	0.010183	0.005703	0.012170	0.014038	0.009515	0.008676	0.005807	0.017933	0.011839	0.011721	0.012927	0.005417	0.010284	0.009520	0.011521
766.0	0.009013	0.007553	0.009341	0.008911	0.009259	0.009447	0.007659	0.012937	0.012632	0.009375	0.012173	0.009608	0.013768	0.009317	0.010357	0.010439	0.009715	0.011284	0.012501	0.008765
767.0	0.007934	0.008958	0.011838	0.007449	0.008561	0.012159	0.008494	0.005995	0.007151	0.007608	0.008805	0.011025	0.009849	0.003705	0.014978	0.010538	0.009565	0.008273	0.010437	0.008432
768.0	0.010380	0.006193	0.003512	0.010975	0.012642	0.006231	0.007266	0.010915	0.014832	0.006454	0.009953	0.010546	0.011283	0.007579	0.010573	0.014489	0.004272	0.014718	0.008269	0.012149
769.0	0.007033	0.006527	0.007212	0.009949	0.010387	0.011352	0.008816	0.010985	0.012100	0.014177	0.010172	0.007655	0.009161	0.009381	0.006484	0.015007	0.010956	0.011372	0.009081	0.006523
770.0	0.005941	0.009451	0.007452	0.008694	0.013321	0.009659	0.003577	0.013892	0.008695	0.010411	0.009253	0.009452	0.009554	0.003753	0.004922	0.008127	0.007010	0.012461	0.008992	0.011109
771.0	0.005605	0.011195	0.003333	0.010610	0.008861	0.006104	0.011581	0.013833	0.002826	0.012672	0.008974	0.012168	0.008779	0.009692	0.005576	0.007884	0.009455	0.007282	0.004848	0.006909
772.0	0.008245	0.012149	0.003152	0.008293	0.009488	0.004273	0.005131	0.011433	0.006424	0.011268	0.009495	0.010888	0.006452	0.008752	0.006424	0.010110	0.014439	0.008331	0.008670	0.008775
773.0	0.007356	0.012231	0.007339	0.005360	0.011385	0.007883	0.004108	0.007248	0.007119	0.014904	0.006747	0.006383	0.008083	0.003556	0.007794	0.005557	0.010906	0.010303	0.006860	0.007823
774.0	0.003223	0.007368	0.006199	0.006713	0.011065	0.004387	0.006530	0.006037	0.003715	0.006503	0.010978	0.006186	0.006444	0.005918	0.008861	0.009105	0.005533	0.010313	0.005095	0.005793
775.0	0.005652	0.003858	0.011626	0.007600	0.001422	0.005947	0.006201	0.005525	0.005289	0.008987	0.010839	0.005628	0.004637	0.004493	0.010004	0.010140	0.003237	0.007283	0.008730	0.007392
776.0	0.007437	0.005088	0.008664	0.010659	0.005256	0.011383	0.004525	0.006271	0.007472	0.011696	0.010451	0.005000	0.004183	0.009129	0.009543	0.008657	0.002863	0.003577	0.010029	0.002713
777.0	0.002490	0.006163	0.006235	0.007875	0.002315	0.006002	0.006163	0.008562	0.006783	0.008721	0.009853	0.005578	0.006901	0.007333	0.008961	0.008916	0.006661	0.007913	0.013120	0.002962
778.0	0.005698	0.006528	0.003070	0.005584	0.010546	0.003050	0.002216	0.006570	0.005253	0.006384	0.009684	0.005906	0.007710	0.009421	0.006447	0.008015	0.005431	0.007148	0.010378	0.002268
779.0	0.002549	0.007468	0.003496	0.008204	0.000993	0.004962	0.009208	0.005195	0.001651	0.008589	0.012352	0.006917	0.002422	0.002123	0.007285	0.009105	0.004370	0.001534	0.009032	0.001743
780.0	0.006328	0.006201	0.011191	0.006958	0.006652	0.004590	0.011119	0.009531	0.005408	0.008454	0.008651	0.006308	0.000000	0.003103	0.006541	0.005308	0.003941	0.004659	0.004182	0.003582
781.0	0.005903	0.007358	0.003771	0.008693	0.000145	0.009498	0.000682	0.003640	0.004858	0.003870	0.010451	0.004189	0.002460	0.007283	0.004930	0.005040	0.005074	0.004817	0.002381	0.001373
782.0	0.010670	0.008897	0.002807	0.009545	0.012403	0.006541	0.008765	0.006393	0.005315	0.002844	0.004297	0.009882	0.004898	0.007770	0.003839	0.009015	0.003182	0.008605	0.008241	0.000081
783.0	0.003444	0.006395	0.005159	0.007939	0.005774	0.007388	0.000674	0.004053	0.007736	0.002880	0.005835	0.002406	0.003236	0.005221	0.006734	0.010946	0.008684	0.005168	0.005205	0.002234
784.0	0.005198	0.004719	0.000000	0.004405	0.005218	0.010092	0.003437	0.006518	0.001452	0.006536	0.004196	0.005598	0.002937	0.008707	0.001125	0.006082	0.003818	0.005703	0.004676	0.006920
785.0	0.003727	0.010189	0.001696	0.005481	0.003717	0.004952	0.007554	0.003734	0.002453	0.005922	0.003247	0.005965	0.007382	0.010184	0.001514	0.009274	0.004244	0.007524	0.003055	0.007330
786.0	0.005941	0.003571	0.007129	0.001889	0.002162	0.001365	0.004017	0.005001	0.006710	0.003854	0.006316	0.006051	0.006103	0.004531	0.000873	0.000410	0.005065	0.004896	0.004898	0.002520
787.0	0.006975	0.004846	0.003260	0.006786	0.003301	0.003086	0.002327	0.007209	0.000603	0.004881	0.010540	0.002005	0.006736	0.004505	0.004284	0.001995	0.004505	0.000000	0.006814	0.002517
788.0	0.001418	0.002674	0.003418	0.007145	0.006392	0.007829	0.005364	0.004180	0.002984	0.001288	0.001974	0.001736	0.005579	0.004123	0.000113	0.002307	0.001715	0.003847	0.008340	0.004877
789.0	0.001908	0.000000	0.001095	0.002904	0.007304	0.002197	0.005542	0.008754	0.002792	0.000000	0.005700	0.006258	0.009387	0.004148	0.000000	0.003679	0.001002	0.005768	0.005956	0.001440
790.0	0.000370	0.001763	0.001797	0.003584	0.010726	0.001177	0.004896	0.007598	0.003505	0.004208	0.006799	0.004499	0.004483	0.002032	0.004877	0.003525	0.001300	0.005062	0.010776	0.006560
791.0	0.002218	0.001620	0.003611	0.004029	0.008999	0.006233	0.004094	0.007267	0.005605	0.005310	0.002614	0.001844	0.002544	0.005928	0.004206	0.005892	0.005437	0.003290	0.008057	0.003171
792.0	0.001602	0.002202	0.007815	0.004834	0.002169	0.000841	0.001512	0.005273	0.006662	0.001646	0.000390	0.002113	0.005137	0.004301	0.006337	0.007899	0.005869	0.003289	0.005918	0.003547
793.0	0.005381	0.000335	0.008361	0.004903	0.003744	0.003564	0.005064	0.004821	0.005270	0.000998	0.001542	0.000435	0.007017	0.000000	0.005080	0.004417	0.005004	0.003224	0.004207	0.003383
794.0	0.002849	0.005691	0.005033	0.003483	0.001810	0.003156	0.000672	0.003083	0.006263	0.007462	0.000000	0.000000	0.006097	0.007117	0.002953	0.007994	0.002046	0.004340	0.003856	0.004838
795.0	0.000000	0.000202	0.006119	0.006325	0.000000	0.002439	0.002625	0.005819	0.005031	0.003497	0.004088	0.000804	0.007185	0.000438	0.004285	0.012449	0.004555	0.006133	0.002347	0.003126
796.0	0.004198	0.003726	0.001770	0.002553	0.004032	0.006267	0.001207	0.006047	0.000000	0.004497	0.002177	0.002460	0.006528	0.004394	0.004217	0.003822	0.002449	0.004968	0.000000	0.001487
797.0	0.005170	0.001293	0.000516	0.004596	0.002367	0.003003	0.002934	0.000445	0.003490	0.004496	0.004016	0.004148	0.004114	0.004046	0.004629	0.007648	0.002818	0.006107	0.001218	0.000732
798.0	0.001531	0.002786	0.000475	0.005996	0.004416	0.001379	0.000085	0.000683	0.001583	0.000327	0.007854	0.003008	0.007424	0.003123	0.004100	0.005356	0.005609	0.007675	0.003308	0.004963
799.0	0.002346	0.002597	0.000048	0.006824	0.003893	0.000000	0.000000	0.000000	0.005943	0.002194	0.006436	0.001471	0.004549	0.004791	0.004243	0.007923	0.000000	0.002888	0.005976	0.004685
800.0	0.001550	0.003775	0.007124	0.000000	0.005628	0.001648	0.000679	0.004103	0.005296	0.001714	0.005558	0.002657	0.003706	0.003005	0.008499	0.003308	0.004724	0.003285	0.002945	0.000421
