475.0	-0.262579	-0.242669	-0.234116	-0.219465	-0.233125	-0.243447	-0.223709	-0.244162	-0.263420	-0.220983	-0.264933	-0.253535	-0.226333	-0.235153	-0.264448	-0.227671	-0.243772	-0.206134	-0.259492	-0.251959
476.0	-0.243382	-0.197815	-0.220034	-0.235498	-0.215964	-0.238722	-0.230366	-0.215208	-0.234610	-0.209369	-0.213842	-0.229061	-0.218110	-0.213709	-0.223572	-0.232828	-0.220102	-0.205793	-0.235680	-0.214343
477.0	-0.153288	-0.196780	-0.198397	-0.178872	-0.168943	-0.183713	-0.190424	-0.177269	-0.198136	-0.182490	-0.145925	-0.183323	-0.194814	-0.190903	-0.201431	-0.199477	-0.170016	-0.190065	-0.179914	-0.170288
478.0	-0.132844	-0.132259	-0.143101	-0.138961	-0.135308	-0.151315	-0.149817	-0.131674	-0.148613	-0.151298	-0.145584	-0.138267	-0.157128	-0.160269	-0.142160	-0.135182	-0.131594	-0.158610	-0.144676	-0.116067
479.0	-0.097499	-0.091890	-0.084714	-0.100073	-0.083140	-0.095969	-0.096894	-0.080090	-0.102771	-0.089909	-0.068110	-0.089115	-0.075248	-0.094575	-0.085615	-0.095298	-0.091113	-0.087836	-0.091989	-0.077434
480.0	-0.010870	-0.028749	-0.027013	-0.030485	-0.014153	-0.030498	-0.044638	-0.034496	-0.031832	-0.025866	-0.012139	-0.030747	-0.025914	-0.029903	-0.017488	-0.023095	-0.010838	-0.045440	-0.024933	-0.019146
481.0	0.033137	0.020590	0.034808	0.046949	0.017766	0.028561	0.019602	0.009102	0.035091	0.015281	0.045198	0.028303	0.040892	0.015027	0.029178	0.022634	0.033759	0.033540	0.055466	0.031009
482.0	0.104866	0.108918	0.111055	0.114832	0.078515	0.122380	0.096156	0.096629	0.102014	0.117817	0.120965	0.089061	0.137162	0.063021	0.095261	0.098276	0.099282	0.103972	0.111232	0.111325
483.0	0.188723	0.173095	0.168755	0.195677	0.184226	0.167265	0.185026	0.184822	0.197714	0.198452	0.213455	0.193508	0.198487	0.183856	0.207670	0.198329	0.176469	0.180217	0.190946	0.190624
484.0	0.265649	0.279364	0.264922	0.247868	0.254242	0.277283	0.269237	0.273681	0.281368	0.274110	0.262601	0.267919	0.267006	0.268951	0.266259	0.240276	0.274240	0.250649	0.259713	0.261789
485.0	0.346041	0.358377	0.366241	0.383293	0.328719	0.341741	0.357441	0.365535	0.368703	0.338153	0.382053	0.368953	0.360535	0.355748	0.332683	0.326920	0.399798	0.336809	0.375350	0.385821
486.0	0.445491	0.464647	0.461377	0.452540	0.457768	0.446359	0.460956	0.425439	0.452022	0.458276	0.460550	0.446094	0.478045	0.503133	0.460761	0.447602	0.444738	0.437670	0.488250	0.447159
487.0	0.584443	0.572987	0.541402	0.570567	0.561763	0.581351	0.585441	0.587515	0.575161	0.547207	0.571811	0.578531	0.576370	0.572911	0.584070	0.588571	0.589507	0.531010	0.587808	0.559669
488.0	0.683200	0.698924	0.645125	0.676655	0.672278	0.675170	0.679636	0.694345	0.684246	0.704495	0.704915	0.680590	0.686344	0.680131	0.649131	0.660430	0.676986	0.659224	0.723288	0.667773
488.0	0.683200	0.698924	0.645125	0.676655	0.672278	0.675170	0.679636	0.694345	0.684246	0.704495	0.704915	0.680590	0.686344	0.680131	0.649131	0.660430	0.676986	0.659224	0.723288	0.667773
489.0	0.845716	0.830381	0.764303	0.788883	0.801671	0.787213	0.805452	0.819147	0.794000	0.797076	0.811398	0.789816	0.805567	0.780203	0.783341	0.815496	0.795683	0.794960	0.787949	0.820610
490.0	0.918831	0.895937	0.934312	0.899747	0.911156	0.880694	0.897318	0.898354	0.928515	0.937440	0.938359	0.903821	0.915883	0.874829	0.930835	0.909704	0.927073	0.940611	0.903586	0.933797
491.0	1.025558	1.060173	1.062764	1.041312	1.050502	1.063608	1.044436	1.033140	1.008154	1.091742	1.045866	1.033869	1.043329	1.016768	1.067770	1.065801	1.070126	1.068825	1.052752	1.029024
492.0	1.188420	1.223028	1.138323	1.236432	1.224855	1.173963	1.198211	1.148955	1.144677	1.162754	1.162246	1.157090	1.170775	1.151899	1.151566	1.169292	1.147314	1.211399	1.169073	1.160172
493.0	1.312126	1.333093	1.351264	1.342861	1.321985	1.295455	1.329019	1.333329	1.324366	1.301459	1.292620	1.326391	1.303702	1.310176	1.274535	1.325389	1.308892	1.294823	1.305922	1.278781
494.0	1.420585	1.424527	1.423390	1.459183	1.469568	1.469932	1.453171	1.441157	1.459216	1.376785	1.425041	1.431521	1.422583	1.374508	1.425776	1.484924	1.443713	1.462014	1.432165	1.432635
495.0	1.594190	1.584277	1.542911	1.551626	1.579054	1.618422	1.579985	1.596910	1.627862	1.593139	1.614799	1.554401	1.578465	1.569206	1.604949	1.599074	1.588825	1.558089	1.582357	1.549889
496.0	1.700223	1.737126	1.681666	1.691826	1.700896	1.721353	1.720447	1.694089	1.741966	1.734831	1.735275	1.730870	1.701457	1.689361	1.697261	1.709098	1.722273	1.736221	1.740417	1.716281
497.0	1.845760	1.894461	1.837594	1.891722	1.851567	1.818884	1.874887	1.831869	1.867113	1.853627	1.819915	1.898464	1.833014	1.829257	1.850886	1.820497	1.839598	1.813491	1.818763	1.856241
498.0	1.958031	1.957947	1.946125	1.941867	1.986108	1.921815	1.962759	1.924389	1.963482	1.956162	1.953019	1.938400	1.981701	1.966431	1.929913	2.007539	1.942171	1.947175	1.937822	1.982983
499.0	2.064411	2.089404	2.086941	2.044202	2.043425	2.073006	2.110875	2.037875	2.062863	2.012242	2.042779	2.090293	2.086192	2.096456	2.128162	2.103122	2.074247	2.094536	2.026089	2.066688
500.0	2.169059	2.194639	2.208867	2.186108	2.117216	2.166825	2.132843	2.103105	2.174959	2.139333	2.165644	2.174602	2.184175	2.193124	2.143831	2.152977	2.139770	2.206680	2.128384	2.157170
501.0	2.329149	2.218446	2.278588	2.280598	2.252100	2.328814	2.303926	2.231234	2.274005	2.222623	2.261888	2.282122	2.267426	2.263924	2.234099	2.250623	2.280423	2.240871	2.306287	2.315768
502.0	2.365533	2.338517	2.359987	2.328696	2.324519	2.343326	2.341538	2.330077	2.361675	2.351042	2.306939	2.412852	2.365408	2.338127	2.354683	2.341049	2.387456	2.355750	2.357605	2.358467
503.0	2.407808	2.458243	2.413565	2.430349	2.391789	2.380111	2.403447	2.423262	2.446333	2.452582	2.433217	2.469855	2.385622	2.380334	2.471521	2.392279	2.430681	2.471314	2.443820	2.428616
504.0	2.541563	2.491022	2.482256	2.488340	2.528732	2.473930	2.470017	2.526764	2.428263	2.523262	2.538334	2.483508	2.539447	2.491638	2.525000	2.489238	2.517816	2.469262	2.448952	2.461488
505.0	2.577254	2.539671	2.543391	2.596133	2.563053	2.599472	2.519611	2.577018	2.540694	2.611529	2.519222	2.521737	2.536707	2.607028	2.541351	2.510555	2.523305	2.563286	2.536193	2.574675
506.0	2.620569	2.619028	2.638184	2.662993	2.637188	2.623433	2.544241	2.604973	2.575829	2.683537	2.620244	2.621406	2.551096	2.597837	2.621399	2.618173	2.551093	2.591664	2.596065	2.686168
507.0	2.665269	2.673889	2.717178	2.694717	2.689700	2.712528	2.682040	2.723451	2.676883	2.647367	2.663588	2.671924	2.644967	2.642427	2.692933	2.699315	2.635141	2.706202	2.631645	2.653635
508.0	2.712049	2.724263	2.705501	2.696764	2.707547	2.802297	2.698349	2.710139	2.752171	2.637744	2.727069	2.685918	2.734385	2.738074	2.733809	2.727853	2.790202	2.707227	2.703491	2.749201
509.0	2.745314	2.748416	2.737098	2.732240	2.733288	2.768211	2.780562	2.760393	2.758864	2.729661	2.760857	2.720734	2.769329	2.744201	2.738577	2.806245	2.720562	2.718168	2.743861	2.705485
510.0	2.740810	2.856411	2.748089	2.754072	2.825957	2.785423	2.747278	2.780361	2.728079	2.769481	2.763928	2.823475	2.757681	2.784706	2.748456	2.738168	2.738744	2.747230	2.725387	2.759706
511.0	2.766452	2.766012	2.764575	2.742815	2.748047	2.846169	2.757263	2.850250	2.825787	2.782754	2.736284	2.783539	2.783376	2.767347	2.759015	2.735761	2.749035	2.750649	2.784232	2.748184
512.0	2.735959	2.816042	2.791364	2.709726	2.768640	2.805672	2.810518	2.790345	2.782287	2.802664	2.751642	2.796851	2.826543	2.794577	2.843152	2.731291	2.741145	2.809799	2.744888	2.744795
513.0	2.774075	2.786024	2.764575	2.817179	2.803648	2.819171	2.729970	2.767049	2.829133	2.762844	2.780651	2.784222	2.812497	2.728884	2.744368	2.777364	2.796720	2.779711	2.798259	2.776312
514.0	2.758829	2.782919	2.837387	2.796370	2.772758	2.822546	2.770577	2.797001	2.772248	2.746253	2.802835	2.753161	2.782006	2.747605	2.846558	2.791461	2.834799	2.786549	2.777731	2.829178
515.0	2.729028	2.731854	2.749119	2.773857	2.788889	2.748300	2.743949	2.783689	2.697964	2.752889	2.785430	2.721075	2.740209	2.732288	2.752203	2.778739	2.790888	2.778685	2.840682	2.832566
516.0	2.698535	2.759112	2.717865	2.804898	2.766924	2.691266	2.715990	2.696827	2.715029	2.695814	2.746522	2.754185	2.723764	2.717651	2.785585	2.768768	2.734284	2.761248	2.782179	2.782750
517.0	2.693684	2.693900	2.688671	2.712114	2.706174	2.665956	2.715324	2.672532	2.694952	2.709419	2.656421	2.744286	2.681625	2.701313	2.690889	2.678686	2.758984	2.710646	2.702122	2.728868
518.0	2.676358	2.658017	2.720956	2.671521	2.705831	2.651106	2.686034	2.684513	2.667179	2.684200	2.714100	2.701961	2.608309	2.707099	2.648991	2.685906	2.619361	2.693893	2.673384	2.730562
519.0	2.696802	2.663883	2.687298	2.646619	2.633413	2.666630	2.685701	2.633262	2.678221	2.711079	2.660176	2.657929	2.653189	2.709823	2.673516	2.676967	2.659498	2.625512	2.638830	2.656008
520.0	2.680170	2.602467	2.554038	2.579419	2.561337	2.604872	2.619797	2.630266	2.597244	2.567396	2.603180	2.581129	2.594263	2.602603	2.584952	2.558347	2.577851	2.568073	2.607012	2.609242
521.0	2.531168	2.564858	2.551290	2.563045	2.509169	2.520502	2.503301	2.595322	2.531660	2.529235	2.605910	2.516617	2.527799	2.579797	2.568601	2.539780	2.510955	2.539695	2.544404	2.538754
522.0	2.469835	2.469284	2.500459	2.528592	2.498529	2.457056	2.490986	2.534752	2.481467	2.524589	2.468711	2.533001	2.528484	2.509679	2.456873	2.459325	2.561727	2.495589	2.500612	2.522826
523.0	2.414046	2.439267	2.395362	2.439901	2.446703	2.449294	2.450712	2.450219	2.432948	2.425704	2.365982	2.449033	2.440437	2.443985	2.475268	2.422192	2.444746	2.461399	2.456821	2.442849
524.0	2.367612	2.346798	2.404636	2.377476	2.389386	2.413522	2.413766	2.368350	2.392459	2.403471	2.372125	2.387935	2.399668	2.384078	2.335608	2.363742	2.360354	2.429944	2.368211	2.356095
525.0	2.313210	2.278482	2.326672	2.336542	2.255532	2.313965	2.303926	2.294134	2.273336	2.359669	2.332877	2.307380	2.311963	2.317023	2.376143	2.302885	2.284882	2.297285	2.339473	2.293401
526.0	2.268163	2.238458	2.212989	2.199412	2.256562	2.236008	2.269976	2.273168	2.255936	2.277043	2.257793	2.235018	2.265713	2.233630	2.247043	2.235151	2.251606	2.278480	2.265232	2.204953
527.0	2.204404	2.189118	2.199937	2.168711	2.178652	2.130715	2.162799	2.155688	2.182655	2.174176	2.197384	2.181087	2.219120	2.204017	2.150644	2.190110	2.201177	2.230614	2.163964	2.134126
528.0	2.125052	2.094234	2.068051	2.141421	2.102801	2.080430	2.116201	2.109761	2.068551	2.081926	2.105576	2.070154	2.139637	2.106668	2.085924	2.089713	2.137369	2.116076	2.129410	2.127348
529.0	1.992336	2.011772	2.028554	2.027829	2.015968	2.022721	2.044639	1.967321	2.019363	1.987023	1.998070	1.962635	2.000201	2.050505	1.994293	2.047422	2.091057	1.998119	2.034300	2.005011
530.0	1.957685	1.927929	1.973945	1.927540	1.913346	1.958263	1.964423	1.952344	1.960136	1.947535	1.933907	1.920992	1.942645	1.936477	1.914244	1.975907	1.969615	1.974528	1.984008	1.952145
531.0	1.884916	1.852367	1.891860	1.837484	1.875592	1.838458	1.871892	1.872139	1.906932	1.841349	1.935613	1.854432	1.853227	1.894270	1.849183	1.910580	1.878363	1.812465	1.902241	1.880640
532.0	1.743538	1.803027	1.847211	1.769943	1.776060	1.761513	1.784020	1.794263	1.813909	1.796552	1.781691	1.790944	1.781282	1.848659	1.830108	1.833219	1.826219	1.763231	1.795841	1.810491
533.0	1.736608	1.705383	1.747266	1.753569	1.727666	1.674444	1.729766	1.728367	1.726909	1.706957	1.702170	1.706977	1.700086	1.725101	1.691129	1.699815	1.737710	1.690064	1.707573	1.701370
534.0	1.647900	1.607739	1.601642	1.661808	1.718056	1.659595	1.661866	1.616878	1.616820	1.644905	1.649269	1.617547	1.634308	1.648855	1.641737	1.655805	1.671501	1.648693	1.625806	1.610888
535.0	1.594883	1.584622	1.547720	1.569364	1.607884	1.595474	1.580318	1.517370	1.558262	1.551328	1.563947	1.568396	1.559964	1.575673	1.575995	1.601137	1.536681	1.540652	1.523854	1.538028
536.0	1.449346	1.464205	1.497232	1.381408	1.479865	1.460820	1.485457	1.479430	1.497027	1.484630	1.458829	1.486817	1.489047	1.500109	1.510253	1.487331	1.483507	1.446286	1.438665	1.462118
537.0	1.374499	1.406585	1.405187	1.375268	1.387883	1.415260	1.403910	1.413535	1.394970	1.408641	1.403198	1.416844	1.378388	1.384039	1.412832	1.395529	1.416955	1.380983	1.428744	1.355369
538.0	1.344698	1.307561	1.351264	1.312502	1.314092	1.350802	1.362304	1.315690	1.330054	1.336965	1.369069	1.376225	1.292054	1.318346	1.292247	1.357021	1.339081	1.312260	1.394190	1.295048
539.0	1.278167	1.260636	1.255784	1.237796	1.257118	1.262382	1.273101	1.261110	1.306966	1.283540	1.299787	1.258124	1.267045	1.300986	1.263634	1.260750	1.263952	1.265077	1.293606	1.264209
540.0	1.231388	1.178519	1.204266	1.215283	1.161361	1.165864	1.221177	1.202204	1.231008	1.198260	1.214464	1.176205	1.201951	1.203297	1.189036	1.218459	1.170641	1.207638	1.208759	1.203210
541.0	1.114612	1.128834	1.117716	1.113970	1.138365	1.112205	1.140961	1.135311	1.173789	1.163086	1.106616	1.118861	1.142682	1.119904	1.148841	1.126658	1.096885	1.132761	1.104070	1.111034
542.0	1.074070	1.036710	1.040439	1.065531	1.081735	1.038634	1.110672	1.103361	1.059685	1.057231	1.078630	1.066978	1.106024	1.056933	1.034388	1.053767	1.040967	1.048994	1.059594	1.021568
543.0	1.022092	1.000827	0.979648	1.029714	1.033684	1.001512	0.997504	0.982886	1.004138	1.014425	1.012760	1.026360	0.998449	0.988176	0.991468	1.039326	0.997399	1.034292	1.001433	1.028685
544.0	0.927840	0.929750	0.912675	0.979228	0.944105	0.954602	0.935262	0.940620	0.940227	0.973610	0.947232	0.933858	0.934384	0.926908	0.969668	0.966435	0.955546	0.952919	0.929588	0.930747
545.0	0.865121	0.888001	0.912331	0.909981	0.908754	0.893181	0.918953	0.924313	0.891707	0.884347	0.908666	0.908259	0.885735	0.869724	0.862368	0.894576	0.894826	0.898215	0.910087	0.893131
546.0	0.848142	0.786907	0.834367	0.844145	0.859674	0.797000	0.824424	0.848433	0.867950	0.862115	0.831193	0.831459	0.849077	0.818666	0.855896	0.817902	0.855031	0.869153	0.820451	0.841959
547.0	0.804481	0.780351	0.789032	0.772510	0.796866	0.776751	0.759186	0.759908	0.802365	0.801721	0.783071	0.781624	0.790151	0.810838	0.769716	0.790396	0.786763	0.787438	0.781791	0.773844
548.0	0.693942	0.754474	0.737514	0.702239	0.717239	0.660658	0.729896	0.733283	0.748157	0.690226	0.714471	0.749198	0.689427	0.758759	0.734971	0.761859	0.713693	0.747777	0.710287	0.714878
549.0	0.702259	0.690643	0.687026	0.686207	0.667473	0.691369	0.681966	0.689686	0.639742	0.689562	0.678636	0.700046	0.670584	0.687620	0.688645	0.683811	0.684876	0.671191	0.670943	0.660317
550.0	0.650281	0.648894	0.650620	0.650730	0.647567	0.665046	0.617394	0.620795	0.626022	0.675294	0.638705	0.639288	0.633241	0.654262	0.646747	0.616077	0.592251	0.611699	0.636047	0.625751
551.0	0.611472	0.597829	0.629669	0.598880	0.607067	0.569877	0.560477	0.588513	0.593230	0.598972	0.582392	0.585358	0.620908	0.590271	0.582367	0.580663	0.569610	0.615802	0.617230	0.605079
552.0	0.537664	0.567121	0.565100	0.543619	0.540483	0.530392	0.550159	0.557563	0.531326	0.584040	0.526420	0.557027	0.568491	0.534108	0.521394	0.535622	0.534618	0.578193	0.572754	0.534591
553.0	0.528654	0.494320	0.520108	0.454928	0.486599	0.480782	0.514544	0.514964	0.522626	0.531611	0.493656	0.516409	0.523268	0.510281	0.510153	0.489205	0.501342	0.483143	0.520752	0.527136
554.0	0.482221	0.443945	0.492288	0.452540	0.451591	0.456146	0.440320	0.472032	0.444995	0.471881	0.431541	0.473401	0.481471	0.481009	0.492781	0.477171	0.424498	0.453740	0.476960	0.427504
555.0	0.418809	0.400471	0.422567	0.452199	0.449188	0.433198	0.418019	0.411795	0.428264	0.415138	0.433930	0.422542	0.455434	0.399998	0.449520	0.436944	0.407688	0.441431	0.427010	0.430893
556.0	0.369257	0.394950	0.397151	0.411264	0.358579	0.372114	0.393055	0.388165	0.391791	0.374654	0.391268	0.390798	0.398563	0.389446	0.372878	0.392247	0.374755	0.396984	0.372955	0.378705
557.0	0.363366	0.334225	0.337047	0.341335	0.352401	0.308331	0.355111	0.346232	0.329218	0.344126	0.321303	0.336527	0.374239	0.346218	0.340177	0.347549	0.308888	0.346382	0.333953	0.348205
558.0	0.306884	0.331464	0.298580	0.294602	0.309842	0.309006	0.317166	0.321272	0.294753	0.312270	0.333931	0.312975	0.330729	0.360514	0.299301	0.315917	0.293451	0.295780	0.290162	0.348883
559.0	0.270500	0.286265	0.262861	0.267653	0.275864	0.272558	0.292203	0.275345	0.220803	0.263491	0.260212	0.265529	0.271802	0.264186	0.258425	0.285661	0.291736	0.297832	0.259713	0.267889
560.0	0.255600	0.232440	0.223707	0.229107	0.252525	0.248260	0.254259	0.264362	0.265307	0.236281	0.249632	0.255972	0.222811	0.231850	0.256381	0.227210	0.228271	0.216800	0.215921	0.231290
561.0	0.206048	0.191036	0.190393	0.171458	0.195895	0.216199	0.210656	0.242730	0.210095	0.214712	0.210384	0.187023	0.173820	0.191004	0.213120	0.212082	0.205972	0.205176	0.230974	0.195368
562.0	0.153031	0.193796	0.165664	0.161565	0.165005	0.174689	0.178037	0.180496	0.170276	0.169915	0.158507	0.150842	0.183070	0.202237	0.188935	0.183201	0.177842	0.190132	0.189236	0.174357
563.0	0.149913	0.151012	0.146774	0.126430	0.137548	0.131829	0.159064	0.158198	0.135476	0.161619	0.136665	0.132068	0.144357	0.160370	0.142269	0.122000	0.146967	0.134402	0.154681	0.145891
564.0	0.114915	0.144802	0.124450	0.089589	0.131027	0.119680	0.116127	0.095298	0.105360	0.122131	0.105266	0.117391	0.144357	0.111695	0.083680	0.118905	0.107172	0.086535	0.123548	0.107258
565.0	0.075758	0.068205	0.087357	0.080720	0.082977	0.069058	0.091497	0.078658	0.085283	0.079656	0.107655	0.062778	0.091254	0.063021	0.055407	0.075927	0.050911	0.060892	0.070861	0.099464
566.0	0.057740	0.058889	0.044425	0.047972	0.015020	0.054209	0.038907	0.048040	0.067549	0.069038	0.068065	0.049466	0.043291	0.041577	0.049957	0.037763	0.036846	0.052003	0.048623	0.049309
567.0	0.026553	-0.000457	0.025878	0.030234	0.042821	0.035648	0.011614	0.025742	0.036764	0.019595	0.023014	-0.003099	0.038837	0.012985	0.019981	0.009569	0.001855	0.022257	0.008937	0.035415
568.0	-0.004980	-0.008392	-0.007780	-0.002172	-0.007632	-0.028810	-0.007692	-0.005542	0.003637	0.004994	0.000148	-0.006854	0.008003	-0.004715	0.012487	-0.010717	-0.006722	0.003453	-0.024249	0.007626
569.0	-0.032354	-0.031855	-0.008810	-0.021275	-0.013467	-0.024423	-0.032322	-0.018854	-0.025809	-0.039139	-0.048998	-0.031089	-0.015293	-0.041476	-0.036564	-0.040630	-0.006036	-0.013643	-0.043065	-0.037446
570.0	-0.066659	-0.053592	-0.038004	-0.066644	-0.048132	-0.047372	-0.042308	-0.056128	-0.057598	-0.044117	-0.055141	-0.059078	-0.028655	-0.025818	-0.063474	-0.067792	-0.045144	-0.039969	-0.065988	-0.068284
571.0	-0.075322	-0.087405	-0.088492	-0.065961	-0.079364	-0.078082	-0.083581	-0.099725	-0.053582	-0.093228	-0.076643	-0.072390	-0.069424	-0.087087	-0.075056	-0.082920	-0.063326	-0.062193	-0.072488	-0.092006
572.0	-0.096460	-0.106037	-0.116655	-0.093933	-0.091033	-0.086182	-0.103884	-0.109709	-0.094740	-0.101523	-0.090977	-0.081264	-0.091007	-0.094916	-0.086637	-0.097705	-0.106894	-0.101854	-0.103621	-0.098445
573.0	-0.105469	-0.144335	-0.124554	-0.123611	-0.118834	-0.106430	-0.141163	-0.127015	-0.119836	-0.123424	-0.111796	-0.118128	-0.134859	-0.112956	-0.125469	-0.119710	-0.126105	-0.125445	-0.136465	-0.126572
574.0	-0.141160	-0.155376	-0.153748	-0.142372	-0.134279	-0.121279	-0.138833	-0.156302	-0.142925	-0.139352	-0.152068	-0.158406	-0.145480	-0.142569	-0.147951	-0.144809	-0.173446	-0.131941	-0.167598	-0.139450
575.0	-0.175119	-0.182979	-0.164051	-0.157723	-0.164482	-0.162789	-0.163131	-0.180929	-0.153298	-0.167890	-0.161624	-0.173424	-0.156786	-0.166736	-0.158851	-0.165782	-0.175505	-0.171944	-0.155966	-0.174355
576.0	-0.185168	-0.178148	-0.192558	-0.187400	-0.169630	-0.199237	-0.179773	-0.202229	-0.203825	-0.198086	-0.191658	-0.176155	-0.177341	-0.179330	-0.180311	-0.189850	-0.205007	-0.194852	-0.182309	-0.169272
577.0	-0.213582	-0.195400	-0.218317	-0.227993	-0.198803	-0.218136	-0.213058	-0.202895	-0.221225	-0.214678	-0.192682	-0.205851	-0.206462	-0.202476	-0.213012	-0.212886	-0.208781	-0.199296	-0.193257	-0.211971
578.0	-0.222591	-0.220587	-0.204579	-0.237886	-0.224888	-0.224210	-0.245344	-0.213544	-0.224906	-0.241556	-0.221350	-0.218480	-0.219823	-0.222899	-0.211309	-0.209792	-0.226963	-0.219811	-0.182309	-0.232643
579.0	-0.244075	-0.255091	-0.249228	-0.228675	-0.238959	-0.240409	-0.252001	-0.238505	-0.240298	-0.236247	-0.233978	-0.248176	-0.239009	-0.244683	-0.234472	-0.242455	-0.236911	-0.247163	-0.248681	-0.240437
580.0	-0.254610	-0.272584	-0.254173	-0.263606	-0.258488	-0.268150	-0.257326	-0.256809	-0.252344	-0.271255	-0.252749	-0.259611	-0.256036	-0.233110	-0.234131	-0.257893	-0.264596	-0.267848	-0.268387	-0.256704
581.0	-0.273564	-0.275102	-0.281478	-0.288167	-0.266588	-0.267543	-0.270507	-0.290123	-0.262751	-0.278257	-0.284660	-0.270977	-0.260661	-0.261975	-0.283489	-0.279967	-0.267512	-0.260771	-0.259937	-0.261753
582.0	-0.295429	-0.306293	-0.299372	-0.269132	-0.278361	-0.294473	-0.291277	-0.299874	-0.304310	-0.293521	-0.285309	-0.308148	-0.288103	-0.288627	-0.297251	-0.285640	-0.288061	-0.283439	-0.295517	-0.299200
583.0	-0.301181	-0.306466	-0.300883	-0.305393	-0.292707	-0.305171	-0.311780	-0.307961	-0.309630	-0.287349	-0.292680	-0.304632	-0.294475	-0.305986	-0.314146	-0.285949	-0.306792	-0.295953	-0.294217	-0.308180
584.0	-0.307280	-0.319646	-0.309469	-0.309111	-0.323356	-0.311449	-0.326126	-0.323603	-0.304310	-0.307259	-0.314694	-0.307397	-0.318491	-0.313951	-0.310161	-0.317719	-0.322984	-0.320843	-0.307697	-0.301775
585.0	-0.326754	-0.325063	-0.325989	-0.324769	-0.318929	-0.329132	-0.326259	-0.332921	-0.321911	-0.316550	-0.322305	-0.325897	-0.333634	-0.345572	-0.341908	-0.322016	-0.319862	-0.328365	-0.327027	-0.317771
586.0	-0.331813	-0.364362	-0.340002	-0.335514	-0.337874	-0.349685	-0.341603	-0.326365	-0.341988	-0.334237	-0.335888	-0.331837	-0.350695	-0.333965	-0.354682	-0.331919	-0.339279	-0.333699	-0.344441	-0.329733
587.0	-0.361302	-0.362189	-0.348245	-0.345782	-0.350127	-0.345163	-0.344099	-0.336049	-0.351257	-0.351592	-0.340018	-0.349961	-0.338293	-0.365961	-0.356691	-0.349901	-0.346003	-0.349255	-0.351523	-0.336206
588.0	-0.367331	-0.357013	-0.367444	-0.359904	-0.367288	-0.368145	-0.349325	-0.362374	-0.369694	-0.360584	-0.358516	-0.349313	-0.368065	-0.356771	-0.348346	-0.359459	-0.365008	-0.368983	-0.378858	-0.351219
589.0	-0.380014	-0.362982	-0.372390	-0.372082	-0.368626	-0.385390	-0.377251	-0.371526	-0.374914	-0.371933	-0.368788	-0.375220	-0.377692	-0.371067	-0.373655	-0.376135	-0.378216	-0.355410	-0.374513	-0.368976
590.0	-0.379771	-0.384167	-0.385235	-0.376516	-0.380708	-0.390047	-0.387769	-0.388133	-0.397601	-0.380162	-0.383157	-0.387542	-0.387696	-0.393123	-0.383704	-0.389337	-0.381680	-0.373872	-0.398907	-0.381413
591.0	-0.386181	-0.385547	-0.380461	-0.394766	-0.398314	-0.397776	-0.403646	-0.396653	-0.395794	-0.390349	-0.399163	-0.393584	-0.395164	-0.390468	-0.389392	-0.402128	-0.385042	-0.392746	-0.392201	-0.396222
592.0	-0.405517	-0.396657	-0.405568	-0.394971	-0.413656	-0.386065	-0.407773	-0.389331	-0.401282	-0.400570	-0.393669	-0.414985	-0.389409	-0.407590	-0.401246	-0.407354	-0.400686	-0.404883	-0.401165	-0.412760
593.0	-0.414908	-0.409320	-0.410651	-0.408889	-0.404321	-0.403648	-0.412533	-0.385504	-0.403825	-0.398048	-0.398003	-0.414029	-0.417330	-0.417120	-0.398726	-0.410242	-0.418559	-0.419995	-0.416013	-0.403644
594.0	-0.429115	-0.411390	-0.415974	-0.424990	-0.427110	-0.406989	-0.418158	-0.415290	-0.408007	-0.423101	-0.420972	-0.416692	-0.417330	-0.425902	-0.402983	-0.419147	-0.419382	-0.412918	-0.421521	-0.416759
595.0	-0.427348	-0.433472	-0.406907	-0.434814	-0.428895	-0.428925	-0.412300	-0.423277	-0.431397	-0.427116	-0.424078	-0.435943	-0.423874	-0.428251	-0.416949	-0.427158	-0.421337	-0.438150	-0.422171	-0.425943
596.0	-0.443946	-0.438544	-0.433044	-0.439589	-0.427694	-0.433514	-0.420221	-0.438353	-0.445518	-0.425789	-0.426160	-0.432359	-0.426786	-0.424949	-0.431529	-0.430012	-0.433859	-0.422491	-0.437395	-0.431873
597.0	-0.455900	-0.440407	-0.440497	-0.444263	-0.448870	-0.444921	-0.433635	-0.451000	-0.456293	-0.440390	-0.444146	-0.442804	-0.439496	-0.428319	-0.430779	-0.431697	-0.429365	-0.427107	-0.439893	-0.449936
598.0	-0.447064	-0.444410	-0.444996	-0.453473	-0.449248	-0.440939	-0.443720	-0.446707	-0.456493	-0.450046	-0.457524	-0.448129	-0.455016	-0.447550	-0.451830	-0.447513	-0.452830	-0.447040	-0.443622	-0.452274
599.0	-0.467509	-0.454588	-0.446954	-0.449243	-0.456592	-0.453662	-0.448380	-0.450667	-0.456895	-0.457313	-0.460186	-0.459017	-0.452412	-0.445338	-0.444132	-0.460578	-0.453790	-0.453194	-0.466236	-0.454511
600.0	-0.463454	-0.453553	-0.450251	-0.452006	-0.456524	-0.461154	-0.450477	-0.470336	-0.468372	-0.455853	-0.460835	-0.468335	-0.458956	-0.451261	-0.449582	-0.452705	-0.458319	-0.452168	-0.461823	-0.463254
601.0	-0.462554	-0.466078	-0.471648	-0.470529	-0.477391	-0.472358	-0.453406	-0.456857	-0.464825	-0.470155	-0.456569	-0.476835	-0.461765	-0.465250	-0.455713	-0.467111	-0.462573	-0.477264	-0.463807	-0.463559
602.0	-0.466192	-0.469045	-0.476216	-0.476464	-0.481750	-0.477285	-0.485126	-0.462249	-0.468573	-0.469856	-0.465886	-0.473251	-0.467452	-0.470186	-0.474278	-0.468349	-0.476260	-0.470563	-0.470855	-0.473319
603.0	-0.471805	-0.481673	-0.479822	-0.468926	-0.476774	-0.470401	-0.480733	-0.464712	-0.471718	-0.474236	-0.470323	-0.480146	-0.475880	-0.482235	-0.467636	-0.469449	-0.480652	-0.471383	-0.472565	-0.483316
604.0	-0.476379	-0.483916	-0.480784	-0.470392	-0.473033	-0.483225	-0.476106	-0.485878	-0.482359	-0.481404	-0.475681	-0.478200	-0.480060	-0.489860	-0.482658	-0.484027	-0.472281	-0.480683	-0.479545	-0.480977
605.0	-0.481404	-0.486090	-0.485455	-0.480524	-0.481750	-0.480053	-0.484128	-0.485079	-0.475265	-0.494047	-0.485544	-0.492365	-0.490440	-0.497382	-0.490083	-0.489116	-0.493619	-0.487453	-0.485942	-0.494160
606.0	-0.491072	-0.484434	-0.494075	-0.491610	-0.486143	-0.477859	-0.497209	-0.497659	-0.488315	-0.482665	-0.494384	-0.487075	-0.485815	-0.495884	-0.492945	-0.494170	-0.495094	-0.487555	-0.486079	-0.498193
607.0	-0.503754	-0.495509	-0.497441	-0.485948	-0.499597	-0.496994	-0.488721	-0.501087	-0.494673	-0.489633	-0.502575	-0.499943	-0.506474	-0.496803	-0.495670	-0.497402	-0.489983	-0.488103	-0.490561	-0.500768
608.0	-0.502992	-0.507654	-0.493732	-0.497750	-0.500627	-0.494902	-0.491051	-0.496128	-0.495476	-0.500882	-0.510288	-0.496598	-0.500855	-0.505721	-0.499996	-0.502181	-0.496466	-0.499761	-0.502878	-0.502395
609.0	-0.503269	-0.500271	-0.501941	-0.510679	-0.499460	-0.506477	-0.500138	-0.512702	-0.496011	-0.511501	-0.506295	-0.493184	-0.494654	-0.506300	-0.507660	-0.494720	-0.502195	-0.509095	-0.512867	-0.500091
610.0	-0.512972	-0.511174	-0.496411	-0.514977	-0.503613	-0.518897	-0.510190	-0.514898	-0.511404	-0.511667	-0.513701	-0.513323	-0.511304	-0.516614	-0.509500	-0.510639	-0.499382	-0.508685	-0.509378	-0.500362
611.0	-0.511100	-0.512036	-0.514786	-0.510815	-0.512949	-0.516264	-0.516214	-0.499856	-0.511337	-0.505893	-0.514315	-0.510592	-0.512949	-0.511236	-0.521524	-0.512083	-0.509468	-0.513164	-0.516323	-0.516493
612.0	-0.516749	-0.512692	-0.515541	-0.519070	-0.512193	-0.514071	-0.520907	-0.507776	-0.516189	-0.515184	-0.513462	-0.522368	-0.521582	-0.508070	-0.508920	-0.521023	-0.507101	-0.516720	-0.517520	-0.520830
613.0	-0.520248	-0.511622	-0.523166	-0.523232	-0.518577	-0.509886	-0.516314	-0.512103	-0.520940	-0.513757	-0.522779	-0.523529	-0.519972	-0.521651	-0.516108	-0.518513	-0.515575	-0.512822	-0.519436	-0.517001
614.0	-0.530817	-0.520041	-0.524746	-0.523914	-0.522662	-0.521529	-0.513751	-0.519657	-0.520539	-0.521356	-0.521141	-0.531141	-0.518328	-0.513686	-0.522035	-0.527830	-0.521955	-0.526225	-0.520394	-0.522287
615.0	-0.529743	-0.522836	-0.522822	-0.526711	-0.527295	-0.532834	-0.520242	-0.531905	-0.526227	-0.514156	-0.531687	-0.529878	-0.521753	-0.524613	-0.532288	-0.529825	-0.518353	-0.513369	-0.524192	-0.527879
616.0	-0.528565	-0.514520	-0.526566	-0.520503	-0.528977	-0.525612	-0.518211	-0.530773	-0.529808	-0.531477	-0.524349	-0.525406	-0.535046	-0.524749	-0.528643	-0.532575	-0.522093	-0.525951	-0.523781	-0.521881
617.0	-0.537089	-0.527735	-0.533710	-0.532715	-0.529972	-0.529763	-0.531625	-0.534168	-0.528402	-0.531610	-0.532882	-0.525884	-0.533984	-0.536117	-0.530040	-0.534879	-0.531527	-0.527045	-0.533976	-0.527133
618.0	-0.539237	-0.524871	-0.532886	-0.539537	-0.530967	-0.539381	-0.528995	-0.532271	-0.533321	-0.530017	-0.527080	-0.532267	-0.532271	-0.537547	-0.529461	-0.542409	-0.530635	-0.538944	-0.540135	-0.535097
619.0	-0.536881	-0.535464	-0.531100	-0.529099	-0.536802	-0.542419	-0.534321	-0.514765	-0.538943	-0.539342	-0.539980	-0.537933	-0.540973	-0.545342	-0.538862	-0.536323	-0.533002	-0.535251	-0.537021	-0.543468
620.0	-0.535599	-0.540984	-0.537900	-0.541789	-0.543392	-0.536884	-0.548600	-0.535565	-0.537604	-0.539707	-0.537352	-0.539333	-0.544022	-0.540304	-0.547753	-0.533091	-0.534202	-0.536858	-0.541435	-0.541367
621.0	-0.533624	-0.538983	-0.538930	-0.540834	-0.540680	-0.544444	-0.548567	-0.541689	-0.545568	-0.538048	-0.540765	-0.536807	-0.544194	-0.540338	-0.546492	-0.534810	-0.538799	-0.539491	-0.533840	-0.543773
622.0	-0.542807	-0.543089	-0.533092	-0.541789	-0.539410	-0.546030	-0.548167	-0.537462	-0.542389	-0.539541	-0.543359	-0.544760	-0.543817	-0.532135	-0.545879	-0.546019	-0.550669	-0.545713	-0.544993	-0.544179
623.0	-0.543465	-0.546643	-0.544151	-0.545541	-0.543632	-0.545152	-0.546869	-0.542355	-0.548345	-0.542262	-0.547079	-0.541415	-0.542789	-0.540338	-0.550478	-0.550660	-0.547238	-0.552073	-0.546703	-0.537808
624.0	-0.547277	-0.551853	-0.552394	-0.546155	-0.550359	-0.542149	-0.545372	-0.544884	-0.548446	-0.544452	-0.552779	-0.538923	-0.549264	-0.536628	-0.541144	-0.553170	-0.549434	-0.550534	-0.548346	-0.542248
625.0	-0.546791	-0.553992	-0.558404	-0.553694	-0.551423	-0.549506	-0.552594	-0.549810	-0.549516	-0.545746	-0.551892	-0.551177	-0.552347	-0.542040	-0.541213	-0.546087	-0.556089	-0.556244	-0.548277	-0.555735
626.0	-0.553964	-0.553129	-0.550711	-0.548782	-0.552212	-0.543330	-0.553659	-0.552372	-0.558785	-0.551122	-0.555714	-0.560028	-0.550874	-0.552183	-0.548502	-0.553480	-0.553345	-0.553064	-0.547319	-0.557599
627.0	-0.554623	-0.553302	-0.550608	-0.555092	-0.551526	-0.557268	-0.552228	-0.553437	-0.563664	-0.555966	-0.560765	-0.558925	-0.558446	-0.556132	-0.555655	-0.557399	-0.556055	-0.558227	-0.553648	-0.556752
628.0	-0.554865	-0.555717	-0.552806	-0.549771	-0.557532	-0.555580	-0.553593	-0.555101	-0.557982	-0.561641	-0.553086	-0.551757	-0.561731	-0.555009	-0.550989	-0.556677	-0.551355	-0.560224	-0.564439	-0.552346
629.0	-0.560309	-0.555303	-0.556172	-0.549634	-0.554615	-0.552914	-0.559917	-0.558130	-0.560325	-0.560612	-0.557318	-0.558072	-0.562231	-0.556234	-0.552522	-0.554718	-0.555815	-0.557953	-0.553169	-0.549195
630.0	-0.553202	-0.555131	-0.566994	-0.555979	-0.558116	-0.556019	-0.557654	-0.561751	-0.558518	-0.560214	-0.560219	-0.565451	-0.570385	-0.561629	-0.557495	-0.558706	-0.555883	-0.558022	-0.558917	-0.552177
631.0	-0.561605	-0.561262	-0.567530	-0.560793	-0.563295	-0.561399	-0.560050	-0.561371	-0.559153	-0.561375	-0.564837	-0.556263	-0.563228	-0.561050	-0.556337	-0.557159	-0.563033	-0.558159	-0.563159	-0.561906
632.0	-0.557118	-0.564626	-0.559507	-0.561178	-0.564060	-0.557403	-0.554791	-0.564087	-0.561947	-0.568058	-0.565011	-0.564813	-0.562656	-0.562085	-0.558006	-0.561257	-0.566786	-0.560367	-0.553135	-0.560242
633.0	-0.555939	-0.566541	-0.557786	-0.567250	-0.564427	-0.561395	-0.565206	-0.556699	-0.565063	-0.560048	-0.569123	-0.565875	-0.565918	-0.561364	-0.557324	-0.557606	-0.564412	-0.561844	-0.561100	-0.561493
634.0	-0.563722	-0.568742	-0.561581	-0.560383	-0.566651	-0.561550	-0.563532	-0.561930	-0.565936	-0.568082	-0.562966	-0.563513	-0.563639	-0.564012	-0.566460	-0.559999	-0.564371	-0.572320	-0.569773	-0.566610
635.0	-0.567610	-0.567724	-0.564360	-0.565715	-0.563954	-0.564183	-0.567805	-0.565312	-0.566833	-0.561574	-0.571284	-0.566189	-0.569888	-0.564389	-0.569277	-0.568048	-0.565863	-0.564111	-0.563183	-0.566556
636.0	-0.563455	-0.567724	-0.563680	-0.564132	-0.569232	-0.561766	-0.567682	-0.563451	-0.563882	-0.569100	-0.568198	-0.563315	-0.567055	-0.566742	-0.560220	-0.564964	-0.564673	-0.566747	-0.570176	-0.569453
637.0	-0.568913	-0.568200	-0.569852	-0.568144	-0.569394	-0.565016	-0.561322	-0.564712	-0.570845	-0.573855	-0.572932	-0.569158	-0.574065	-0.568464	-0.565861	-0.568285	-0.560885	-0.570259	-0.566991	-0.568433
638.0	-0.564308	-0.574566	-0.572781	-0.572165	-0.571484	-0.568698	-0.568238	-0.570646	-0.571531	-0.569615	-0.571850	-0.564765	-0.571132	-0.571963	-0.575089	-0.571118	-0.571746	-0.574891	-0.572267	-0.570711
639.0	-0.563753	-0.571882	-0.566637	-0.570218	-0.573279	-0.571999	-0.570635	-0.574450	-0.573268	-0.567322	-0.571103	-0.570633	-0.571245	-0.568811	-0.577034	-0.570334	-0.569273	-0.567954	-0.569335	-0.573652
640.0	-0.571304	-0.564436	-0.574316	-0.569631	-0.572912	-0.569724	-0.570395	-0.569102	-0.565290	-0.565736	-0.570802	-0.572899	-0.569035	-0.570002	-0.578185	-0.565060	-0.571993	-0.577415	-0.573758	-0.574083
641.0	-0.566387	-0.572893	-0.574093	-0.572476	-0.567571	-0.569542	-0.572921	-0.574893	-0.570550	-0.571274	-0.573069	-0.572937	-0.572759	-0.573137	-0.571083	-0.571396	-0.571009	-0.571565	-0.573160	-0.577817
642.0	-0.573754	-0.572582	-0.571287	-0.574748	-0.571288	-0.573889	-0.576200	-0.567561	-0.573080	-0.575757	-0.573632	-0.572142	-0.570258	-0.571677	-0.570234	-0.571541	-0.572865	-0.576327	-0.575657	-0.575394
643.0	-0.577569	-0.570909	-0.569329	-0.573653	-0.573845	-0.574604	-0.578979	-0.571685	-0.575252	-0.577409	-0.575837	-0.574773	-0.571187	-0.573052	-0.573617	-0.566583	-0.573736	-0.569554	-0.573721	-0.574313
644.0	-0.572603	-0.574953	-0.570700	-0.580970	-0.577518	-0.574061	-0.574998	-0.574420	-0.578210	-0.575976	-0.576673	-0.572882	-0.576106	-0.573655	-0.572251	-0.573999	-0.569242	-0.571930	-0.574918	-0.578380
645.0	-0.579308	-0.574121	-0.577133	-0.577596	-0.579519	-0.572350	-0.575048	-0.579043	-0.577216	-0.575495	-0.570035	-0.572790	-0.585202	-0.573199	-0.570010	-0.571747	-0.575983	-0.579825	-0.573892	-0.575892
646.0	-0.572049	-0.578196	-0.571806	-0.579414	-0.573904	-0.577760	-0.575597	-0.576540	-0.579518	-0.577638	-0.577744	-0.578951	-0.578789	-0.577423	-0.574990	-0.578122	-0.576710	-0.576833	-0.580139	-0.575682
647.0	-0.575930	-0.580077	-0.581766	-0.581093	-0.575994	-0.580473	-0.575897	-0.580378	-0.574107	-0.579112	-0.573843	-0.575746	-0.577912	-0.576510	-0.572425	-0.574873	-0.574155	-0.575008	-0.574138	-0.570958
648.0	-0.575497	-0.579421	-0.577322	-0.572708	-0.578715	-0.566086	-0.582204	-0.576387	-0.576597	-0.576391	-0.579185	-0.579869	-0.575805	-0.578869	-0.577187	-0.581450	-0.575568	-0.574686	-0.579338	-0.576234
649.0	-0.574350	-0.581319	-0.577754	-0.581956	-0.580994	-0.576315	-0.580487	-0.575715	-0.577922	-0.574230	-0.580744	-0.575842	-0.575637	-0.575353	-0.579275	-0.579435	-0.574875	-0.580164	-0.579985	-0.582429
650.0	-0.577520	-0.579807	-0.580052	-0.576508	-0.581822	-0.574587	-0.580780	-0.573808	-0.578240	-0.582068	-0.581444	-0.578972	-0.580574	-0.581289	-0.577333	-0.580357	-0.579259	-0.579606	-0.571702	-0.578075
651.0	-0.578522	-0.580753	-0.576449	-0.574349	-0.581262	-0.578596	-0.580976	-0.579259	-0.578889	-0.583283	-0.578560	-0.579112	-0.577864	-0.576238	-0.577235	-0.582664	-0.573808	-0.580198	-0.578873	-0.574774
652.0	-0.580636	-0.578686	-0.576872	-0.580768	-0.582772	-0.579012	-0.578866	-0.581453	-0.582212	-0.579566	-0.582526	-0.582518	-0.582390	-0.578587	-0.577326	-0.573432	-0.576463	-0.577158	-0.581956	-0.576217
653.0	-0.580043	-0.579738	-0.579719	-0.583402	-0.580552	-0.575181	-0.578473	-0.574989	-0.580157	-0.579951	-0.582041	-0.577818	-0.582283	-0.583073	-0.575637	-0.574694	-0.580021	-0.583114	-0.579048	-0.583592
654.0	-0.580650	-0.583268	-0.585156	-0.582573	-0.580830	-0.579130	-0.579648	-0.581815	-0.579204	-0.582516	-0.580679	-0.578002	-0.581526	-0.581313	-0.579564	-0.579621	-0.581486	-0.578481	-0.581658	-0.579342
655.0	-0.582441	-0.581591	-0.581409	-0.579772	-0.580136	-0.580372	-0.581738	-0.581007	-0.576098	-0.582347	-0.582557	-0.579193	-0.583753	-0.579588	-0.578461	-0.578414	-0.579009	-0.577521	-0.581692	-0.577668
656.0	-0.584333	-0.579417	-0.578819	-0.581478	-0.583201	-0.581803	-0.583246	-0.587200	-0.580729	-0.585937	-0.581284	-0.580603	-0.580385	-0.581146	-0.581802	-0.579628	-0.581153	-0.581435	-0.580474	-0.582229
657.0	-0.578584	-0.580711	-0.579193	-0.585691	-0.577840	-0.582430	-0.578170	-0.583686	-0.579180	-0.583946	-0.583833	-0.580040	-0.573818	-0.586827	-0.579459	-0.581715	-0.577410	-0.582666	-0.581131	-0.583565
658.0	-0.579721	-0.578983	-0.580231	-0.580356	-0.584159	-0.582201	-0.583639	-0.587826	-0.578695	-0.578893	-0.582249	-0.579719	-0.582999	-0.582773	-0.580723	-0.585301	-0.581352	-0.580358	-0.581278	-0.582114
659.0	-0.579589	-0.584044	-0.584383	-0.581819	-0.579007	-0.582481	-0.583739	-0.584175	-0.581850	-0.583279	-0.586533	-0.581695	-0.584627	-0.582838	-0.581997	-0.581986	-0.582134	-0.577411	-0.579352	-0.583700
660.0	-0.583730	-0.584655	-0.586519	-0.579506	-0.579762	-0.581107	-0.577748	-0.586345	-0.577822	-0.583953	-0.583154	-0.578763	-0.583332	-0.584149	-0.582276	-0.581381	-0.581321	-0.580499	-0.583105	-0.580040
661.0	-0.582074	-0.581515	-0.584682	-0.581843	-0.582882	-0.579741	-0.578490	-0.579609	-0.581894	-0.584076	-0.582915	-0.580852	-0.586470	-0.582065	-0.579254	-0.579088	-0.579884	-0.584181	-0.584836	-0.581941
662.0	-0.587580	-0.582499	-0.581460	-0.580308	-0.579031	-0.577928	-0.584674	-0.582255	-0.577447	-0.580157	-0.583635	-0.578784	-0.585692	-0.584496	-0.579881	-0.578706	-0.582902	-0.581193	-0.582910	-0.580443
663.0	-0.580071	-0.581495	-0.583906	-0.578619	-0.581835	-0.581020	-0.583845	-0.582541	-0.581268	-0.582878	-0.585898	-0.586140	-0.581283	-0.582511	-0.582790	-0.580711	-0.582885	-0.586034	-0.584819	-0.583493
664.0	-0.584548	-0.582495	-0.585369	-0.584197	-0.584433	-0.580355	-0.582990	-0.583193	-0.583905	-0.582470	-0.581410	-0.580842	-0.583818	-0.584360	-0.582048	-0.579745	-0.581393	-0.584191	-0.580649	-0.584076
665.0	-0.582483	-0.583968	-0.580952	-0.583074	-0.582515	-0.583831	-0.581808	-0.582924	-0.579843	-0.581156	-0.584471	-0.582542	-0.582938	-0.583345	-0.577480	-0.580473	-0.581794	-0.585825	-0.579126	-0.582778
666.0	-0.578771	-0.578769	-0.584713	-0.582102	-0.581973	-0.582329	-0.585366	-0.582937	-0.582637	-0.586687	-0.586543	-0.584535	-0.580601	-0.577583	-0.583901	-0.585576	-0.579794	-0.582813	-0.580122	-0.588600
667.0	-0.582930	-0.584638	-0.579685	-0.581928	-0.583133	-0.581192	-0.585543	-0.583489	-0.586579	-0.583203	-0.581656	-0.584508	-0.586953	-0.581323	-0.586166	-0.585593	-0.580542	-0.585473	-0.586006	-0.584107
668.0	-0.585986	-0.583713	-0.582075	-0.582184	-0.585425	-0.582076	-0.584501	-0.585865	-0.584159	-0.578471	-0.579557	-0.581873	-0.584555	-0.585098	-0.586718	-0.582268	-0.578450	-0.582499	-0.582784	-0.577238
669.0	-0.584582	-0.578959	-0.581271	-0.584497	-0.583404	-0.583129	-0.585862	-0.586807	-0.579846	-0.583475	-0.582109	-0.577924	-0.585243	-0.582464	-0.582310	-0.586078	-0.585077	-0.582266	-0.585534	-0.578220
670.0	-0.582070	-0.581953	-0.586296	-0.585537	-0.580257	-0.583797	-0.579445	-0.587223	-0.583179	-0.586329	-0.586362	-0.584102	-0.587964	-0.583328	-0.584483	-0.585521	-0.577345	-0.587145	-0.584450	-0.583124
671.0	-0.588411	-0.582050	-0.585149	-0.585466	-0.583438	-0.583989	-0.584591	-0.580833	-0.581840	-0.581909	-0.583915	-0.584576	-0.586473	-0.582413	-0.584221	-0.585342	-0.583585	-0.586957	-0.583800	-0.582172
672.0	-0.582694	-0.586128	-0.587739	-0.586387	-0.582278	-0.586973	-0.585060	-0.582787	-0.583614	-0.587115	-0.583683	-0.582962	-0.583435	-0.584652	-0.583713	-0.585435	-0.587674	-0.584557	-0.586499	-0.585327
673.0	-0.584835	-0.584993	-0.586423	-0.585223	-0.579913	-0.584023	-0.587280	-0.585483	-0.584949	-0.583369	-0.585655	-0.583726	-0.588097	-0.584084	-0.581632	-0.584730	-0.586625	-0.585090	-0.585291	-0.583283
674.0	-0.584430	-0.586063	-0.584448	-0.582150	-0.583256	-0.585869	-0.588861	-0.587237	-0.584815	-0.585874	-0.588266	-0.583644	-0.586771	-0.587573	-0.584613	-0.587512	-0.586402	-0.585049	-0.582838	-0.585195
675.0	-0.583824	-0.582995	-0.581289	-0.587390	-0.587179	-0.582079	-0.585446	-0.583762	-0.589028	-0.586760	-0.585628	-0.583573	-0.582684	-0.585748	-0.582790	-0.586638	-0.580048	-0.584328	-0.586793	-0.583354
676.0	-0.581589	-0.585004	-0.585097	-0.581509	-0.585611	-0.582484	-0.582104	-0.586042	-0.583373	-0.589674	-0.585867	-0.584341	-0.584380	-0.586919	-0.584279	-0.585425	-0.582522	-0.578820	-0.585798	-0.583968
677.0	-0.581381	-0.586239	-0.581505	-0.588099	-0.585642	-0.581506	-0.585053	-0.587995	-0.582613	-0.586412	-0.586386	-0.584720	-0.586045	-0.585473	-0.588257	-0.584359	-0.586902	-0.587778	-0.584717	-0.583605
678.0	-0.588107	-0.581905	-0.583768	-0.586697	-0.585065	-0.586963	-0.582704	-0.586365	-0.585213	-0.588911	-0.588205	-0.588034	-0.587104	-0.588026	-0.585788	-0.584606	-0.587774	-0.588530	-0.586461	-0.585506
679.0	-0.584541	-0.585939	-0.586358	-0.588263	-0.585721	-0.587695	-0.588565	-0.587829	-0.585150	-0.586896	-0.588021	-0.585918	-0.587618	-0.588366	-0.583243	-0.587209	-0.587221	-0.587227	-0.589161	-0.583175
680.0	-0.588155	-0.591017	-0.584733	-0.586291	-0.588061	-0.589521	-0.588721	-0.587460	-0.584922	-0.585217	-0.591079	-0.583600	-0.584140	-0.586787	-0.584640	-0.590943	-0.583798	-0.588103	-0.584850	-0.585784
681.0	-0.588893	-0.587032	-0.587488	-0.588311	-0.590450	-0.590304	-0.586515	-0.587350	-0.587589	-0.587935	-0.589789	-0.585334	-0.589146	-0.586096	-0.585147	-0.586690	-0.587400	-0.586991	-0.586961	-0.584500
682.0	-0.588495	-0.586304	-0.590984	-0.588843	-0.590910	-0.590769	-0.589893	-0.589789	-0.585504	-0.591280	-0.591959	-0.587819	-0.580091	-0.586279	-0.583632	-0.590926	-0.586549	-0.585330	-0.586253	-0.582483
683.0	-0.591374	-0.589831	-0.589212	-0.586312	-0.588720	-0.584556	-0.588488	-0.584860	-0.584671	-0.587567	-0.590423	-0.587877	-0.586675	-0.585258	-0.587597	-0.587505	-0.583647	-0.587990	-0.586588	-0.584036
684.0	-0.586367	-0.589054	-0.587024	-0.589344	-0.587934	-0.587361	-0.588199	-0.585799	-0.585775	-0.586150	-0.586519	-0.582914	-0.582369	-0.590156	-0.589756	-0.587395	-0.590779	-0.587477	-0.589212	-0.587492
685.0	-0.587694	-0.590051	-0.589250	-0.587158	-0.587708	-0.588410	-0.588515	-0.589699	-0.585086	-0.587228	-0.587195	-0.583388	-0.587988	-0.589445	-0.581588	-0.586652	-0.587643	-0.589176	-0.587881	-0.583920
686.0	-0.587999	-0.585745	-0.588302	-0.590494	-0.588909	-0.589271	-0.589537	-0.586910	-0.584159	-0.589126	-0.589993	-0.589966	-0.588697	-0.583985	-0.589078	-0.586484	-0.587558	-0.588827	-0.591497	-0.586370
687.0	-0.591298	-0.589368	-0.591870	-0.585728	-0.587927	-0.584563	-0.587287	-0.588245	-0.590450	-0.586900	-0.587154	-0.589717	-0.590434	-0.586130	-0.585921	-0.583936	-0.588491	-0.593033	-0.589657	-0.585754
688.0	-0.588290	-0.585466	-0.589027	-0.586503	-0.586318	-0.586949	-0.587323	-0.590055	-0.588061	-0.585964	-0.588399	-0.588027	-0.590931	-0.589465	-0.589310	-0.586092	-0.590916	-0.591043	-0.590143	-0.591067
689.0	-0.586263	-0.588478	-0.590191	-0.585442	-0.590563	-0.587725	-0.586591	-0.591926	-0.590453	-0.587076	-0.589089	-0.589768	-0.592369	-0.590340	-0.589170	-0.589495	-0.589040	-0.586752	-0.591207	-0.589759
690.0	-0.589053	-0.587519	-0.590637	-0.589876	-0.592194	-0.588910	-0.591021	-0.588408	-0.587997	-0.590981	-0.590027	-0.590283	-0.591821	-0.590926	-0.589378	-0.591091	-0.586954	-0.589662	-0.590362	-0.588377
691.0	-0.587999	-0.584893	-0.592499	-0.589211	-0.586380	-0.585738	-0.593085	-0.586435	-0.589537	-0.588114	-0.588154	-0.589488	-0.592318	-0.587981	-0.587855	-0.591421	-0.591119	-0.588827	-0.589975	-0.588787
692.0	-0.589486	-0.586263	-0.591183	-0.586660	-0.589736	-0.588461	-0.594044	-0.590285	-0.589744	-0.587351	-0.591816	-0.591294	-0.592541	-0.591045	-0.586854	-0.587983	-0.590710	-0.587049	-0.587522	-0.587099
693.0	-0.585286	-0.586818	-0.591098	-0.587850	-0.591926	-0.587901	-0.590862	-0.587157	-0.586067	-0.589694	-0.589103	-0.589607	-0.587899	-0.589840	-0.589262	-0.588199	-0.591242	-0.591176	-0.589387	-0.588438
694.0	-0.592303	-0.588119	-0.590661	-0.585756	-0.590007	-0.587719	-0.591005	-0.586132	-0.590473	-0.588987	-0.593143	-0.589003	-0.588961	-0.587920	-0.588676	-0.586112	-0.589733	-0.587241	-0.588579	-0.587679
695.0	-0.593973	-0.587947	-0.587900	-0.587540	-0.589489	-0.590736	-0.590639	-0.591982	-0.590778	-0.586216	-0.592959	-0.587747	-0.589091	-0.589326	-0.591500	-0.592188	-0.591997	-0.590123	-0.587005	-0.590159
696.0	-0.590231	-0.587412	-0.589889	-0.589262	-0.587481	-0.590773	-0.592170	-0.589137	-0.590226	-0.591529	-0.591089	-0.588601	-0.591951	-0.588560	-0.589562	-0.590180	-0.588875	-0.588827	-0.587761	-0.589295
697.0	-0.590016	-0.587129	-0.588353	-0.587349	-0.589688	-0.585339	-0.593188	-0.591710	-0.592846	-0.592096	-0.590229	-0.590847	-0.588269	-0.590521	-0.591177	-0.590338	-0.589932	-0.588927	-0.590717	-0.588417
698.0	-0.588554	-0.589213	-0.591005	-0.588283	-0.587244	-0.589612	-0.592346	-0.591879	-0.591260	-0.592501	-0.592181	-0.590809	-0.594565	-0.585653	-0.590386	-0.589884	-0.591784	-0.588455	-0.591186	-0.586567
699.0	-0.588654	-0.593057	-0.590740	-0.586001	-0.589139	-0.586605	-0.591627	-0.591397	-0.592568	-0.590995	-0.593188	-0.585023	-0.592914	-0.592723	-0.589913	-0.589795	-0.585218	-0.590021	-0.591261	-0.590634
700.0	-0.591669	-0.593733	-0.591228	-0.587799	-0.591466	-0.585481	-0.587626	-0.590515	-0.587840	-0.591841	-0.589068	-0.588775	-0.589516	-0.587699	-0.589879	-0.590101	-0.591012	-0.591768	-0.590919	-0.590200
701.0	-0.586565	-0.590041	-0.590126	-0.592271	-0.590158	-0.590253	-0.587270	-0.586468	-0.589349	-0.590537	-0.590884	-0.586805	-0.593952	-0.593267	-0.587624	-0.592188	-0.591071	-0.588711	-0.589896	-0.590410
702.0	-0.589635	-0.590973	-0.592825	-0.583555	-0.590258	-0.590378	-0.589913	-0.590694	-0.593582	-0.591715	-0.594744	-0.588904	-0.587549	-0.588492	-0.587161	-0.592380	-0.589993	-0.589368	-0.591241	-0.588648
703.0	-0.592691	-0.592984	-0.588779	-0.588116	-0.590052	-0.588738	-0.593025	-0.590358	-0.591487	-0.595132	-0.591703	-0.587570	-0.592119	-0.587634	-0.586435	-0.590964	-0.591534	-0.591057	-0.590297	-0.589925
704.0	-0.591211	-0.588168	-0.586955	-0.589351	-0.589959	-0.589166	-0.593082	-0.587290	-0.588580	-0.591134	-0.588103	-0.589973	-0.593599	-0.589254	-0.591763	-0.589884	-0.592477	-0.592024	-0.592171	-0.587770
705.0	-0.591197	-0.592018	-0.588467	-0.589794	-0.591126	-0.587482	-0.590179	-0.590937	-0.591333	-0.593852	-0.591556	-0.588153	-0.588042	-0.585626	-0.592999	-0.592270	-0.591726	-0.594130	-0.590700	-0.587597
706.0	-0.590570	-0.588078	-0.591029	-0.587376	-0.589235	-0.587719	-0.590935	-0.589709	-0.589951	-0.592222	-0.588713	-0.588563	-0.591033	-0.588706	-0.589010	-0.592287	-0.585715	-0.589026	-0.588726	-0.586872
707.0	-0.590650	-0.588958	-0.592454	-0.590501	-0.590910	-0.589122	-0.591451	-0.589553	-0.590959	-0.589627	-0.593034	-0.588317	-0.593394	-0.589612	-0.590526	-0.591737	-0.590004	-0.592294	-0.592756	-0.586645
708.0	-0.593855	-0.585380	-0.590709	-0.590814	-0.593227	-0.588350	-0.590023	-0.590105	-0.589460	-0.591632	-0.589570	-0.590474	-0.590814	-0.589455	-0.590260	-0.589299	-0.589410	-0.592291	-0.592890	-0.589647
709.0	-0.588401	-0.584586	-0.591252	-0.591923	-0.589170	-0.591036	-0.593235	-0.588941	-0.587884	-0.589213	-0.591464	-0.592997	-0.593305	-0.591559	-0.592273	-0.591383	-0.591112	-0.591450	-0.590878	-0.590915
710.0	-0.588678	-0.591076	-0.589617	-0.591152	-0.588017	-0.587125	-0.592629	-0.590179	-0.591280	-0.590752	-0.589270	-0.591768	-0.594613	-0.587903	-0.590025	-0.593683	-0.588542	-0.587696	-0.589274	-0.592030
711.0	-0.589603	-0.590779	-0.589274	-0.587731	-0.587337	-0.585694	-0.591401	-0.590601	-0.590259	-0.591771	-0.592270	-0.588802	-0.594507	-0.589833	-0.589753	-0.591019	-0.589530	-0.586007	-0.591679	-0.592474
712.0	-0.589936	-0.590545	-0.589902	-0.588212	-0.592835	-0.589028	-0.588502	-0.592502	-0.591882	-0.592143	-0.594423	-0.584092	-0.590543	-0.588785	-0.590104	-0.588804	-0.587932	-0.588793	-0.589486	-0.593141
713.0	-0.590324	-0.589855	-0.590600	-0.585844	-0.593323	-0.587381	-0.589973	-0.589144	-0.590547	-0.593865	-0.593669	-0.587047	-0.590756	-0.591171	-0.588104	-0.591744	-0.591702	-0.590971	-0.591583	-0.591698
714.0	-0.590030	-0.590993	-0.592420	-0.590149	-0.590330	-0.587185	-0.593112	-0.590262	-0.589972	-0.593805	-0.594171	-0.591304	-0.591235	-0.591297	-0.590489	-0.590933	-0.589321	-0.592024	-0.590793	-0.590905
715.0	-0.588006	-0.590690	-0.591149	-0.589481	-0.591195	-0.590354	-0.593198	-0.593254	-0.587482	-0.591997	-0.591253	-0.591799	-0.593706	-0.590115	-0.587559	-0.592150	-0.591942	-0.587610	-0.592038	-0.590078
716.0	-0.590667	-0.586525	-0.588470	-0.592230	-0.590526	-0.591481	-0.590659	-0.591423	-0.589751	-0.595089	-0.591690	-0.587273	-0.593654	-0.591538	-0.590158	-0.592421	-0.592559	-0.591327	-0.592585	-0.590569
717.0	-0.589236	-0.589655	-0.591589	-0.591210	-0.592400	-0.589970	-0.593568	-0.591227	-0.590848	-0.590235	-0.591604	-0.590263	-0.592075	-0.590521	-0.590655	-0.591228	-0.589846	-0.589262	-0.588336	-0.590654
718.0	-0.592933	-0.591249	-0.593539	-0.588031	-0.591734	-0.587624	-0.592596	-0.589630	-0.591494	-0.593716	-0.593782	-0.590529	-0.592089	-0.591896	-0.591820	-0.591558	-0.590206	-0.592400	-0.589510	-0.591532
719.0	-0.591274	-0.588954	-0.587361	-0.592486	-0.590999	-0.588886	-0.590406	-0.592911	-0.591909	-0.593536	-0.588164	-0.590785	-0.592239	-0.590810	-0.593023	-0.590145	-0.592820	-0.593877	-0.589879	-0.590600
720.0	-0.592091	-0.593733	-0.587591	-0.588652	-0.589952	-0.591424	-0.590722	-0.594092	-0.592280	-0.592670	-0.590164	-0.590997	-0.590838	-0.590626	-0.588547	-0.589296	-0.590206	-0.591959	-0.591860	-0.592531
721.0	-0.590567	-0.588726	-0.590617	-0.592288	-0.589372	-0.589835	-0.592166	-0.588102	-0.591149	-0.590258	-0.590980	-0.586054	-0.595114	-0.588380	-0.589368	-0.593016	-0.591249	-0.592376	-0.590026	-0.589776
722.0	-0.593827	-0.587695	-0.593303	-0.588897	-0.592211	-0.590817	-0.591165	-0.585885	-0.590704	-0.595103	-0.592758	-0.589570	-0.591619	-0.590105	-0.589794	-0.591125	-0.589877	-0.593057	-0.592965	-0.592803
723.0	-0.591558	-0.592128	-0.592087	-0.588611	-0.591933	-0.588184	-0.591264	-0.591799	-0.588683	-0.591628	-0.592324	-0.583945	-0.592503	-0.592107	-0.592740	-0.588828	-0.590549	-0.588872	-0.593174	-0.592098
724.0	-0.594177	-0.591514	-0.592372	-0.590347	-0.589764	-0.589990	-0.593431	-0.591739	-0.591655	-0.590785	-0.591932	-0.588164	-0.593421	-0.593387	-0.588125	-0.594116	-0.591033	-0.591723	-0.592360	-0.592237
725.0	-0.589590	-0.591870	-0.593224	-0.590347	-0.592221	-0.590601	-0.593787	-0.590139	-0.592920	-0.591227	-0.588396	-0.591560	-0.590824	-0.589567	-0.591139	-0.591503	-0.591180	-0.590674	-0.591248	-0.592941
726.0	-0.593616	-0.587491	-0.592461	-0.590845	-0.592533	-0.590159	-0.593128	-0.585496	-0.590949	-0.593211	-0.588881	-0.591229	-0.592712	-0.589533	-0.584633	-0.591256	-0.593602	-0.589716	-0.592301	-0.589732
727.0	-0.589382	-0.590790	-0.591376	-0.591306	-0.590364	-0.588434	-0.594423	-0.591137	-0.593187	-0.593520	-0.593761	-0.591778	-0.589605	-0.590878	-0.591541	-0.591720	-0.591143	-0.591210	-0.590160	-0.592864
728.0	-0.590976	-0.590390	-0.591843	-0.592411	-0.591119	-0.588053	-0.591674	-0.588159	-0.591370	-0.593039	-0.588147	-0.592335	-0.592541	-0.587712	-0.592444	-0.591129	-0.591060	-0.591033	-0.592223	-0.592975
729.0	-0.590324	-0.592128	-0.591122	-0.591831	-0.590429	-0.592717	-0.590529	-0.589460	-0.592290	-0.592282	-0.587864	-0.588577	-0.594507	-0.588148	-0.587716	-0.592212	-0.593047	-0.588499	-0.591915	-0.590529
730.0	-0.593124	-0.588016	-0.590696	-0.592708	-0.594044	-0.586979	-0.591105	-0.590298	-0.592923	-0.589591	-0.594908	-0.589607	-0.593887	-0.592260	-0.589562	-0.591830	-0.592995	-0.587771	-0.586715	-0.592491
731.0	-0.593020	-0.589034	-0.589387	-0.592609	-0.589681	-0.586392	-0.589896	-0.590282	-0.591062	-0.594469	-0.594102	-0.591618	-0.594596	-0.589884	-0.593834	-0.590830	-0.591599	-0.593262	-0.591768	-0.592382
732.0	-0.590934	-0.590179	-0.593289	-0.590535	-0.591445	-0.590186	-0.591970	-0.590834	-0.590028	-0.589156	-0.592164	-0.590178	-0.593017	-0.592985	-0.591040	-0.592600	-0.590330	-0.592257	-0.586673	-0.588695
733.0	-0.592861	-0.592760	-0.590864	-0.591684	-0.590786	-0.591002	-0.590030	-0.590072	-0.590992	-0.589637	-0.591007	-0.591099	-0.590160	-0.587508	-0.592532	-0.593494	-0.589163	-0.587152	-0.593796	-0.589692
734.0	-0.591326	-0.590686	-0.590469	-0.592145	-0.592623	-0.592275	-0.594277	-0.592954	-0.592424	-0.593570	-0.586744	-0.591130	-0.590619	-0.589421	-0.589184	-0.592937	-0.591894	-0.592158	-0.592479	-0.590688
735.0	-0.593027	-0.589192	-0.593526	-0.587697	-0.591634	-0.590361	-0.590026	-0.588987	-0.592699	-0.593974	-0.592645	-0.590802	-0.591116	-0.590041	-0.590029	-0.591610	-0.591547	-0.594195	-0.589335	-0.590539
736.0	-0.591312	-0.592184	-0.590455	-0.590726	-0.591432	-0.591269	-0.594257	-0.589526	-0.592705	-0.591784	-0.592444	-0.591038	-0.593274	-0.591035	-0.593806	-0.592652	-0.591324	-0.593170	-0.593577	-0.590525
737.0	-0.593342	-0.589365	-0.589686	-0.592005	-0.591531	-0.590749	-0.592220	-0.591357	-0.590437	-0.589667	-0.594908	-0.591809	-0.592034	-0.592277	-0.588779	-0.590541	-0.590604	-0.590332	-0.592828	-0.590271
738.0	-0.592445	-0.590817	-0.589665	-0.590818	-0.592300	-0.590408	-0.592479	-0.589520	-0.590072	-0.589624	-0.591789	-0.592157	-0.593548	-0.587372	-0.589412	-0.586267	-0.592981	-0.589764	-0.593776	-0.592426
739.0	-0.591163	-0.591683	-0.590500	-0.591899	-0.593632	-0.588613	-0.588126	-0.588791	-0.590494	-0.592687	-0.591860	-0.588269	-0.592404	-0.592410	-0.590598	-0.590881	-0.591894	-0.588817	-0.590317	-0.588699
740.0	-0.593446	-0.592242	-0.593234	-0.590808	-0.591744	-0.587405	-0.591847	-0.590082	-0.590273	-0.591436	-0.593481	-0.588880	-0.586884	-0.588764	-0.591998	-0.590135	-0.592655	-0.591081	-0.589438	-0.591294
741.0	-0.591676	-0.589558	-0.589500	-0.592738	-0.593155	-0.591903	-0.591404	-0.589749	-0.590577	-0.594266	-0.592543	-0.590505	-0.593209	-0.592352	-0.591367	-0.591466	-0.593469	-0.590828	-0.592356	-0.590681
742.0	-0.589468	-0.591218	-0.587457	-0.592049	-0.588037	-0.590803	-0.591877	-0.593021	-0.588797	-0.594731	-0.592710	-0.589785	-0.592870	-0.589864	-0.592829	-0.590816	-0.590213	-0.592664	-0.590587	-0.593260
743.0	-0.590851	-0.588730	-0.592763	-0.593212	-0.593240	-0.592436	-0.593055	-0.590774	-0.591447	-0.590749	-0.592604	-0.591297	-0.594977	-0.588703	-0.589344	-0.589578	-0.590892	-0.589330	-0.592685	-0.593355
744.0	-0.591139	-0.591476	-0.593543	-0.592251	-0.589451	-0.590685	-0.594047	-0.593573	-0.589399	-0.594744	-0.593997	-0.592403	-0.592650	-0.591041	-0.591418	-0.588000	-0.588992	-0.588800	-0.592705	-0.591172
745.0	-0.593921	-0.591839	-0.588240	-0.589569	-0.593590	-0.588012	-0.590955	-0.591467	-0.592110	-0.591987	-0.592492	-0.591901	-0.593243	-0.592665	-0.592164	-0.591892	-0.590511	-0.590226	-0.593177	-0.590081
746.0	-0.590913	-0.590541	-0.588130	-0.592974	-0.592554	-0.592673	-0.590962	-0.592951	-0.589928	-0.593132	-0.589341	-0.588416	-0.594288	-0.590037	-0.588380	-0.588309	-0.591808	-0.592116	-0.590338	-0.591095
747.0	-0.592299	-0.591639	-0.592382	-0.592629	-0.593285	-0.589689	-0.591211	-0.593154	-0.589881	-0.592939	-0.593222	-0.590362	-0.593901	-0.592610	-0.593176	-0.589870	-0.590086	-0.592007	-0.591723	-0.591254
748.0	-0.590737	-0.590790	-0.590349	-0.591940	-0.591136	-0.591978	-0.591774	-0.594042	-0.589359	-0.594353	-0.590526	-0.590703	-0.591438	-0.588335	-0.592185	-0.592215	-0.592412	-0.590954	-0.591699	-0.588871
749.0	-0.590206	-0.593160	-0.591850	-0.593260	-0.591761	-0.590111	-0.593551	-0.590997	-0.591180	-0.592514	-0.592867	-0.589232	-0.593610	-0.589299	-0.591296	-0.589279	-0.591060	-0.590257	-0.590334	-0.590020
750.0	-0.592213	-0.589665	-0.593069	-0.590763	-0.593947	-0.588613	-0.590981	-0.593896	-0.590313	-0.594731	-0.592328	-0.591171	-0.593068	-0.587209	-0.593772	-0.590324	-0.590885	-0.591740	-0.593800	-0.591725
751.0	-0.593218	-0.591604	-0.592059	-0.588075	-0.591789	-0.590702	-0.591045	-0.593810	-0.587164	-0.594263	-0.591730	-0.589017	-0.592469	-0.590221	-0.592570	-0.589636	-0.589860	-0.592270	-0.587156	-0.591796
752.0	-0.592951	-0.591463	-0.590266	-0.592373	-0.592386	-0.589814	-0.590319	-0.592801	-0.589911	-0.591804	-0.593597	-0.589474	-0.594041	-0.590766	-0.589528	-0.593859	-0.590875	-0.592937	-0.591624	-0.590976
753.0	-0.594313	-0.591000	-0.592331	-0.593386	-0.594037	-0.591974	-0.591251	-0.594196	-0.592367	-0.593493	-0.592191	-0.588525	-0.593644	-0.589959	-0.591040	-0.593109	-0.593163	-0.593122	-0.589191	-0.592630
754.0	-0.593623	-0.590541	-0.593292	-0.592500	-0.593621	-0.590975	-0.590302	-0.591367	-0.593244	-0.593248	-0.591942	-0.591116	-0.593997	-0.591943	-0.589807	-0.592229	-0.592947	-0.592014	-0.589561	-0.590918
755.0	-0.593048	-0.587919	-0.591589	-0.593120	-0.591174	-0.588535	-0.591857	-0.590275	-0.593498	-0.592080	-0.592713	-0.590833	-0.592510	-0.592726	-0.593064	-0.593917	-0.593146	-0.592893	-0.592041	-0.593379
756.0	-0.591530	-0.592784	-0.589844	-0.591531	-0.591819	-0.588110	-0.592077	-0.592215	-0.591213	-0.594107	-0.590085	-0.590754	-0.591801	-0.592662	-0.591074	-0.590248	-0.588402	-0.594082	-0.590043	-0.589580
757.0	-0.593578	-0.589775	-0.589676	-0.588525	-0.592156	-0.591883	-0.590509	-0.592305	-0.590637	-0.592727	-0.592676	-0.589918	-0.591650	-0.588825	-0.593639	-0.590998	-0.592686	-0.592222	-0.592233	-0.592555
758.0	-0.593710	-0.592687	-0.590586	-0.591739	-0.593584	-0.592187	-0.589034	-0.593680	-0.586582	-0.593105	-0.594468	-0.592249	-0.589766	-0.588601	-0.593503	-0.590630	-0.589287	-0.591378	-0.592869	-0.592118
759.0	-0.592940	-0.590842	-0.592537	-0.593363	-0.593769	-0.589345	-0.591567	-0.592388	-0.591983	-0.594233	-0.594184	-0.587501	-0.594093	-0.592951	-0.592880	-0.589836	-0.591324	-0.589275	-0.593030	-0.591233
760.0	-0.593474	-0.590669	-0.586767	-0.592032	-0.593879	-0.588056	-0.591847	-0.592089	-0.593351	-0.592710	-0.591826	-0.588655	-0.592102	-0.589448	-0.590809	-0.592219	-0.591489	-0.592199	-0.592089	-0.593379
761.0	-0.588061	-0.590210	-0.590885	-0.591517	-0.590694	-0.590152	-0.589038	-0.585762	-0.591146	-0.591048	-0.594587	-0.590802	-0.592345	-0.591222	-0.592563	-0.592047	-0.590302	-0.591248	-0.590122	-0.591159
762.0	-0.592746	-0.593685	-0.592355	-0.591606	-0.592729	-0.591414	-0.589823	-0.589976	-0.589951	-0.590766	-0.592434	-0.591843	-0.593925	-0.591177	-0.590703	-0.593082	-0.592367	-0.592226	-0.591148	-0.591511
763.0	-0.593474	-0.589016	-0.592959	-0.592670	-0.589976	-0.587212	-0.591111	-0.591074	-0.592525	-0.594436	-0.593089	-0.592294	-0.590475	-0.591116	-0.592093	-0.593896	-0.591489	-0.591381	-0.592147	-0.587872
764.0	-0.590650	-0.592235	-0.591221	-0.592609	-0.587619	-0.589922	-0.589014	-0.588844	-0.592113	-0.591273	-0.593672	-0.591055	-0.594288	-0.590915	-0.592812	-0.588712	-0.591678	-0.589751	-0.592141	-0.593223
765.0	-0.592684	-0.592142	-0.587818	-0.592602	-0.591435	-0.591488	-0.590349	-0.592918	-0.593589	-0.590945	-0.591570	-0.592475	-0.589485	-0.590201	-0.591831	-0.593766	-0.591036	-0.592045	-0.593194	-0.592023
766.0	-0.592791	-0.592932	-0.590850	-0.593305	-0.593113	-0.592504	-0.589896	-0.591487	-0.590025	-0.593945	-0.588942	-0.591379	-0.586244	-0.589857	-0.589971	-0.591552	-0.588542	-0.591402	-0.592804	-0.587682
767.0	-0.590605	-0.593005	-0.589696	-0.589927	-0.593213	-0.592396	-0.588449	-0.591836	-0.590965	-0.590437	-0.589963	-0.591004	-0.593733	-0.593744	-0.590730	-0.592913	-0.593393	-0.591145	-0.591176	-0.591200
768.0	-0.591301	-0.590034	-0.590833	-0.589600	-0.592815	-0.590290	-0.589633	-0.592212	-0.593753	-0.590918	-0.591693	-0.593120	-0.592143	-0.593216	-0.591514	-0.593037	-0.592590	-0.590609	-0.588870	-0.588068
769.0	-0.591437	-0.592142	-0.588336	-0.590825	-0.592722	-0.590007	-0.593465	-0.594176	-0.591869	-0.594575	-0.593628	-0.589194	-0.591191	-0.592597	-0.590979	-0.591459	-0.586745	-0.587429	-0.587594	-0.588882
770.0	-0.590290	-0.592843	-0.590737	-0.592489	-0.589486	-0.591508	-0.594313	-0.591330	-0.593552	-0.593105	-0.590096	-0.592290	-0.592267	-0.592512	-0.590104	-0.593412	-0.589098	-0.590386	-0.591039	-0.589868
771.0	-0.590213	-0.590835	-0.592018	-0.590968	-0.592334	-0.590331	-0.593098	-0.593800	-0.590654	-0.593354	-0.589956	-0.592809	-0.594497	-0.591198	-0.591333	-0.590238	-0.590244	-0.589443	-0.590953	-0.586211
772.0	-0.593460	-0.590376	-0.590713	-0.590620	-0.592557	-0.591741	-0.591847	-0.593011	-0.591859	-0.588599	-0.592372	-0.590546	-0.594494	-0.590364	-0.590976	-0.591122	-0.590916	-0.590759	-0.590827	-0.590461
773.0	-0.592778	-0.592184	-0.591654	-0.591391	-0.593858	-0.588819	-0.590981	-0.592245	-0.593518	-0.592465	-0.594505	-0.592884	-0.592897	-0.588669	-0.590996	-0.590300	-0.590985	-0.593375	-0.589807	-0.591220
774.0	-0.593110	-0.590355	-0.592447	-0.589665	-0.590097	-0.592207	-0.590389	-0.593633	-0.590681	-0.590898	-0.591785	-0.589300	-0.594189	-0.589407	-0.592853	-0.589024	-0.587938	-0.593501	-0.590290	-0.590566
775.0	-0.588872	-0.591752	-0.590211	-0.588805	-0.592077	-0.589916	-0.590878	-0.593580	-0.590627	-0.592750	-0.587635	-0.591178	-0.592476	-0.590694	-0.593742	-0.590028	-0.593232	-0.589186	-0.588223	-0.589915
776.0	-0.591755	-0.591080	-0.588353	-0.590859	-0.592674	-0.590111	-0.593511	-0.593057	-0.592695	-0.591350	-0.593437	-0.591563	-0.590204	-0.591913	-0.592543	-0.592074	-0.593575	-0.589286	-0.592360	-0.588627
777.0	-0.592448	-0.590672	-0.590613	-0.591647	-0.593086	-0.587989	-0.588688	-0.593224	-0.592060	-0.594094	-0.592533	-0.588887	-0.592938	-0.592757	-0.590444	-0.593556	-0.592316	-0.591299	-0.591237	-0.589780
778.0	-0.592850	-0.593122	-0.589263	-0.590705	-0.593532	-0.588302	-0.591364	-0.590558	-0.592341	-0.591638	-0.590246	-0.586010	-0.591958	-0.592348	-0.591098	-0.591180	-0.590580	-0.593258	-0.588278	-0.588126
779.0	-0.591184	-0.592525	-0.589930	-0.589450	-0.594294	-0.590378	-0.592483	-0.589343	-0.589895	-0.594419	-0.589748	-0.591133	-0.594651	-0.590939	-0.588482	-0.592724	-0.589400	-0.591778	-0.590225	-0.592867
780.0	-0.590428	-0.593129	-0.589277	-0.590999	-0.592870	-0.591718	-0.592133	-0.593031	-0.590972	-0.591781	-0.592150	-0.590942	-0.591420	-0.593897	-0.593200	-0.592184	-0.588484	-0.592305	-0.592835	-0.591647
781.0	-0.588942	-0.593195	-0.592928	-0.591718	-0.593848	-0.590952	-0.594197	-0.592269	-0.591203	-0.591970	-0.592044	-0.591270	-0.592948	-0.591031	-0.593244	-0.592091	-0.588062	-0.589210	-0.593081	-0.590607
782.0	-0.592452	-0.589796	-0.592090	-0.591057	-0.592238	-0.588815	-0.591464	-0.592834	-0.589781	-0.591486	-0.592420	-0.589403	-0.591523	-0.593764	-0.592427	-0.590609	-0.588902	-0.589354	-0.591792	-0.591569
783.0	-0.592448	-0.589206	-0.591142	-0.592158	-0.593381	-0.589035	-0.592007	-0.593933	-0.591290	-0.593490	-0.594481	-0.592215	-0.591510	-0.591293	-0.589872	-0.591727	-0.592975	-0.588766	-0.593557	-0.588892
784.0	-0.592507	-0.589016	-0.592660	-0.591572	-0.592853	-0.588211	-0.594320	-0.590368	-0.593281	-0.591482	-0.594618	-0.591079	-0.593322	-0.593645	-0.593415	-0.593676	-0.591441	-0.589621	-0.590988	-0.593440
785.0	-0.591544	-0.588616	-0.592276	-0.590258	-0.593350	-0.587854	-0.589164	-0.590445	-0.591685	-0.595073	-0.591522	-0.592359	-0.594935	-0.593877	-0.592604	-0.592387	-0.589294	-0.591648	-0.593314	-0.591145
786.0	-0.594119	-0.590100	-0.593120	-0.591490	-0.591946	-0.585822	-0.591338	-0.591876	-0.589901	-0.595219	-0.591649	-0.591707	-0.594459	-0.593036	-0.593353	-0.593295	-0.593239	-0.593532	-0.591104	-0.593358
787.0	-0.590650	-0.592204	-0.592736	-0.590190	-0.587701	-0.590223	-0.592825	-0.591733	-0.592267	-0.592976	-0.592942	-0.591966	-0.595165	-0.592328	-0.593159	-0.590317	-0.590467	-0.594154	-0.590926	-0.589502
788.0	-0.594243	-0.589223	-0.590991	-0.592312	-0.591384	-0.591262	-0.593391	-0.590495	-0.593739	-0.593752	-0.594795	-0.592171	-0.595144	-0.593135	-0.592836	-0.588729	-0.588944	-0.592646	-0.592195	-0.590956
789.0	-0.592906	-0.591456	-0.590050	-0.589450	-0.592022	-0.589500	-0.591680	-0.594116	-0.591180	-0.594572	-0.593239	-0.591741	-0.592287	-0.593853	-0.592137	-0.587917	-0.590007	-0.592373	-0.591333	-0.588143
790.0	-0.592511	-0.593170	-0.592045	-0.591838	-0.592526	-0.591643	-0.591111	-0.590671	-0.592980	-0.593984	-0.590280	-0.590208	-0.593531	-0.592495	-0.593564	-0.588973	-0.589328	-0.590910	-0.592144	-0.593043
791.0	-0.594205	-0.593133	-0.593608	-0.591292	-0.591555	-0.591299	-0.589597	-0.590082	-0.589453	-0.594316	-0.594679	-0.589956	-0.592503	-0.592934	-0.592713	-0.592679	-0.591246	-0.593368	-0.590471	-0.587269
792.0	-0.592542	-0.592384	-0.592695	-0.589692	-0.591373	-0.590013	-0.592423	-0.592039	-0.590811	-0.594512	-0.589942	-0.589901	-0.591777	-0.591838	-0.591831	-0.591070	-0.593173	-0.592517	-0.589694	-0.590640
793.0	-0.590744	-0.592957	-0.591396	-0.589979	-0.591572	-0.590192	-0.592879	-0.593457	-0.591618	-0.590271	-0.591072	-0.591266	-0.591784	-0.593043	-0.591112	-0.589967	-0.587112	-0.589621	-0.590433	-0.588231
794.0	-0.591741	-0.592632	-0.588175	-0.589429	-0.590955	-0.591026	-0.589477	-0.593167	-0.592742	-0.593078	-0.593945	-0.589253	-0.590033	-0.589874	-0.586166	-0.593119	-0.587228	-0.590451	-0.591627	-0.589312
795.0	-0.590314	-0.591318	-0.589683	-0.592697	-0.590848	-0.589818	-0.591211	-0.590934	-0.593830	-0.593954	-0.593004	-0.591399	-0.593185	-0.592515	-0.592532	-0.591847	-0.589177	-0.587538	-0.592428	-0.591074
796.0	-0.593034	-0.592577	-0.589683	-0.592152	-0.591607	-0.587769	-0.594426	-0.590485	-0.591096	-0.593437	-0.592864	-0.590478	-0.593336	-0.591998	-0.593132	-0.590386	-0.592827	-0.592937	-0.593581	-0.592945
797.0	-0.593017	-0.591145	-0.589487	-0.591210	-0.592918	-0.587057	-0.594020	-0.592279	-0.592080	-0.593978	-0.592195	-0.590840	-0.595090	-0.593533	-0.593166	-0.589595	-0.587184	-0.590903	-0.593355	-0.589529
798.0	-0.591350	-0.591193	-0.593478	-0.593294	-0.593179	-0.591056	-0.591953	-0.593743	-0.591822	-0.592093	-0.594628	-0.589918	-0.593425	-0.590030	-0.591541	-0.591596	-0.592463	-0.590691	-0.593078	-0.592362
799.0	-0.590307	-0.589223	-0.588992	-0.589921	-0.593659	-0.591087	-0.591434	-0.592385	-0.591350	-0.592611	-0.594259	-0.591017	-0.593757	-0.587951	-0.590516	-0.593917	-0.586896	-0.592219	-0.589243	-0.592860
800.0	-0.592812	-0.590148	-0.593134	-0.587714	-0.592739	-0.592116	-0.590366	-0.589663	-0.591216	-0.593065	-0.591638	-0.591778	-0.595216	-0.592576	-0.592253	-0.593700	-0.590096	-0.591631	-0.591316	-0.589800
