475.0	-0.775829	-0.773200	-0.776479	-0.778849	-0.774568	-0.783422	-0.781293	-0.782245	-0.771707	-0.779002	-0.778617	-0.777850	-0.780692	-0.777397	-0.777154	-0.774324	-0.771759	-0.777793	-0.772164	-0.783020
476.0	-0.781083	-0.781229	-0.781006	-0.780481	-0.778865	-0.781599	-0.782740	-0.775042	-0.781727	-0.782741	-0.779600	-0.778279	-0.777095	-0.777630	-0.780756	-0.776667	-0.779349	-0.781180	-0.781786	-0.776986
477.0	-0.780843	-0.776196	-0.780450	-0.777181	-0.781321	-0.783317	-0.783036	-0.783795	-0.781603	-0.773435	-0.781370	-0.778703	-0.778789	-0.775714	-0.782049	-0.779607	-0.782182	-0.781890	-0.777219	-0.781406
478.0	-0.780069	-0.779260	-0.774602	-0.780864	-0.781002	-0.783033	-0.777175	-0.776073	-0.778343	-0.778113	-0.778874	-0.778439	-0.778419	-0.780686	-0.777630	-0.780856	-0.779246	-0.778570	-0.782713	-0.780238
479.0	-0.781444	-0.777916	-0.775485	-0.779484	-0.776293	-0.782572	-0.782146	-0.780827	-0.775136	-0.779395	-0.778439	-0.780463	-0.779585	-0.779024	-0.781512	-0.781562	-0.779506	-0.779177	-0.781501	-0.782542
480.0	-0.782019	-0.777975	-0.779234	-0.781269	-0.775948	-0.777697	-0.774344	-0.776233	-0.774789	-0.781812	-0.780235	-0.781156	-0.779270	-0.777814	-0.780780	-0.782119	-0.781521	-0.779119	-0.780643	-0.782969
481.0	-0.781109	-0.778793	-0.780387	-0.780346	-0.778331	-0.781017	-0.775895	-0.778747	-0.778907	-0.778170	-0.776752	-0.779712	-0.778500	-0.780146	-0.781484	-0.777314	-0.782147	-0.778689	-0.778323	-0.781938
482.0	-0.781461	-0.780007	-0.780315	-0.772877	-0.774556	-0.781838	-0.782452	-0.783574	-0.779534	-0.781694	-0.779687	-0.780368	-0.777285	-0.773952	-0.780769	-0.779077	-0.782064	-0.780970	-0.778522	-0.779674
483.0	-0.780810	-0.772069	-0.778446	-0.774585	-0.778699	-0.780353	-0.781145	-0.779290	-0.781585	-0.777936	-0.776294	-0.770371	-0.779157	-0.779850	-0.775672	-0.778787	-0.781943	-0.774675	-0.779724	-0.772864
484.0	-0.780820	-0.780561	-0.779585	-0.775617	-0.779452	-0.779944	-0.779761	-0.774908	-0.782363	-0.777203	-0.775373	-0.776230	-0.780928	-0.776927	-0.778887	-0.780285	-0.781716	-0.776429	-0.781247	-0.777770
485.0	-0.778739	-0.777287	-0.780554	-0.774466	-0.776773	-0.783202	-0.780287	-0.781807	-0.778155	-0.776126	-0.776832	-0.770602	-0.780961	-0.780793	-0.780918	-0.778505	-0.780089	-0.778652	-0.782817	-0.781470
486.0	-0.778419	-0.775385	-0.778407	-0.776086	-0.779166	-0.783447	-0.782706	-0.781017	-0.780358	-0.781612	-0.780718	-0.777312	-0.777613	-0.781000	-0.780366	-0.778287	-0.777286	-0.776106	-0.777682	-0.778217
487.0	-0.780119	-0.780258	-0.778085	-0.778115	-0.778022	-0.778246	-0.780451	-0.776197	-0.778279	-0.782325	-0.778960	-0.780126	-0.775711	-0.779517	-0.781515	-0.778617	-0.781780	-0.782453	-0.775151	-0.782626
488.0	-0.773583	-0.781058	-0.780439	-0.775302	-0.775661	-0.774703	-0.783053	-0.778418	-0.780367	-0.780276	-0.776716	-0.779039	-0.780362	-0.780158	-0.779348	-0.782333	-0.782542	-0.777527	-0.782293	-0.777072
489.0	-0.779001	-0.778301	-0.777976	-0.776484	-0.776636	-0.779923	-0.773466	-0.780890	-0.780394	-0.779085	-0.774217	-0.779817	-0.778681	-0.777564	-0.776719	-0.776509	-0.779016	-0.780866	-0.776383	-0.776105
490.0	-0.780119	-0.777192	-0.779204	-0.779107	-0.774782	-0.777099	-0.780486	-0.782575	-0.777656	-0.777534	-0.779513	-0.781480	-0.775254	-0.779983	-0.776492	-0.780896	-0.779497	-0.780215	-0.778471	-0.776465
491.0	-0.780939	-0.780769	-0.775897	-0.780811	-0.779857	-0.781471	-0.780628	-0.779103	-0.778169	-0.779746	-0.776803	-0.779249	-0.779217	-0.780416	-0.782002	-0.778930	-0.782450	-0.779974	-0.777912	-0.782859
492.0	-0.777608	-0.774125	-0.777062	-0.776431	-0.777988	-0.779737	-0.782780	-0.779395	-0.779151	-0.779052	-0.779255	-0.777188	-0.779674	-0.778726	-0.779567	-0.781455	-0.779213	-0.774228	-0.782282	-0.780152
493.0	-0.778526	-0.777935	-0.776518	-0.777885	-0.775165	-0.778423	-0.775992	-0.783414	-0.779971	-0.779765	-0.773536	-0.778439	-0.781127	-0.781039	-0.781540	-0.777946	-0.779628	-0.777993	-0.777451	-0.776228
494.0	-0.776663	-0.774166	-0.779956	-0.780574	-0.773430	-0.778602	-0.781154	-0.779070	-0.780543	-0.778355	-0.775753	-0.780527	-0.775870	-0.777027	-0.778313	-0.780936	-0.781431	-0.781747	-0.778695	-0.778560
495.0	-0.780315	-0.773748	-0.778506	-0.771898	-0.772929	-0.775942	-0.779614	-0.780473	-0.780511	-0.778655	-0.777554	-0.780415	-0.777396	-0.777444	-0.778470	-0.776093	-0.779673	-0.781324	-0.776233	-0.771089
496.0	-0.781315	-0.779866	-0.780885	-0.773422	-0.778470	-0.776341	-0.772810	-0.783906	-0.779206	-0.778268	-0.779244	-0.777080	-0.776502	-0.772208	-0.780914	-0.780926	-0.782374	-0.780396	-0.778263	-0.776983
497.0	-0.775795	-0.777079	-0.776770	-0.781285	-0.772348	-0.781907	-0.780025	-0.776126	-0.777539	-0.776786	-0.774421	-0.779279	-0.777987	-0.777731	-0.774585	-0.780914	-0.780551	-0.776138	-0.777070	-0.778185
498.0	-0.780809	-0.779679	-0.775092	-0.776070	-0.778601	-0.779627	-0.779947	-0.776458	-0.780859	-0.779749	-0.780009	-0.776262	-0.776801	-0.775404	-0.776232	-0.778580	-0.781806	-0.772925	-0.780230	-0.777932
499.0	-0.776014	-0.775558	-0.779875	-0.774389	-0.774983	-0.775398	-0.782531	-0.779018	-0.775865	-0.780393	-0.776167	-0.781479	-0.778543	-0.774552	-0.778148	-0.773896	-0.778514	-0.778905	-0.779831	-0.782352
500.0	-0.771051	-0.780174	-0.778461	-0.774707	-0.777968	-0.776239	-0.782167	-0.777653	-0.781337	-0.782017	-0.775153	-0.778822	-0.780283	-0.773268	-0.780067	-0.782155	-0.782726	-0.781715	-0.782916	-0.782237
501.0	-0.778446	-0.778847	-0.775330	-0.777728	-0.773664	-0.783000	-0.774788	-0.781881	-0.776640	-0.779972	-0.780895	-0.777593	-0.776908	-0.778992	-0.779742	-0.780963	-0.778565	-0.782109	-0.779780	-0.773417
502.0	-0.777862	-0.781485	-0.777121	-0.775149	-0.778180	-0.780974	-0.773824	-0.783620	-0.777975	-0.777890	-0.773032	-0.773049	-0.780865	-0.773181	-0.781622	-0.781502	-0.779294	-0.781288	-0.776732	-0.775884
503.0	-0.779608	-0.780619	-0.775696	-0.779766	-0.777069	-0.782460	-0.777780	-0.783843	-0.782523	-0.778864	-0.771894	-0.774239	-0.777281	-0.777773	-0.782211	-0.779153	-0.777918	-0.777650	-0.780530	-0.777869
504.0	-0.773523	-0.775895	-0.780044	-0.776933	-0.778565	-0.780445	-0.780170	-0.779603	-0.779040	-0.780505	-0.771454	-0.781739	-0.779090	-0.780012	-0.781375	-0.779379	-0.775639	-0.775812	-0.777121	-0.777854
505.0	-0.777195	-0.781337	-0.776800	-0.778064	-0.780746	-0.776551	-0.782427	-0.782209	-0.777440	-0.780666	-0.776696	-0.781704	-0.777560	-0.780965	-0.775143	-0.782288	-0.780135	-0.780118	-0.782948	-0.782850
506.0	-0.775272	-0.772448	-0.775415	-0.771878	-0.775254	-0.774818	-0.782606	-0.778256	-0.781832	-0.777722	-0.774948	-0.781278	-0.779373	-0.773772	-0.781669	-0.774182	-0.779349	-0.780105	-0.783009	-0.780147
507.0	-0.778181	-0.777174	-0.777763	-0.773585	-0.775368	-0.781288	-0.778578	-0.779130	-0.775608	-0.772240	-0.773561	-0.777781	-0.775390	-0.778920	-0.775676	-0.778182	-0.780683	-0.779135	-0.769431	-0.773603
508.0	-0.779938	-0.774588	-0.775282	-0.770892	-0.776176	-0.781536	-0.777684	-0.778580	-0.777751	-0.777886	-0.775598	-0.778699	-0.780182	-0.768843	-0.776788	-0.774012	-0.781816	-0.776408	-0.772434	-0.775905
509.0	-0.775178	-0.773062	-0.779752	-0.773352	-0.774310	-0.780479	-0.781762	-0.777041	-0.777654	-0.782240	-0.772443	-0.773933	-0.779586	-0.774941	-0.777604	-0.775590	-0.779582	-0.773422	-0.775416	-0.779544
510.0	-0.776623	-0.780449	-0.777260	-0.776385	-0.774269	-0.774925	-0.778470	-0.776999	-0.774428	-0.779338	-0.773003	-0.775158	-0.779492	-0.777540	-0.774249	-0.769642	-0.774271	-0.770802	-0.773603	-0.780305
511.0	-0.778120	-0.778155	-0.775122	-0.778016	-0.775397	-0.778344	-0.777545	-0.781711	-0.776914	-0.779263	-0.778390	-0.778350	-0.772256	-0.776158	-0.778010	-0.779254	-0.776178	-0.775050	-0.773522	-0.774606
512.0	-0.774229	-0.780402	-0.774039	-0.776233	-0.774944	-0.779118	-0.776386	-0.773064	-0.774319	-0.774152	-0.777055	-0.779073	-0.779527	-0.775793	-0.772763	-0.771798	-0.776291	-0.776516	-0.770545	-0.776572
513.0	-0.776976	-0.774058	-0.777257	-0.772130	-0.772973	-0.776074	-0.775785	-0.774677	-0.775662	-0.777763	-0.768466	-0.775977	-0.778072	-0.774318	-0.777189	-0.775886	-0.773144	-0.774428	-0.770953	-0.779565
514.0	-0.777304	-0.775597	-0.773853	-0.773515	-0.777873	-0.778082	-0.777972	-0.774115	-0.775724	-0.775482	-0.769795	-0.773553	-0.778046	-0.767200	-0.776558	-0.770628	-0.773181	-0.776565	-0.772459	-0.780098
515.0	-0.777342	-0.771162	-0.771940	-0.774855	-0.772498	-0.775695	-0.777977	-0.771159	-0.774632	-0.776736	-0.770293	-0.773628	-0.780081	-0.775653	-0.770681	-0.776486	-0.766238	-0.775448	-0.773021	-0.777076
516.0	-0.774431	-0.775364	-0.770867	-0.771218	-0.772308	-0.775232	-0.772287	-0.776961	-0.771966	-0.772568	-0.775402	-0.771169	-0.771661	-0.774587	-0.773624	-0.772408	-0.773179	-0.774422	-0.767145	-0.779006
517.0	-0.773073	-0.770765	-0.771380	-0.771795	-0.772261	-0.772404	-0.770385	-0.775708	-0.776914	-0.772610	-0.770627	-0.771146	-0.773999	-0.775100	-0.770277	-0.773639	-0.765077	-0.775369	-0.771112	-0.777024
518.0	-0.773334	-0.772513	-0.775895	-0.769831	-0.772846	-0.772755	-0.772798	-0.767828	-0.772552	-0.765426	-0.769718	-0.776796	-0.768356	-0.764902	-0.770272	-0.778366	-0.773674	-0.769891	-0.775618	-0.774455
519.0	-0.773580	-0.769086	-0.771190	-0.764745	-0.770046	-0.771986	-0.773415	-0.768124	-0.773529	-0.768759	-0.771336	-0.768458	-0.769280	-0.771636	-0.766821	-0.772811	-0.776034	-0.771039	-0.773219	-0.777101
520.0	-0.765346	-0.763694	-0.767417	-0.765792	-0.768129	-0.770739	-0.770973	-0.769255	-0.768859	-0.774941	-0.766896	-0.770926	-0.768866	-0.766144	-0.760921	-0.768554	-0.772939	-0.766585	-0.771981	-0.772625
521.0	-0.768293	-0.766636	-0.764040	-0.763416	-0.771017	-0.766339	-0.773711	-0.766549	-0.772072	-0.767849	-0.774630	-0.773469	-0.766215	-0.762070	-0.770566	-0.768955	-0.772213	-0.767187	-0.767225	-0.771034
522.0	-0.773530	-0.765017	-0.764915	-0.762503	-0.768908	-0.770313	-0.770321	-0.764786	-0.765746	-0.769455	-0.768691	-0.771352	-0.767769	-0.761375	-0.769253	-0.766561	-0.766678	-0.763343	-0.770231	-0.771659
523.0	-0.769606	-0.767419	-0.766489	-0.768177	-0.769402	-0.766888	-0.766890	-0.767774	-0.764727	-0.765225	-0.769247	-0.763372	-0.766161	-0.767013	-0.762154	-0.768099	-0.770412	-0.770885	-0.765714	-0.765364
524.0	-0.764517	-0.767163	-0.765843	-0.768164	-0.768989	-0.763311	-0.763250	-0.765298	-0.765491	-0.769933	-0.760709	-0.767607	-0.767354	-0.767881	-0.768269	-0.761170	-0.768705	-0.765969	-0.772176	-0.770394
525.0	-0.760715	-0.769780	-0.758725	-0.770434	-0.770444	-0.760887	-0.767559	-0.763454	-0.766699	-0.760365	-0.754282	-0.764739	-0.765880	-0.761095	-0.762543	-0.768727	-0.761664	-0.766652	-0.770319	-0.759283
526.0	-0.762494	-0.757094	-0.756801	-0.761175	-0.753192	-0.759722	-0.758231	-0.761623	-0.764606	-0.760780	-0.758058	-0.757983	-0.757450	-0.756900	-0.760384	-0.763578	-0.761050	-0.763263	-0.767867	-0.756752
527.0	-0.758936	-0.753234	-0.757299	-0.760329	-0.762513	-0.758797	-0.757107	-0.755998	-0.756033	-0.753202	-0.763642	-0.754552	-0.756914	-0.751397	-0.757555	-0.760261	-0.754702	-0.747633	-0.753600	-0.758989
528.0	-0.755595	-0.755582	-0.751433	-0.749780	-0.752751	-0.752019	-0.760024	-0.750318	-0.751445	-0.754420	-0.754215	-0.752193	-0.749288	-0.754469	-0.758145	-0.751005	-0.755329	-0.743870	-0.751969	-0.756216
529.0	-0.752240	-0.747606	-0.754985	-0.744828	-0.746987	-0.756775	-0.747338	-0.747451	-0.750787	-0.742625	-0.747400	-0.747072	-0.750480	-0.749046	-0.753198	-0.745053	-0.755543	-0.748638	-0.750993	-0.748046
530.0	-0.754739	-0.754638	-0.744907	-0.753739	-0.746105	-0.742696	-0.743189	-0.746253	-0.744535	-0.753014	-0.751631	-0.749418	-0.740951	-0.746748	-0.752795	-0.745321	-0.748115	-0.753419	-0.758962	-0.744537
531.0	-0.727645	-0.738968	-0.734197	-0.750975	-0.738068	-0.741812	-0.752490	-0.744234	-0.736553	-0.748435	-0.754309	-0.739995	-0.739062	-0.736155	-0.749027	-0.745053	-0.743821	-0.744513	-0.738545	-0.741282
532.0	-0.734680	-0.731544	-0.739713	-0.741955	-0.735701	-0.742777	-0.749291	-0.749793	-0.730462	-0.733788	-0.740236	-0.739245	-0.748028	-0.732214	-0.734506	-0.745816	-0.744968	-0.736798	-0.731980	-0.737612
533.0	-0.740778	-0.731409	-0.736982	-0.745096	-0.735260	-0.728658	-0.746227	-0.736644	-0.737264	-0.733079	-0.739915	-0.720787	-0.737011	-0.731506	-0.732227	-0.733524	-0.728952	-0.735633	-0.737903	-0.736822
534.0	-0.733322	-0.737415	-0.738260	-0.731312	-0.726394	-0.723863	-0.744741	-0.739712	-0.730395	-0.737015	-0.734840	-0.735840	-0.724453	-0.741912	-0.730349	-0.729859	-0.727591	-0.730584	-0.726779	-0.732120
535.0	-0.726790	-0.734648	-0.729757	-0.725179	-0.716231	-0.725242	-0.735427	-0.721623	-0.726062	-0.725380	-0.731720	-0.733655	-0.730712	-0.732161	-0.734171	-0.717594	-0.726325	-0.721918	-0.728958	-0.729335
536.0	-0.728107	-0.717467	-0.719719	-0.716844	-0.710534	-0.724117	-0.728201	-0.716159	-0.716456	-0.711242	-0.719896	-0.727007	-0.724989	-0.724747	-0.732495	-0.728495	-0.716496	-0.723418	-0.725963	-0.722905
537.0	-0.719511	-0.708059	-0.723863	-0.709221	-0.714893	-0.714419	-0.718164	-0.726967	-0.711787	-0.719703	-0.714902	-0.716726	-0.717484	-0.716264	-0.716592	-0.718825	-0.716283	-0.718021	-0.713408	-0.711199
538.0	-0.705101	-0.698733	-0.715521	-0.710765	-0.708568	-0.702685	-0.711071	-0.720089	-0.720548	-0.710479	-0.712933	-0.709676	-0.709242	-0.711442	-0.713844	-0.716899	-0.708642	-0.714967	-0.707618	-0.705788
539.0	-0.702507	-0.704806	-0.706062	-0.684888	-0.699341	-0.699590	-0.706414	-0.712000	-0.712163	-0.716798	-0.705060	-0.706874	-0.704390	-0.696066	-0.696949	-0.713555	-0.705361	-0.695641	-0.698459	-0.687237
540.0	-0.705237	-0.706291	-0.676730	-0.698216	-0.698044	-0.692638	-0.689016	-0.701960	-0.698103	-0.701361	-0.698030	-0.701365	-0.689782	-0.691952	-0.703251	-0.703390	-0.694613	-0.692145	-0.701615	-0.688831
541.0	-0.693109	-0.681632	-0.690333	-0.676192	-0.684203	-0.685525	-0.681723	-0.682754	-0.686873	-0.699607	-0.685229	-0.673713	-0.680414	-0.680958	-0.694723	-0.670835	-0.676583	-0.669859	-0.690063	-0.677152
542.0	-0.675468	-0.678474	-0.681265	-0.656194	-0.679857	-0.671514	-0.684921	-0.667976	-0.670009	-0.680997	-0.673004	-0.669397	-0.675482	-0.670926	-0.667624	-0.671637	-0.675823	-0.682007	-0.684527	-0.672196
543.0	-0.643485	-0.660793	-0.667877	-0.655429	-0.675685	-0.670175	-0.643516	-0.671435	-0.654943	-0.662347	-0.668920	-0.663258	-0.666462	-0.671153	-0.662489	-0.673791	-0.663874	-0.672123	-0.664284	-0.661374
544.0	-0.655749	-0.654678	-0.645380	-0.651201	-0.650170	-0.660128	-0.654636	-0.658379	-0.659263	-0.650926	-0.655637	-0.645833	-0.661825	-0.665903	-0.652486	-0.656390	-0.631896	-0.654444	-0.656248	-0.652641
545.0	-0.653155	-0.629992	-0.633136	-0.651966	-0.645182	-0.642460	-0.652080	-0.646832	-0.637489	-0.637029	-0.633503	-0.655779	-0.648195	-0.635954	-0.641062	-0.633104	-0.635230	-0.648725	-0.647463	-0.652132
546.0	-0.631806	-0.630667	-0.626677	-0.635015	-0.617769	-0.639513	-0.621970	-0.644274	-0.620719	-0.621364	-0.624532	-0.637791	-0.641226	-0.630477	-0.639721	-0.636849	-0.638964	-0.638935	-0.621390	-0.640573
547.0	-0.615509	-0.630532	-0.621295	-0.602670	-0.624054	-0.611919	-0.595606	-0.616414	-0.606498	-0.605298	-0.608999	-0.629212	-0.616968	-0.609371	-0.616927	-0.605818	-0.623228	-0.625140	-0.600265	-0.624768
548.0	-0.594187	-0.604213	-0.601516	-0.595959	-0.608007	-0.611785	-0.581688	-0.597302	-0.604083	-0.594989	-0.601903	-0.603879	-0.595390	-0.595344	-0.600971	-0.586157	-0.588289	-0.608934	-0.587562	-0.610838
549.0	-0.590927	-0.581808	-0.580526	-0.570593	-0.575378	-0.564366	-0.561882	-0.590304	-0.582886	-0.565668	-0.580344	-0.574256	-0.589627	-0.577311	-0.572411	-0.585756	-0.571486	-0.578130	-0.576866	-0.573201
550.0	-0.556568	-0.560753	-0.555769	-0.539859	-0.563877	-0.567045	-0.570447	-0.565539	-0.573360	-0.571692	-0.564812	-0.558439	-0.555586	-0.563685	-0.568120	-0.559273	-0.571753	-0.572103	-0.542904	-0.544002
551.0	-0.534974	-0.550495	-0.549176	-0.551669	-0.563610	-0.539987	-0.557198	-0.539698	-0.543443	-0.542104	-0.547405	-0.555357	-0.529183	-0.538571	-0.545996	-0.540414	-0.519478	-0.562326	-0.538224	-0.515875
552.0	-0.511751	-0.530249	-0.520786	-0.518385	-0.501695	-0.505695	-0.490285	-0.517356	-0.514196	-0.513050	-0.512323	-0.534446	-0.510822	-0.512923	-0.518642	-0.506441	-0.497474	-0.506878	-0.494101	-0.501811
553.0	-0.507134	-0.502445	-0.481632	-0.509393	-0.509184	-0.522707	-0.506879	-0.487746	-0.483070	-0.491762	-0.490765	-0.501875	-0.485224	-0.503172	-0.491691	-0.486646	-0.489873	-0.487458	-0.487683	-0.502615
554.0	-0.475219	-0.501366	-0.481497	-0.472216	-0.475485	-0.464304	-0.493631	-0.471730	-0.463617	-0.467127	-0.475366	-0.493028	-0.463512	-0.469375	-0.481769	-0.458291	-0.479204	-0.465225	-0.460005	-0.480113
555.0	-0.432983	-0.429291	-0.444899	-0.440273	-0.480700	-0.449837	-0.431401	-0.421258	-0.462678	-0.422142	-0.432919	-0.460725	-0.447162	-0.434644	-0.462595	-0.441304	-0.419728	-0.438171	-0.432060	-0.444351
556.0	-0.440316	-0.427672	-0.404669	-0.417726	-0.398860	-0.422645	-0.401692	-0.404300	-0.393720	-0.404737	-0.412165	-0.402954	-0.397305	-0.407660	-0.389787	-0.408134	-0.411460	-0.416742	-0.416015	-0.401759
557.0	-0.383820	-0.399328	-0.386370	-0.366725	-0.370109	-0.383129	-0.375596	-0.370383	-0.385536	-0.385457	-0.390740	-0.386870	-0.370233	-0.375466	-0.393675	-0.368276	-0.368520	-0.370670	-0.387803	-0.389570
558.0	-0.347831	-0.365855	-0.373049	-0.333843	-0.339754	-0.358348	-0.334913	-0.325161	-0.317651	-0.313694	-0.359006	-0.337543	-0.327882	-0.342070	-0.369406	-0.338449	-0.334381	-0.349643	-0.333919	-0.340548
559.0	-0.315373	-0.312542	-0.293261	-0.287674	-0.308061	-0.306240	-0.289412	-0.291110	-0.312687	-0.299770	-0.312944	-0.306446	-0.305500	-0.308674	-0.300084	-0.294980	-0.291307	-0.308392	-0.298085	-0.298893
560.0	-0.288347	-0.263548	-0.244822	-0.262308	-0.275031	-0.276503	-0.264521	-0.280881	-0.275927	-0.251839	-0.270095	-0.265832	-0.284727	-0.263122	-0.235991	-0.274917	-0.274638	-0.264328	-0.256101	-0.287508
561.0	-0.258876	-0.248566	-0.245495	-0.249692	-0.238925	-0.248775	-0.227986	-0.220450	-0.217165	-0.222384	-0.233540	-0.209670	-0.221736	-0.221712	-0.208772	-0.207908	-0.250634	-0.212497	-0.214785	-0.237951
562.0	-0.206047	-0.230750	-0.174049	-0.178828	-0.200144	-0.177378	-0.200820	-0.211432	-0.192882	-0.172846	-0.192433	-0.195864	-0.197478	-0.193392	-0.211722	-0.170458	-0.191691	-0.170576	-0.211576	-0.194956
563.0	-0.142625	-0.163939	-0.156557	-0.094677	-0.115229	-0.116028	-0.157192	-0.142388	-0.127948	-0.143391	-0.131508	-0.133536	-0.134890	-0.147706	-0.147361	-0.147452	-0.130881	-0.124504	-0.138840	-0.154506
564.0	-0.118587	-0.082687	-0.097489	-0.101656	-0.131944	-0.114957	-0.126145	-0.115200	-0.083541	-0.092113	-0.086249	-0.096273	-0.122426	-0.090800	-0.066642	-0.067737	-0.094609	-0.087271	-0.088565	-0.071464
565.0	-0.045522	-0.065816	-0.028465	-0.036831	-0.041546	-0.051999	-0.043306	-0.026505	-0.045037	-0.032266	-0.008854	-0.050298	-0.075652	-0.040439	-0.048138	-0.048610	-0.035532	-0.018832	-0.009143	-0.040658
566.0	0.029580	0.009093	0.026163	-0.010660	-0.011057	0.035740	0.017852	0.004316	0.016677	0.014862	0.000787	0.017124	-0.005291	0.013262	-0.006572	0.017597	-0.003661	0.007687	0.020674	0.014391
567.0	0.049001	0.068885	0.048902	0.035241	0.070115	0.075389	0.059606	0.061247	0.058401	0.077387	0.035199	0.078916	0.056761	0.036772	0.054839	0.102529	0.046081	0.036884	0.053031	0.070780
568.0	0.113509	0.103437	0.089940	0.120063	0.157303	0.124550	0.113805	0.105393	0.087782	0.108449	0.097463	0.168722	0.161567	0.112113	0.139715	0.102663	0.132095	0.129162	0.116809	0.118061
569.0	0.196624	0.185499	0.160714	0.172808	0.154629	0.192196	0.172822	0.168785	0.176193	0.135226	0.163878	0.191106	0.168670	0.181176	0.200724	0.148272	0.151831	0.201084	0.201580	0.211684
570.0	0.247824	0.261218	0.215341	0.222198	0.185653	0.252742	0.184867	0.233792	0.233748	0.218369	0.238461	0.233060	0.234073	0.236747	0.222848	0.246847	0.191171	0.232156	0.241960	0.258563
571.0	0.288566	0.297794	0.314371	0.278567	0.310285	0.311413	0.278545	0.300683	0.247835	0.266166	0.264974	0.269385	0.304434	0.295123	0.316842	0.273062	0.290387	0.275148	0.307610	0.334909
572.0	0.349816	0.372838	0.359445	0.352518	0.373404	0.325746	0.366468	0.359365	0.340808	0.360556	0.309429	0.389618	0.339280	0.353499	0.330787	0.332447	0.308923	0.338095	0.368982	0.348035
573.0	0.410793	0.388765	0.403578	0.408485	0.454307	0.408930	0.434452	0.400145	0.460077	0.417859	0.381870	0.400341	0.431621	0.446874	0.389382	0.381668	0.412007	0.415910	0.442521	0.398128
574.0	0.470142	0.515772	0.460493	0.482704	0.498704	0.502696	0.459879	0.457077	0.488787	0.473824	0.471048	0.437336	0.467271	0.522482	0.481900	0.481313	0.418541	0.472027	0.498010	0.513048
575.0	0.507217	0.578803	0.542299	0.504983	0.558212	0.597401	0.581928	0.575382	0.535341	0.539829	0.553933	0.520708	0.523426	0.564026	0.528964	0.513413	0.577367	0.574217	0.547348	0.577741
576.0	0.640717	0.616595	0.639445	0.637182	0.657169	0.645623	0.568545	0.644023	0.659036	0.654971	0.576294	0.585449	0.604644	0.693602	0.574553	0.605969	0.661381	0.615735	0.659662	0.601850
577.0	0.701830	0.744817	0.714794	0.751263	0.674553	0.751445	0.680959	0.687092	0.723433	0.699154	0.726264	0.750317	0.690418	0.697610	0.660368	0.690232	0.765398	0.665290	0.738550	0.735790
578.0	0.807761	0.824449	0.795524	0.823737	0.777522	0.819761	0.812109	0.759770	0.740874	0.766097	0.799909	0.743615	0.764130	0.844551	0.774340	0.825321	0.808071	0.757703	0.774651	0.777311
579.0	0.856652	0.827149	0.861454	0.815685	0.855082	0.830477	0.895081	0.914549	0.822712	0.851784	0.819994	0.813315	0.927637	0.825850	0.819929	0.885509	0.850745	0.886277	0.846853	0.820172
580.0	0.953075	0.959420	0.882982	0.944528	0.959388	0.947016	0.995450	0.985882	0.913941	0.957554	0.901674	0.913844	0.923616	0.942067	0.975468	0.886847	0.958762	0.942528	0.894988	0.893838
581.0	0.999250	0.974266	0.971785	1.084109	1.014215	1.076949	1.066378	1.032988	1.005170	0.982992	1.030219	0.972821	1.088464	1.006187	1.059941	0.939010	0.993435	1.028244	1.016662	1.058584
582.0	1.159504	1.093040	1.127864	1.080083	1.134568	1.134548	1.081099	1.042410	1.117865	1.138300	1.107882	1.145732	1.119289	1.095688	1.141733	1.142312	1.054778	1.109943	1.098223	1.149663
583.0	1.154071	1.147029	1.220704	1.161952	1.069043	1.213580	1.210910	1.125855	1.233243	1.229342	1.190901	1.189964	1.176918	1.194540	1.234252	1.185112	1.201468	1.202355	1.187807	1.236723
584.0	1.272224	1.265803	1.278561	1.292138	1.291027	1.265821	1.292543	1.255062	1.273491	1.315030	1.227054	1.228836	1.233208	1.253317	1.265091	1.281413	1.290816	1.221106	1.261347	1.250117
585.0	1.353709	1.350834	1.310853	1.391455	1.360564	1.310026	1.395589	1.318319	1.317764	1.301641	1.306056	1.451340	1.245269	1.314765	1.377723	1.310839	1.332156	1.337626	1.334886	1.377360
586.0	1.428404	1.438565	1.382165	1.442456	1.398007	1.480145	1.458487	1.474444	1.481439	1.428833	1.456025	1.400406	1.426199	1.443005	1.425994	1.423190	1.346825	1.440753	1.431155	1.410845
587.0	1.577793	1.491203	1.528825	1.493456	1.543768	1.508275	1.502650	1.491941	1.469365	1.521214	1.502891	1.492892	1.487850	1.461707	1.538625	1.522166	1.454843	1.605489	1.543470	1.499245
588.0	1.580509	1.547891	1.614938	1.567273	1.569176	1.567214	1.631123	1.614418	1.567302	1.597529	1.597960	1.565273	1.601768	1.507125	1.564101	1.602417	1.576196	1.625579	1.598290	1.588984
589.0	1.655203	1.641020	1.651267	1.654511	1.657434	1.583288	1.667256	1.594229	1.622308	1.735432	1.666250	1.580018	1.671460	1.616664	1.660643	1.637192	1.664210	1.692544	1.670492	1.676045
590.0	1.740763	1.686910	1.721233	1.671958	1.726971	1.686431	1.688668	1.754392	1.744394	1.743465	1.678301	1.691270	1.759914	1.772956	1.749139	1.754893	1.682880	1.685848	1.742694	1.772481
591.0	1.757060	1.786788	1.768326	1.769933	1.827265	1.772160	1.734169	1.816303	1.861113	1.854590	1.766676	1.773034	1.802801	1.819711	1.852384	1.837819	1.802899	1.754153	1.776121	1.795251
592.0	1.873855	1.885317	1.855784	1.807513	1.946281	1.851192	1.813126	1.863410	1.846355	1.839863	1.864424	1.936561	1.884555	1.805016	1.876520	1.825781	1.829570	1.829154	1.863031	1.871597
593.0	1.918671	1.867771	1.866548	1.869250	1.935583	1.900754	1.902789	1.909170	1.913436	1.866640	1.877814	1.931200	1.934143	1.938600	1.954289	1.974245	1.922919	1.928264	1.885761	1.906421
594.0	2.002872	1.983845	1.960733	1.981989	2.017155	1.952996	1.984423	1.948201	1.905386	1.968393	2.002342	1.972752	1.979711	1.976003	2.022672	1.984945	1.973594	1.921567	1.976682	1.962676
595.0	2.057195	2.027036	2.022627	2.049095	2.029191	2.068194	1.900113	2.022226	1.976491	2.004543	2.029122	2.035750	1.985072	2.065504	2.034740	2.014371	2.030936	1.983176	2.028828	1.976069
596.0	2.108803	2.028386	2.091248	2.105464	2.046575	2.090966	2.056689	2.019534	2.122726	2.117007	2.074649	2.142981	2.080227	2.113594	2.113850	2.081246	2.084278	2.031391	2.042199	2.026966
597.0	2.157694	2.091822	2.138340	2.112174	2.134834	2.160621	2.102190	2.100288	2.109310	2.106296	2.082683	2.137620	2.097650	2.160348	2.151394	2.067871	2.113616	2.149251	2.083648	2.105991
598.0	2.142755	2.125564	2.049537	2.175254	2.186987	2.147226	2.173118	2.142011	2.111993	2.202694	2.130887	2.173810	2.147238	2.167028	2.215755	2.097297	2.116283	2.166662	2.193289	2.158227
599.0	2.205226	2.201148	2.151795	2.190017	2.208383	2.207505	2.197206	2.233533	2.179073	2.300431	2.225957	2.211341	2.182084	2.243170	2.196983	2.214998	2.229635	2.180055	2.244098	2.195730
600.0	2.195720	2.183602	2.201579	2.239676	2.213732	2.262425	2.261443	2.263142	2.165657	2.277670	2.232652	2.159066	2.230332	2.213782	2.235868	2.243086	2.276309	2.186751	2.238749	2.172961
601.0	2.183497	2.209246	2.250017	2.368520	2.154893	2.251709	2.262781	2.206614	2.227371	2.252232	2.278178	2.305168	2.282601	2.297939	2.289502	2.244423	2.256306	2.312647	2.270839	2.222518
602.0	2.252759	2.275381	2.236562	2.312151	2.256524	2.309308	2.327017	2.214690	2.266277	2.256248	2.334417	2.290424	2.222291	2.300611	2.284138	2.291236	2.250972	2.374256	2.245435	2.260021
603.0	2.323379	2.275381	2.272891	2.253097	2.308677	2.278499	2.294899	2.257759	2.365556	2.268298	2.361197	2.354763	2.294663	2.317977	2.281456	2.292574	2.281644	2.331397	2.273513	2.373870
604.0	2.373628	2.356364	2.342857	2.356441	2.295304	2.277160	2.298914	2.315633	2.281035	2.273653	2.335756	2.321253	2.349612	2.296603	2.302910	2.343399	2.288311	2.284521	2.325659	2.298864
605.0	2.345109	2.341517	2.289037	2.336309	2.303328	2.307969	2.310958	2.321016	2.290426	2.291059	2.296925	2.282382	2.332189	2.321984	2.316319	2.371487	2.296313	2.370238	2.345715	2.336367
606.0	2.421161	2.377959	2.359003	2.326914	2.310014	2.352173	2.278840	2.358701	2.357506	2.296414	2.334417	2.340018	2.337550	2.352709	2.319000	2.335374	2.297646	2.395685	2.345715	2.383246
607.0	2.319305	2.279431	2.403405	2.359125	2.354143	2.354852	2.268134	2.377544	2.329333	2.279009	2.357180	2.403017	2.361674	2.324656	2.333750	2.340724	2.374992	2.398363	2.326996	2.365833
608.0	2.290785	2.384708	2.336130	2.271887	2.311351	2.320024	2.325679	2.321016	2.342749	2.337919	2.283535	2.349401	2.313426	2.380761	2.337772	2.367474	2.340320	2.300593	2.360423	2.301542
609.0	2.311157	2.367161	2.377841	2.373888	2.343445	2.357531	2.369842	2.329092	2.283718	2.309803	2.314332	2.234128	2.372395	2.398127	2.349840	2.343399	2.396329	2.316665	2.367109	2.401997
610.0	2.324738	2.396855	2.314602	2.305440	2.388912	2.306629	2.327017	2.338513	2.289084	2.293736	2.354502	2.287743	2.325488	2.317977	2.262685	2.334036	2.280310	2.362202	2.379142	2.340385
611.0	2.248685	2.350965	2.285001	2.310808	2.260536	2.299932	2.318988	2.288714	2.310550	2.300431	2.319688	2.268978	2.304044	2.368739	2.289502	2.256461	2.373659	2.375595	2.294906	2.379227
612.0	2.341035	2.326670	2.272891	2.322888	2.280594	2.356191	2.293561	2.299482	2.291768	2.276331	2.333078	2.294445	2.296003	2.297939	2.289502	2.300599	2.305647	2.359523	2.347052	2.428785
613.0	2.256833	2.298326	2.262127	2.262492	2.300653	2.326722	2.241369	2.310249	2.334699	2.288381	2.306298	2.283722	2.265178	2.233819	2.301569	2.257798	2.249638	2.281843	2.270839	2.238591
614.0	2.292144	2.301026	2.264818	2.320203	2.340771	2.333420	2.302929	2.364085	2.290426	2.246876	2.296925	2.227426	2.254456	2.272558	2.250617	2.240411	2.222967	2.229610	2.286884	2.194391
615.0	2.221523	2.218694	2.272891	2.258466	2.229779	2.155263	2.254751	2.202577	2.203222	2.270976	2.271483	2.218043	2.324147	2.267215	2.234527	2.213660	2.229635	2.275146	2.244098	2.256003
616.0	2.188929	2.155258	2.215034	2.203439	2.219081	2.200807	2.202559	2.152778	2.213955	2.229471	2.213906	2.290424	2.151259	2.192408	2.147371	2.223023	2.177627	2.206841	2.194626	2.201088
617.0	2.168558	2.136362	2.256745	2.160491	2.233790	2.148566	2.229324	2.178351	2.264936	2.185289	2.180431	2.239489	2.214249	2.216453	2.159439	2.166847	2.224301	2.150590	2.221367	2.152870
618.0	2.121025	2.136362	2.186779	2.130964	2.149544	2.174017	2.123602	2.136628	2.160291	2.103618	2.128209	2.208660	2.194146	2.163020	2.171507	2.202960	2.150956	2.150590	2.110390	2.126082
619.0	2.065344	2.079674	2.162559	2.118885	2.057273	2.119096	2.106205	2.069333	2.204563	2.063452	2.136243	2.077302	2.086928	2.098900	2.103123	2.124047	2.110949	2.062195	2.161199	2.077864
620.0	2.046331	2.054030	2.077792	2.101437	2.077332	2.042744	2.075425	2.050490	2.050279	2.094246	2.094734	2.063898	2.089609	2.044131	1.995855	2.174872	2.094947	1.991212	2.074289	2.025627
621.0	2.034108	2.035134	1.988989	2.069226	2.029191	2.049441	2.068733	2.018188	1.983199	2.063452	2.046529	2.049154	2.069505	2.092221	2.060216	1.996983	2.032270	1.981836	2.064929	2.047057
622.0	1.939042	1.986545	2.019936	1.980646	1.997097	1.919508	1.985761	2.010113	1.955025	2.031320	2.013054	2.033069	1.975690	1.907876	1.950266	1.962208	1.990930	1.913531	1.964649	1.989463
623.0	2.015095	1.905562	1.924405	1.961857	1.895465	1.907452	2.000482	2.015496	1.972466	1.972410	1.958155	1.939242	1.927442	2.009399	1.960993	1.931445	1.940255	1.949693	1.880413	1.965354
624.0	1.913239	1.929857	1.901531	1.921593	1.902152	1.928884	1.937584	1.973774	1.944292	1.968393	1.892543	1.955327	1.901978	1.954630	1.932835	1.920745	1.929586	1.942996	1.867042	1.867578
625.0	1.882003	1.921759	1.913641	1.827645	1.792497	1.816365	1.797067	1.852642	1.850380	1.877351	1.857729	1.920477	1.812183	1.858450	1.808136	1.889982	1.886913	1.885406	1.871053	1.819360
626.0	1.805950	1.747647	1.867893	1.851803	1.799183	1.786895	1.776993	1.801498	1.878554	1.799697	1.816219	1.740864	1.828266	1.821046	1.755843	1.793681	1.822902	1.775582	1.849660	1.809984
627.0	1.792370	1.692309	1.795236	1.810197	1.787148	1.769481	1.789037	1.810919	1.773909	1.742126	1.781405	1.711376	1.746512	1.676776	1.779978	1.752218	1.832237	1.701920	1.746705	1.818021
628.0	1.765208	1.747647	1.731997	1.674643	1.739007	1.654283	1.759596	1.757083	1.771226	1.728737	1.723827	1.668483	1.758574	1.687463	1.751820	1.690692	1.756225	1.677812	1.754728	1.749712
629.0	1.686439	1.654517	1.648576	1.686722	1.693540	1.631511	1.668594	1.689788	1.692071	1.585479	1.618046	1.653739	1.652697	1.634030	1.725003	1.658592	1.705550	1.651026	1.617009	1.627827
630.0	1.633474	1.657217	1.557081	1.587405	1.628015	1.615436	1.597666	1.614418	1.643773	1.576107	1.568502	1.621570	1.605789	1.660746	1.635166	1.605092	1.626871	1.644329	1.654447	1.635863
631.0	1.566928	1.632922	1.602828	1.544457	1.610630	1.571232	1.554842	1.552506	1.557911	1.564058	1.547078	1.602804	1.591047	1.520484	1.550693	1.555604	1.622870	1.534505	1.511380	1.548802
632.0	1.553347	1.506050	1.496533	1.552510	1.517023	1.514972	1.414325	1.462331	1.553886	1.553347	1.549756	1.492892	1.501252	1.489759	1.546670	1.560954	1.514853	1.541202	1.473942	1.554160
633.0	1.454207	1.457461	1.434640	1.451850	1.424752	1.502917	1.450458	1.460985	1.502905	1.483726	1.500212	1.479489	1.453004	1.471058	1.451470	1.420515	1.484181	1.494326	1.477953	1.449687
634.0	1.456924	1.539793	1.411766	1.392797	1.412717	1.476126	1.438414	1.483865	1.349962	1.375278	1.465398	1.424533	1.436921	1.376214	1.383086	1.384402	1.416170	1.428699	1.441852	1.438972
635.0	1.360500	1.419669	1.422530	1.394139	1.341842	1.439959	1.390236	1.432721	1.327155	1.390006	1.344887	1.391023	1.339085	1.370870	1.317385	1.346951	1.393499	1.376466	1.320178	1.372002
636.0	1.272224	1.330588	1.355255	1.332401	1.341842	1.320742	1.387560	1.327741	1.292273	1.376617	1.339531	1.309259	1.308260	1.317437	1.330793	1.349627	1.309486	1.372448	1.309481	1.288960
637.0	1.261360	1.310343	1.196485	1.285427	1.312423	1.289933	1.276484	1.286018	1.303006	1.280219	1.277936	1.311940	1.265373	1.280033	1.227548	1.329564	1.296150	1.250571	1.265358	1.263511
638.0	1.186665	1.206416	1.275870	1.255901	1.274980	1.272519	1.232322	1.220069	1.237267	1.198549	1.221698	1.270388	1.194341	1.247973	1.214139	1.231925	1.237474	1.229142	1.282740	1.231366
639.0	1.137774	1.167274	1.282598	1.176715	1.193407	1.214920	1.198865	1.177000	1.143355	1.211937	1.114577	1.169859	1.182279	1.222593	1.135029	1.146324	1.201468	1.207712	1.131650	1.221990
640.0	1.137774	1.128133	1.174957	1.156584	1.174686	1.176074	1.173438	1.115088	1.140672	1.122234	1.117255	1.100158	1.168877	1.094353	1.160505	1.187787	1.194801	1.187623	1.079504	1.138948
641.0	1.132342	1.134881	1.114409	1.116320	1.059682	1.105079	1.122585	1.127201	1.133964	1.127589	1.024863	1.063968	1.108567	1.086337	1.161846	1.115562	1.070780	1.099228	1.115605	1.140287
642.0	1.019621	1.079543	1.071353	1.035793	1.047647	1.060875	1.174777	1.089516	1.052126	0.992364	1.050304	0.971481	1.065680	1.039583	1.096144	1.043336	1.058778	0.970654	0.983235	1.054566
643.0	1.012831	1.035003	1.065971	0.944528	0.998168	0.997917	1.062363	1.086824	1.070909	0.991025	1.007456	0.998289	0.983926	0.979471	0.994240	1.005886	0.978766	0.973332	0.972538	0.998311
644.0	0.947643	0.956720	1.047134	0.931107	0.971423	0.979164	0.979391	0.975115	0.987729	0.945504	1.004778	0.968800	0.975885	0.927373	0.987535	0.981810	0.942760	0.903688	0.953819	0.964826
645.0	0.843071	0.986414	0.928729	0.835816	0.885839	0.872002	0.912478	0.917241	0.923332	0.962909	0.889623	0.956737	0.955782	0.877947	0.880267	0.929647	0.884083	0.935832	0.928415	0.865711
646.0	0.910975	0.881137	0.849344	0.849238	0.936655	0.838514	0.870992	0.872826	0.932724	0.857139	0.815977	0.873633	0.935678	0.797797	0.869540	0.898884	0.849411	0.922438	0.872257	0.832226
647.0	0.813193	0.881137	0.807634	0.784816	0.845721	0.843872	0.845565	0.840524	0.846861	0.861156	0.850792	0.799911	0.860626	0.812491	0.799816	0.842709	0.824074	0.844758	0.868246	0.793384
648.0	0.771092	0.751565	0.778032	0.780789	0.768161	0.825119	0.825491	0.779959	0.744899	0.795552	0.850792	0.814655	0.748047	0.781767	0.834678	0.814621	0.794736	0.812615	0.822786	0.781329
649.0	0.764302	0.765062	0.709411	0.740526	0.760137	0.721976	0.804079	0.736890	0.752949	0.735303	0.806604	0.759699	0.796295	0.735013	0.693889	0.767808	0.813405	0.712166	0.761280	0.747844
650.0	0.753437	0.727270	0.730940	0.728447	0.734729	0.716618	0.711739	0.672287	0.746241	0.741997	0.758400	0.722169	0.762790	0.676236	0.711320	0.741058	0.717390	0.729577	0.743898	0.727753
651.0	0.666520	0.697577	0.685192	0.670735	0.733392	0.683130	0.668915	0.677670	0.719409	0.667021	0.694127	0.695361	0.701140	0.681580	0.677799	0.704945	0.648045	0.671987	0.726516	0.670159
652.0	0.685533	0.666534	0.623299	0.653288	0.649145	0.663037	0.647503	0.648060	0.649645	0.695137	0.664669	0.645766	0.713202	0.698946	0.656345	0.655457	0.622708	0.618414	0.685067	0.672838
653.0	0.644791	0.613895	0.620608	0.613024	0.596992	0.646963	0.530940	0.621142	0.600006	0.652294	0.620482	0.551135	0.588561	0.590743	0.638914	0.612657	0.620041	0.657254	0.539058	0.676856
654.0	0.609481	0.648988	0.609844	0.571418	0.647808	0.597401	0.529067	0.553982	0.563783	0.590706	0.584328	0.577406	0.569798	0.570705	0.594666	0.538558	0.605372	0.630468	0.603505	0.584438
655.0	0.552306	0.566926	0.531939	0.564708	0.587632	0.573289	0.534420	0.502030	0.567807	0.519746	0.536258	0.552475	0.559076	0.572041	0.549748	0.516623	0.531626	0.602342	0.539058	0.576402
656.0	0.529354	0.493772	0.503683	0.490220	0.521972	0.509662	0.498421	0.498531	0.469200	0.588028	0.500238	0.522987	0.523292	0.503780	0.502281	0.534412	0.525092	0.511805	0.472472	0.561668
657.0	0.461178	0.447882	0.480675	0.511157	0.490413	0.482068	0.528264	0.496243	0.486104	0.509839	0.489258	0.485054	0.476117	0.480002	0.477744	0.545246	0.503355	0.495867	0.536384	0.502869
658.0	0.486574	0.475955	0.448652	0.477067	0.453371	0.441079	0.455195	0.468248	0.477115	0.481455	0.466495	0.472052	0.429075	0.483075	0.456961	0.423933	0.458281	0.429972	0.427813	0.411924
659.0	0.441894	0.431685	0.431026	0.454788	0.399079	0.421254	0.422408	0.419526	0.410706	0.444235	0.409989	0.420179	0.395703	0.471586	0.455888	0.406679	0.445079	0.457562	0.425407	0.404959
660.0	0.410793	0.374728	0.422549	0.421235	0.365113	0.408930	0.425084	0.458288	0.395009	0.415048	0.402490	0.419106	0.382033	0.399585	0.421428	0.422997	0.405472	0.439749	0.412972	0.361964
661.0	0.404682	0.378102	0.354870	0.371711	0.376880	0.323736	0.372758	0.418180	0.394741	0.417859	0.388163	0.415487	0.362868	0.380082	0.398097	0.371770	0.365733	0.402517	0.405484	0.380046
662.0	0.329988	0.340985	0.337917	0.322589	0.330077	0.321057	0.340506	0.389916	0.319477	0.340875	0.354420	0.389216	0.324940	0.350560	0.318987	0.368159	0.350130	0.345194	0.390509	0.336784
663.0	0.334198	0.326543	0.321636	0.312926	0.321786	0.309404	0.330603	0.353308	0.296669	0.305261	0.334736	0.342302	0.317032	0.312221	0.283589	0.310646	0.342929	0.307157	0.299855	0.328747
664.0	0.315456	0.301709	0.276427	0.293062	0.262946	0.275782	0.275734	0.320199	0.305524	0.289730	0.322016	0.262683	0.316898	0.332259	0.307188	0.275469	0.294921	0.270862	0.293303	0.286958
665.0	0.251898	0.276604	0.275620	0.278433	0.231254	0.272165	0.263958	0.285205	0.276545	0.244477	0.289210	0.264023	0.260609	0.260525	0.281309	0.259152	0.265716	0.297782	0.254528	0.282940
666.0	0.255293	0.240162	0.225433	0.236022	0.247702	0.257162	0.246025	0.239445	0.271313	0.227072	0.264170	0.247537	0.247207	0.221251	0.231027	0.246044	0.254381	0.248361	0.179786	0.217444
667.0	0.219168	0.247316	0.246019	0.200858	0.232591	0.217379	0.204673	0.207681	0.245554	0.209399	0.208601	0.199149	0.216516	0.210564	0.227139	0.224911	0.210508	0.209789	0.195697	0.187843
668.0	0.215501	0.205880	0.209286	0.195221	0.185519	0.171835	0.201193	0.181975	0.211343	0.194403	0.175796	0.201159	0.188237	0.203217	0.203003	0.213141	0.225710	0.201887	0.165345	0.177262
669.0	0.178697	0.147707	0.181838	0.169990	0.167333	0.178666	0.159440	0.201625	0.199001	0.139510	0.177536	0.177032	0.169608	0.205355	0.179941	0.177430	0.184503	0.188360	0.196098	0.177530
670.0	0.154795	0.161339	0.158830	0.147845	0.150751	0.150536	0.154756	0.131100	0.150837	0.140983	0.139241	0.147946	0.202175	0.142838	0.138240	0.157902	0.152765	0.139207	0.133255	0.160787
671.0	0.117991	0.137720	0.116043	0.130129	0.113843	0.128836	0.160778	0.110911	0.132055	0.129469	0.086216	0.132933	0.132886	0.126273	0.147090	0.122057	0.135562	0.147645	0.124832	0.132660
672.0	0.094360	0.096823	0.091420	0.091341	0.090040	0.095884	0.119961	0.102566	0.131384	0.082207	0.075771	0.095268	0.093752	0.062153	0.110753	0.096778	0.082353	0.065411	0.105177	0.109087
673.0	0.077113	0.073204	0.066797	0.067451	0.071452	0.098429	0.045152	0.063266	0.103881	0.093587	0.108309	0.062563	0.092009	0.065359	0.097210	0.076849	0.072085	0.052955	0.064262	0.122213
674.0	0.028901	0.052283	0.047556	0.055238	0.048718	0.040428	0.040736	0.012391	0.094892	0.055162	0.064792	0.064439	0.047782	0.013262	0.072136	0.058658	0.041413	0.029250	0.069343	0.076807
675.0	0.006628	0.052283	0.039618	-0.006902	0.021572	0.048867	0.052513	0.032041	0.029020	0.035347	0.033593	0.015515	0.041215	0.014330	0.029766	0.013450	0.085421	0.017062	0.052763	0.015865
676.0	0.026456	0.001264	0.024817	-0.010392	-0.030714	0.005868	0.015577	0.047115	0.012786	0.011515	0.014980	0.013371	0.030895	-0.004638	0.019441	0.037793	-0.000193	0.005142	0.010244	0.000596
677.0	-0.008582	-0.046785	-0.012857	-0.006768	-0.035261	-0.014225	-0.026043	0.015621	-0.017266	-0.028517	-0.013675	0.032002	-0.010116	-0.035496	0.025743	-0.012096	-0.010995	-0.026734	-0.003527	0.009034
678.0	-0.020397	-0.073239	-0.043400	-0.034684	-0.052645	-0.049588	-0.040764	-0.046694	-0.040610	-0.061051	-0.008185	-0.003786	-0.039466	-0.061946	-0.028293	-0.038713	-0.058336	-0.052181	-0.023450	-0.037309
679.0	-0.040769	-0.031668	-0.037883	-0.059111	-0.051174	-0.073565	-0.040898	-0.073074	-0.072674	-0.057704	-0.063352	-0.034615	-0.042683	-0.103490	-0.056049	-0.070545	-0.063937	-0.072003	-0.062091	-0.045078
680.0	-0.074721	-0.067705	-0.073808	-0.076290	-0.054384	-0.112545	-0.101253	-0.090840	-0.075625	-0.112999	-0.105397	-0.070940	-0.052333	-0.060209	-0.086754	-0.063992	-0.076739	-0.091021	-0.075730	-0.086867
681.0	-0.096857	-0.078503	-0.092915	-0.047837	-0.066553	-0.105714	-0.114502	-0.073612	-0.099774	-0.091443	-0.093212	-0.094933	-0.105271	-0.078109	-0.082061	-0.088468	-0.111011	-0.088878	-0.104610	-0.104011
682.0	-0.093191	-0.091460	-0.117268	-0.101656	-0.109880	-0.113751	-0.127483	-0.115335	-0.122447	-0.101485	-0.132713	-0.092118	-0.133416	-0.096811	-0.121080	-0.124848	-0.142750	-0.128924	-0.144589	-0.127986
683.0	-0.163675	-0.157596	-0.133683	-0.134269	-0.110548	-0.152195	-0.128955	-0.155981	-0.164037	-0.162671	-0.132445	-0.117853	-0.150303	-0.147439	-0.151786	-0.164840	-0.144483	-0.156112	-0.144856	-0.180491
684.0	-0.169922	-0.164614	-0.162208	-0.152791	-0.181022	-0.177512	-0.153178	-0.128390	-0.186710	-0.155842	-0.140613	-0.144393	-0.186757	-0.169480	-0.165328	-0.169655	-0.169421	-0.154103	-0.144455	-0.159864
685.0	-0.173317	-0.197142	-0.202170	-0.190907	-0.215389	-0.165590	-0.164820	-0.191109	-0.172489	-0.181415	-0.181185	-0.183667	-0.212757	-0.189652	-0.188659	-0.182896	-0.169287	-0.198032	-0.157425	-0.211565
686.0	-0.194639	-0.184860	-0.230829	-0.207684	-0.205493	-0.189166	-0.168567	-0.207395	-0.211262	-0.187707	-0.172615	-0.184069	-0.215571	-0.192858	-0.233846	-0.193062	-0.189424	-0.201514	-0.190852	-0.203662
687.0	-0.195997	-0.222921	-0.204592	-0.230500	-0.214052	-0.211000	-0.216477	-0.260289	-0.215689	-0.221045	-0.203546	-0.204711	-0.236345	-0.212494	-0.212526	-0.204163	-0.214361	-0.204327	-0.222407	-0.242772
688.0	-0.228048	-0.192148	-0.226927	-0.212784	-0.223680	-0.234442	-0.251807	-0.232832	-0.263987	-0.249964	-0.247868	-0.232859	-0.221334	-0.239211	-0.240416	-0.227302	-0.225430	-0.214640	-0.220401	-0.247728
689.0	-0.228999	-0.243302	-0.283304	-0.264858	-0.263664	-0.259893	-0.239897	-0.249521	-0.264121	-0.266298	-0.242244	-0.254171	-0.241304	-0.250966	-0.261870	-0.263014	-0.250901	-0.249060	-0.250084	-0.258309
690.0	-0.276124	-0.282443	-0.275365	-0.274253	-0.281717	-0.262974	-0.267866	-0.265538	-0.278610	-0.295619	-0.259383	-0.280175	-0.272799	-0.283026	-0.247925	-0.263147	-0.269704	-0.241962	-0.263856	-0.248532
691.0	-0.292285	-0.293241	-0.269983	-0.275327	-0.287467	-0.293247	-0.258900	-0.279804	-0.288404	-0.300841	-0.289109	-0.294517	-0.294510	-0.297186	-0.304106	-0.266759	-0.314778	-0.282409	-0.281907	-0.285231
692.0	-0.280742	-0.319290	-0.298643	-0.310759	-0.308061	-0.312804	-0.275361	-0.273613	-0.296722	-0.304322	-0.295670	-0.300146	-0.297995	-0.317090	-0.289357	-0.323469	-0.317978	-0.315356	-0.293673	-0.292732
693.0	-0.310212	-0.295806	-0.321113	-0.291566	-0.329056	-0.311330	-0.335448	-0.297032	-0.292026	-0.311418	-0.312542	-0.313148	-0.312871	-0.301728	-0.292977	-0.332966	-0.312111	-0.321517	-0.326298	-0.280409
694.0	-0.339682	-0.317671	-0.329051	-0.353572	-0.326381	-0.331557	-0.341203	-0.332833	-0.354276	-0.317845	-0.329280	-0.340358	-0.353748	-0.308942	-0.323549	-0.317584	-0.333314	-0.304909	-0.335925	-0.316707
695.0	-0.341584	-0.354113	-0.346677	-0.344177	-0.333469	-0.340264	-0.352980	-0.335390	-0.365814	-0.336722	-0.339188	-0.329233	-0.345439	-0.340467	-0.365249	-0.358111	-0.351184	-0.314419	-0.356783	-0.349924
696.0	-0.372140	-0.370849	-0.370089	-0.371959	-0.344701	-0.356740	-0.334645	-0.372806	-0.391036	-0.366177	-0.362085	-0.356845	-0.355625	-0.383348	-0.372624	-0.364932	-0.348250	-0.363973	-0.374031	-0.387695
697.0	-0.385042	-0.376653	-0.362823	-0.384978	-0.358475	-0.379780	-0.359537	-0.365942	-0.370242	-0.385189	-0.401854	-0.348400	-0.363398	-0.368386	-0.373965	-0.382186	-0.360118	-0.378706	-0.397296	-0.385552
698.0	-0.374992	-0.416874	-0.378700	-0.397862	-0.382011	-0.385138	-0.378005	-0.372402	-0.404318	-0.385859	-0.394088	-0.385663	-0.367553	-0.362241	-0.404268	-0.379110	-0.375321	-0.377768	-0.402778	-0.385016
699.0	-0.410982	-0.415659	-0.405072	-0.396386	-0.405413	-0.412196	-0.397008	-0.407530	-0.410892	-0.413573	-0.408549	-0.394242	-0.379749	-0.399244	-0.415665	-0.388071	-0.391190	-0.405090	-0.383257	-0.412340
700.0	-0.404327	-0.402432	-0.408705	-0.420544	-0.412768	-0.424386	-0.406644	-0.424892	-0.402977	-0.416117	-0.412165	-0.399469	-0.429203	-0.413270	-0.403463	-0.393555	-0.431330	-0.426921	-0.414411	-0.404571
701.0	-0.419130	-0.415929	-0.420680	-0.439468	-0.419855	-0.421975	-0.434613	-0.422066	-0.442822	-0.422543	-0.407880	-0.416090	-0.410574	-0.417545	-0.430280	-0.419369	-0.431063	-0.420492	-0.433264	-0.410867
702.0	-0.429180	-0.427672	-0.444092	-0.458526	-0.427611	-0.441398	-0.412532	-0.419509	-0.435712	-0.436334	-0.429973	-0.408316	-0.430007	-0.411801	-0.435242	-0.420974	-0.425729	-0.410314	-0.438077	-0.444887
703.0	-0.457428	-0.463169	-0.471002	-0.450205	-0.426943	-0.435102	-0.432204	-0.449926	-0.453555	-0.452400	-0.462779	-0.432845	-0.441935	-0.455616	-0.450527	-0.447724	-0.449066	-0.434823	-0.433130	-0.455201
704.0	-0.438958	-0.462359	-0.439921	-0.462016	-0.446466	-0.458544	-0.450940	-0.456386	-0.448457	-0.442760	-0.472822	-0.452147	-0.473564	-0.461627	-0.449186	-0.464309	-0.452133	-0.439511	-0.469231	-0.450513
705.0	-0.472095	-0.466678	-0.448263	-0.460674	-0.484846	-0.435906	-0.448799	-0.456117	-0.465764	-0.464985	-0.491970	-0.456302	-0.475306	-0.483134	-0.474797	-0.475812	-0.475070	-0.433885	-0.479125	-0.450111
706.0	-0.489615	-0.475721	-0.463871	-0.461881	-0.479095	-0.472073	-0.459639	-0.486535	-0.465093	-0.474223	-0.478713	-0.469974	-0.442873	-0.469108	-0.470104	-0.471264	-0.453600	-0.476208	-0.468830	-0.445289
707.0	-0.469922	-0.469647	-0.496298	-0.475303	-0.485381	-0.479440	-0.481988	-0.484650	-0.474752	-0.497252	-0.492907	-0.508711	-0.475172	-0.468841	-0.495312	-0.501225	-0.482405	-0.496833	-0.494502	-0.474622
708.0	-0.488935	-0.473427	-0.509214	-0.506977	-0.469333	-0.504891	-0.469007	-0.497571	-0.499572	-0.502741	-0.497326	-0.504020	-0.508008	-0.467772	-0.502686	-0.513129	-0.498674	-0.500851	-0.493298	-0.509982
709.0	-0.491516	-0.509464	-0.491050	-0.512077	-0.509050	-0.506365	-0.510225	-0.492187	-0.520233	-0.507025	-0.511385	-0.492224	-0.513905	-0.470978	-0.489680	-0.506976	-0.517477	-0.507816	-0.505198	-0.510919
710.0	-0.509578	-0.496102	-0.497374	-0.508453	-0.523626	-0.493639	-0.504604	-0.501743	-0.510171	-0.519209	-0.499602	-0.523455	-0.512698	-0.513057	-0.505368	-0.520217	-0.511343	-0.499914	-0.510948	-0.517482
711.0	-0.538234	-0.521206	-0.514193	-0.527109	-0.538202	-0.526457	-0.537793	-0.529334	-0.511244	-0.514657	-0.531471	-0.504556	-0.496214	-0.514660	-0.518106	-0.516071	-0.509343	-0.522682	-0.529667	-0.526858
712.0	-0.532122	-0.532679	-0.517691	-0.522009	-0.514800	-0.536102	-0.539533	-0.527450	-0.514061	-0.511979	-0.523570	-0.523053	-0.540039	-0.540709	-0.518240	-0.550178	-0.516677	-0.526968	-0.544375	-0.524045
713.0	-0.546382	-0.536593	-0.543929	-0.528048	-0.520818	-0.535566	-0.542745	-0.541178	-0.529892	-0.528581	-0.529060	-0.541417	-0.542853	-0.529221	-0.528967	-0.540013	-0.533213	-0.528441	-0.528731	-0.520295
714.0	-0.548827	-0.539022	-0.532895	-0.525766	-0.560400	-0.566107	-0.553986	-0.549254	-0.531905	-0.544781	-0.546200	-0.538200	-0.531596	-0.555937	-0.547337	-0.547770	-0.536014	-0.538218	-0.546247	-0.523778
715.0	-0.539049	-0.564802	-0.566129	-0.530061	-0.554249	-0.567983	-0.553585	-0.548312	-0.530563	-0.549601	-0.564410	-0.542489	-0.556390	-0.552197	-0.547605	-0.548706	-0.564018	-0.551075	-0.546648	-0.554048
716.0	-0.547469	-0.559673	-0.560209	-0.566970	-0.558528	-0.569322	-0.564424	-0.571057	-0.549882	-0.550271	-0.548744	-0.560182	-0.557998	-0.566758	-0.527626	-0.558738	-0.557617	-0.571969	-0.570180	-0.555923
717.0	-0.572729	-0.573845	-0.585101	-0.562004	-0.574977	-0.565303	-0.551845	-0.583440	-0.562493	-0.556965	-0.564544	-0.568358	-0.568988	-0.578112	-0.572142	-0.564890	-0.570553	-0.564736	-0.570448	-0.576014
718.0	-0.582236	-0.584777	-0.575817	-0.584954	-0.567889	-0.561285	-0.551711	-0.588823	-0.572153	-0.592043	-0.577533	-0.574256	-0.599411	-0.589868	-0.551359	-0.572380	-0.566952	-0.571165	-0.569645	-0.567308
719.0	-0.594866	-0.584102	-0.584832	-0.583209	-0.591024	-0.586200	-0.573525	-0.591246	-0.576580	-0.588027	-0.566954	-0.581360	-0.589225	-0.577044	-0.577908	-0.580673	-0.578154	-0.577996	-0.580877	-0.596239
720.0	-0.599619	-0.579109	-0.599633	-0.601060	-0.566953	-0.591156	-0.594268	-0.596226	-0.586240	-0.592177	-0.579541	-0.591145	-0.581452	-0.583055	-0.592121	-0.581877	-0.598824	-0.581612	-0.568442	-0.604275
721.0	-0.594866	-0.591526	-0.593847	-0.583612	-0.587146	-0.587138	-0.594669	-0.594072	-0.611730	-0.599675	-0.589048	-0.582298	-0.584400	-0.592539	-0.601775	-0.572648	-0.579487	-0.603844	-0.598259	-0.591685
722.0	-0.600434	-0.599759	-0.595865	-0.599852	-0.600518	-0.599997	-0.592126	-0.604166	-0.602339	-0.597131	-0.593467	-0.610447	-0.608256	-0.603894	-0.613977	-0.579202	-0.599891	-0.607193	-0.605747	-0.591685
723.0	-0.602471	-0.596790	-0.596000	-0.619447	-0.601053	-0.613258	-0.625315	-0.602686	-0.602473	-0.611858	-0.599225	-0.601734	-0.607586	-0.595211	-0.602043	-0.607423	-0.618027	-0.606255	-0.595718	-0.615258
724.0	-0.607496	-0.615685	-0.639056	-0.620520	-0.626060	-0.606695	-0.613271	-0.617222	-0.604351	-0.624444	-0.602840	-0.622376	-0.625143	-0.588131	-0.610759	-0.621601	-0.611626	-0.619782	-0.629948	-0.606686
725.0	-0.614422	-0.629722	-0.618066	-0.619312	-0.640903	-0.604819	-0.635218	-0.606993	-0.620182	-0.622034	-0.623327	-0.624521	-0.622999	-0.627538	-0.625776	-0.609296	-0.615360	-0.619247	-0.619385	-0.619544
726.0	-0.624472	-0.616900	-0.617528	-0.615957	-0.628467	-0.624510	-0.644720	-0.616953	-0.646612	-0.617749	-0.622791	-0.641946	-0.627287	-0.628473	-0.625240	-0.620665	-0.628295	-0.616300	-0.613903	-0.642314
727.0	-0.612928	-0.649442	-0.631117	-0.618373	-0.623786	-0.627189	-0.633880	-0.632700	-0.626756	-0.630602	-0.637520	-0.632831	-0.630236	-0.628740	-0.627788	-0.629225	-0.631896	-0.627149	-0.626739	-0.647806
728.0	-0.642942	-0.633367	-0.635692	-0.633002	-0.623786	-0.619688	-0.631605	-0.644409	-0.649027	-0.644928	-0.629218	-0.635110	-0.639751	-0.645171	-0.642805	-0.645275	-0.643764	-0.623532	-0.633290	-0.641644
729.0	-0.650276	-0.643219	-0.622372	-0.641055	-0.654195	-0.641254	-0.646861	-0.639294	-0.647819	-0.632878	-0.633905	-0.640069	-0.640958	-0.644370	-0.639721	-0.650678	-0.649099	-0.637595	-0.644655	-0.636019
730.0	-0.658180	-0.650022	-0.642689	-0.654060	-0.656308	-0.636700	-0.632542	-0.651367	-0.639635	-0.644794	-0.639395	-0.653795	-0.653234	-0.647308	-0.652526	-0.644874	-0.631762	-0.653841	-0.652103	-0.638832
731.0	-0.647016	-0.656258	-0.657301	-0.655308	-0.661376	-0.654114	-0.653338	-0.652430	-0.664120	-0.652814	-0.655155	-0.655216	-0.655352	-0.638893	-0.655315	-0.649301	-0.648299	-0.659935	-0.658187	-0.641510
732.0	-0.653739	-0.666070	-0.653695	-0.661281	-0.677999	-0.670188	-0.665731	-0.653305	-0.642050	-0.660004	-0.652598	-0.659264	-0.651787	-0.653199	-0.659834	-0.650291	-0.666715	-0.676208	-0.644655	-0.655025
733.0	-0.657704	-0.670915	-0.653238	-0.663012	-0.669895	-0.659860	-0.669719	-0.657976	-0.675792	-0.660767	-0.659761	-0.673364	-0.664358	-0.664420	-0.652231	-0.655815	-0.673596	-0.669658	-0.649202	-0.650324
734.0	-0.663082	-0.665355	-0.664257	-0.664059	-0.668464	-0.657570	-0.677347	-0.667599	-0.667849	-0.667555	-0.666818	-0.661422	-0.664532	-0.669042	-0.660035	-0.661111	-0.665608	-0.667716	-0.678818	-0.654998
735.0	-0.671462	-0.679068	-0.658943	-0.666407	-0.692989	-0.659324	-0.678364	-0.678891	-0.681507	-0.666055	-0.671893	-0.669276	-0.678698	-0.665783	-0.663548	-0.670139	-0.677663	-0.669524	-0.660139	-0.667829
736.0	-0.674707	-0.680201	-0.673730	-0.686486	-0.670336	-0.666183	-0.669906	-0.671300	-0.671821	-0.672134	-0.684627	-0.689355	-0.676460	-0.666277	-0.683996	-0.680545	-0.682371	-0.674373	-0.668054	-0.680647
737.0	-0.687759	-0.686990	-0.691450	-0.661844	-0.672329	-0.685164	-0.676731	-0.691448	-0.682929	-0.685455	-0.693545	-0.678083	-0.690331	-0.671768	-0.688367	-0.677964	-0.678570	-0.664877	-0.672239	-0.688550
738.0	-0.681511	-0.673304	-0.690495	-0.679171	-0.684337	-0.686262	-0.693767	-0.678985	-0.696184	-0.681894	-0.679003	-0.689194	-0.684850	-0.688078	-0.689641	-0.703724	-0.690465	-0.674842	-0.683110	-0.692287
739.0	-0.687989	-0.674816	-0.701434	-0.687640	-0.684992	-0.692665	-0.692215	-0.679147	-0.679964	-0.689151	-0.685243	-0.690240	-0.687839	-0.683924	-0.699242	-0.690884	-0.693853	-0.691945	-0.693392	-0.683701
740.0	-0.690448	-0.683819	-0.692055	-0.692914	-0.689017	-0.684842	-0.706173	-0.675486	-0.711680	-0.696260	-0.677128	-0.694502	-0.687209	-0.690242	-0.687161	-0.694883	-0.689999	-0.688208	-0.687963	-0.690144
741.0	-0.693938	-0.694643	-0.690306	-0.684969	-0.695610	-0.692277	-0.698411	-0.690573	-0.695808	-0.693770	-0.692125	-0.701834	-0.696322	-0.711308	-0.691787	-0.695164	-0.691919	-0.701748	-0.697269	-0.689675
742.0	-0.698447	-0.695237	-0.694814	-0.699289	-0.702644	-0.700568	-0.690127	-0.697370	-0.698089	-0.697211	-0.697213	-0.706821	-0.699847	-0.690923	-0.692779	-0.695646	-0.692706	-0.699739	-0.702029	-0.695903
743.0	-0.700796	-0.710151	-0.696980	-0.699276	-0.706602	-0.698988	-0.700539	-0.695836	-0.700987	-0.695965	-0.703681	-0.703309	-0.690573	-0.695519	-0.700529	-0.709302	-0.693693	-0.697074	-0.696120	-0.696854
744.0	-0.715721	-0.711825	-0.714001	-0.697075	-0.704075	-0.714727	-0.705437	-0.689537	-0.697432	-0.697947	-0.702074	-0.712772	-0.703975	-0.713459	-0.704364	-0.697759	-0.706921	-0.703369	-0.705185	-0.698850
745.0	-0.705074	-0.706143	-0.713718	-0.700967	-0.703072	-0.711311	-0.705664	-0.700775	-0.701550	-0.710840	-0.710563	-0.711780	-0.708907	-0.704349	-0.707568	-0.716417	-0.706308	-0.705458	-0.707097	-0.709726
746.0	-0.703784	-0.705265	-0.719019	-0.712523	-0.712339	-0.696858	-0.710924	-0.707155	-0.705696	-0.704507	-0.702275	-0.707853	-0.707004	-0.702705	-0.711765	-0.707670	-0.707468	-0.719441	-0.717406	-0.709726
747.0	-0.712802	-0.724040	-0.706789	-0.715046	-0.722208	-0.711217	-0.718779	-0.710210	-0.713893	-0.710090	-0.717312	-0.722342	-0.705235	-0.700635	-0.717732	-0.709168	-0.711269	-0.709369	-0.711576	-0.710409
748.0	-0.716971	-0.723486	-0.712992	-0.716536	-0.720644	-0.723166	-0.715929	-0.712242	-0.706944	-0.713665	-0.712036	-0.723991	-0.721746	-0.713406	-0.719354	-0.709315	-0.713696	-0.714137	-0.721096	-0.708319
749.0	-0.715654	-0.728966	-0.722383	-0.704041	-0.719895	-0.717902	-0.728415	-0.722498	-0.705495	-0.723399	-0.719896	-0.715131	-0.712994	-0.716571	-0.708333	-0.724429	-0.725538	-0.722213	-0.721671	-0.713597
750.0	-0.726070	-0.716441	-0.731210	-0.721582	-0.724214	-0.706034	-0.720746	-0.729456	-0.717462	-0.732998	-0.721985	-0.721042	-0.719374	-0.721487	-0.726515	-0.728268	-0.721510	-0.721530	-0.718248	-0.717240
751.0	-0.723626	-0.715861	-0.729339	-0.719341	-0.719707	-0.726702	-0.723329	-0.725849	-0.726115	-0.733293	-0.704658	-0.719152	-0.720781	-0.727445	-0.722277	-0.711803	-0.720430	-0.722628	-0.726418	-0.716664
752.0	-0.721303	-0.722974	-0.724280	-0.726145	-0.724094	-0.730627	-0.725738	-0.720896	-0.714940	-0.716517	-0.724636	-0.721498	-0.726196	-0.724894	-0.733822	-0.731718	-0.722964	-0.724852	-0.741567	-0.725531
753.0	-0.722824	-0.723891	-0.731492	-0.734909	-0.731342	-0.733159	-0.728455	-0.728824	-0.722708	-0.723894	-0.722614	-0.728294	-0.734157	-0.726737	-0.729987	-0.724108	-0.726325	-0.730597	-0.733919	-0.723990
754.0	-0.724658	-0.730316	-0.729111	-0.729246	-0.734217	-0.726863	-0.736872	-0.725648	-0.734151	-0.726692	-0.722173	-0.723911	-0.734451	-0.729315	-0.727896	-0.732294	-0.726711	-0.730035	-0.738171	-0.729683
755.0	-0.733417	-0.729817	-0.724684	-0.735835	-0.727464	-0.727466	-0.733620	-0.723736	-0.724183	-0.735462	-0.738428	-0.731390	-0.731583	-0.728821	-0.731449	-0.730983	-0.739380	-0.738298	-0.731418	-0.731250
756.0	-0.734680	-0.730829	-0.730887	-0.726118	-0.724468	-0.732007	-0.739281	-0.729281	-0.734138	-0.722769	-0.736205	-0.734540	-0.738687	-0.732655	-0.731194	-0.740974	-0.737526	-0.731977	-0.723810	-0.729281
757.0	-0.744458	-0.739021	-0.740561	-0.738372	-0.731101	-0.730118	-0.735628	-0.734961	-0.736459	-0.728607	-0.730126	-0.732730	-0.732026	-0.738613	-0.728982	-0.733912	-0.730792	-0.734441	-0.733277	-0.735857
758.0	-0.741620	-0.739777	-0.740628	-0.740372	-0.736557	-0.741625	-0.741275	-0.741381	-0.733024	-0.734136	-0.732978	-0.736215	-0.736636	-0.739601	-0.729357	-0.736333	-0.728298	-0.743294	-0.734587	-0.741402
759.0	-0.739719	-0.738873	-0.738489	-0.745472	-0.737052	-0.738758	-0.746454	-0.741906	-0.745703	-0.748783	-0.741936	-0.741979	-0.735309	-0.741926	-0.741613	-0.738259	-0.725804	-0.742075	-0.740149	-0.738536
760.0	-0.736867	-0.740479	-0.741005	-0.744116	-0.730232	-0.743701	-0.750121	-0.744288	-0.740873	-0.743923	-0.741414	-0.736684	-0.742908	-0.732815	-0.744911	-0.741750	-0.734112	-0.739397	-0.735416	-0.748193
761.0	-0.740466	-0.740938	-0.738018	-0.737567	-0.739526	-0.728591	-0.739509	-0.745432	-0.737183	-0.738916	-0.731278	-0.738347	-0.739678	-0.742660	-0.739668	-0.742258	-0.741234	-0.746374	-0.740871	-0.755761
762.0	-0.727578	-0.741437	-0.741032	-0.747713	-0.746506	-0.743768	-0.738840	-0.743575	-0.741946	-0.740643	-0.742445	-0.738601	-0.743994	-0.743275	-0.739065	-0.750163	-0.740914	-0.734495	-0.745752	-0.743947
763.0	-0.746265	-0.744002	-0.733470	-0.736990	-0.742361	-0.751524	-0.742801	-0.752512	-0.745367	-0.753684	-0.743008	-0.747716	-0.749824	-0.739254	-0.746842	-0.749440	-0.746688	-0.736731	-0.744522	-0.747698
764.0	-0.732874	-0.750480	-0.747719	-0.754384	-0.741785	-0.746433	-0.741583	-0.747061	-0.747742	-0.751555	-0.742820	-0.747314	-0.744141	-0.739762	-0.743946	-0.741950	-0.752409	-0.744995	-0.744187	-0.752881
765.0	-0.745233	-0.743840	-0.753451	-0.751968	-0.753767	-0.742254	-0.743189	-0.743265	-0.751552	-0.753938	-0.747413	-0.744606	-0.749877	-0.747990	-0.752862	-0.746525	-0.745554	-0.745892	-0.758093	-0.751314
766.0	-0.753775	-0.739089	-0.756613	-0.748572	-0.746573	-0.753493	-0.748248	-0.743090	-0.745112	-0.753028	-0.747721	-0.743775	-0.743391	-0.757795	-0.755249	-0.744813	-0.745994	-0.747915	-0.751702	-0.751743
767.0	-0.751004	-0.745972	-0.755711	-0.751001	-0.746907	-0.753533	-0.747900	-0.742027	-0.752142	-0.760525	-0.757027	-0.749096	-0.740040	-0.755858	-0.750342	-0.738540	-0.755569	-0.751209	-0.749349	-0.756551
768.0	-0.757061	-0.747174	-0.754204	-0.750048	-0.751908	-0.749514	-0.746776	-0.750977	-0.756757	-0.751916	-0.744628	-0.747059	-0.748658	-0.753881	-0.738006	-0.746739	-0.752342	-0.756218	-0.749349	-0.755841
769.0	-0.748329	-0.748510	-0.750962	-0.757954	-0.748111	-0.751550	-0.755728	-0.757142	-0.753350	-0.749091	-0.745056	-0.758131	-0.750065	-0.753921	-0.747512	-0.754898	-0.750808	-0.749254	-0.750177	-0.759739
770.0	-0.748601	-0.752707	-0.756021	-0.755269	-0.758902	-0.757980	-0.747645	-0.755029	-0.755416	-0.753871	-0.755086	-0.758479	-0.759286	-0.747402	-0.750301	-0.764902	-0.759383	-0.756379	-0.750980	-0.752225
771.0	-0.750393	-0.755839	-0.751742	-0.751310	-0.757204	-0.754283	-0.756130	-0.752458	-0.748292	-0.753456	-0.756759	-0.754525	-0.751955	-0.746668	-0.751146	-0.754149	-0.759023	-0.750620	-0.752651	-0.758332
772.0	-0.758501	-0.757243	-0.750599	-0.754075	-0.757164	-0.761235	-0.760867	-0.761637	-0.761842	-0.755130	-0.758969	-0.754659	-0.754702	-0.756379	-0.749001	-0.753667	-0.762770	-0.759875	-0.764230	-0.748608
773.0	-0.760470	-0.756662	-0.758389	-0.756450	-0.756362	-0.751926	-0.759837	-0.750129	-0.756583	-0.761851	-0.751470	-0.756938	-0.752786	-0.750889	-0.762329	-0.756462	-0.746981	-0.764375	-0.755539	-0.749425
774.0	-0.758759	-0.760630	-0.763273	-0.758826	-0.763396	-0.759387	-0.754270	-0.754006	-0.756623	-0.755813	-0.761071	-0.753895	-0.754756	-0.760948	-0.757984	-0.759338	-0.758410	-0.762500	-0.759550	-0.761882
775.0	-0.759289	-0.759901	-0.763085	-0.756303	-0.755038	-0.756574	-0.761657	-0.759928	-0.753645	-0.756361	-0.752863	-0.754029	-0.758817	-0.762070	-0.750717	-0.754175	-0.762357	-0.761468	-0.752424	-0.761266
776.0	-0.757238	-0.761386	-0.762506	-0.760383	-0.756067	-0.757605	-0.753842	-0.764221	-0.757093	-0.757607	-0.756813	-0.755571	-0.760492	-0.765196	-0.761001	-0.761558	-0.753036	-0.759245	-0.759203	-0.757582
777.0	-0.763349	-0.766744	-0.761887	-0.752182	-0.751922	-0.762079	-0.762192	-0.764261	-0.757911	-0.756723	-0.760723	-0.763171	-0.758669	-0.754082	-0.763173	-0.758308	-0.757930	-0.751986	-0.764043	-0.768311
778.0	-0.764925	-0.764679	-0.760192	-0.762718	-0.756549	-0.764423	-0.759449	-0.764517	-0.764016	-0.757607	-0.759571	-0.771419	-0.759755	-0.764100	-0.760988	-0.763685	-0.758610	-0.763518	-0.761569	-0.761105
779.0	-0.760647	-0.757985	-0.757878	-0.761188	-0.764452	-0.762494	-0.760961	-0.762431	-0.764284	-0.760726	-0.751577	-0.759471	-0.762020	-0.761856	-0.760747	-0.760569	-0.765584	-0.758227	-0.763401	-0.760114
780.0	-0.758134	-0.760252	-0.758053	-0.760638	-0.761657	-0.758141	-0.764655	-0.759578	-0.770058	-0.765131	-0.765008	-0.762192	-0.759326	-0.765036	-0.761859	-0.762936	-0.762890	-0.770510	-0.761797	-0.760663
781.0	-0.759791	-0.758403	-0.757030	-0.766637	-0.757980	-0.764946	-0.763263	-0.766415	-0.768872	-0.763712	-0.767003	-0.764243	-0.762422	-0.757795	-0.763871	-0.765063	-0.759197	-0.763223	-0.766209	-0.764936
782.0	-0.759683	-0.759969	-0.762345	-0.767308	-0.761376	-0.759333	-0.763705	-0.763871	-0.765062	-0.764609	-0.754791	-0.765315	-0.760961	-0.764461	-0.766459	-0.768701	-0.766664	-0.760357	-0.768576	-0.763610
783.0	-0.762168	-0.756865	-0.762224	-0.764463	-0.765602	-0.760485	-0.760399	-0.754719	-0.768013	-0.765533	-0.762169	-0.771271	-0.767019	-0.763486	-0.769045	-0.765330	-0.766104	-0.760397	-0.767078	-0.764052
784.0	-0.759438	-0.760603	-0.768361	-0.766798	-0.758782	-0.761423	-0.763129	-0.762983	-0.763452	-0.767193	-0.760026	-0.764296	-0.768677	-0.768284	-0.757971	-0.765584	-0.763677	-0.772795	-0.756756	-0.758426
785.0	-0.765196	-0.753760	-0.757205	-0.765939	-0.765281	-0.761235	-0.771351	-0.769053	-0.762835	-0.766738	-0.760723	-0.761013	-0.766590	-0.762992	-0.760840	-0.760689	-0.770005	-0.771532	-0.764457	-0.763060
786.0	-0.763227	-0.765084	-0.759560	-0.764114	-0.774987	-0.769460	-0.769925	-0.765742	-0.765773	-0.763390	-0.759183	-0.758613	-0.764995	-0.765944	-0.766552	-0.762735	-0.765344	-0.763919	-0.770924	-0.764373
787.0	-0.768863	-0.761939	-0.766260	-0.758665	-0.767862	-0.767451	-0.771121	-0.762660	-0.760836	-0.763243	-0.760000	-0.764136	-0.766697	-0.762391	-0.771602	-0.762575	-0.762517	-0.772290	-0.763187	-0.764413
788.0	-0.768727	-0.769918	-0.767162	-0.761067	-0.756870	-0.768201	-0.770750	-0.767922	-0.763975	-0.763511	-0.766561	-0.767272	-0.768261	-0.765997	-0.764112	-0.756329	-0.774514	-0.764870	-0.762051	-0.770245
789.0	-0.765101	-0.773030	-0.768178	-0.765818	-0.762205	-0.765441	-0.767157	-0.769457	-0.770536	-0.764488	-0.769058	-0.768009	-0.770215	-0.764381	-0.763857	-0.763203	-0.763144	-0.765727	-0.767773	-0.765927
790.0	-0.769048	-0.769604	-0.764834	-0.761805	-0.764960	-0.766433	-0.767666	-0.767236	-0.774165	-0.766349	-0.765155	-0.772128	-0.756552	-0.767240	-0.771516	-0.771378	-0.771993	-0.768915	-0.770190	-0.766931
791.0	-0.765088	-0.767797	-0.760905	-0.766530	-0.766003	-0.760686	-0.766622	-0.769766	-0.773113	-0.763431	-0.771960	-0.766052	-0.757785	-0.762204	-0.764984	-0.772549	-0.770457	-0.773512	-0.766035	-0.768431
792.0	-0.771374	-0.768433	-0.764269	-0.768422	-0.766123	-0.770422	-0.763022	-0.772811	-0.769100	-0.767193	-0.769833	-0.760986	-0.766107	-0.763820	-0.763308	-0.768701	-0.769171	-0.772476	-0.773800	-0.767467
793.0	-0.773114	-0.768545	-0.768023	-0.774703	-0.762326	-0.765080	-0.767826	-0.771000	-0.766135	-0.768224	-0.769325	-0.769540	-0.768462	-0.768129	-0.761739	-0.774531	-0.769025	-0.769674	-0.769030	-0.766583
794.0	-0.769757	-0.769673	-0.766920	-0.768406	-0.767835	-0.768134	-0.771208	-0.770170	-0.771245	-0.764046	-0.774062	-0.769323	-0.773601	-0.766919	-0.771775	-0.772275	-0.758970	-0.768111	-0.773294	-0.763824
795.0	-0.772196	-0.771178	-0.767350	-0.761403	-0.763289	-0.767946	-0.765177	-0.765217	-0.773550	-0.772481	-0.770543	-0.768023	-0.770625	-0.773187	-0.768644	-0.767082	-0.765264	-0.761884	-0.769687	-0.767789
796.0	-0.766636	-0.769737	-0.770194	-0.767657	-0.767140	-0.766620	-0.766836	-0.768272	-0.766913	-0.767809	-0.773327	-0.777105	-0.761283	-0.773176	-0.766673	-0.773102	-0.763651	-0.769437	-0.769458	-0.770766
797.0	-0.768727	-0.764369	-0.762681	-0.771983	-0.765375	-0.774671	-0.770229	-0.771443	-0.771722	-0.757888	-0.769558	-0.770149	-0.769493	-0.768837	-0.760344	-0.763297	-0.765051	-0.769840	-0.772979	-0.769703
798.0	-0.766296	-0.768054	-0.762103	-0.774592	-0.766645	-0.766419	-0.775825	-0.776182	-0.767772	-0.762627	-0.769906	-0.775156	-0.768131	-0.764675	-0.765627	-0.769975	-0.765891	-0.771805	-0.771041	-0.768659
799.0	-0.764748	-0.771336	-0.767767	-0.771755	-0.767768	-0.769915	-0.770630	-0.772073	-0.765290	-0.772914	-0.767244	-0.769772	-0.764620	-0.764835	-0.773643	-0.776359	-0.770716	-0.779619	-0.767760	-0.773272
800.0	-0.765712	-0.771107	-0.765157	-0.767107	-0.762540	-0.771176	-0.766461	-0.769039	-0.764029	-0.774388	-0.773115	-0.768090	-0.763749	-0.774360	-0.767585	-0.772237	-0.771073	-0.772478	-0.768308	-0.775000
