500.00 271.00 270.62 270.90 271.04 271.06 270.72 270.45 270.88 270.64 273.10 272.28 271.79 272.45 273.07 271.91 271.92 273.21 271.99 271.37 271.60
501.00 270.54 270.68 271.03 270.90 270.64 270.70 270.59 271.13 270.88 273.29 272.25 271.53 272.21 273.21 272.12 272.00 273.43 271.98 271.49 271.58
502.00 270.56 270.80 270.87 270.96 270.30 270.64 270.30 271.50 270.86 272.99 272.19 271.17 272.38 272.90 272.09 272.07 273.01 272.12 271.72 271.93
503.00 270.43 271.06 271.05 270.96 270.54 270.81 270.22 271.57 270.84 272.74 272.17 271.27 272.24 272.92 272.16 272.24 273.39 272.21 271.75 271.67
504.00 270.53 271.09 270.94 270.69 270.49 270.68 270.22 271.63 270.77 272.54 272.18 271.53 272.62 272.98 272.18 272.28 273.30 272.19 272.01 271.44
505.00 270.64 270.84 271.15 270.82 270.46 270.82 270.21 271.45 270.99 272.70 272.17 271.42 272.41 272.79 271.96 272.11 273.20 272.60 271.97 271.74
506.00 270.57 271.01 271.18 271.17 270.56 271.08 270.12 271.65 271.35 273.06 272.15 271.68 272.11 273.07 272.10 272.07 273.35 272.44 271.85 271.86
507.00 270.53 270.90 271.04 271.16 270.48 270.49 270.24 271.28 270.99 273.12 272.35 271.64 272.33 273.01 272.27 272.44 273.15 272.64 271.83 271.67
508.00 270.96 270.86 271.23 271.27 270.54 270.87 270.41 271.54 271.49 273.21 272.24 271.86 272.54 273.24 272.29 272.34 273.34 272.60 272.11 271.81
509.00 271.01 271.37 271.26 271.13 270.56 270.87 270.37 271.49 271.26 273.00 272.54 271.86 272.89 272.94 272.32 272.65 273.32 272.40 271.87 271.77
510.00 271.06 271.39 271.47 271.36 270.89 271.04 270.43 271.69 271.19 273.33 272.63 271.61 272.58 273.12 272.61 272.31 273.12 272.40 272.24 271.71
511.00 270.79 271.16 271.38 271.22 270.90 271.21 270.41 271.59 271.20 273.32 272.71 271.71 272.66 273.01 272.59 272.62 273.52 272.33 272.46 272.01
512.00 271.00 271.26 271.19 271.00 270.88 271.00 270.83 272.01 271.47 273.57 272.82 271.91 272.45 273.07 272.59 272.76 273.80 272.78 272.56 271.85
513.00 271.19 271.53 271.46 271.32 271.08 271.02 270.84 271.79 271.62 273.25 272.81 272.02 272.95 273.46 272.95 272.69 273.69 272.71 272.48 272.55
514.00 270.92 271.25 271.83 271.48 270.93 271.46 270.76 271.76 271.71 273.39 272.91 271.67 272.91 273.44 272.79 272.99 273.83 272.74 272.17 272.25
515.00 271.20 271.43 271.90 271.38 271.23 271.51 270.76 271.87 271.31 273.40 272.87 271.95 273.03 273.35 273.08 273.02 273.74 273.06 272.34 271.92
516.00 271.55 272.00 271.97 271.55 271.33 271.86 270.79 272.14 271.42 273.17 273.15 271.92 272.95 273.51 272.97 272.84 274.00 273.02 272.54 272.03
517.00 271.22 271.75 271.64 271.55 271.02 271.39 271.12 272.14 271.75 273.96 273.13 271.72 272.71 273.69 272.67 272.80 273.97 272.75 272.34 272.14
518.00 271.39 271.87 271.78 271.92 271.32 271.47 270.81 272.12 271.57 273.56 273.00 271.95 273.08 273.71 272.61 272.77 274.58 272.90 272.44 272.32
519.00 271.34 272.24 271.81 271.84 271.03 271.66 270.95 272.01 272.01 273.65 273.52 271.94 273.25 274.05 273.12 273.02 273.95 273.02 272.82 272.38
520.00 271.50 271.89 272.09 271.70 271.09 271.51 271.24 272.38 271.78 274.04 273.29 272.37 273.37 273.59 273.18 273.04 274.05 273.10 273.00 272.55
521.00 271.80 271.53 272.75 271.87 271.44 271.94 270.84 272.46 272.06 273.70 273.18 272.38 273.09 273.78 272.68 273.08 274.10 273.40 272.86 272.14
522.00 271.22 271.64 272.02 271.76 271.72 271.67 271.10 272.27 271.88 273.85 272.91 272.48 273.07 273.67 272.94 272.97 274.25 272.97 272.77 272.22
523.00 271.65 271.63 271.85 271.79 271.28 271.80 270.99 272.39 272.21 273.73 273.20 272.44 273.26 273.58 273.04 273.13 274.11 273.21 272.76 272.41
524.00 271.46 271.90 271.53 272.25 271.38 271.57 271.27 272.21 271.76 274.07 273.37 272.26 273.29 274.08 273.19 273.04 274.59 273.31 272.64 272.10
525.00 271.46 272.60 271.83 271.66 271.44 271.18 271.52 272.25 271.71 274.09 273.44 272.37 273.01 274.07 273.48 273.02 274.37 273.42 272.89 272.47
526.00 271.64 271.99 272.34 271.61 271.17 271.27 271.14 272.08 271.95 273.62 272.99 272.42 273.12 274.12 273.16 272.81 274.10 273.41 272.68 272.28
527.00 271.29 271.53 272.25 271.62 271.10 271.57 271.29 272.43 272.01 273.83 273.26 272.23 273.23 273.87 273.34 272.99 273.97 273.20 272.78 272.27
528.00 271.51 271.64 272.26 271.95 271.39 271.67 271.57 272.12 271.72 274.07 273.15 272.26 273.35 274.21 272.93 273.31 274.37 272.98 272.51 272.57
529.00 271.16 271.62 271.89 271.76 271.36 271.76 271.26 272.31 271.44 273.80 273.00 272.20 273.27 274.27 273.22 273.51 273.86 273.15 272.64 272.70
530.00 271.32 271.44 271.90 272.12 271.67 271.72 271.34 272.30 271.74 273.87 273.25 272.32 273.33 274.15 273.34 273.22 273.97 273.25 272.56 272.56
531.00 271.39 271.46 272.03 272.49 271.36 271.66 271.17 272.32 271.63 273.88 273.18 272.53 273.19 273.77 272.68 272.76 274.08 273.24 272.85 272.81
532.00 271.19 271.82 271.83 271.76 271.52 271.98 270.95 272.63 271.94 273.72 272.84 272.33 273.08 273.67 273.03 273.39 273.88 273.14 272.69 272.61
533.00 271.52 271.69 272.26 271.79 271.23 271.91 270.99 272.85 271.81 273.99 273.46 272.36 273.15 274.04 273.46 273.19 274.36 273.10 272.53 272.59
534.00 271.28 271.97 271.93 272.07 271.21 271.75 271.51 272.57 271.86 273.73 273.55 272.32 273.65 274.07 273.31 273.41 274.15 273.40 272.50 272.33
535.00 271.65 271.80 272.09 272.17 271.24 271.92 271.08 272.72 271.88 273.88 273.21 272.22 273.56 274.35 272.79 273.48 274.09 272.96 272.84 272.64
536.00 271.89 272.09 272.47 272.35 271.45 271.38 271.12 272.69 271.56 273.59 273.26 272.30 273.47 274.20 273.16 273.42 273.91 273.16 272.81 272.59
537.00 271.73 272.12 272.00 272.19 271.33 271.99 270.91 272.56 271.96 274.32 273.34 272.25 273.25 274.08 273.05 273.08 274.30 273.56 272.62 272.40
538.00 272.01 272.29 272.17 272.44 272.00 271.81 271.35 272.32 271.86 274.31 273.15 272.56 273.28 273.96 272.99 273.32 273.96 273.20 272.93 272.71
539.00 271.89 271.73 272.01 271.89 271.82 272.00 271.48 272.06 272.27 273.72 273.63 272.85 273.56 274.08 273.74 273.46 274.22 273.29 272.90 272.61
540.00 271.97 272.23 272.26 272.25 272.10 272.39 271.57 272.73 271.67 274.00 273.60 272.69 273.12 273.93 273.57 273.02 274.50 273.30 272.65 272.76
541.00 271.81 272.36 272.34 272.39 271.74 271.89 271.60 272.50 271.87 273.98 273.38 272.42 273.58 274.08 273.29 273.33 274.28 273.22 272.24 273.09
542.00 271.64 271.95 272.05 272.17 271.35 271.88 271.72 272.41 271.71 273.74 273.38 272.56 273.33 274.36 273.48 273.26 274.25 273.43 272.39 272.71
543.00 271.91 271.96 272.37 272.02 271.68 271.96 271.47 272.69 272.06 274.20 273.44 272.54 273.73 274.52 273.54 273.64 274.42 273.48 273.18 272.95
544.00 271.86 272.19 272.17 272.10 271.95 271.72 271.23 272.83 272.06 274.26 273.59 272.61 272.94 273.89 273.66 273.26 274.35 273.96 272.89 272.90
545.00 272.10 272.25 272.28 272.18 271.44 271.55 271.43 272.52 272.21 274.34 273.65 272.91 273.63 274.21 273.78 273.49 274.39 273.69 272.80 272.83
546.00 271.75 272.14 272.26 272.13 271.85 271.90 271.43 272.46 272.04 273.81 273.47 272.77 273.41 274.25 273.17 273.65 274.23 273.50 273.14 272.87
547.00 271.57 271.98 272.35 272.42 272.27 271.64 271.66 272.62 272.11 274.16 273.35 272.49 273.27 273.99 273.51 273.09 274.19 273.63 273.53 272.98
548.00 271.77 272.13 272.33 271.80 271.86 271.75 271.58 272.86 272.05 274.04 273.75 272.51 273.53 274.04 273.47 273.19 274.05 273.76 272.98 272.97
549.00 271.86 272.14 272.71 271.92 271.70 271.95 271.85 272.64 272.06 274.31 273.49 272.73 273.69 273.86 273.25 273.48 274.17 273.28 273.23 273.17
550.00 271.94 271.96 272.16 272.22 271.59 272.20 271.54 272.61 272.34 273.87 273.48 272.71 273.91 273.79 273.63 273.90 274.46 273.58 272.79 273.06
551.00 271.97 272.06 272.43 271.58 271.84 271.97 271.60 272.52 272.33 274.07 273.22 272.58 273.77 274.14 273.28 273.20 274.62 273.25 272.32 272.79
552.00 271.80 272.43 272.12 272.18 271.95 272.04 271.40 272.14 272.09 273.63 273.15 272.66 273.73 273.99 273.57 273.50 274.38 273.54 272.59 272.71
553.00 271.41 272.31 272.15 272.14 271.42 271.66 271.51 272.47 272.53 274.26 273.59 272.69 273.53 274.05 273.40 273.58 274.24 273.85 272.73 273.09
554.00 271.76 272.54 272.37 271.98 271.41 271.90 271.67 272.31 271.90 273.75 273.58 272.68 273.68 273.97 273.38 273.29 274.41 273.83 272.85 272.73
555.00 271.38 271.98 272.36 271.90 271.58 271.68 271.59 272.58 272.24 273.52 272.88 272.59 273.48 273.99 273.47 273.37 274.34 273.30 272.50 272.61
556.00 271.83 271.71 272.07 271.80 271.90 271.89 271.62 272.92 272.08 273.83 272.87 272.65 273.04 274.16 273.53 273.14 274.25 273.22 272.74 272.39
557.00 271.77 271.66 271.95 272.22 271.87 271.89 271.69 272.51 271.82 273.84 272.93 272.58 273.38 273.65 273.29 273.28 274.18 273.15 272.60 273.10
558.00 271.89 271.96 272.25 272.60 271.70 271.96 271.45 272.64 272.09 273.99 273.18 272.34 273.13 274.28 273.16 273.43 274.55 273.37 272.50 272.83
559.00 272.09 271.95 272.55 271.87 271.72 271.75 271.40 272.54 271.63 274.16 273.32 272.33 273.27 274.19 273.32 273.12 274.58 273.17 272.49 272.92
560.00 271.73 272.11 272.14 272.09 271.81 271.89 271.47 272.60 271.87 274.04 273.38 272.55 273.46 273.85 273.22 273.26 274.38 273.54 272.49 272.64
561.00 271.90 272.21 272.41 272.07 271.34 271.77 271.37 272.41 271.89 273.65 273.38 272.48 273.47 273.75 273.09 273.53 273.83 273.27 272.76 272.98
562.00 271.89 271.81 272.50 272.40 271.03 271.84 271.91 272.47 271.98 273.89 273.60 272.19 273.80 273.99 273.65 273.29 274.47 273.44 272.96 272.54
563.00 271.77 271.93 272.05 272.27 271.77 272.21 271.79 272.48 272.17 273.91 273.18 272.55 273.81 273.74 273.35 273.60 274.65 273.79 272.95 272.93
564.00 271.79 272.17 272.06 272.31 271.60 272.24 271.38 272.68 272.04 274.19 273.44 272.64 273.57 273.94 273.44 273.81 274.72 273.33 273.02 272.90
565.00 271.65 272.18 272.21 272.13 271.48 271.63 271.49 272.76 272.06 274.21 273.47 272.31 273.78 274.27 273.47 273.26 274.43 273.28 272.83 272.94
566.00 271.99 272.13 272.20 272.55 271.73 272.15 271.46 272.91 271.63 274.15 272.97 272.47 273.91 274.08 273.67 273.21 273.83 273.82 273.37 272.74
567.00 271.88 272.04 271.93 272.19 272.09 271.79 271.79 273.09 271.75 274.16 273.32 272.55 273.86 273.97 273.53 273.79 274.42 273.68 272.92 273.40
568.00 271.70 272.26 272.13 272.23 271.97 272.05 271.89 272.59 272.17 274.39 273.70 272.46 273.65 273.83 273.81 273.94 274.68 273.48 273.10 273.01
569.00 271.84 272.21 272.06 272.16 271.88 271.99 271.73 272.88 271.97 274.68 273.35 272.74 273.61 274.32 274.10 273.67 274.91 274.10 273.40 273.15
570.00 272.35 272.39 272.18 272.57 272.07 272.23 271.86 273.07 272.54 274.23 273.72 272.87 273.68 274.68 274.17 273.75 274.54 273.88 272.75 272.93
571.00 271.79 272.21 272.85 272.71 271.77 272.18 271.80 272.68 272.61 274.53 273.76 272.56 273.83 274.25 273.77 273.63 274.99 273.45 272.55 273.19
572.00 272.03 272.44 273.02 272.63 271.36 272.22 271.53 272.67 272.92 274.72 274.50 273.59 273.93 274.58 273.88 273.57 274.89 273.56 273.35 273.30
573.00 272.33 272.52 272.67 272.39 271.98 272.23 271.62 273.62 272.48 274.65 274.12 273.06 274.03 274.61 273.75 273.64 274.84 274.05 273.08 273.02
574.00 271.95 272.34 272.66 272.54 272.16 272.52 272.59 273.33 272.46 274.41 274.13 273.34 273.71 274.36 273.68 273.98 274.78 274.14 273.51 272.93
575.00 272.41 272.06 272.70 272.44 271.99 272.49 272.30 273.29 272.39 274.65 274.03 272.77 274.27 274.68 273.45 273.71 274.84 273.82 273.25 272.87
576.00 272.39 272.83 273.19 272.58 271.94 272.27 272.45 273.23 272.77 274.73 273.87 273.32 274.20 274.93 273.43 274.08 274.88 274.34 273.83 273.03
577.00 272.46 272.79 272.78 272.55 272.67 272.23 272.35 273.14 273.06 274.70 273.73 273.08 273.77 274.93 273.73 273.97 275.23 274.46 273.27 273.52
578.00 272.21 272.91 272.80 272.92 272.15 272.80 272.19 272.81 273.10 275.01 274.34 273.27 274.27 275.01 274.16 273.86 275.01 274.32 273.25 273.82
579.00 272.57 272.82 272.82 272.96 272.03 272.64 272.10 273.11 272.65 274.84 273.79 273.43 274.23 274.98 274.21 274.17 274.84 273.99 273.43 273.45
580.00 272.78 272.87 273.49 272.93 272.13 272.43 271.98 273.21 272.55 274.89 274.24 273.68 274.12 274.89 273.81 274.46 274.85 273.95 273.33 273.49
581.00 272.23 272.58 273.42 272.76 271.99 273.00 272.08 272.91 273.24 274.87 274.56 273.73 274.15 274.55 273.99 274.74 275.65 273.91 273.51 273.38
582.00 272.74 272.79 273.12 272.92 272.33 272.67 272.66 273.52 273.39 274.71 274.13 273.65 274.41 274.88 274.13 274.27 275.62 274.34 273.36 273.66
583.00 272.64 272.73 273.52 273.26 271.88 272.62 272.43 273.55 273.50 274.81 274.36 273.76 274.38 274.83 273.91 274.30 275.16 274.88 273.83 273.70
584.00 273.40 272.69 273.72 273.16 272.87 273.08 272.49 273.60 273.20 274.86 274.72 274.18 273.94 275.39 274.12 274.15 275.22 274.10 273.80 273.96
585.00 272.84 273.10 273.19 273.12 272.60 272.88 273.19 273.70 273.09 274.94 274.26 273.30 274.58 275.23 273.99 274.43 275.63 274.01 274.05 274.36
586.00 272.34 273.27 273.30 273.17 272.46 273.23 272.56 273.77 272.78 275.14 274.57 273.58 274.44 275.26 274.46 274.49 275.69 274.47 273.68 274.25
587.00 272.55 272.65 273.66 273.23 272.64 272.66 273.15 273.78 272.80 274.50 274.91 273.57 274.33 275.69 274.53 274.34 275.75 274.56 274.00 274.05
588.00 273.25 273.13 273.42 273.50 272.70 273.39 272.67 273.43 273.11 275.59 274.33 273.88 274.69 275.35 274.56 274.77 275.07 274.52 274.10 274.08
589.00 273.07 273.26 273.14 273.05 272.63 273.32 272.28 273.79 272.64 275.28 274.70 273.69 274.77 275.06 274.93 274.49 275.58 275.02 274.16 274.22
590.00 272.99 272.96 273.31 273.32 272.93 273.00 272.47 273.81 273.08 275.24 274.68 273.97 274.99 275.82 274.94 274.61 275.29 274.80 274.01 274.47
591.00 272.39 273.24 273.87 272.95 272.89 272.92 272.35 273.35 273.22 275.17 274.89 273.35 274.81 275.51 274.55 274.23 275.33 274.97 274.55 273.85
592.00 273.15 273.51 272.92 272.94 272.64 273.04 272.53 273.51 272.78 275.01 274.70 273.53 274.37 275.02 274.85 274.35 275.38 274.50 274.63 273.74
593.00 273.19 273.10 273.07 273.18 273.19 273.01 272.60 273.60 272.69 275.04 274.32 273.13 274.39 275.13 274.46 274.51 275.69 274.62 274.06 273.31
594.00 272.89 273.05 273.94 273.14 272.93 272.35 272.79 273.64 272.99 275.34 274.26 273.68 273.88 275.25 274.70 274.46 275.39 274.97 274.10 274.02
595.00 272.76 272.93 273.23 272.89 272.35 272.29 272.65 273.56 273.30 275.28 274.11 273.65 274.08 274.63 274.16 274.74 275.74 274.59 274.04 273.57
596.00 272.47 272.94 273.07 273.23 272.92 272.83 272.27 273.96 272.97 275.41 274.75 273.58 273.95 274.98 274.40 274.64 275.12 274.44 274.13 273.86
597.00 272.44 272.92 273.66 273.15 272.83 272.78 272.07 273.36 272.73 274.96 274.44 273.60 274.65 274.77 274.38 274.08 275.25 274.67 274.10 273.89
598.00 272.74 273.15 272.77 273.17 272.65 272.53 272.38 274.12 272.93 274.65 274.57 273.29 274.15 274.55 274.38 274.12 275.59 274.70 274.07 274.10
599.00 272.90 273.01 273.63 273.20 273.25 272.93 272.55 273.37 272.81 275.13 274.20 273.38 274.68 274.58 274.20 274.37 275.31 273.98 274.12 273.86
600.00 272.42 272.99 272.85 273.25 272.70 273.10 272.55 273.52 272.95 275.19 274.29 273.40 274.58 274.56 274.13 274.53 275.20 274.27 274.23 273.90
601.00 272.49 273.03 273.22 273.16 272.23 272.93 272.23 273.17 272.94 275.12 274.22 273.21 274.26 275.02 274.50 274.87 274.96 273.97 274.26 273.93
602.00 273.08 272.86 273.07 273.15 272.04 273.26 272.20 273.62 272.99 274.68 273.99 272.91 274.14 275.07 273.96 274.44 275.11 274.03 273.80 273.29
603.00 272.61 272.87 273.39 273.16 272.29 272.80 271.82 273.25 272.84 274.84 274.21 273.15 274.55 275.15 274.31 274.69 274.62 274.32 273.50 273.18
604.00 272.65 273.04 272.51 273.00 272.40 272.88 271.93 272.76 272.52 274.72 273.93 273.06 273.96 274.75 274.30 274.05 275.30 273.99 273.45 273.16
605.00 272.78 272.70 272.55 272.86 272.10 272.88 272.06 273.49 272.59 274.72 273.54 273.03 274.04 274.68 274.64 274.24 275.49 273.95 273.38 273.43
606.00 272.43 272.86 272.91 273.04 272.23 272.59 271.72 273.29 272.79 274.84 274.59 273.23 274.07 274.38 274.26 274.01 274.96 273.87 273.47 273.55
607.00 272.28 272.13 272.89 272.46 272.44 272.82 271.75 273.48 272.54 274.76 273.95 273.02 273.98 275.23 273.86 274.30 275.12 274.17 273.26 273.10
608.00 272.72 272.43 273.08 272.96 272.34 272.82 271.79 273.55 272.80 274.74 273.83 273.09 273.97 274.69 274.11 274.12 274.95 273.98 273.54 273.63
609.00 272.20 272.60 273.29 272.48 272.41 272.52 272.08 273.26 272.32 274.42 274.08 273.18 274.81 274.70 273.69 274.11 274.85 273.83 273.50 273.45
610.00 272.19 272.79 272.58 272.65 272.19 272.44 272.27 273.39 272.27 275.35 273.91 273.28 274.49 274.49 274.30 273.61 274.67 273.74 273.44 273.32
611.00 272.38 272.23 273.11 272.78 272.21 272.32 271.91 273.21 272.32 274.81 273.76 273.19 274.29 274.67 273.92 274.30 275.21 273.74 273.43 273.28
612.00 272.38 272.31 273.20 272.40 272.14 272.71 271.78 273.17 272.77 274.34 274.04 273.69 274.37 274.62 274.22 274.03 275.19 274.07 273.61 273.40
613.00 272.83 272.35 273.18 272.32 272.38 272.59 272.04 273.11 272.52 274.57 273.94 273.29 274.36 274.60 274.36 273.85 274.92 273.74 273.41 273.39
614.00 272.22 272.88 272.67 272.53 272.22 272.20 272.57 272.96 272.42 274.47 273.97 273.52 274.05 275.18 274.12 274.11 275.18 273.76 273.46 273.40
615.00 272.25 272.45 272.66 272.70 271.86 272.61 272.00 272.81 272.33 274.50 274.37 273.21 274.41 275.12 274.19 274.49 275.01 273.90 272.84 273.64
616.00 272.51 272.54 273.38 273.34 272.22 272.32 271.69 272.95 272.73 275.22 273.99 273.38 273.76 274.85 274.49 274.29 275.31 273.87 273.29 273.97
617.00 271.92 272.95 273.35 272.68 272.57 272.37 272.04 273.30 273.05 275.09 274.33 272.95 274.29 274.55 273.79 273.85 275.32 274.18 273.82 273.42
618.00 272.24 272.96 273.13 272.70 272.22 272.47 271.95 273.22 273.04 274.86 274.04 273.51 274.07 274.63 273.78 274.33 274.77 274.14 273.47 273.47
619.00 272.23 273.13 273.21 272.37 271.92 273.11 272.28 273.39 272.22 274.62 274.03 273.32 274.55 274.77 273.92 273.85 275.00 274.23 273.36 273.16
620.00 272.68 272.94 272.96 272.75 272.19 272.55 272.30 273.15 272.79 274.68 274.18 273.43 274.49 274.26 274.24 274.14 275.10 274.21 273.44 273.66
621.00 272.64 272.40 272.87 272.95 272.65 272.33 272.37 273.17 272.98 274.76 274.43 273.32 274.40 274.63 273.68 274.16 274.92 274.37 273.47 274.02
622.00 272.10 272.50 272.85 272.81 271.99 272.81 272.00 272.70 272.58 274.81 274.32 273.50 274.44 274.90 274.16 274.61 275.50 274.00 273.52 273.59
623.00 272.71 272.98 272.60 273.30 272.36 272.59 272.36 273.30 272.85 274.57 274.25 273.62 274.50 275.34 274.22 274.63 275.70 274.70 274.08 273.71
624.00 272.81 272.74 272.94 272.96 272.48 272.62 272.46 273.61 272.86 274.83 274.06 273.67 274.44 274.75 274.22 274.37 275.56 274.14 274.46 273.55
625.00 273.03 273.02 272.95 273.24 272.50 272.51 272.32 273.85 272.98 275.17 274.78 273.65 274.31 275.23 274.69 274.42 275.87 274.36 274.66 273.63
626.00 272.93 273.12 273.30 273.28 273.09 272.91 272.54 274.04 272.87 275.00 274.50 273.68 275.01 275.38 274.51 274.55 275.56 274.16 274.13 274.10
627.00 272.58 273.24 273.77 273.26 272.52 273.25 272.80 273.98 273.03 275.89 274.47 273.24 274.88 275.42 274.50 274.92 275.62 274.50 273.95 274.03
628.00 273.30 272.99 273.86 273.68 273.13 273.17 273.34 274.22 273.21 275.48 274.34 274.27 274.96 275.17 275.15 274.77 276.62 274.76 273.48 274.32
629.00 272.94 273.97 273.67 273.25 273.41 273.36 272.92 274.12 273.69 275.58 274.93 273.94 274.83 275.49 274.77 274.61 276.11 275.01 274.30 274.42
630.00 273.43 274.17 273.77 274.01 273.04 273.58 272.85 274.13 273.42 275.59 274.93 274.40 275.20 275.77 274.73 275.52 275.98 275.24 274.06 274.49
631.00 273.03 274.01 273.91 274.16 273.33 273.48 273.33 274.37 274.23 275.78 274.78 273.97 274.90 275.34 275.12 275.89 276.01 274.96 274.23 274.67
632.00 273.37 273.18 273.93 274.29 273.56 273.73 273.21 275.08 274.72 275.46 275.23 274.67 275.29 275.95 275.11 275.64 276.31 275.58 274.56 274.32
633.00 273.61 273.99 274.20 274.78 274.59 273.85 273.48 274.97 274.56 276.29 275.44 274.79 275.41 276.59 275.55 275.81 276.73 275.17 275.25 274.74
634.00 273.56 274.34 274.37 275.25 274.29 274.23 273.62 275.32 274.89 276.78 275.90 275.06 275.62 277.06 276.03 275.67 276.86 276.11 275.21 275.07
635.00 274.00 274.35 274.66 274.58 274.61 274.84 273.95 275.12 275.12 276.81 276.02 275.35 276.53 276.44 276.59 275.99 277.22 275.83 275.41 274.95
636.00 274.71 275.28 274.84 275.22 274.59 275.12 274.05 275.62 274.74 277.12 276.39 275.78 276.70 276.46 276.18 276.88 277.54 276.24 275.64 275.17
637.00 274.81 274.51 275.31 276.00 274.97 275.17 274.46 275.37 275.51 276.71 276.50 275.91 276.84 276.53 276.89 276.66 277.42 277.59 276.03 275.97
638.00 275.05 275.75 275.64 276.10 275.25 275.49 275.41 276.56 275.85 277.43 277.39 276.13 276.90 277.89 276.69 276.83 277.67 277.33 275.76 276.12
639.00 275.54 277.18 276.48 275.79 275.61 275.93 276.66 276.22 276.32 278.26 277.96 276.64 277.26 278.02 277.32 277.71 278.52 277.63 277.02 276.79
640.00 276.38 277.15 276.80 277.03 275.53 276.15 276.41 277.12 276.87 278.89 277.81 277.63 277.62 278.67 278.17 278.82 279.42 278.13 277.05 277.61
641.00 277.55 277.87 277.80 276.97 276.67 277.24 275.63 277.72 277.82 279.72 278.66 277.83 278.25 279.92 278.76 279.20 279.18 279.93 277.75 277.13
642.00 278.70 278.32 277.56 277.86 277.89 278.09 276.75 278.23 277.40 280.17 278.55 277.91 279.28 280.84 279.48 279.03 279.70 278.47 278.53 278.53
643.00 278.19 278.22 278.44 278.78 278.73 278.58 277.94 279.70 278.58 280.08 280.54 279.70 279.98 280.17 279.97 279.99 281.78 280.61 279.34 279.79
644.00 279.34 278.64 279.51 279.57 279.10 279.38 278.56 280.89 278.98 280.73 280.48 280.27 280.05 281.25 280.89 281.45 282.28 281.36 280.13 279.66
645.00 280.01 280.94 280.47 280.77 279.47 280.18 280.71 280.65 280.20 281.73 281.37 281.62 281.75 282.81 281.81 281.93 282.87 282.04 281.06 280.56
646.00 281.57 281.82 280.93 282.00 280.79 281.14 280.43 281.74 281.80 283.20 281.99 282.13 282.86 282.95 282.48 283.29 284.44 283.01 282.54 282.22
647.00 283.75 283.01 283.58 282.89 282.76 282.62 281.18 282.98 282.54 285.58 283.61 283.17 284.04 284.02 282.74 283.69 284.57 284.20 284.11 284.18
648.00 282.86 284.60 284.03 283.98 283.47 284.10 282.66 283.18 283.39 286.23 285.46 284.31 285.62 285.03 284.50 285.36 286.03 284.97 285.05 285.28
649.00 285.20 284.74 285.02 285.21 284.14 285.70 284.31 284.58 284.45 287.35 285.99 285.63 286.48 287.19 286.22 287.42 286.73 286.72 286.79 286.20
650.00 286.23 286.52 286.56 286.18 285.97 286.12 285.34 286.09 285.84 287.39 287.03 286.38 288.21 288.43 287.77 287.80 288.54 286.98 287.13 286.76
651.00 287.01 288.08 287.53 288.23 287.05 286.77 287.50 287.14 287.37 288.07 288.50 286.88 289.42 289.46 288.61 288.90 289.59 288.53 287.96 288.00
652.00 288.95 288.04 288.49 287.69 287.71 288.16 287.66 288.52 288.52 289.65 289.97 288.99 289.75 289.67 288.72 289.16 290.81 289.48 289.02 289.11
653.00 288.98 289.64 288.72 288.65 289.69 287.30 288.11 288.83 288.98 291.92 291.30 291.16 290.39 290.05 290.73 290.47 290.03 291.45 289.85 289.36
654.00 289.29 289.65 289.63 288.93 289.11 289.15 289.00 289.96 289.93 292.05 292.01 289.51 290.72 290.85 290.67 290.77 292.34 290.83 290.20 289.49
655.00 290.24 291.61 291.15 289.96 289.47 290.52 290.16 291.44 290.00 292.74 291.79 290.96 291.26 291.98 291.74 292.19 293.93 292.75 290.62 291.34
656.00 290.63 292.88 291.27 289.71 290.77 290.76 289.66 290.84 290.63 293.51 292.34 291.74 291.35 292.09 291.62 291.48 292.36 292.54 291.78 292.74
657.00 291.17 292.35 291.41 291.56 291.32 291.45 291.07 290.88 289.74 294.06 292.32 292.39 293.08 293.59 292.30 291.77 294.53 294.08 293.40 290.66
658.00 292.14 292.07 292.13 291.33 291.34 291.04 290.99 292.45 292.53 294.41 292.58 293.01 293.44 293.80 293.01 292.01 293.82 295.14 292.69 291.71
659.00 290.58 293.25 293.04 291.98 293.06 292.00 292.81 292.21 293.06 293.75 293.42 293.15 293.81 295.70 294.55 293.25 293.68 293.92 293.99 292.88
660.00 291.15 292.50 293.07 293.12 292.00 293.01 292.20 293.38 292.63 295.09 293.48 293.75 294.00 294.93 293.27 294.99 294.32 294.04 294.35 293.66
661.00 292.54 293.98 294.24 293.48 292.45 292.39 292.90 293.51 293.90 294.23 294.59 294.49 294.38 294.95 294.98 295.88 296.87 295.45 294.04 294.06
662.00 293.62 293.38 294.42 293.91 295.67 293.76 293.37 295.26 295.21 296.33 294.32 294.31 295.32 295.86 296.66 295.84 297.06 295.77 293.66 293.94
663.00 294.24 295.87 296.15 295.28 295.95 295.71 294.66 296.48 295.18 298.14 296.69 295.70 297.74 297.39 296.55 297.91 298.24 297.48 296.44 293.85
664.00 295.60 296.35 297.15 295.79 296.68 296.57 296.39 297.52 295.91 298.99 298.48 296.77 297.70 299.61 298.82 298.94 299.89 299.50 298.01 297.53
665.00 298.15 297.52 298.81 297.77 298.72 299.07 297.65 299.84 298.68 300.01 299.93 299.10 298.95 302.12 300.27 299.37 301.03 300.68 298.72 299.61
666.00 300.55 301.61 301.03 302.19 301.18 301.25 301.01 302.17 302.00 302.08 302.34 301.69 299.91 303.55 302.60 301.96 304.77 302.46 303.11 301.36
667.00 301.88 304.53 303.81 304.29 304.28 303.75 304.53 304.02 304.17 306.51 305.37 302.65 303.78 304.28 305.01 303.75 306.74 303.45 304.34 305.35
668.00 306.10 307.55 307.62 308.02 308.20 306.65 307.64 306.35 305.53 309.03 309.48 307.37 308.15 308.02 306.99 305.86 309.24 306.23 307.43 308.03
669.00 309.31 312.05 309.31 312.58 311.96 310.85 309.86 312.37 310.29 311.11 310.93 310.69 311.95 312.16 311.83 312.92 313.01 313.70 311.15 310.50
670.00 316.39 315.41 314.04 315.78 316.46 314.97 315.61 316.67 315.38 317.55 316.40 315.76 317.90 316.76 316.83 316.58 317.07 316.19 316.52 315.94
671.00 322.27 320.69 320.23 321.77 319.82 319.16 321.73 321.41 319.84 323.84 323.45 322.53 322.65 322.72 321.08 323.42 322.67 323.46 323.27 321.38
672.00 328.56 326.68 326.54 326.95 326.41 327.69 327.69 327.63 327.61 327.59 329.53 330.07 328.55 329.59 327.23 329.40 329.92 328.89 331.18 328.90
673.00 335.85 337.07 338.44 333.71 335.66 337.99 334.88 336.70 334.30 335.49 338.43 335.22 337.56 334.16 335.81 337.52 336.78 336.55 338.38 334.52
674.00 344.89 344.68 345.97 344.92 344.73 345.34 344.25 345.21 346.16 344.25 345.18 346.19 346.49 342.97 344.60 345.92 349.24 346.83 348.27 344.83
675.00 354.52 355.03 356.84 354.46 356.31 353.42 355.17 356.85 357.64 353.28 357.02 355.11 358.99 353.05 358.11 355.71 357.33 354.24 351.99 354.33
676.00 367.29 364.24 365.71 368.14 365.35 367.26 367.03 365.43 367.58 366.33 366.89 365.89 366.59 367.15 368.04 368.48 368.77 367.94 363.55 367.23
677.00 377.92 375.86 377.31 378.88 376.39 378.55 377.29 372.55 378.73 380.04 380.65 377.54 376.32 377.69 378.31 377.22 376.99 374.76 376.97 376.47
678.00 385.67 389.01 386.98 388.36 385.43 384.83 385.86 384.13 387.07 389.93 388.06 385.59 386.70 387.05 385.85 388.93 389.09 387.20 386.99 386.83
679.00 394.50 395.55 394.58 396.96 393.93 394.85 396.05 392.32 392.95 396.19 398.25 393.38 395.76 397.06 397.71 397.99 396.92 396.33 397.29 392.68
680.00 401.52 400.82 402.05 401.83 401.30 401.34 400.07 402.30 400.83 403.64 403.35 400.03 401.31 401.74 402.34 401.37 402.18 403.48 399.95 401.59
681.00 409.28 406.36 407.59 406.77 405.45 410.76 405.50 407.62 406.77 408.05 409.11 403.56 404.62 405.76 408.63 406.40 405.93 405.40 404.00 406.91
682.00 411.08 407.90 411.39 408.44 408.39 408.35 408.78 410.08 407.83 410.62 414.40 408.02 408.39 409.58 409.89 408.25 410.73 405.86 409.84 411.10
683.00 412.15 409.90 407.39 409.78 409.40 408.55 411.59 409.82 411.31 409.90 408.25 409.95 406.93 412.15 405.85 411.23 408.36 407.65 411.24 408.97
684.00 407.21 406.63 403.65 406.37 406.92 407.35 405.97 407.95 408.43 408.19 406.79 410.68 409.18 408.39 409.96 406.33 406.58 407.58 404.93 407.04
685.00 401.05 404.50 404.12 405.91 399.22 405.21 397.39 404.63 401.29 405.15 403.08 402.16 403.69 404.97 399.10 404.61 403.16 402.29 400.28 402.32
686.00 398.85 397.89 395.85 396.50 394.20 396.32 396.78 396.51 398.16 397.31 394.75 395.71 400.06 398.90 397.77 395.88 397.51 397.46 397.16 401.92
687.00 387.48 390.54 390.92 387.89 386.17 389.37 391.69 390.32 392.55 391.77 389.39 388.25 391.39 393.44 392.87 389.92 392.45 392.96 390.32 393.28
688.00 383.33 384.07 386.78 385.82 381.48 385.30 386.93 384.60 382.13 389.73 384.02 384.06 384.65 389.42 386.58 383.30 387.25 382.17 384.87 384.38
689.00 375.38 377.66 378.98 374.14 377.80 376.21 376.68 378.54 374.32 378.20 376.61 378.00 378.70 380.59 377.44 375.30 373.57 377.14 374.97 377.06
690.00 370.70 370.78 368.98 369.27 366.62 370.40 368.71 372.55 369.19 371.01 365.83 368.69 369.11 371.10 368.97 372.19 372.91 371.91 371.59 369.62
691.00 361.47 361.84 360.98 360.86 361.47 363.31 362.54 364.17 359.64 364.03 363.97 364.56 363.22 365.83 362.94 364.51 363.58 362.65 363.55 362.11
692.00 354.05 354.03 355.44 355.13 357.05 353.16 357.99 356.32 353.43 357.70 356.16 355.58 356.41 357.20 355.26 355.78 358.25 357.62 355.31 356.66
693.00 352.58 350.02 349.98 346.59 350.49 349.88 346.60 348.07 346.16 351.77 350.67 347.32 354.23 351.86 349.77 351.54 350.29 352.66 348.27 350.68
694.00 346.63 343.48 343.64 345.85 342.72 342.33 343.98 343.21 345.42 343.20 343.06 343.06 343.78 344.55 345.86 343.60 348.39 344.98 344.35 343.70
695.00 341.61 338.81 339.84 340.65 338.24 337.45 340.50 341.68 339.88 342.47 340.94 340.47 343.05 341.65 339.90 339.44 341.15 340.41 341.36 338.58
696.00 335.91 335.55 337.97 335.01 335.64 335.52 335.90 335.08 337.81 335.62 335.68 336.42 337.69 336.41 338.71 335.50 337.49 336.92 335.14 333.85
697.00 333.85 331.17 333.13 331.22 331.76 331.56 332.79 332.38 332.35 334.66 335.05 334.23 334.43 332.89 333.42 333.83 333.17 332.59 331.72 333.74
698.00 332.04 330.42 331.45 327.82 330.20 330.45 330.96 332.19 330.27 331.05 331.96 331.31 331.38 331.49 329.48 332.18 330.66 329.89 330.98 332.21
699.00 328.31 329.53 325.83 328.44 328.30 327.39 326.33 328.10 327.73 328.30 329.71 328.22 329.08 330.43 329.50 329.89 329.62 329.32 326.74 330.77
700.00 324.95 325.71 325.91 327.43 325.44 325.76 324.99 325.54 325.82 325.69 326.79 327.19 326.66 329.66 327.20 326.75 329.24 329.75 325.46 325.55
701.00 323.92 322.14 325.46 326.26 324.62 326.23 324.73 325.65 324.05 325.81 325.93 324.95 326.49 326.85 325.95 327.29 327.21 324.69 324.98 325.68
702.00 323.02 323.50 324.36 323.85 323.11 323.63 322.52 325.40 323.03 324.59 325.05 324.80 325.81 325.83 325.42 325.84 325.82 324.62 324.16 322.20
703.00 322.43 322.88 323.40 321.62 321.70 324.19 321.40 321.41 323.65 324.56 324.86 321.82 323.65 324.46 324.02 325.56 323.63 323.24 322.10 324.02
704.00 322.41 321.47 323.90 321.54 320.81 320.97 321.15 322.84 323.57 322.59 322.39 320.74 323.48 325.16 321.33 322.26 322.72 322.22 322.62 322.26
705.00 319.46 320.95 322.54 321.74 320.36 319.88 319.75 323.19 323.54 323.57 322.36 318.93 321.92 323.09 321.61 322.15 322.57 321.80 323.64 323.38
706.00 319.78 320.96 319.16 321.68 319.34 319.45 319.06 320.67 319.54 322.16 322.03 319.56 321.73 321.04 321.78 322.02 323.12 320.89 322.43 321.59
707.00 318.26 320.16 319.18 319.42 319.70 318.65 318.55 319.82 319.90 320.41 319.90 318.81 320.51 320.61 320.33 319.17 323.33 321.72 319.85 320.39
708.00 318.76 320.41 318.72 320.42 320.54 318.52 318.63 319.28 318.98 319.22 320.55 318.12 320.61 319.82 319.66 320.76 321.17 318.84 320.65 319.08
709.00 318.15 318.68 318.85 318.86 316.93 317.99 317.20 318.15 318.62 317.94 318.07 320.01 320.00 319.53 318.54 320.10 320.27 318.87 317.87 319.10
710.00 316.64 317.09 317.37 317.18 317.74 317.04 316.36 317.55 316.17 318.40 318.58 318.85 318.63 320.22 318.45 317.12 319.30 319.12 318.09 317.05
711.00 316.50 315.85 316.44 316.67 317.25 315.86 316.58 315.62 316.79 319.60 318.35 318.83 318.01 318.43 316.88 317.55 317.94 317.72 317.81 317.47
712.00 315.41 314.76 315.85 316.67 315.22 315.71 314.49 315.90 317.24 317.38 317.42 317.04 316.47 318.27 317.78 317.10 315.89 317.25 315.81 318.10
713.00 315.34 316.48 313.42 316.77 316.35 316.07 314.69 316.46 316.85 317.10 315.44 315.34 315.29 317.36 316.50 315.43 318.09 315.23 316.62 316.47
714.00 314.41 315.40 314.34 314.09 315.29 314.89 312.90 313.85 314.89 318.55 316.41 312.55 316.13 316.79 315.87 315.36 317.25 316.00 315.32 315.26
715.00 314.70 314.85 312.45 313.34 313.73 313.29 314.46 314.46 313.63 316.36 315.72 315.00 313.95 315.22 315.55 315.11 315.52 315.56 315.45 314.12
716.00 313.10 312.48 311.02 313.15 314.42 313.52 313.06 314.18 314.22 315.91 314.06 314.69 313.98 315.68 313.34 313.00 315.53 314.74 313.19 314.94
717.00 312.55 312.55 312.46 313.00 312.88 312.65 312.17 313.23 312.47 313.11 313.54 311.77 312.52 313.29 312.41 313.42 313.34 313.51 312.87 313.42
718.00 312.50 312.57 311.48 311.97 310.61 311.56 311.81 312.55 312.74 312.65 311.91 311.85 313.33 314.90 310.76 312.76 313.50 313.46 311.74 313.89
719.00 309.65 311.37 310.87 310.89 309.92 312.49 310.08 312.66 310.35 311.85 311.81 311.41 311.51 313.45 312.00 311.51 313.26 311.45 310.20 309.66
720.00 307.83 309.44 310.26 308.81 309.79 309.00 308.24 311.58 308.30 309.66 311.38 310.38 312.02 311.00 311.70 311.45 311.81 310.39 310.47 309.09
721.00 308.16 308.82 309.23 309.56 308.79 308.76 308.15 309.95 309.74 309.84 307.70 308.74 309.88 311.29 311.06 310.43 309.99 309.15 310.57 307.66
722.00 307.95 308.38 309.74 308.30 308.06 308.69 307.45 308.26 308.63 309.38 309.32 310.04 310.10 308.15 309.57 310.08 309.45 308.53 308.45 308.28
723.00 306.69 307.40 307.38 307.64 306.48 307.76 306.51 307.17 307.02 309.20 308.12 307.65 307.86 307.82 307.94 307.50 308.85 307.84 308.88 308.17
724.00 306.08 306.35 305.08 306.47 305.87 304.57 305.31 306.54 305.81 309.23 306.90 306.10 308.13 306.92 307.55 306.57 307.32 308.13 306.31 306.40
725.00 304.88 305.29 305.44 304.49 305.43 306.12 304.21 305.73 304.62 306.17 306.10 306.79 306.19 307.98 305.06 305.68 306.72 306.90 305.07 304.79
726.00 302.90 303.26 304.01 302.40 303.13 304.41 303.56 304.06 303.09 305.19 304.54 303.96 304.18 306.84 305.55 306.88 306.87 305.63 304.92 303.02
727.00 302.68 302.53 302.93 302.72 302.20 303.94 301.69 303.65 302.52 304.63 303.47 302.66 303.84 305.48 302.91 304.57 304.12 304.37 303.57 302.47
728.00 300.52 301.49 302.65 301.72 300.62 302.74 301.23 302.62 300.49 304.15 302.78 301.53 303.59 303.34 302.16 302.89 303.06 302.61 301.61 301.35
729.00 300.86 300.17 301.08 301.63 301.34 301.27 300.56 301.04 301.12 304.18 301.70 300.65 301.94 302.53 302.19 302.04 302.16 300.16 300.53 300.89
730.00 300.94 300.27 299.80 299.46 299.25 299.64 298.87 299.12 299.91 301.60 300.93 301.00 301.70 300.64 301.70 298.64 300.54 300.18 300.06 299.55
731.00 299.53 297.65 298.28 299.09 297.58 298.87 298.58 298.28 298.32 299.80 300.67 299.76 299.30 300.34 299.82 299.96 301.37 298.78 299.95 299.19
732.00 297.91 297.93 296.89 297.07 296.63 297.35 298.21 299.14 297.74 299.73 298.58 297.29 299.15 299.07 298.81 299.75 300.27 299.58 298.14 297.45
733.00 296.45 296.19 295.36 296.15 296.52 296.80 296.78 296.07 296.18 298.01 298.52 297.60 298.84 297.20 296.71 298.70 298.91 298.54 296.66 296.54
734.00 294.86 293.63 294.68 295.21 294.90 295.51 294.75 296.10 295.64 298.09 296.55 296.03 296.98 298.14 295.96 296.95 296.41 297.11 296.67 295.40
735.00 294.06 295.01 295.30 294.41 295.15 293.15 294.65 294.98 294.12 297.02 295.51 294.64 295.13 295.95 294.91 296.17 296.97 296.66 295.04 294.18
736.00 292.56 294.12 294.51 293.71 293.66 291.98 292.31 294.59 293.19 296.40 296.16 293.93 295.65 295.81 293.77 293.89 295.43 294.47 295.26 294.62
737.00 292.68 292.75 291.56 292.93 292.12 292.16 291.79 292.97 292.93 293.81 294.20 292.01 294.11 294.79 293.51 293.36 294.81 292.86 292.60 294.27
738.00 291.29 290.99 291.44 290.88 291.25 290.30 290.92 291.89 291.51 293.22 292.08 292.95 294.05 293.39 292.66 292.54 293.18 292.11 291.49 292.04
739.00 289.67 289.56 290.69 290.86 289.60 291.05 290.14 291.20 290.85 292.06 291.28 291.96 292.65 291.62 291.37 292.36 292.11 291.63 291.37 291.39
740.00 289.56 289.26 290.52 290.47 288.01 289.17 289.22 290.70 290.35 290.92 290.16 289.99 291.48 291.29 290.88 291.28 292.03 291.03 289.35 289.93
741.00 288.52 288.57 289.05 289.55 288.03 288.88 287.84 289.47 289.33 290.67 290.65 290.59 290.36 290.75 290.25 290.02 290.87 288.70 290.08 289.95
742.00 287.74 288.21 288.22 287.87 287.37 288.30 287.35 288.51 287.85 289.89 289.49 288.90 289.45 290.61 288.92 288.90 291.07 289.33 289.00 288.79
743.00 286.98 286.17 287.08 287.45 286.96 288.18 286.34 287.13 288.00 289.58 288.49 287.71 288.44 289.75 288.47 288.04 289.28 288.61 288.73 286.89
744.00 285.45 285.91 286.70 285.81 285.66 286.63 286.19 286.31 286.91 288.27 287.17 287.22 287.37 288.80 287.75 288.19 289.29 287.11 286.77 287.91
745.00 285.57 286.38 286.14 284.73 285.23 285.39 285.99 285.83 284.62 287.68 288.13 286.00 287.05 288.04 287.42 286.38 288.27 287.25 286.67 285.90
746.00 284.63 284.21 284.56 284.76 284.22 283.66 284.33 284.87 284.90 286.79 286.20 285.58 286.97 287.44 286.71 285.11 286.52 286.54 286.05 285.50
747.00 283.81 284.04 285.01 284.82 284.55 283.89 283.95 284.99 284.74 285.88 285.88 284.77 285.03 285.38 284.97 284.91 285.75 285.31 285.54 285.82
748.00 282.88 284.68 284.00 284.26 283.46 282.91 283.36 283.46 283.72 285.28 285.68 284.34 284.74 285.91 284.19 285.55 285.89 285.00 284.99 284.16
749.00 282.72 283.37 283.28 282.79 282.36 282.18 282.35 283.92 283.41 284.46 284.71 283.32 283.59 285.22 283.73 284.76 285.10 283.69 282.84 284.68
750.00 282.17 282.86 282.41 282.07 281.69 281.53 281.76 282.61 282.47 284.09 282.79 282.92 283.68 283.72 284.13 283.33 284.18 282.87 284.28 282.19
751.00 281.77 281.68 281.90 281.83 281.15 282.07 281.86 282.25 282.42 283.18 282.50 282.80 283.23 282.53 283.16 283.08 283.53 282.79 283.12 281.93
752.00 280.11 281.22 281.46 281.74 280.54 280.28 280.43 281.81 281.05 282.75 281.79 281.59 282.57 282.76 282.09 282.09 282.29 281.83 282.31 280.91
753.00 279.92 279.68 280.79 280.30 278.99 280.26 279.52 281.88 280.89 282.52 281.98 281.29 281.51 282.42 280.31 281.52 281.47 281.39 281.16 280.64
754.00 279.70 279.81 279.96 279.79 280.43 279.98 278.38 280.48 280.51 281.18 280.74 280.46 281.50 281.85 280.85 281.07 282.23 281.41 280.51 280.57
755.00 278.82 278.94 279.93 278.25 279.27 278.73 278.26 278.77 279.29 281.13 281.07 279.66 280.36 281.66 280.62 279.88 281.22 280.94 280.00 279.62
756.00 277.94 277.74 278.87 278.62 277.83 278.47 277.95 278.35 278.36 280.16 279.84 278.98 279.97 280.67 279.97 279.25 281.35 280.29 279.04 278.78
757.00 277.98 277.16 278.32 277.96 277.69 277.71 276.98 278.90 277.90 279.01 279.20 278.09 279.66 279.63 279.31 279.28 281.26 279.09 278.92 279.20
758.00 277.21 276.98 277.47 276.71 277.18 277.23 277.31 277.96 277.60 279.09 278.20 278.17 278.82 279.14 278.04 278.64 280.01 279.34 278.49 277.71
759.00 276.68 276.75 277.66 277.40 276.53 276.29 276.89 277.64 276.77 278.24 277.91 277.43 278.72 278.84 278.20 278.21 279.28 278.45 278.19 277.83
760.00 276.48 276.43 276.68 276.61 276.08 276.33 276.48 276.77 276.07 279.02 277.31 276.83 278.11 278.39 277.72 278.53 278.85 277.94 278.39 276.97
761.00 276.47 276.51 276.10 276.19 275.95 275.98 275.57 276.03 276.25 278.02 276.93 275.81 278.15 278.49 276.93 277.86 277.77 277.19 276.97 276.52
762.00 275.19 276.01 275.86 275.61 275.65 275.42 275.66 276.42 275.87 277.43 277.36 275.88 276.74 277.87 276.90 277.24 277.80 277.03 276.46 276.39
763.00 274.74 275.47 275.55 275.17 274.66 274.88 274.84 275.99 275.14 277.40 276.21 275.28 276.66 277.02 276.93 277.39 277.53 277.27 276.16 276.11
764.00 275.09 275.08 275.24 275.29 274.70 274.85 273.94 275.66 275.34 276.88 276.80 275.79 276.44 276.59 276.55 276.35 277.60 276.41 275.67 275.75
765.00 274.80 274.97 274.73 274.05 273.97 274.21 274.36 275.30 275.24 277.22 276.08 274.99 276.06 276.51 275.60 276.38 276.85 275.99 274.90 275.92
766.00 274.17 274.26 274.34 274.52 274.19 273.81 273.40 274.75 273.72 276.11 275.85 274.99 276.00 275.63 275.90 275.56 276.64 275.77 275.26 275.49
767.00 273.67 273.46 273.79 274.37 273.72 274.45 273.19 274.54 273.84 275.72 275.04 274.42 275.51 275.61 275.12 275.49 276.94 274.93 274.80 275.15
768.00 273.58 273.49 274.01 273.94 273.74 273.84 273.29 274.17 273.69 275.59 274.94 274.06 275.77 275.32 274.86 275.03 276.10 274.92 274.37 274.88
769.00 273.61 273.40 273.69 273.60 273.27 273.65 272.76 273.88 273.54 275.37 275.06 273.62 274.84 275.60 274.74 275.05 276.28 274.07 274.45 274.24
770.00 272.99 273.43 273.65 273.42 273.19 273.13 272.70 273.84 273.70 275.08 274.80 274.18 274.74 275.28 274.18 275.01 276.15 274.42 274.67 273.53
771.00 273.34 273.93 273.27 273.05 272.48 272.85 272.09 273.79 273.04 274.87 274.14 273.46 274.62 275.21 274.49 274.29 275.91 274.46 273.97 273.96
772.00 272.55 272.93 273.31 273.13 272.53 272.71 272.51 273.74 272.80 274.83 274.36 273.37 274.42 275.27 274.47 274.25 275.09 274.42 273.94 274.21
773.00 272.32 273.17 273.28 272.72 272.19 272.30 272.13 273.67 273.20 274.65 274.10 273.77 274.60 275.00 274.20 273.83 275.45 274.14 273.18 273.85
774.00 272.31 272.73 272.98 272.48 272.28 272.39 272.14 273.24 272.97 274.45 273.72 273.02 274.23 274.23 273.75 274.08 274.83 273.71 273.38 273.27
775.00 271.98 272.74 272.96 272.90 272.21 272.15 271.95 272.77 272.78 274.68 273.90 273.42 274.22 274.12 273.48 274.04 274.63 274.30 273.14 273.42
776.00 272.28 272.29 272.73 272.61 271.90 272.33 272.02 272.85 272.88 274.45 273.74 273.08 274.05 274.24 273.36 273.70 274.56 273.43 273.18 272.83
777.00 272.11 272.22 272.49 272.65 271.64 272.11 271.45 272.80 272.66 274.24 274.29 272.71 273.80 274.46 273.61 273.93 274.58 273.32 272.63 272.54
778.00 271.82 272.32 272.18 272.44 271.37 272.06 271.46 272.89 272.02 274.06 273.65 272.72 273.63 274.23 273.29 273.74 274.55 273.73 272.73 272.61
779.00 271.91 272.10 272.36 271.98 271.86 271.83 271.64 272.52 271.94 274.09 273.73 272.65 273.35 274.30 273.27 273.41 274.63 273.49 273.10 272.58
780.00 271.75 272.02 272.44 272.07 271.68 271.97 271.36 272.86 271.95 273.89 273.42 272.44 273.37 274.14 273.32 273.69 274.09 273.19 273.07 272.75
781.00 271.81 271.66 272.06 271.86 271.71 272.09 271.30 272.04 271.97 273.97 272.98 272.36 273.60 274.07 273.05 273.29 273.64 273.23 272.65 272.61
782.00 271.61 271.92 271.94 271.94 271.54 271.72 271.43 272.63 271.66 273.91 273.14 272.18 273.22 273.85 273.26 273.50 273.82 273.14 272.68 272.32
783.00 271.12 271.80 271.96 271.90 271.64 271.58 271.67 272.25 271.73 273.79 273.31 272.08 273.09 273.81 273.38 273.28 273.94 272.96 272.64 272.44
784.00 271.24 271.55 272.19 271.59 271.32 271.82 271.23 272.15 271.96 273.94 272.94 272.21 272.86 273.73 273.11 273.12 273.78 272.98 272.28 272.26
785.00 271.17 271.43 271.56 271.51 271.33 271.70 271.18 272.47 271.89 273.48 272.89 272.20 273.23 273.88 273.10 273.12 274.02 273.18 272.51 271.94
786.00 271.51 271.96 271.89 271.88 271.35 271.30 271.21 272.12 271.65 273.45 272.61 272.01 273.34 273.99 273.03 273.34 273.76 273.03 272.31 272.19
787.00 271.42 271.19 271.75 271.63 271.33 271.29 270.82 271.92 271.68 273.40 272.80 271.79 273.17 273.82 272.95 272.99 274.08 273.13 272.69 272.43
788.00 271.06 271.42 271.49 271.37 271.42 271.39 270.81 271.94 272.10 273.60 272.86 272.48 273.11 273.54 272.78 272.77 273.78 272.75 272.40 272.83
789.00 271.11 271.04 271.53 271.37 270.86 271.08 270.70 272.22 271.65 273.60 272.62 272.06 272.95 273.52 272.63 272.90 273.87 272.69 272.08 272.30
790.00 270.98 271.31 271.65 271.58 270.78 271.13 270.97 271.84 271.64 273.34 273.09 271.74 272.69 273.56 272.61 273.12 273.82 273.09 272.26 272.16
791.00 270.98 271.43 271.51 271.39 271.14 271.16 271.11 271.65 271.18 273.13 272.67 271.90 272.79 273.21 272.69 272.80 273.49 273.14 272.11 271.98
792.00 271.29 271.24 271.47 271.49 270.82 270.99 270.75 271.71 271.29 273.11 272.70 271.81 272.63 273.50 272.64 272.78 273.62 272.61 272.40 271.89
793.00 271.05 271.12 271.58 271.18 270.77 270.73 270.54 271.47 271.10 273.16 272.37 271.75 272.90 273.26 272.26 272.77 273.51 272.66 272.04 272.19
794.00 271.13 271.08 271.47 271.46 270.93 271.24 270.39 272.13 271.20 273.21 272.49 271.70 272.83 273.65 272.43 272.35 273.78 272.65 271.86 272.09
795.00 271.00 271.22 271.33 271.31 270.77 271.42 270.63 272.15 271.34 273.30 272.42 271.89 272.81 273.30 272.23 272.33 273.79 272.56 271.72 272.03
796.00 271.11 271.31 270.99 271.49 270.85 271.11 270.63 271.72 271.65 273.09 272.46 271.71 272.87 273.08 272.57 272.58 273.78 272.33 271.83 271.95
797.00 270.69 270.96 271.24 271.55 270.94 271.03 270.66 271.59 271.29 273.11 272.50 271.67 273.14 273.57 272.24 272.35 273.57 272.38 272.04 271.98
798.00 271.23 270.87 271.42 271.42 271.07 270.95 270.56 271.53 271.49 272.99 272.40 271.77 272.53 273.04 272.36 272.36 273.37 272.35 271.89 271.69
799.00 270.80 271.23 271.14 271.41 270.92 271.12 270.31 271.34 270.97 273.15 272.40 271.44 272.52 273.08 272.24 272.45 273.37 272.76 272.04 271.83
800.00 270.85 271.21 271.40 270.95 270.79 270.83 270.63 271.39 270.78 273.10 272.76 271.35 272.42 273.16 272.15 272.56 273.41 272.54 271.98 271.52
