500.0	0.000000	0.000000	0.000867	0.001238	0.000000	0.000000	0.002126	0.000741	0.003817	0.000000	0.000000	0.002175	0.000000	0.000566	0.000000	0.002074	0.000533	0.001227	0.000627	0.002803
501.0	0.000842	0.000419	0.000246	0.000622	0.001382	0.001442	0.000759	0.000629	0.001199	0.000501	0.000701	0.000612	0.001327	0.001070	0.000290	0.001119	0.000092	0.001141	0.000497	0.002021
502.0	0.001308	0.000805	0.000000	0.000297	0.002104	0.002391	0.000103	0.000479	0.000050	0.000876	0.000955	0.000000	0.002069	0.001336	0.000406	0.000472	0.000000	0.000913	0.000312	0.001549
503.0	0.001482	0.001151	0.000041	0.000195	0.002325	0.002946	0.000000	0.000313	0.000000	0.001144	0.000889	0.000109	0.002366	0.001406	0.000424	0.000107	0.000151	0.000615	0.000128	0.001319
504.0	0.001454	0.001449	0.000278	0.000246	0.002207	0.003207	0.000291	0.000152	0.000680	0.001327	0.000631	0.000708	0.002358	0.001322	0.000417	0.000000	0.000438	0.000318	0.000005	0.001265
505.0	0.001311	0.001693	0.000623	0.000383	0.001911	0.003273	0.000817	0.000018	0.001721	0.001442	0.000310	0.001567	0.002185	0.001123	0.000460	0.000128	0.000754	0.000093	0.000000	0.001320
506.0	0.001177	0.001905	0.001102	0.000426	0.001761	0.003332	0.001342	0.000000	0.002319	0.001577	0.000223	0.001928	0.002178	0.000809	0.000951	0.000747	0.000406	0.000000	0.000277	0.001233
507.0	0.001169	0.001723	0.000923	0.000420	0.001992	0.003464	0.001677	0.000019	0.002440	0.001657	0.000397	0.002549	0.002639	0.000622	0.001560	0.001468	0.000317	0.000314	0.001154	0.001451
508.0	0.001107	0.001923	0.000671	0.000410	0.002429	0.003543	0.001737	0.000045	0.002282	0.001490	0.000598	0.003160	0.002249	0.000212	0.001946	0.001697	0.000784	0.000987	0.001705	0.001486
509.0	0.001401	0.002178	0.001076	0.000379	0.002053	0.003859	0.001483	0.000270	0.001896	0.001968	0.001299	0.003446	0.002605	0.000000	0.002363	0.002077	0.001222	0.001560	0.002243	0.001282
510.0	0.001343	0.001873	0.001378	0.000249	0.002075	0.003946	0.001336	0.000436	0.001506	0.001831	0.001718	0.003297	0.002869	0.000340	0.002397	0.002291	0.001748	0.002090	0.002532	0.000667
511.0	0.001526	0.002232	0.001645	0.000000	0.001984	0.004585	0.000729	0.000253	0.001041	0.001874	0.001273	0.003313	0.003349	0.000499	0.002387	0.002020	0.002051	0.003162	0.002642	0.000452
512.0	0.001170	0.002537	0.002131	0.000314	0.002408	0.004541	0.000336	0.000531	0.000776	0.001459	0.001286	0.003604	0.003114	0.000865	0.002171	0.001753	0.001769	0.003927	0.002632	0.000258
513.0	0.001191	0.002846	0.002528	0.000436	0.002563	0.005037	0.000080	0.001205	0.001234	0.001560	0.001344	0.003650	0.003360	0.001097	0.002074	0.001925	0.001910	0.004068	0.002273	0.000000
514.0	0.001555	0.002844	0.002759	0.000989	0.002270	0.004876	0.000363	0.001431	0.001961	0.001099	0.000855	0.003944	0.003522	0.001244	0.001807	0.001745	0.002072	0.003874	0.001708	0.000102
515.0	0.001773	0.003024	0.003278	0.000712	0.002026	0.004751	0.000958	0.001718	0.002436	0.001065	0.000774	0.003847	0.003580	0.001282	0.001714	0.001536	0.001841	0.003730	0.001996	0.000710
516.0	0.002350	0.002851	0.003665	0.001121	0.002791	0.004762	0.001650	0.001769	0.002718	0.000953	0.000448	0.003432	0.003812	0.000866	0.002354	0.002181	0.001085	0.003383	0.002096	0.001267
517.0	0.003027	0.002677	0.002992	0.001174	0.003578	0.005156	0.002314	0.002015	0.002665	0.001349	0.000962	0.003459	0.003780	0.000857	0.003246	0.002399	0.001432	0.003009	0.002884	0.001597
518.0	0.003130	0.002520	0.003067	0.001368	0.003766	0.005137	0.002728	0.002425	0.002709	0.001715	0.001397	0.003526	0.003411	0.001178	0.004274	0.002801	0.001787	0.002997	0.003643	0.001952
519.0	0.003699	0.002679	0.003389	0.002035	0.003370	0.004867	0.003399	0.002470	0.003098	0.002271	0.002216	0.003515	0.003477	0.001772	0.005251	0.003136	0.002589	0.003018	0.004168	0.002356
520.0	0.004014	0.002884	0.004059	0.002704	0.003179	0.004873	0.003807	0.002513	0.003517	0.002854	0.002438	0.003662	0.004116	0.002228	0.006054	0.003449	0.002786	0.003347	0.004267	0.002690
521.0	0.004854	0.003623	0.004206	0.003539	0.003498	0.005337	0.004362	0.002739	0.003906	0.003411	0.002445	0.004149	0.003906	0.002658	0.006786	0.003390	0.002974	0.004344	0.004832	0.002999
522.0	0.004776	0.004284	0.004733	0.004636	0.003839	0.005470	0.004438	0.003225	0.004211	0.004011	0.002778	0.004727	0.004104	0.003448	0.007284	0.003462	0.003339	0.005031	0.005131	0.003147
523.0	0.004819	0.005111	0.005078	0.005002	0.004297	0.006238	0.004678	0.004376	0.004524	0.005066	0.003606	0.005425	0.004723	0.004078	0.007866	0.004338	0.004086	0.005519	0.004831	0.003759
524.0	0.005367	0.006070	0.005948	0.005422	0.004532	0.006952	0.005024	0.005325	0.004887	0.005253	0.004243	0.006328	0.005610	0.004879	0.007950	0.004353	0.004565	0.006217	0.004657	0.004452
525.0	0.005811	0.007229	0.006820	0.005424	0.005148	0.007509	0.005144	0.005617	0.004926	0.006508	0.005025	0.007416	0.006639	0.005520	0.007744	0.004700	0.005315	0.007343	0.005244	0.005675
526.0	0.006961	0.008426	0.007187	0.005687	0.005696	0.008345	0.005882	0.006155	0.005139	0.007147	0.005996	0.008180	0.007390	0.005891	0.007936	0.005495	0.005749	0.008076	0.005573	0.006669
527.0	0.008208	0.009316	0.007454	0.006381	0.007072	0.009443	0.006900	0.006557	0.005215	0.007733	0.007816	0.008393	0.007972	0.006957	0.007764	0.006108	0.007255	0.008386	0.006376	0.007278
528.0	0.009250	0.010194	0.008157	0.007305	0.008017	0.010063	0.007906	0.007537	0.006279	0.007996	0.008106	0.009210	0.008715	0.007964	0.007741	0.007136	0.008020	0.008690	0.007352	0.008110
529.0	0.009989	0.011279	0.009013	0.008698	0.008966	0.011342	0.009001	0.007829	0.007811	0.008973	0.009296	0.010189	0.010205	0.009108	0.008434	0.008372	0.009271	0.009195	0.008091	0.008901
530.0	0.011209	0.012144	0.009612	0.009810	0.009839	0.012700	0.010085	0.009380	0.009601	0.010252	0.010465	0.011568	0.011192	0.009696	0.009611	0.009189	0.010247	0.010445	0.009172	0.009592
531.0	0.013219	0.013687	0.010830	0.010812	0.011626	0.014713	0.011232	0.010964	0.011831	0.011584	0.011522	0.013237	0.011368	0.011238	0.011619	0.010206	0.011215	0.011844	0.010964	0.010478
532.0	0.014425	0.015140	0.012016	0.012249	0.012826	0.016299	0.012163	0.012247	0.013656	0.013154	0.013260	0.014680	0.012289	0.012205	0.012653	0.011507	0.012208	0.013742	0.012233	0.011291
533.0	0.016104	0.015856	0.013926	0.013766	0.014460	0.018289	0.013725	0.013524	0.014966	0.014696	0.015512	0.016694	0.013258	0.013598	0.014580	0.013107	0.013395	0.015783	0.013582	0.011898
534.0	0.018243	0.017363	0.015866	0.015656	0.015752	0.019526	0.014658	0.015221	0.015656	0.015618	0.017162	0.018483	0.014126	0.015554	0.016875	0.014346	0.013477	0.018017	0.015718	0.013667
535.0	0.019917	0.019538	0.017922	0.017512	0.016602	0.020231	0.016169	0.016719	0.017001	0.017714	0.018731	0.020444	0.016112	0.017268	0.018624	0.015751	0.014309	0.019922	0.018524	0.015347
536.0	0.021915	0.022038	0.020052	0.019544	0.017049	0.022132	0.018473	0.018495	0.018006	0.018689	0.020625	0.022108	0.018385	0.019049	0.021009	0.018239	0.015434	0.021342	0.020436	0.017297
537.0	0.023281	0.024410	0.022257	0.023145	0.019912	0.024708	0.021602	0.020539	0.020406	0.021144	0.022332	0.023540	0.021028	0.021306	0.022822	0.020506	0.016882	0.022557	0.022502	0.019452
538.0	0.024918	0.026955	0.023765	0.025962	0.023400	0.027037	0.023971	0.022906	0.023343	0.023561	0.023238	0.025772	0.023865	0.023129	0.025235	0.022412	0.019077	0.024434	0.023811	0.021928
539.0	0.026808	0.030044	0.026035	0.029193	0.026865	0.030233	0.026209	0.025791	0.026696	0.027087	0.025570	0.027657	0.026633	0.025898	0.027514	0.025404	0.022771	0.026433	0.025551	0.024458
540.0	0.029990	0.033086	0.028151	0.031479	0.029852	0.033709	0.028868	0.029254	0.030565	0.029414	0.027604	0.030451	0.029487	0.029091	0.031079	0.027489	0.027265	0.028770	0.027256	0.027617
541.0	0.034944	0.036517	0.031729	0.033793	0.033865	0.037685	0.031581	0.032037	0.033997	0.032644	0.030544	0.033877	0.033240	0.032346	0.034505	0.030306	0.030593	0.032013	0.030086	0.031255
542.0	0.038835	0.039591	0.035014	0.037609	0.037248	0.041349	0.034656	0.035380	0.037477	0.036508	0.034953	0.037829	0.038182	0.035106	0.036969	0.034046	0.034867	0.036304	0.034092	0.035323
543.0	0.042958	0.042549	0.041290	0.041563	0.042122	0.044998	0.038768	0.038655	0.040043	0.040972	0.040373	0.042229	0.041562	0.038559	0.041453	0.037139	0.039197	0.040077	0.038715	0.039559
544.0	0.048006	0.046020	0.046458	0.046493	0.046095	0.048807	0.043437	0.042108	0.042998	0.045106	0.045062	0.045631	0.045059	0.041664	0.044932	0.041149	0.042354	0.043408	0.043249	0.045014
545.0	0.053039	0.051230	0.051462	0.051556	0.050473	0.053456	0.049193	0.046477	0.046080	0.049825	0.050851	0.049825	0.048682	0.045414	0.048208	0.045105	0.045205	0.047079	0.048683	0.049966
546.0	0.059042	0.057537	0.057251	0.056897	0.055238	0.058168	0.056433	0.051048	0.049340	0.054581	0.055580	0.054688	0.052531	0.049790	0.052471	0.050309	0.049044	0.051945	0.053915	0.055508
547.0	0.063365	0.063918	0.060882	0.062252	0.061449	0.064078	0.063486	0.056277	0.054067	0.060785	0.060590	0.059983	0.055407	0.055368	0.055634	0.054206	0.052975	0.057056	0.058184	0.061386
548.0	0.068921	0.070441	0.065107	0.068831	0.068524	0.069166	0.069399	0.062861	0.061617	0.066330	0.064848	0.066251	0.060811	0.062170	0.061252	0.058748	0.058396	0.061786	0.062663	0.065548
549.0	0.075883	0.078442	0.070689	0.076212	0.074637	0.073995	0.075141	0.071662	0.069692	0.072363	0.069982	0.072220	0.065815	0.070585	0.067863	0.065452	0.065280	0.067770	0.067284	0.070062
550.0	0.082461	0.084355	0.077327	0.082690	0.081352	0.080235	0.082180	0.079180	0.077785	0.075809	0.075602	0.078311	0.073174	0.078762	0.076958	0.072185	0.072753	0.074601	0.073678	0.076961
551.0	0.091276	0.091216	0.086170	0.089519	0.088820	0.086762	0.088907	0.086955	0.086488	0.081697	0.084572	0.085136	0.082055	0.085140	0.085177	0.078275	0.079285	0.080929	0.081038	0.084067
552.0	0.099303	0.099855	0.096245	0.098829	0.096919	0.094711	0.096678	0.095562	0.095749	0.088839	0.093747	0.094393	0.092684	0.093641	0.093699	0.085185	0.088298	0.087928	0.088998	0.091632
553.0	0.107536	0.108143	0.109286	0.107855	0.108527	0.104163	0.106610	0.104018	0.106694	0.097996	0.103899	0.102789	0.102319	0.101482	0.103794	0.093583	0.096838	0.096460	0.097633	0.100799
554.0	0.118078	0.117645	0.121878	0.119429	0.118941	0.114265	0.115461	0.111463	0.117112	0.108640	0.114999	0.110238	0.114215	0.111629	0.112148	0.104931	0.106074	0.106462	0.108545	0.110659
555.0	0.129260	0.129027	0.134172	0.129583	0.132510	0.127198	0.125394	0.121589	0.127200	0.119870	0.127765	0.120706	0.124232	0.122277	0.121287	0.116643	0.116131	0.118967	0.118309	0.121288
556.0	0.141675	0.140418	0.146823	0.139210	0.146106	0.139513	0.137042	0.133761	0.138008	0.133465	0.138379	0.130451	0.136400	0.134041	0.129450	0.129653	0.126461	0.133843	0.128058	0.131592
557.0	0.155193	0.154131	0.157936	0.149907	0.159885	0.153510	0.147674	0.146481	0.150638	0.146859	0.149274	0.141717	0.148019	0.144415	0.136811	0.141117	0.136599	0.147547	0.137359	0.140827
558.0	0.168841	0.169363	0.169640	0.162781	0.173055	0.165654	0.160607	0.162820	0.166124	0.162501	0.158550	0.155326	0.161901	0.157583	0.150684	0.154872	0.147278	0.161290	0.150485	0.151126
559.0	0.182769	0.184875	0.183902	0.177936	0.185725	0.180435	0.175286	0.179152	0.180218	0.178285	0.169613	0.170478	0.174268	0.169699	0.165771	0.170668	0.160264	0.174829	0.164563	0.164412
560.0	0.195923	0.198930	0.200609	0.192998	0.197536	0.195394	0.189824	0.193608	0.194469	0.190638	0.182684	0.184534	0.188558	0.182308	0.181046	0.186044	0.175003	0.187598	0.180904	0.179212
561.0	0.211392	0.216331	0.216200	0.208640	0.211357	0.210173	0.205794	0.208791	0.208442	0.205126	0.199017	0.199596	0.205029	0.193935	0.195536	0.201145	0.189430	0.201294	0.194592	0.194726
562.0	0.226858	0.234333	0.230518	0.226172	0.225351	0.227186	0.225120	0.225759	0.223567	0.217710	0.214400	0.215847	0.220932	0.206996	0.211264	0.217001	0.205746	0.214313	0.210043	0.210975
563.0	0.241920	0.251295	0.246163	0.245521	0.242383	0.245088	0.243438	0.244419	0.243530	0.233081	0.229818	0.233469	0.236444	0.222306	0.230051	0.233181	0.222355	0.228670	0.227505	0.230504
564.0	0.259356	0.270108	0.263545	0.264390	0.260863	0.259583	0.262560	0.260922	0.260644	0.246933	0.248306	0.253226	0.254112	0.240489	0.248991	0.252318	0.243463	0.244051	0.245733	0.250530
565.0	0.280080	0.289906	0.282085	0.285013	0.281752	0.279046	0.282136	0.278240	0.279036	0.262078	0.267461	0.272345	0.270650	0.258085	0.268221	0.267549	0.266004	0.262531	0.262502	0.269503
566.0	0.305202	0.306395	0.299399	0.304573	0.303171	0.296569	0.300656	0.297365	0.297045	0.280670	0.287448	0.290545	0.289699	0.278643	0.285067	0.283069	0.284297	0.281881	0.281370	0.287504
567.0	0.331198	0.327984	0.316586	0.323303	0.323116	0.316148	0.318569	0.314477	0.315967	0.299793	0.307109	0.309241	0.307199	0.296758	0.303337	0.298568	0.300712	0.301127	0.298843	0.305880
568.0	0.354478	0.352475	0.338526	0.343467	0.345525	0.337560	0.335874	0.333800	0.334957	0.321878	0.325046	0.329519	0.325884	0.319318	0.324817	0.316213	0.319698	0.321024	0.318063	0.323982
569.0	0.376525	0.377412	0.362481	0.365355	0.366877	0.361730	0.354536	0.353948	0.355036	0.343059	0.344541	0.351697	0.344606	0.342947	0.343572	0.334725	0.339794	0.341015	0.337500	0.342983
570.0	0.396912	0.400584	0.386769	0.388313	0.385746	0.386138	0.375068	0.374262	0.374267	0.364167	0.365888	0.372856	0.364312	0.367785	0.360912	0.352035	0.360622	0.364312	0.360476	0.363317
571.0	0.416977	0.423716	0.411591	0.407715	0.411031	0.411559	0.399963	0.398515	0.394103	0.390239	0.388835	0.396446	0.386645	0.388830	0.376674	0.372796	0.381704	0.388313	0.380660	0.387139
572.0	0.433778	0.442747	0.435711	0.430250	0.436667	0.436714	0.421582	0.424725	0.414543	0.414504	0.407432	0.419122	0.405920	0.409786	0.397183	0.394924	0.402806	0.410105	0.403829	0.409102
573.0	0.452227	0.466310	0.459403	0.452914	0.465796	0.460938	0.446982	0.450202	0.439410	0.438445	0.425429	0.443205	0.428269	0.431651	0.423601	0.419134	0.423039	0.432448	0.428364	0.432733
574.0	0.473464	0.489823	0.481317	0.472982	0.492179	0.484774	0.476750	0.474918	0.459073	0.460352	0.447981	0.466043	0.451292	0.450430	0.447782	0.447947	0.443866	0.454907	0.452405	0.455530
575.0	0.499900	0.514021	0.505585	0.498816	0.519347	0.509350	0.504779	0.499716	0.483624	0.482204	0.471139	0.489223	0.476467	0.471331	0.469700	0.475131	0.467964	0.478605	0.476103	0.477490
576.0	0.529759	0.533880	0.530242	0.523981	0.548178	0.533586	0.529967	0.524363	0.507761	0.506970	0.496189	0.510687	0.496940	0.495486	0.491140	0.505308	0.486344	0.499192	0.501727	0.499881
577.0	0.559947	0.558029	0.554427	0.550038	0.576424	0.558195	0.553557	0.543360	0.533047	0.527152	0.522217	0.532659	0.519897	0.518365	0.516155	0.531831	0.507129	0.519858	0.518588	0.519931
578.0	0.595797	0.584729	0.580265	0.577034	0.604936	0.584037	0.571779	0.566842	0.559350	0.545883	0.545441	0.549342	0.544195	0.546253	0.539872	0.554200	0.534524	0.541755	0.535659	0.535802
579.0	0.628140	0.611380	0.608172	0.602732	0.625961	0.607857	0.597342	0.590595	0.585379	0.567889	0.571580	0.574064	0.567894	0.571819	0.562299	0.571720	0.558971	0.566452	0.557829	0.556226
580.0	0.655716	0.637743	0.633895	0.628552	0.644494	0.630096	0.626283	0.613713	0.615922	0.590996	0.598069	0.592027	0.591841	0.598152	0.587063	0.588445	0.588580	0.594236	0.583903	0.579981
581.0	0.682158	0.665847	0.660542	0.653503	0.669140	0.653722	0.650044	0.640158	0.644617	0.617915	0.625672	0.618837	0.613530	0.620468	0.607639	0.608544	0.618423	0.619857	0.611222	0.607216
582.0	0.705786	0.689824	0.685312	0.680598	0.690232	0.674965	0.669607	0.666367	0.673841	0.648377	0.646735	0.648784	0.632553	0.641980	0.631542	0.630710	0.645481	0.647838	0.640851	0.632814
583.0	0.731909	0.717106	0.710476	0.704269	0.711684	0.700684	0.700376	0.694141	0.702417	0.674857	0.672006	0.676466	0.661330	0.663697	0.662907	0.653546	0.666318	0.672285	0.672728	0.663443
584.0	0.751298	0.738125	0.733619	0.726875	0.733534	0.728666	0.724243	0.726087	0.721997	0.708511	0.698251	0.699469	0.685923	0.684589	0.691430	0.679819	0.684815	0.693306	0.697595	0.690522
585.0	0.772318	0.759834	0.761651	0.751748	0.754306	0.752847	0.745364	0.754669	0.741361	0.738264	0.720654	0.731041	0.708405	0.707926	0.716848	0.709659	0.708858	0.714071	0.719364	0.715927
586.0	0.793059	0.778476	0.785727	0.774807	0.775453	0.780928	0.763399	0.776842	0.759538	0.768959	0.741364	0.752851	0.727795	0.735184	0.747315	0.738245	0.731723	0.734333	0.738011	0.740934
587.0	0.812915	0.800704	0.809499	0.793895	0.795425	0.808934	0.784653	0.793454	0.775148	0.790377	0.769798	0.775366	0.753032	0.757659	0.775350	0.762840	0.757849	0.754291	0.754503	0.765236
588.0	0.839321	0.818503	0.831190	0.813160	0.816084	0.828866	0.801840	0.813011	0.794138	0.809160	0.792447	0.792607	0.775707	0.780943	0.800448	0.781174	0.784691	0.778178	0.769405	0.783214
589.0	0.858279	0.836106	0.852081	0.831106	0.836245	0.845038	0.822653	0.828087	0.811702	0.832757	0.811944	0.811910	0.801588	0.802467	0.825408	0.800588	0.804984	0.802633	0.791276	0.805411
590.0	0.873211	0.857260	0.869672	0.849179	0.854806	0.862080	0.843157	0.842619	0.832238	0.846462	0.828909	0.823889	0.819988	0.822806	0.850522	0.824265	0.827693	0.827141	0.807898	0.827476
591.0	0.887174	0.877325	0.883386	0.870564	0.875319	0.880171	0.863642	0.858593	0.852808	0.864273	0.844563	0.850362	0.839850	0.839424	0.866182	0.840664	0.848561	0.848901	0.830462	0.843966
592.0	0.897802	0.892355	0.896083	0.889909	0.892949	0.896999	0.886557	0.879739	0.876698	0.879707	0.859854	0.870569	0.858654	0.855842	0.879921	0.857601	0.866536	0.873340	0.851043	0.859649
593.0	0.911175	0.906018	0.908549	0.905548	0.914887	0.917732	0.911603	0.898785	0.894741	0.892554	0.878322	0.891280	0.882256	0.879967	0.896562	0.869704	0.880448	0.886421	0.871993	0.874184
594.0	0.922762	0.919100	0.921346	0.923684	0.933763	0.931438	0.925048	0.917094	0.910396	0.909800	0.895219	0.907824	0.896678	0.899422	0.907238	0.882096	0.896484	0.897847	0.883402	0.888859
595.0	0.936525	0.934475	0.935166	0.940030	0.942224	0.943035	0.937121	0.934060	0.925907	0.922227	0.905580	0.927403	0.906529	0.916077	0.920832	0.895202	0.912529	0.910482	0.896181	0.902594
596.0	0.944439	0.943003	0.947992	0.950817	0.952663	0.958532	0.947468	0.941464	0.939935	0.934115	0.919618	0.939757	0.919580	0.932517	0.935463	0.904155	0.924577	0.919394	0.908674	0.915342
597.0	0.951471	0.952216	0.961044	0.959617	0.962447	0.970537	0.961140	0.950815	0.954123	0.940702	0.944261	0.951632	0.927776	0.946184	0.943528	0.912938	0.939518	0.928151	0.924877	0.927715
598.0	0.966188	0.957668	0.974178	0.972514	0.973987	0.974274	0.967861	0.962806	0.969103	0.952742	0.962843	0.961412	0.939641	0.954232	0.954342	0.919595	0.951656	0.942239	0.933902	0.942595
599.0	0.976989	0.966029	0.982395	0.981575	0.982405	0.982614	0.975187	0.970695	0.974657	0.968110	0.976711	0.967849	0.951941	0.969522	0.964864	0.934246	0.962648	0.957721	0.943930	0.958711
600.0	0.985670	0.974512	0.987520	0.987259	0.990780	0.987002	0.979536	0.982511	0.979237	0.976110	0.985579	0.977563	0.960638	0.974581	0.974624	0.944592	0.972160	0.968986	0.950880	0.968392
601.0	0.992263	0.979830	0.989064	0.991766	0.996373	0.992211	0.989800	0.990185	0.986819	0.983516	0.992477	0.986189	0.974020	0.978032	0.979571	0.952295	0.979440	0.982109	0.960259	0.972818
602.0	0.993046	0.983430	0.992152	0.994184	0.999021	1.000000	0.998446	0.999377	0.987550	0.989518	1.000000	0.984817	0.983590	0.984358	0.985072	0.963267	0.987096	0.990251	0.964473	0.980040
603.0	0.996271	0.990767	0.993058	0.994127	1.000000	0.996871	1.000000	1.000000	0.986272	0.997618	0.996999	0.990706	0.990096	0.993984	0.990493	0.974267	0.993049	0.997006	0.969833	0.985176
604.0	0.998766	0.994096	0.992984	1.000000	0.998840	0.991720	0.997314	0.995677	0.989956	1.000000	0.994648	0.991674	0.994991	0.996960	0.988399	0.984249	1.000000	1.000000	0.972416	0.994145
605.0	1.000000	1.000000	0.990857	0.994660	0.994560	0.991124	0.994833	0.990966	0.995674	0.999006	0.985250	0.993618	0.996004	1.000000	0.992296	0.991166	0.995773	0.997159	0.981838	0.997735
606.0	0.995109	0.992779	0.994557	0.994364	0.994907	0.990602	0.994496	0.986278	0.997627	0.995080	0.982816	0.996282	0.998936	0.998345	0.994236	0.995933	0.988589	0.992317	0.990864	1.000000
607.0	0.991551	0.982893	0.993166	0.995821	0.993081	0.990984	0.993515	0.986674	1.000000	0.994452	0.984132	0.999289	0.995863	0.998588	0.997487	0.999474	0.990453	0.986972	1.000000	0.997866
608.0	0.990645	0.978309	0.996704	0.995045	0.990518	0.993684	0.988067	0.987681	0.997118	0.993711	0.984463	1.000000	1.000000	0.993026	1.000000	1.000000	0.987879	0.982023	0.998620	0.999786
609.0	0.986087	0.973932	1.000000	0.989954	0.989427	0.997360	0.986029	0.984535	0.989866	0.991242	0.982646	0.998940	0.997159	0.997796	0.997750	0.997878	0.987330	0.978915	0.998072	0.995646
610.0	0.983878	0.966432	0.995579	0.989236	0.985017	0.993282	0.977279	0.991316	0.986972	0.987795	0.979157	0.998097	0.995201	0.990123	0.992918	0.989784	0.983398	0.977599	0.998816	0.985250
611.0	0.977816	0.955364	0.991918	0.983170	0.978730	0.990610	0.971194	0.989469	0.978225	0.981248	0.979511	0.990011	0.993143	0.986017	0.988307	0.986451	0.978873	0.979594	0.992913	0.974487
612.0	0.965885	0.946993	0.985527	0.974902	0.968703	0.986147	0.961552	0.988074	0.969015	0.982644	0.971205	0.980183	0.988448	0.982637	0.986032	0.980790	0.974131	0.977198	0.983414	0.962472
613.0	0.958773	0.946709	0.975278	0.964688	0.962158	0.976549	0.952012	0.982282	0.967139	0.978691	0.960781	0.970796	0.979167	0.975446	0.981290	0.974449	0.965252	0.979060	0.972553	0.950038
614.0	0.951945	0.940052	0.959992	0.956110	0.958062	0.971036	0.941681	0.972827	0.960616	0.969110	0.956820	0.957267	0.967235	0.966140	0.967393	0.966814	0.962352	0.969273	0.956980	0.940786
615.0	0.948875	0.938881	0.945647	0.944917	0.943898	0.961418	0.936185	0.961469	0.952884	0.958390	0.948995	0.949965	0.952086	0.954587	0.955146	0.959233	0.950603	0.961491	0.948318	0.934464
616.0	0.942300	0.929977	0.934712	0.940700	0.931683	0.950579	0.935467	0.953436	0.943471	0.945560	0.948075	0.942933	0.936550	0.939609	0.947763	0.948232	0.945677	0.955165	0.938576	0.928352
617.0	0.930914	0.918039	0.921565	0.929796	0.923148	0.941967	0.931192	0.940806	0.930716	0.933331	0.939885	0.936299	0.924652	0.925457	0.940334	0.937811	0.940491	0.943302	0.928151	0.927454
618.0	0.917423	0.909259	0.914314	0.916681	0.912825	0.934249	0.926406	0.925184	0.917428	0.921493	0.927560	0.928788	0.914419	0.914662	0.930156	0.925490	0.932700	0.929934	0.911055	0.929163
619.0	0.903697	0.897596	0.904755	0.902305	0.904750	0.920499	0.920132	0.908096	0.902926	0.911632	0.914908	0.916091	0.900866	0.908508	0.915083	0.915317	0.921166	0.919056	0.900462	0.929809
620.0	0.891967	0.884979	0.893354	0.892407	0.892186	0.904245	0.904114	0.894102	0.889247	0.902208	0.903271	0.904452	0.891333	0.897363	0.902150	0.905450	0.909325	0.910042	0.891708	0.922073
621.0	0.879021	0.867368	0.881097	0.877871	0.881427	0.882444	0.883563	0.877116	0.870946	0.889789	0.894681	0.887863	0.880194	0.889154	0.892112	0.892930	0.899572	0.895715	0.881467	0.913658
622.0	0.863145	0.851513	0.864842	0.857065	0.872305	0.867663	0.867184	0.860938	0.860249	0.882105	0.876508	0.877210	0.869523	0.882456	0.878688	0.879035	0.881732	0.881882	0.870109	0.896719
623.0	0.852872	0.836723	0.847486	0.840882	0.862393	0.855482	0.853099	0.846514	0.853703	0.873634	0.864526	0.863971	0.857759	0.871298	0.867271	0.865598	0.867487	0.864929	0.856394	0.877365
624.0	0.841069	0.816699	0.832487	0.827233	0.845615	0.840891	0.838730	0.837481	0.837150	0.857649	0.855768	0.848028	0.838856	0.859091	0.851113	0.850661	0.852794	0.844402	0.836044	0.857356
625.0	0.829658	0.800671	0.816610	0.820294	0.824981	0.823850	0.827261	0.821961	0.822671	0.841703	0.841415	0.836642	0.819412	0.844041	0.837517	0.832509	0.838577	0.826183	0.822117	0.841281
626.0	0.818492	0.783900	0.799867	0.808207	0.807123	0.813450	0.816069	0.812248	0.811231	0.822798	0.829268	0.819383	0.801422	0.830028	0.824411	0.809847	0.828353	0.809815	0.807297	0.822047
627.0	0.801390	0.766285	0.782098	0.798269	0.788137	0.800138	0.804336	0.798321	0.796937	0.806581	0.812301	0.798955	0.786856	0.813644	0.807414	0.791255	0.810410	0.789715	0.788307	0.813432
628.0	0.782336	0.753762	0.768215	0.786767	0.773431	0.785355	0.788748	0.784874	0.784822	0.796539	0.792348	0.781114	0.770506	0.797430	0.795479	0.774585	0.797465	0.772344	0.771189	0.797771
629.0	0.767814	0.745576	0.753856	0.769541	0.761617	0.765756	0.770645	0.767373	0.767893	0.784691	0.775528	0.763578	0.757613	0.780966	0.777780	0.761869	0.779566	0.760349	0.761441	0.781901
630.0	0.756229	0.736746	0.741508	0.751768	0.751195	0.751290	0.749176	0.747692	0.749937	0.770130	0.761915	0.750164	0.745085	0.760366	0.765985	0.748285	0.763637	0.746174	0.751101	0.763362
631.0	0.741128	0.725921	0.726029	0.733283	0.737827	0.737196	0.727458	0.729885	0.733676	0.756731	0.751792	0.736726	0.731928	0.739560	0.748428	0.731443	0.747849	0.732546	0.741852	0.753778
632.0	0.724752	0.711691	0.708863	0.711264	0.725233	0.721228	0.712479	0.708388	0.714075	0.741813	0.738578	0.727852	0.722532	0.723022	0.735782	0.718937	0.726340	0.721189	0.730958	0.735094
633.0	0.708370	0.695474	0.690336	0.692872	0.709560	0.706416	0.698892	0.689063	0.696070	0.728874	0.725518	0.715321	0.708578	0.704313	0.723302	0.706382	0.713494	0.704985	0.718842	0.717458
634.0	0.690608	0.679523	0.679652	0.678883	0.693038	0.692238	0.686554	0.679356	0.675570	0.705856	0.711524	0.698555	0.694926	0.687724	0.710522	0.694036	0.695034	0.687811	0.701669	0.705446
635.0	0.669575	0.660705	0.664018	0.668194	0.680031	0.680337	0.673378	0.667356	0.659994	0.685983	0.693789	0.681281	0.679267	0.671773	0.695489	0.678719	0.683024	0.674539	0.689483	0.693180
636.0	0.653216	0.641249	0.650693	0.654274	0.662717	0.666660	0.657578	0.660374	0.647042	0.664303	0.679378	0.662443	0.665336	0.658738	0.673100	0.665816	0.669046	0.659189	0.673213	0.675852
637.0	0.639343	0.622429	0.636831	0.646583	0.644694	0.648696	0.643122	0.651353	0.636799	0.647205	0.664588	0.646223	0.648482	0.646935	0.654799	0.654661	0.649452	0.639393	0.655639	0.660909
638.0	0.625961	0.609985	0.629710	0.636617	0.633037	0.629732	0.625245	0.646266	0.628407	0.633159	0.643453	0.628053	0.630438	0.631492	0.638672	0.639574	0.636317	0.627694	0.639565	0.638024
639.0	0.613826	0.598596	0.620897	0.619888	0.614406	0.613537	0.609997	0.637004	0.616395	0.620438	0.624981	0.617928	0.617860	0.620007	0.621583	0.628366	0.620208	0.618096	0.628320	0.619339
640.0	0.602301	0.585522	0.607796	0.600873	0.599585	0.601373	0.596604	0.624796	0.605870	0.603117	0.611671	0.606942	0.604056	0.604264	0.610030	0.614438	0.603907	0.603906	0.610854	0.602413
641.0	0.587848	0.575028	0.594930	0.585368	0.582215	0.588859	0.582737	0.609388	0.596472	0.591156	0.598321	0.597217	0.590657	0.589895	0.595134	0.600364	0.590784	0.589504	0.597804	0.591508
642.0	0.578227	0.562611	0.580696	0.567295	0.566145	0.576343	0.572740	0.589774	0.579275	0.574800	0.585296	0.586798	0.577252	0.575785	0.592091	0.585656	0.579089	0.577181	0.582728	0.577984
643.0	0.566326	0.551484	0.561778	0.551845	0.554911	0.565553	0.563097	0.570509	0.565067	0.558337	0.572531	0.576609	0.560906	0.562984	0.579434	0.570769	0.567658	0.563046	0.566925	0.568871
644.0	0.554225	0.538817	0.546718	0.538821	0.543999	0.554246	0.552838	0.555081	0.551052	0.543472	0.559029	0.562885	0.548939	0.550007	0.570325	0.561358	0.552675	0.550825	0.553051	0.558739
645.0	0.537245	0.523472	0.529925	0.527046	0.534428	0.541854	0.541715	0.537949	0.539873	0.532741	0.550473	0.550584	0.535579	0.538572	0.556830	0.548159	0.539929	0.541614	0.538937	0.548166
646.0	0.526921	0.509975	0.518581	0.514374	0.523846	0.528285	0.528691	0.521899	0.529058	0.521219	0.543750	0.539150	0.522003	0.527457	0.543879	0.538873	0.527686	0.530709	0.525550	0.534779
647.0	0.517820	0.500897	0.504896	0.507622	0.513906	0.518003	0.515957	0.509523	0.519817	0.512822	0.532109	0.524554	0.507753	0.517768	0.534582	0.527738	0.516136	0.521613	0.513159	0.523454
648.0	0.505421	0.491243	0.495070	0.503496	0.500102	0.508808	0.505027	0.499262	0.510696	0.504228	0.518686	0.505616	0.496395	0.505722	0.519477	0.515515	0.507447	0.516219	0.501002	0.512451
649.0	0.490056	0.483207	0.485162	0.493182	0.485225	0.498920	0.492616	0.490480	0.501226	0.497663	0.505759	0.495693	0.487107	0.497571	0.508656	0.508351	0.498980	0.506688	0.494084	0.504402
650.0	0.477056	0.475168	0.476159	0.484398	0.475210	0.486575	0.483388	0.482313	0.491133	0.488396	0.496682	0.486669	0.476179	0.488837	0.498661	0.496746	0.491871	0.493534	0.483975	0.496331
651.0	0.465303	0.465263	0.468190	0.475706	0.466507	0.474376	0.474535	0.473540	0.482014	0.480934	0.485568	0.477664	0.465542	0.480584	0.486485	0.487527	0.490235	0.480054	0.476501	0.486982
652.0	0.453271	0.453747	0.458249	0.462414	0.458667	0.468014	0.466008	0.464315	0.467905	0.471365	0.478029	0.468603	0.456691	0.472674	0.476279	0.474031	0.484029	0.472638	0.467736	0.475322
653.0	0.442099	0.442426	0.447583	0.450600	0.452934	0.454683	0.453075	0.454760	0.455944	0.459707	0.469660	0.462976	0.448356	0.464783	0.462903	0.464363	0.468955	0.460841	0.456949	0.463227
654.0	0.432472	0.429648	0.437458	0.437412	0.444354	0.442788	0.442188	0.443232	0.441113	0.452821	0.460643	0.453581	0.439320	0.453609	0.451175	0.454633	0.453836	0.448160	0.447457	0.447532
655.0	0.422640	0.417951	0.429036	0.429091	0.433963	0.430438	0.431476	0.431797	0.428369	0.444878	0.451769	0.443145	0.431205	0.441497	0.439591	0.443468	0.440998	0.436380	0.437155	0.439027
656.0	0.416441	0.408631	0.420571	0.420177	0.426193	0.421099	0.423085	0.420074	0.417005	0.433862	0.441933	0.432313	0.420896	0.429204	0.432677	0.431437	0.429058	0.428509	0.428928	0.424438
657.0	0.405023	0.404269	0.409364	0.412703	0.415513	0.411609	0.412856	0.407401	0.407275	0.421764	0.427991	0.418506	0.411154	0.415849	0.423496	0.419113	0.418232	0.420216	0.417418	0.414958
658.0	0.395617	0.396236	0.399843	0.405481	0.404130	0.402316	0.404596	0.395178	0.400133	0.408456	0.415130	0.406869	0.402548	0.405140	0.413581	0.410088	0.407554	0.411718	0.408414	0.408363
659.0	0.385616	0.389213	0.390270	0.394943	0.393664	0.391853	0.394084	0.385306	0.393730	0.397715	0.402986	0.401913	0.389669	0.397839	0.404105	0.401854	0.398670	0.403315	0.401239	0.399531
660.0	0.377296	0.380568	0.379243	0.384268	0.382875	0.382686	0.388438	0.377356	0.388529	0.387657	0.392767	0.396100	0.379815	0.390848	0.396136	0.394117	0.390359	0.395092	0.393253	0.390516
661.0	0.368832	0.371574	0.370482	0.371990	0.376087	0.376648	0.382411	0.368213	0.382918	0.378429	0.384221	0.386907	0.370511	0.381317	0.385040	0.386677	0.384955	0.385842	0.384196	0.379998
662.0	0.360734	0.361694	0.361729	0.362188	0.367627	0.370421	0.374319	0.360683	0.374514	0.371708	0.378373	0.375156	0.362738	0.374236	0.376159	0.376947	0.376808	0.377917	0.377504	0.370333
663.0	0.353711	0.351272	0.354544	0.351078	0.359042	0.363332	0.361935	0.354581	0.365149	0.364965	0.370577	0.366054	0.357837	0.367557	0.368724	0.369089	0.368967	0.366098	0.367556	0.362915
664.0	0.347060	0.339575	0.346333	0.341408	0.347866	0.356577	0.351593	0.348864	0.353714	0.358214	0.363872	0.356858	0.350535	0.357628	0.359988	0.360362	0.362160	0.354693	0.360428	0.355414
665.0	0.340879	0.330580	0.341140	0.332564	0.338594	0.348286	0.343445	0.342532	0.344421	0.350459	0.354171	0.347631	0.343821	0.347453	0.351880	0.350256	0.354095	0.346197	0.352440	0.348493
666.0	0.335208	0.322428	0.333551	0.325666	0.332839	0.338040	0.333917	0.334815	0.334127	0.340421	0.344223	0.340030	0.336305	0.338183	0.346751	0.338175	0.346002	0.337942	0.343394	0.342343
667.0	0.326107	0.315543	0.326259	0.317650	0.323527	0.326978	0.322200	0.326256	0.324768	0.330480	0.333236	0.330712	0.328660	0.328206	0.339107	0.329685	0.336493	0.327781	0.332990	0.340337
668.0	0.317728	0.306391	0.318217	0.310251	0.316128	0.316231	0.311349	0.318502	0.315019	0.321655	0.323437	0.321935	0.320596	0.323085	0.330365	0.321826	0.326037	0.318133	0.323209	0.335476
669.0	0.307088	0.296275	0.308845	0.302793	0.308539	0.305344	0.303109	0.310794	0.306663	0.311619	0.314672	0.314657	0.310924	0.316388	0.318778	0.313732	0.313096	0.313694	0.312238	0.326231
670.0	0.296298	0.288887	0.299296	0.294697	0.302146	0.299631	0.298115	0.303105	0.300049	0.303886	0.306254	0.306974	0.304382	0.307298	0.309078	0.306787	0.302402	0.310441	0.304387	0.317128
671.0	0.287934	0.283895	0.290644	0.285323	0.295892	0.295917	0.292306	0.294886	0.292524	0.297944	0.297215	0.299531	0.294909	0.298790	0.296643	0.299476	0.292477	0.304955	0.292842	0.306569
672.0	0.281712	0.277957	0.280768	0.279455	0.287079	0.289964	0.287109	0.288020	0.287451	0.291582	0.289910	0.290137	0.285122	0.290508	0.288377	0.290400	0.284641	0.298505	0.285156	0.298349
673.0	0.272866	0.271704	0.271428	0.271879	0.278221	0.284091	0.280365	0.282909	0.282243	0.284337	0.283479	0.281972	0.276494	0.284161	0.280098	0.282504	0.280431	0.290053	0.278373	0.286930
674.0	0.264228	0.264350	0.262661	0.263218	0.270074	0.278297	0.272414	0.276107	0.276303	0.276004	0.274905	0.274335	0.268962	0.276299	0.272627	0.275472	0.275038	0.282935	0.273994	0.275572
675.0	0.256974	0.261609	0.256151	0.254390	0.263688	0.270221	0.264225	0.265402	0.267072	0.266256	0.265658	0.265873	0.260290	0.266495	0.266843	0.267275	0.269067	0.276046	0.266452	0.267027
676.0	0.250011	0.254598	0.248853	0.247113	0.255821	0.261906	0.255765	0.255308	0.258113	0.257998	0.257887	0.257026	0.252138	0.257869	0.261366	0.259276	0.263563	0.265536	0.259234	0.262781
677.0	0.241250	0.247864	0.242983	0.240203	0.245668	0.254336	0.247185	0.244748	0.249390	0.251694	0.249823	0.248503	0.245937	0.249319	0.254700	0.256366	0.256330	0.253826	0.251911	0.258127
678.0	0.232848	0.239280	0.237497	0.234187	0.239763	0.246181	0.239598	0.236313	0.240637	0.246245	0.243962	0.240521	0.241067	0.243438	0.246070	0.249557	0.248077	0.241865	0.242895	0.251611
679.0	0.224448	0.230821	0.232753	0.229169	0.233989	0.236518	0.233551	0.227406	0.231358	0.239446	0.236858	0.232911	0.235846	0.236405	0.237508	0.242669	0.237632	0.237292	0.233520	0.245018
680.0	0.216425	0.222324	0.227994	0.222621	0.229629	0.228977	0.226606	0.221210	0.224067	0.233433	0.229858	0.227182	0.231780	0.230000	0.232060	0.236348	0.229963	0.232423	0.227164	0.238101
681.0	0.209162	0.215214	0.222335	0.214011	0.221081	0.221494	0.218817	0.216297	0.217004	0.229912	0.223375	0.223833	0.224366	0.223212	0.225137	0.228116	0.221962	0.227501	0.219811	0.228505
682.0	0.201769	0.206659	0.216805	0.208397	0.212972	0.213471	0.213283	0.212015	0.211681	0.224502	0.218904	0.219898	0.216908	0.214722	0.218988	0.219907	0.214960	0.222679	0.215193	0.222268
683.0	0.195769	0.200068	0.211564	0.202387	0.204543	0.204773	0.206399	0.207236	0.207517	0.217144	0.212720	0.214956	0.210493	0.210227	0.213324	0.213921	0.209818	0.216690	0.211256	0.213544
684.0	0.193144	0.192487	0.203592	0.196747	0.197738	0.197732	0.198066	0.200077	0.201076	0.208710	0.204816	0.208721	0.204767	0.204288	0.206376	0.207889	0.204480	0.210795	0.205213	0.207665
685.0	0.189473	0.187646	0.196665	0.191587	0.190586	0.190161	0.191235	0.192740	0.195019	0.198581	0.199402	0.203963	0.196117	0.196310	0.201029	0.200720	0.198629	0.203239	0.196992	0.202812
686.0	0.184277	0.181380	0.190355	0.184797	0.183650	0.184111	0.185079	0.186817	0.190745	0.192078	0.193355	0.196412	0.188304	0.191023	0.195124	0.194906	0.190958	0.195069	0.189468	0.196141
687.0	0.178065	0.175973	0.185672	0.178708	0.176572	0.180689	0.180244	0.179957	0.186216	0.184551	0.187039	0.190033	0.181063	0.184303	0.188770	0.191074	0.184754	0.186086	0.183136	0.189132
688.0	0.172264	0.171319	0.179942	0.171956	0.172469	0.176714	0.175669	0.173378	0.182015	0.177427	0.180860	0.184155	0.175272	0.178007	0.181201	0.182089	0.180305	0.178608	0.174527	0.184323
689.0	0.167246	0.166050	0.173314	0.166475	0.167178	0.173238	0.170490	0.166677	0.177764	0.170448	0.172732	0.176878	0.168597	0.171602	0.174300	0.176245	0.175673	0.175738	0.167097	0.178557
690.0	0.161623	0.162159	0.166123	0.160235	0.162805	0.169838	0.164280	0.162454	0.173804	0.165015	0.164615	0.170723	0.163424	0.166896	0.169819	0.169958	0.171317	0.172024	0.163306	0.172425
691.0	0.154584	0.158075	0.160016	0.154307	0.157631	0.165854	0.157807	0.159744	0.168909	0.162080	0.159367	0.166445	0.159510	0.160460	0.162827	0.162782	0.168901	0.168162	0.160896	0.166254
692.0	0.148421	0.153487	0.153451	0.148593	0.150621	0.159679	0.152223	0.155071	0.162393	0.159255	0.153962	0.161894	0.154439	0.153373	0.157620	0.158986	0.164353	0.163482	0.158480	0.161093
693.0	0.145568	0.149168	0.148704	0.143452	0.143589	0.152992	0.145538	0.149261	0.155202	0.154297	0.148290	0.158603	0.150606	0.149611	0.154675	0.155847	0.159813	0.158693	0.156478	0.155356
694.0	0.142648	0.143809	0.144769	0.140183	0.139346	0.146384	0.139749	0.143422	0.148720	0.148772	0.144999	0.153097	0.147400	0.143294	0.151005	0.151460	0.154405	0.151389	0.152365	0.149117
695.0	0.137765	0.137030	0.141855	0.137253	0.135089	0.139348	0.136800	0.138714	0.142327	0.142847	0.142232	0.149372	0.142668	0.140568	0.147779	0.146106	0.145911	0.143723	0.148761	0.143236
696.0	0.132626	0.133172	0.138417	0.133692	0.132051	0.133652	0.132022	0.134421	0.134478	0.139441	0.137622	0.143470	0.139610	0.137917	0.145447	0.142407	0.137943	0.137478	0.143888	0.138849
697.0	0.127708	0.128936	0.135063	0.130148	0.129327	0.129033	0.128542	0.130335	0.127877	0.133764	0.133186	0.138367	0.135577	0.133568	0.141629	0.138553	0.133627	0.131816	0.139243	0.134522
698.0	0.122725	0.124508	0.130988	0.125194	0.126493	0.124672	0.126282	0.124976	0.123545	0.127261	0.129463	0.133913	0.130528	0.128374	0.137135	0.132722	0.128906	0.129933	0.132900	0.131980
699.0	0.119982	0.120753	0.125566	0.121748	0.123059	0.122135	0.122370	0.120207	0.122065	0.120633	0.124310	0.129405	0.125629	0.125166	0.132229	0.127290	0.126524	0.126957	0.127122	0.127642
700.0	0.116522	0.116882	0.120680	0.117928	0.119898	0.120072	0.119484	0.116474	0.118652	0.117649	0.119422	0.125870	0.123063	0.122722	0.127194	0.121412	0.123462	0.125522	0.123848	0.124958
701.0	0.114091	0.113124	0.116567	0.115164	0.117992	0.117792	0.116043	0.114752	0.116502	0.115844	0.116721	0.121535	0.119971	0.119867	0.121860	0.117006	0.123131	0.121715	0.119879	0.121487
702.0	0.111930	0.109575	0.111390	0.110672	0.113460	0.114895	0.112203	0.110632	0.113348	0.114050	0.113901	0.118048	0.114622	0.116153	0.117272	0.114850	0.120578	0.118029	0.116253	0.116343
703.0	0.110569	0.104765	0.110438	0.107529	0.110663	0.111990	0.109879	0.107047	0.111127	0.111527	0.112031	0.114807	0.111130	0.113210	0.112484	0.112457	0.116787	0.116224	0.112413	0.113224
704.0	0.108608	0.101357	0.107713	0.104329	0.108531	0.108623	0.108510	0.103187	0.109819	0.108279	0.110655	0.111413	0.107724	0.108677	0.109419	0.109217	0.112163	0.111928	0.108056	0.109692
705.0	0.104546	0.097705	0.103267	0.101208	0.105357	0.104548	0.107022	0.101215	0.106699	0.106892	0.107550	0.108747	0.103289	0.106870	0.105901	0.107509	0.107058	0.106940	0.104857	0.108414
706.0	0.100572	0.096695	0.099176	0.098664	0.102002	0.102695	0.102328	0.100473	0.102835	0.103975	0.104576	0.103752	0.099755	0.103453	0.102254	0.106149	0.103609	0.101971	0.100996	0.108364
707.0	0.096860	0.093936	0.096039	0.095323	0.099310	0.099451	0.097854	0.098628	0.098298	0.099795	0.100172	0.098571	0.095744	0.101020	0.098803	0.104048	0.100645	0.097806	0.097085	0.106008
708.0	0.092186	0.090715	0.093452	0.092484	0.096156	0.095431	0.096240	0.094352	0.095886	0.095252	0.096272	0.094666	0.092385	0.099534	0.096265	0.100639	0.097422	0.095049	0.093829	0.102162
709.0	0.087789	0.089104	0.089066	0.089594	0.091173	0.091389	0.093113	0.090039	0.092963	0.091391	0.090706	0.091974	0.089924	0.097614	0.092153	0.095738	0.095030	0.092948	0.091193	0.097214
710.0	0.083243	0.086220	0.084410	0.086734	0.087514	0.088029	0.090395	0.086992	0.089164	0.088252	0.087026	0.089385	0.086753	0.094773	0.089122	0.090792	0.091105	0.090781	0.089227	0.091792
711.0	0.079525	0.084121	0.079592	0.084545	0.085439	0.084913	0.086905	0.084199	0.085219	0.084408	0.084635	0.087291	0.083561	0.091536	0.087614	0.087078	0.089011	0.088305	0.086718	0.085882
712.0	0.076849	0.081051	0.076972	0.080972	0.082768	0.082160	0.083833	0.079752	0.081766	0.081344	0.082898	0.085396	0.081457	0.087923	0.085456	0.084358	0.084924	0.086833	0.082134	0.080222
713.0	0.074357	0.077451	0.075394	0.078221	0.081915	0.079212	0.080638	0.076422	0.079671	0.080347	0.081980	0.083292	0.079820	0.083259	0.082337	0.082272	0.081081	0.085288	0.079267	0.077509
714.0	0.073410	0.074894	0.072082	0.073964	0.080800	0.076189	0.078608	0.073473	0.077531	0.077350	0.080875	0.082301	0.077739	0.077959	0.081172	0.080750	0.076084	0.082935	0.078526	0.074949
715.0	0.071767	0.072016	0.070232	0.070215	0.078392	0.073600	0.075794	0.072416	0.075451	0.075397	0.078318	0.080098	0.075567	0.074021	0.078640	0.079926	0.074070	0.080838	0.077908	0.075688
716.0	0.070664	0.068708	0.068897	0.066182	0.076125	0.072538	0.071779	0.072162	0.073251	0.070278	0.076267	0.075287	0.074221	0.070422	0.074650	0.076474	0.072026	0.078033	0.077370	0.076801
717.0	0.068860	0.065827	0.067481	0.064396	0.072764	0.070522	0.068859	0.069908	0.070614	0.069351	0.072955	0.071964	0.072150	0.068045	0.070526	0.073772	0.070770	0.074497	0.074050	0.076954
718.0	0.066904	0.063599	0.065172	0.063273	0.068574	0.069327	0.066962	0.066865	0.068988	0.068522	0.069206	0.068770	0.069719	0.066129	0.066727	0.070986	0.070162	0.070908	0.071791	0.076434
719.0	0.064053	0.061714	0.062218	0.061394	0.063101	0.068378	0.064575	0.064014	0.065749	0.065911	0.065307	0.068022	0.067596	0.064244	0.063151	0.067381	0.067971	0.068442	0.068778	0.074876
720.0	0.062531	0.059914	0.058764	0.060834	0.059225	0.066544	0.062584	0.062032	0.062788	0.062266	0.063014	0.067062	0.065565	0.062813	0.060901	0.064196	0.065657	0.066337	0.067015	0.071335
721.0	0.060291	0.058514	0.055578	0.060000	0.056838	0.064402	0.060671	0.059722	0.058980	0.059163	0.060192	0.065508	0.064488	0.059587	0.060627	0.060900	0.064064	0.064583	0.065361	0.067300
722.0	0.058456	0.057353	0.054951	0.056876	0.053604	0.062358	0.057415	0.055628	0.056860	0.057931	0.058016	0.062937	0.062352	0.058970	0.059535	0.058882	0.061428	0.062144	0.062083	0.061975
723.0	0.056630	0.055901	0.053654	0.054774	0.051918	0.059326	0.054376	0.052706	0.054920	0.056370	0.055792	0.059958	0.060042	0.057650	0.057390	0.056164	0.058712	0.059260	0.060730	0.057874
724.0	0.055104	0.054198	0.052632	0.052191	0.050035	0.056646	0.052960	0.050039	0.053991	0.054022	0.053834	0.056689	0.057988	0.056672	0.056197	0.053803	0.053821	0.057613	0.059561	0.053937
725.0	0.053958	0.052547	0.052259	0.049348	0.049123	0.054240	0.052057	0.048851	0.052053	0.051681	0.050801	0.053534	0.056045	0.055538	0.053421	0.051853	0.051587	0.056160	0.057085	0.052651
726.0	0.052151	0.050904	0.051700	0.047000	0.047492	0.051925	0.050972	0.049637	0.049755	0.048151	0.048455	0.049935	0.054261	0.054003	0.051808	0.049372	0.048895	0.053856	0.055108	0.050330
727.0	0.048409	0.050229	0.049926	0.046000	0.046367	0.050509	0.049850	0.048707	0.048729	0.048108	0.046263	0.048101	0.050909	0.052280	0.048985	0.048461	0.047343	0.050399	0.052281	0.049317
728.0	0.045263	0.049306	0.047971	0.045161	0.046027	0.048461	0.048011	0.047840	0.048175	0.047320	0.044798	0.045925	0.047157	0.050011	0.047102	0.047012	0.045420	0.047324	0.049680	0.049395
729.0	0.041961	0.047524	0.046858	0.043482	0.045255	0.046411	0.046336	0.046128	0.046800	0.045714	0.043673	0.045453	0.045029	0.047719	0.045767	0.046327	0.044089	0.045117	0.046845	0.048343
730.0	0.040131	0.046010	0.045429	0.042209	0.044648	0.043860	0.045174	0.044225	0.045091	0.044152	0.042972	0.043881	0.043442	0.044810	0.044195	0.046519	0.042946	0.044250	0.044798	0.046825
731.0	0.038729	0.043658	0.043902	0.041559	0.043843	0.042193	0.042997	0.042220	0.043468	0.042123	0.040545	0.043218	0.041755	0.040791	0.043139	0.046378	0.040965	0.042877	0.043076	0.044803
732.0	0.037652	0.042708	0.043593	0.039766	0.041364	0.040047	0.039321	0.038642	0.042426	0.040554	0.038987	0.042051	0.039530	0.038403	0.041520	0.046511	0.039565	0.041720	0.040858	0.042110
733.0	0.037008	0.040651	0.042816	0.039339	0.039489	0.037480	0.037365	0.035642	0.040294	0.038698	0.036946	0.040595	0.037754	0.036893	0.040225	0.044459	0.037890	0.040979	0.038614	0.040754
734.0	0.035798	0.038353	0.040604	0.038091	0.037812	0.037098	0.034920	0.033313	0.038642	0.037332	0.035328	0.039216	0.037228	0.035882	0.039013	0.042669	0.036246	0.039747	0.036728	0.039195
735.0	0.035512	0.036561	0.038852	0.035962	0.035883	0.035988	0.033839	0.032117	0.035874	0.035430	0.033716	0.038078	0.036103	0.034611	0.038168	0.040597	0.034289	0.037624	0.034073	0.037157
736.0	0.034690	0.034906	0.037625	0.034338	0.033158	0.035107	0.032857	0.031433	0.033289	0.033624	0.031971	0.036782	0.034877	0.033094	0.037788	0.037674	0.033472	0.036273	0.032735	0.034909
737.0	0.032150	0.034535	0.034627	0.032308	0.031122	0.034397	0.032088	0.030310	0.032232	0.031685	0.030712	0.035368	0.033639	0.032366	0.035859	0.034636	0.032521	0.035171	0.030604	0.033320
738.0	0.030683	0.033861	0.032411	0.031071	0.029828	0.033307	0.031046	0.029922	0.030765	0.029792	0.030647	0.033438	0.031896	0.031670	0.033318	0.032229	0.031523	0.034165	0.029497	0.031891
739.0	0.028706	0.032592	0.030474	0.028776	0.027756	0.032986	0.029537	0.029436	0.029618	0.028380	0.030052	0.031342	0.031236	0.030144	0.031887	0.030108	0.030463	0.033128	0.028569	0.029661
740.0	0.027347	0.031262	0.028310	0.027869	0.026323	0.032537	0.027948	0.028836	0.028898	0.026422	0.029718	0.030190	0.030414	0.029055	0.030353	0.028328	0.029346	0.031512	0.027621	0.027302
741.0	0.025942	0.029236	0.026105	0.027551	0.025273	0.031324	0.026229	0.028232	0.028418	0.024622	0.029628	0.029946	0.030099	0.028112	0.028354	0.027738	0.027580	0.030615	0.027569	0.025890
742.0	0.024045	0.027966	0.025683	0.026785	0.024747	0.029554	0.025142	0.026365	0.027715	0.024066	0.029661	0.028334	0.029010	0.026751	0.027465	0.027781	0.026950	0.029901	0.027960	0.024913
743.0	0.023292	0.025715	0.025218	0.026062	0.024536	0.027357	0.024478	0.024941	0.026599	0.024369	0.029457	0.026877	0.027859	0.026680	0.026424	0.027254	0.025757	0.028926	0.027518	0.023859
744.0	0.022090	0.024264	0.023572	0.024635	0.024395	0.026158	0.022928	0.023191	0.026210	0.025357	0.028903	0.026455	0.027272	0.025806	0.025413	0.026161	0.023797	0.027089	0.027136	0.023384
745.0	0.021756	0.022867	0.022108	0.022831	0.023937	0.024827	0.022484	0.021401	0.025281	0.025635	0.027548	0.025449	0.025930	0.024743	0.024791	0.025064	0.022502	0.025683	0.025754	0.023496
746.0	0.021337	0.021692	0.021314	0.021217	0.023469	0.023540	0.021656	0.020750	0.023724	0.025097	0.026112	0.024054	0.024138	0.022558	0.023028	0.023776	0.022049	0.025171	0.024212	0.023351
747.0	0.020567	0.020422	0.019895	0.018873	0.022897	0.022218	0.021159	0.020739	0.021903	0.024342	0.024525	0.022626	0.022361	0.021114	0.021294	0.022556	0.021538	0.024713	0.022499	0.022967
748.0	0.020107	0.018805	0.019046	0.017448	0.021835	0.021792	0.020584	0.019962	0.019526	0.022841	0.023102	0.021392	0.020696	0.020029	0.019667	0.021428	0.021223	0.024170	0.021595	0.022188
749.0	0.019182	0.017756	0.018375	0.015591	0.020472	0.021577	0.020017	0.019610	0.018495	0.021915	0.020929	0.020221	0.018926	0.019053	0.019153	0.020176	0.020445	0.023389	0.020243	0.021438
750.0	0.018185	0.017692	0.017673	0.015197	0.018953	0.021063	0.019019	0.018837	0.018069	0.020200	0.019469	0.019602	0.018248	0.018149	0.018749	0.019258	0.020182	0.021833	0.018632	0.020582
751.0	0.016648	0.017221	0.017444	0.014507	0.018522	0.020260	0.017941	0.018278	0.017782	0.018798	0.018697	0.019138	0.018254	0.018272	0.018167	0.018945	0.019848	0.021104	0.017713	0.019728
752.0	0.015454	0.016933	0.017871	0.014310	0.017677	0.019756	0.017816	0.017533	0.017868	0.017994	0.018429	0.018856	0.017648	0.017728	0.018368	0.019115	0.018909	0.020292	0.017286	0.018975
753.0	0.015239	0.016710	0.017560	0.014529	0.017132	0.019509	0.017456	0.016266	0.018070	0.017424	0.018407	0.018809	0.017759	0.018059	0.017700	0.018556	0.016999	0.018488	0.016340	0.017828
754.0	0.014711	0.016095	0.017298	0.013826	0.016626	0.018971	0.017070	0.014457	0.018779	0.017086	0.017685	0.019172	0.017674	0.018502	0.017341	0.016844	0.015498	0.016729	0.015963	0.017274
755.0	0.014684	0.015232	0.016829	0.013592	0.015815	0.018443	0.016920	0.014050	0.017701	0.015958	0.016847	0.019082	0.017649	0.018849	0.016127	0.015379	0.015075	0.015353	0.014934	0.017334
756.0	0.013799	0.014231	0.015909	0.013543	0.015491	0.016707	0.016066	0.014530	0.016401	0.015167	0.015887	0.018051	0.017198	0.018087	0.015786	0.013857	0.014213	0.014635	0.014643	0.016227
757.0	0.013686	0.012904	0.014725	0.012975	0.015366	0.015602	0.015054	0.014021	0.015569	0.014936	0.015146	0.017188	0.016045	0.017421	0.015495	0.012974	0.013789	0.014467	0.014509	0.014944
758.0	0.012926	0.012465	0.013403	0.012061	0.013423	0.014243	0.014551	0.012883	0.014206	0.013856	0.014230	0.016608	0.015315	0.016724	0.015467	0.012278	0.013368	0.014297	0.014345	0.014268
759.0	0.012196	0.012106	0.012726	0.011359	0.012655	0.013883	0.013397	0.012278	0.013305	0.013442	0.012995	0.016269	0.013907	0.015409	0.015443	0.012061	0.012354	0.013651	0.013527	0.013688
760.0	0.011261	0.012244	0.011986	0.011327	0.011289	0.013345	0.012191	0.011217	0.012733	0.012714	0.012653	0.015722	0.013594	0.013489	0.015820	0.012274	0.011950	0.013836	0.012947	0.013449
761.0	0.010838	0.012402	0.011434	0.010620	0.011000	0.012836	0.011512	0.010786	0.012031	0.011602	0.012044	0.015013	0.013241	0.012487	0.015315	0.012221	0.011107	0.013710	0.012677	0.012876
762.0	0.010837	0.012138	0.010886	0.009880	0.010333	0.012493	0.011359	0.010208	0.011452	0.010836	0.011863	0.014544	0.012422	0.011380	0.014694	0.012120	0.010698	0.013664	0.011802	0.012615
763.0	0.011057	0.011560	0.010210	0.009580	0.010193	0.012172	0.010878	0.009425	0.011241	0.009783	0.010909	0.014136	0.011809	0.011094	0.014083	0.011348	0.010390	0.013257	0.011316	0.011964
764.0	0.010631	0.010705	0.009939	0.008899	0.010094	0.011902	0.010772	0.009014	0.010703	0.009503	0.010635	0.013852	0.011536	0.010789	0.013556	0.010693	0.010573	0.012923	0.010946	0.011706
765.0	0.009843	0.009866	0.009610	0.008769	0.009628	0.011528	0.010836	0.009221	0.009937	0.009351	0.009987	0.013651	0.011348	0.010064	0.012752	0.010064	0.010446	0.011405	0.010648	0.011817
766.0	0.008615	0.008938	0.009218	0.008435	0.009401	0.011204	0.010709	0.008733	0.009735	0.009644	0.008866	0.012877	0.010831	0.009817	0.012651	0.010020	0.009746	0.011137	0.010872	0.010908
767.0	0.008385	0.008165	0.008908	0.008604	0.008871	0.010885	0.010130	0.008321	0.009803	0.009531	0.008527	0.012716	0.010134	0.010003	0.011674	0.010025	0.009102	0.011295	0.010644	0.009783
768.0	0.007276	0.008249	0.008326	0.007985	0.007692	0.010102	0.009639	0.007989	0.009257	0.009333	0.008289	0.012518	0.010093	0.009700	0.010320	0.009653	0.008578	0.010897	0.010547	0.009215
769.0	0.006657	0.007943	0.008118	0.008181	0.007910	0.009729	0.008743	0.007289	0.008669	0.009431	0.007888	0.012434	0.009504	0.009207	0.009796	0.009360	0.007198	0.010217	0.009546	0.008808
770.0	0.006171	0.007708	0.008007	0.008120	0.007334	0.009065	0.008131	0.006489	0.008525	0.009310	0.008209	0.012150	0.009019	0.009077	0.009208	0.009104	0.006496	0.009762	0.008460	0.009086
771.0	0.005812	0.007959	0.007529	0.007388	0.007131	0.008645	0.007867	0.006102	0.007707	0.009077	0.007660	0.011338	0.009051	0.009220	0.008186	0.008413	0.005762	0.009185	0.007360	0.008917
772.0	0.005807	0.007918	0.007411	0.006874	0.006881	0.008042	0.007515	0.005082	0.007397	0.008448	0.007781	0.010901	0.008941	0.009121	0.007583	0.007322	0.006098	0.009224	0.006658	0.008508
773.0	0.005976	0.007945	0.007334	0.006411	0.006671	0.007419	0.006520	0.004342	0.006767	0.007757	0.007615	0.010292	0.008908	0.008680	0.007557	0.006675	0.006080	0.009099	0.006483	0.008140
774.0	0.006279	0.007935	0.007007	0.005629	0.006753	0.007160	0.006600	0.003780	0.005993	0.007775	0.007595	0.009612	0.008871	0.008247	0.007866	0.006406	0.006039	0.008274	0.006473	0.007961
775.0	0.006065	0.008009	0.006771	0.005158	0.006631	0.007173	0.006738	0.004501	0.006096	0.007595	0.007527	0.009195	0.008073	0.007538	0.008487	0.006487	0.006618	0.007432	0.007049	0.007657
776.0	0.006189	0.007827	0.006784	0.004622	0.006508	0.007264	0.007028	0.004692	0.006193	0.007671	0.007333	0.008739	0.007376	0.007070	0.008207	0.006927	0.006666	0.007616	0.007546	0.006779
777.0	0.005795	0.007563	0.006132	0.004488	0.006679	0.007033	0.006980	0.005435	0.006065	0.007057	0.007421	0.008651	0.006899	0.006629	0.007693	0.007058	0.006650	0.007135	0.007481	0.006227
778.0	0.005473	0.007616	0.005418	0.003781	0.006714	0.006947	0.007356	0.005635	0.005779	0.006265	0.007384	0.008253	0.006599	0.005685	0.007117	0.006825	0.006523	0.006929	0.007768	0.005746
779.0	0.005017	0.007635	0.005138	0.003817	0.006645	0.006488	0.007118	0.005364	0.005350	0.006059	0.007261	0.007692	0.006456	0.005060	0.006924	0.006253	0.005926	0.006663	0.007264	0.005279
780.0	0.004458	0.007254	0.004536	0.003477	0.005934	0.006185	0.006055	0.005302	0.005995	0.005387	0.006988	0.007375	0.006116	0.004349	0.006270	0.005594	0.005234	0.006066	0.006228	0.005492
781.0	0.004007	0.007145	0.003906	0.003359	0.005548	0.006490	0.005530	0.005102	0.005828	0.005062	0.006382	0.006908	0.005902	0.003778	0.006272	0.005262	0.004472	0.005790	0.005713	0.005252
782.0	0.003404	0.006504	0.004181	0.003320	0.005216	0.005915	0.004610	0.003952	0.005936	0.004247	0.005857	0.006946	0.005626	0.003699	0.006420	0.004887	0.004238	0.005582	0.005651	0.005515
783.0	0.003269	0.005858	0.004652	0.003480	0.004793	0.005468	0.003687	0.003432	0.005586	0.003678	0.005260	0.006965	0.005549	0.003336	0.006357	0.004752	0.004573	0.005971	0.005601	0.005564
784.0	0.003634	0.005377	0.004941	0.003165	0.004313	0.005350	0.003752	0.003275	0.005023	0.003586	0.004389	0.006720	0.005228	0.003563	0.006580	0.005229	0.004556	0.006319	0.005417	0.005915
785.0	0.003437	0.004788	0.004507	0.003659	0.003970	0.005356	0.003478	0.003770	0.004691	0.003788	0.004392	0.006879	0.005116	0.003807	0.005969	0.006173	0.004919	0.006605	0.005277	0.006079
786.0	0.003327	0.004540	0.004298	0.003819	0.003669	0.005535	0.003489	0.003774	0.004125	0.004119	0.004122	0.006386	0.005128	0.004014	0.005417	0.006855	0.004849	0.006037	0.004777	0.005695
787.0	0.002781	0.004332	0.003743	0.003585	0.003457	0.005827	0.003650	0.003937	0.003827	0.004199	0.003341	0.006164	0.005117	0.004710	0.005076	0.006903	0.005321	0.005201	0.004617	0.005739
788.0	0.002847	0.004309	0.002964	0.003295	0.003375	0.005826	0.004131	0.003705	0.003719	0.004173	0.002969	0.005704	0.005255	0.004463	0.004383	0.006654	0.005034	0.004807	0.004761	0.005421
789.0	0.002547	0.004464	0.002660	0.003141	0.003293	0.005187	0.003795	0.003394	0.003679	0.004340	0.003047	0.004963	0.005165	0.004117	0.003515	0.006192	0.004088	0.004226	0.004212	0.004677
790.0	0.002632	0.004526	0.002390	0.002467	0.003163	0.004721	0.003641	0.003211	0.004173	0.003571	0.002570	0.004278	0.004618	0.004037	0.003026	0.005475	0.002868	0.003808	0.003827	0.004716
791.0	0.002708	0.004167	0.002378	0.001949	0.003193	0.004713	0.003340	0.002713	0.004689	0.003089	0.001951	0.003969	0.003673	0.004003	0.003171	0.005154	0.001729	0.002692	0.003495	0.004504
792.0	0.002803	0.003803	0.002451	0.001353	0.003342	0.004191	0.002597	0.002257	0.005068	0.002817	0.001699	0.004109	0.003041	0.004046	0.002849	0.004560	0.002148	0.002132	0.002969	0.004383
793.0	0.002913	0.003370	0.003165	0.001217	0.003534	0.003855	0.002198	0.002070	0.005316	0.002752	0.001854	0.004553	0.002776	0.003363	0.002223	0.003989	0.002582	0.002286	0.002733	0.003864
794.0	0.003213	0.002979	0.003416	0.000914	0.003377	0.004116	0.002217	0.001391	0.004808	0.002917	0.001878	0.004744	0.002826	0.003365	0.002350	0.003708	0.002755	0.002295	0.002291	0.004206
795.0	0.002826	0.002603	0.003553	0.000941	0.003086	0.004242	0.001728	0.000636	0.004584	0.003210	0.002028	0.005141	0.002915	0.003494	0.002411	0.003290	0.003044	0.002425	0.002288	0.003588
796.0	0.002562	0.002679	0.003928	0.001067	0.002494	0.004715	0.001398	0.000201	0.004011	0.003836	0.001964	0.005387	0.003220	0.003775	0.003095	0.002733	0.003659	0.002557	0.002354	0.003011
797.0	0.002273	0.002788	0.004099	0.001307	0.001843	0.004984	0.001152	0.000060	0.003365	0.004135	0.001809	0.005508	0.003502	0.004050	0.003816	0.002408	0.003976	0.002674	0.002679	0.002689
798.0	0.001995	0.002838	0.003923	0.001658	0.001209	0.004848	0.001028	0.000315	0.002705	0.003836	0.001553	0.005450	0.003661	0.004245	0.004408	0.002460	0.003761	0.002720	0.003319	0.002815
799.0	0.001767	0.002735	0.003259	0.002117	0.000672	0.004105	0.001060	0.001067	0.002089	0.002665	0.001186	0.005160	0.003599	0.004285	0.004706	0.003029	0.002781	0.002643	0.004327	0.003582
800.0	0.001626	0.002388	0.001965	0.002681	0.000307	0.002555	0.001287	0.002419	0.001574	0.000351	0.000698	0.004583	0.003217	0.004095	0.004547	0.004260	0.000801	0.002388	0.005759	0.005183
