500.0	0.933947	0.948384	0.801822	0.897923	0.909348	0.865791	0.881148	0.908978	0.847135	0.998169	0.849349	0.864586	0.896872	0.852209	0.876092	0.855954	0.905428	0.875683	0.834786	0.874845
501.0	0.949058	0.923291	0.850948	0.923378	0.906570	0.891998	0.892572	0.868727	0.868293	0.960175	0.909527	0.897474	0.944734	0.880540	0.865318	0.897574	0.922675	0.878751	0.883662	0.882179
502.0	0.951832	0.915191	0.882295	0.941471	0.913874	0.912849	0.908719	0.856332	0.888541	0.938639	0.950095	0.916482	0.975485	0.909084	0.876056	0.930034	0.940494	0.894326	0.923285	0.896265
503.0	0.946419	0.919879	0.900345	0.953566	0.928198	0.928739	0.927702	0.865323	0.907508	0.930720	0.974759	0.925436	0.992379	0.936365	0.901516	0.953885	0.957721	0.918006	0.954041	0.914426
504.0	0.936968	0.933148	0.909579	0.961025	0.946476	0.940065	0.947636	0.889229	0.924822	0.933579	0.987230	0.928160	0.998667	0.960908	0.934912	0.969676	0.973192	0.945385	0.976314	0.933981
505.0	0.927630	0.950793	0.914476	0.965211	0.965646	0.947225	0.966634	0.921581	0.940112	0.944375	0.991215	0.928481	0.997601	0.981239	0.969454	0.977957	0.985746	0.972062	0.990490	0.952252
506.0	0.932666	0.954970	0.934445	0.969821	0.977000	0.950493	0.972934	0.956624	0.950779	0.955720	0.998600	0.943682	0.996317	0.993260	0.976351	0.969281	0.989211	0.987614	0.999891	0.964192
507.0	0.937335	0.967247	0.939654	0.978109	0.989691	0.947888	0.990778	0.974303	0.957380	0.980459	1.000000	0.951994	0.983849	0.990717	0.994630	0.960321	0.987490	0.986663	1.000000	0.954048
508.0	0.945992	0.985329	0.961664	0.965204	0.994608	0.948872	0.993870	0.985641	0.972971	1.000000	0.995975	0.962425	0.986399	0.997701	1.000000	0.957092	0.990735	0.992466	0.978322	0.957361
509.0	0.969283	1.000000	0.968730	0.979647	1.000000	0.936766	0.996051	0.988499	0.972951	0.998079	0.985906	0.971184	1.000000	0.993200	0.988955	0.965614	0.991378	0.987403	0.959799	0.961516
510.0	0.989938	0.998064	0.983174	1.000000	0.987100	0.938082	1.000000	0.993214	0.980116	0.998902	0.990812	0.983778	0.997691	0.997505	0.969949	0.965967	0.991560	0.978075	0.965587	0.972687
511.0	0.981546	0.995250	1.000000	0.996244	0.986278	0.954773	0.996839	1.000000	0.987191	0.980679	0.995546	0.997800	0.996283	1.000000	0.953229	0.969005	1.000000	0.968348	0.958287	0.982399
512.0	0.973095	0.992397	0.989758	0.992586	0.964542	0.961922	0.993430	0.987253	1.000000	0.976677	0.991077	1.000000	0.987132	0.991354	0.934148	0.954136	0.993013	0.977703	0.952212	0.986478
513.0	0.986262	0.997384	0.976857	0.975542	0.966868	0.978703	0.994264	0.979458	0.997036	0.963276	0.992397	0.987466	0.973933	0.984542	0.926829	0.970626	0.991912	0.971730	0.942522	0.993866
514.0	1.000000	0.995241	0.951705	0.953830	0.951316	0.992748	0.986069	0.974821	0.978839	0.949073	0.985882	0.981647	0.962290	0.978592	0.925601	0.990906	0.973607	0.989799	0.925932	0.997973
515.0	0.988526	0.983418	0.928664	0.961627	0.933595	1.000000	0.974272	0.950649	0.971956	0.942553	0.980169	0.973866	0.960018	0.972324	0.937511	1.000000	0.973734	0.996176	0.916728	1.000000
516.0	0.992585	0.959783	0.914013	0.959482	0.928748	0.984800	0.948230	0.929574	0.945694	0.929694	0.966095	0.972693	0.944645	0.957972	0.932888	0.994278	0.956807	0.991293	0.914339	0.981100
517.0	0.976910	0.941038	0.899311	0.958266	0.929611	0.962453	0.926667	0.925961	0.922896	0.916902	0.948784	0.962544	0.935432	0.937110	0.929230	0.971267	0.940200	0.988567	0.917077	0.947497
518.0	0.950836	0.926265	0.883993	0.944199	0.934162	0.948920	0.892739	0.900137	0.907484	0.914645	0.933110	0.947386	0.931237	0.923279	0.920006	0.961020	0.911628	1.000000	0.906407	0.926690
519.0	0.924260	0.900105	0.864436	0.940858	0.920479	0.925621	0.866654	0.883094	0.893819	0.911142	0.927848	0.934806	0.934107	0.909153	0.901677	0.938791	0.908770	0.993167	0.901661	0.914464
520.0	0.900663	0.879859	0.859874	0.925278	0.901459	0.898293	0.851702	0.862064	0.887859	0.915996	0.922513	0.923077	0.933064	0.902580	0.895210	0.910211	0.901891	0.984954	0.896372	0.898195
521.0	0.865433	0.869100	0.849836	0.903220	0.887763	0.879423	0.847765	0.843406	0.900408	0.914211	0.903854	0.901261	0.914276	0.900531	0.884943	0.872472	0.900856	0.956387	0.887281	0.890060
522.0	0.842666	0.867605	0.824277	0.887190	0.863539	0.852307	0.855390	0.828235	0.904215	0.915172	0.897947	0.883173	0.905473	0.886002	0.869495	0.839168	0.892005	0.939244	0.872239	0.872099
523.0	0.821843	0.858463	0.802906	0.854512	0.866011	0.842474	0.855202	0.831302	0.895371	0.904664	0.904831	0.863633	0.883204	0.863935	0.856543	0.824565	0.875931	0.905631	0.859744	0.864240
524.0	0.804379	0.841134	0.783391	0.817695	0.850448	0.830547	0.849020	0.825641	0.877532	0.887289	0.888186	0.840321	0.869450	0.858176	0.841545	0.803284	0.867631	0.876927	0.821995	0.849851
525.0	0.776962	0.824873	0.778078	0.818183	0.848994	0.812171	0.843525	0.807474	0.859901	0.860513	0.852540	0.820718	0.866390	0.833509	0.829016	0.792556	0.862720	0.843141	0.790165	0.833103
526.0	0.767611	0.804289	0.772525	0.807640	0.851932	0.783799	0.835761	0.809618	0.836049	0.828530	0.818217	0.800476	0.842286	0.805824	0.815083	0.778382	0.846964	0.809158	0.784829	0.814675
527.0	0.752665	0.778137	0.758794	0.800802	0.839012	0.779995	0.833211	0.816074	0.812671	0.798943	0.788104	0.782196	0.837390	0.778128	0.784427	0.775680	0.817267	0.781180	0.776897	0.783994
528.0	0.733069	0.759004	0.752915	0.790765	0.826989	0.782022	0.807529	0.782994	0.789887	0.778955	0.770834	0.779238	0.822197	0.755479	0.760040	0.788119	0.798733	0.769319	0.758342	0.763100
529.0	0.716732	0.734558	0.748581	0.783748	0.785020	0.775064	0.771954	0.767690	0.770072	0.762480	0.759764	0.771122	0.807610	0.735122	0.740871	0.786832	0.797796	0.757546	0.747447	0.740830
530.0	0.719819	0.719726	0.745883	0.764114	0.748775	0.763152	0.749546	0.742702	0.755126	0.747180	0.748991	0.755711	0.787664	0.717672	0.721653	0.774444	0.780412	0.753804	0.727533	0.713038
531.0	0.718128	0.709773	0.736811	0.762322	0.715056	0.746856	0.737994	0.723388	0.744642	0.729964	0.739029	0.742858	0.756311	0.702730	0.701098	0.754902	0.751337	0.736493	0.723312	0.696547
532.0	0.718683	0.703753	0.723713	0.746433	0.680029	0.727254	0.727565	0.692689	0.721862	0.710469	0.728858	0.736581	0.732534	0.682935	0.675730	0.731684	0.732356	0.721035	0.708687	0.672131
533.0	0.698142	0.680390	0.697702	0.716450	0.659261	0.704821	0.710076	0.679699	0.692887	0.699299	0.714034	0.708380	0.698635	0.661964	0.652558	0.703250	0.717013	0.701648	0.685829	0.656331
534.0	0.678962	0.664421	0.683716	0.686073	0.635814	0.670275	0.685167	0.660534	0.659479	0.673460	0.685171	0.664054	0.658610	0.643772	0.626313	0.674778	0.707878	0.678088	0.641585	0.637418
535.0	0.658498	0.654001	0.663938	0.669345	0.610263	0.628949	0.655279	0.630838	0.629155	0.650548	0.640925	0.636021	0.632271	0.619315	0.609600	0.644536	0.677151	0.648071	0.614770	0.620913
536.0	0.626732	0.624062	0.634100	0.644113	0.593720	0.600077	0.631157	0.605391	0.601034	0.622962	0.613196	0.610355	0.609634	0.599246	0.592696	0.606588	0.655217	0.617150	0.602940	0.593356
537.0	0.601509	0.594997	0.585682	0.617441	0.570068	0.586127	0.606056	0.581850	0.570535	0.594325	0.586517	0.586217	0.597999	0.589589	0.575825	0.572637	0.626228	0.582730	0.579478	0.566834
538.0	0.570105	0.570355	0.559325	0.587272	0.562976	0.559190	0.566242	0.550585	0.559231	0.570410	0.567318	0.561796	0.588351	0.575675	0.566668	0.537896	0.600054	0.553998	0.553843	0.550521
539.0	0.536983	0.547276	0.529223	0.560718	0.540273	0.544299	0.533401	0.542560	0.544454	0.555953	0.545650	0.537882	0.579631	0.557631	0.553539	0.507921	0.569384	0.535311	0.525306	0.527367
540.0	0.513642	0.529825	0.503610	0.541683	0.523566	0.527715	0.511475	0.520061	0.537466	0.538020	0.535326	0.516044	0.558363	0.550592	0.533850	0.476390	0.538923	0.527160	0.498844	0.506660
541.0	0.500411	0.508773	0.481971	0.524398	0.510309	0.506428	0.502312	0.498574	0.522466	0.511408	0.516536	0.499329	0.549600	0.527609	0.516060	0.458447	0.503293	0.507638	0.479068	0.492750
542.0	0.490380	0.481528	0.468187	0.494142	0.490800	0.485609	0.491504	0.470110	0.499714	0.492706	0.498906	0.478401	0.529954	0.507326	0.492410	0.436565	0.482947	0.499183	0.457909	0.484092
543.0	0.474457	0.462799	0.444565	0.483395	0.470717	0.464186	0.476177	0.453664	0.478418	0.473807	0.478952	0.446863	0.498327	0.488412	0.476380	0.433760	0.469383	0.488365	0.433140	0.480140
544.0	0.459429	0.445503	0.438713	0.467576	0.454697	0.443332	0.452258	0.434530	0.462752	0.450952	0.461773	0.422773	0.464050	0.461530	0.449124	0.437227	0.458215	0.471832	0.412061	0.473119
545.0	0.443718	0.428064	0.422730	0.441011	0.426651	0.416333	0.430749	0.414868	0.440464	0.438687	0.434508	0.411956	0.434362	0.441840	0.432970	0.439934	0.435030	0.451293	0.404591	0.459456
546.0	0.419847	0.396428	0.404860	0.425715	0.403342	0.400011	0.422579	0.397604	0.417140	0.413679	0.418755	0.402592	0.414229	0.421075	0.416423	0.426883	0.429000	0.435167	0.402414	0.435950
547.0	0.407793	0.378104	0.384656	0.403880	0.386583	0.389625	0.409135	0.387256	0.401858	0.394507	0.404072	0.392081	0.398477	0.408432	0.405811	0.407000	0.420287	0.413230	0.393738	0.425115
548.0	0.386519	0.359641	0.365088	0.391188	0.380954	0.376001	0.403498	0.371445	0.399942	0.385927	0.388593	0.383485	0.390370	0.396626	0.396480	0.386875	0.408564	0.392133	0.386616	0.410148
549.0	0.364861	0.354600	0.347034	0.374472	0.366269	0.368832	0.404493	0.364901	0.388581	0.374296	0.378893	0.386688	0.388709	0.388287	0.388528	0.370842	0.396873	0.381408	0.376186	0.387792
550.0	0.349245	0.347110	0.335429	0.365830	0.349334	0.358334	0.393020	0.345973	0.379299	0.356976	0.372381	0.382140	0.375648	0.384976	0.380966	0.357874	0.388457	0.369999	0.367495	0.373366
551.0	0.339151	0.337756	0.330979	0.359976	0.342035	0.347019	0.386757	0.336384	0.367465	0.329239	0.362201	0.374234	0.372815	0.371928	0.377923	0.343594	0.370851	0.354517	0.353247	0.369961
552.0	0.325192	0.328245	0.323811	0.347514	0.338593	0.335101	0.371194	0.324614	0.356971	0.318263	0.353313	0.360183	0.357423	0.358321	0.369439	0.320838	0.349661	0.352395	0.343288	0.359812
553.0	0.315448	0.329139	0.320516	0.346337	0.332567	0.332979	0.345158	0.312177	0.345359	0.305706	0.347630	0.347431	0.344984	0.349315	0.358534	0.314496	0.331234	0.340574	0.322295	0.338341
554.0	0.305251	0.324571	0.311996	0.323384	0.326703	0.319620	0.324133	0.304143	0.335820	0.292837	0.339177	0.333620	0.322300	0.330285	0.335464	0.300796	0.311096	0.327968	0.303396	0.322029
555.0	0.287992	0.314914	0.304701	0.305504	0.310518	0.301856	0.310716	0.298897	0.316256	0.280924	0.328382	0.312728	0.304472	0.311770	0.319087	0.297065	0.283681	0.310476	0.292534	0.302653
556.0	0.278198	0.296661	0.290233	0.295696	0.302558	0.288295	0.296849	0.289630	0.296126	0.266067	0.311055	0.292847	0.288893	0.293860	0.299403	0.283955	0.274356	0.298464	0.286290	0.290890
557.0	0.270945	0.286269	0.281051	0.287289	0.295098	0.282813	0.276654	0.276729	0.281833	0.262755	0.297663	0.274297	0.278844	0.284822	0.282394	0.274456	0.268030	0.286655	0.272087	0.273864
558.0	0.264291	0.270806	0.265258	0.278102	0.285898	0.272407	0.263764	0.273322	0.267887	0.259538	0.283585	0.262864	0.265937	0.275325	0.266376	0.267349	0.264052	0.270983	0.261983	0.259834
559.0	0.258137	0.260950	0.256546	0.259199	0.269666	0.254369	0.253002	0.263820	0.254515	0.252610	0.270801	0.253746	0.259786	0.268209	0.257825	0.264831	0.262099	0.250968	0.251018	0.257270
560.0	0.250165	0.249711	0.246158	0.254057	0.255632	0.240526	0.244275	0.248570	0.247126	0.248485	0.263900	0.244364	0.246958	0.262007	0.249000	0.261111	0.265551	0.239931	0.242642	0.257691
561.0	0.248018	0.248657	0.240958	0.255059	0.247383	0.219361	0.242762	0.242846	0.246612	0.245712	0.257087	0.237352	0.236229	0.254074	0.245561	0.254640	0.255681	0.229937	0.233560	0.260862
562.0	0.234437	0.249543	0.233920	0.242870	0.239359	0.210120	0.238233	0.233341	0.237447	0.246853	0.252006	0.233486	0.223900	0.235930	0.235533	0.245411	0.247117	0.227737	0.225353	0.249135
563.0	0.233339	0.250061	0.226402	0.236386	0.222259	0.202209	0.230376	0.225855	0.226757	0.240561	0.250300	0.235158	0.217943	0.223467	0.228391	0.230967	0.241798	0.224685	0.217024	0.234991
564.0	0.234326	0.240738	0.214588	0.223061	0.205438	0.187897	0.221584	0.221555	0.216236	0.225701	0.244665	0.234249	0.204579	0.206706	0.218427	0.219814	0.233136	0.219109	0.208933	0.224219
565.0	0.224807	0.225645	0.207557	0.220478	0.195266	0.182293	0.210353	0.214279	0.203372	0.211898	0.237880	0.228581	0.195900	0.194670	0.218754	0.208043	0.222066	0.214988	0.207414	0.208004
566.0	0.218128	0.208879	0.194408	0.209738	0.193635	0.180794	0.196990	0.204954	0.196455	0.196337	0.217491	0.220659	0.189375	0.185767	0.209810	0.188363	0.215042	0.220782	0.200782	0.199762
567.0	0.209450	0.190907	0.182063	0.206621	0.184666	0.179930	0.182749	0.190179	0.193660	0.185696	0.204780	0.205231	0.186850	0.185054	0.203093	0.178163	0.205721	0.218145	0.187671	0.186807
568.0	0.198138	0.174060	0.172391	0.193800	0.183151	0.187529	0.172649	0.182691	0.187676	0.173782	0.195104	0.192485	0.184249	0.185015	0.198691	0.169730	0.200954	0.206672	0.178261	0.177778
569.0	0.181859	0.157300	0.170566	0.174936	0.181232	0.182326	0.165530	0.167616	0.184981	0.169102	0.181726	0.179379	0.183365	0.186298	0.188938	0.158774	0.198518	0.194304	0.165123	0.171680
570.0	0.170423	0.148776	0.165158	0.171587	0.182145	0.175479	0.161974	0.153020	0.180348	0.165338	0.173415	0.168822	0.180219	0.185585	0.174739	0.149564	0.190371	0.185671	0.158996	0.158485
571.0	0.166403	0.146800	0.162522	0.168743	0.183053	0.162176	0.153978	0.143451	0.172127	0.155615	0.172727	0.157777	0.177174	0.177713	0.163473	0.141335	0.172830	0.171917	0.161252	0.156552
572.0	0.156329	0.146826	0.157554	0.156100	0.179984	0.161338	0.149689	0.134986	0.161649	0.152266	0.168247	0.152105	0.172847	0.159672	0.153501	0.137528	0.162629	0.166688	0.159710	0.151013
573.0	0.158779	0.145539	0.153913	0.151867	0.165718	0.149225	0.147927	0.132853	0.151417	0.149466	0.164969	0.147719	0.170711	0.150903	0.150637	0.133669	0.152578	0.157904	0.154028	0.146267
574.0	0.154350	0.143508	0.146210	0.151410	0.152736	0.140062	0.141295	0.131291	0.135967	0.149545	0.161578	0.142540	0.161786	0.142790	0.151327	0.136167	0.145932	0.149261	0.147285	0.136769
575.0	0.149889	0.145146	0.137919	0.153597	0.144152	0.131218	0.139098	0.127962	0.129385	0.144123	0.157967	0.136899	0.149162	0.133477	0.146279	0.130102	0.138224	0.147264	0.141972	0.128606
576.0	0.142161	0.143902	0.128381	0.143959	0.130373	0.120890	0.135012	0.126093	0.130625	0.137265	0.146521	0.134975	0.145352	0.126269	0.138895	0.123391	0.130351	0.146215	0.138131	0.125836
577.0	0.130874	0.134230	0.120902	0.140390	0.117916	0.117147	0.130736	0.124470	0.131704	0.135210	0.142783	0.129894	0.137752	0.118736	0.135747	0.121930	0.124014	0.141988	0.135242	0.121987
578.0	0.120916	0.125339	0.117932	0.129632	0.115166	0.119496	0.130405	0.121579	0.128489	0.133788	0.137816	0.125280	0.128454	0.113267	0.130540	0.120241	0.122822	0.138119	0.130631	0.119602
579.0	0.109339	0.123924	0.118523	0.117235	0.109784	0.111061	0.129377	0.119605	0.125512	0.126926	0.124013	0.122851	0.120386	0.112749	0.124304	0.116327	0.117289	0.133313	0.125897	0.113815
580.0	0.105057	0.122624	0.115089	0.112143	0.108949	0.108601	0.123472	0.122174	0.116532	0.117304	0.118567	0.119809	0.115701	0.107610	0.121443	0.112798	0.108929	0.127421	0.124984	0.105172
581.0	0.105913	0.116440	0.117793	0.107507	0.111188	0.102025	0.114323	0.121648	0.109815	0.109009	0.116595	0.119512	0.111350	0.098871	0.118475	0.100444	0.103841	0.117793	0.123797	0.102048
582.0	0.103120	0.114973	0.123060	0.095719	0.112284	0.103289	0.109497	0.119479	0.105136	0.111961	0.110186	0.122736	0.104968	0.091175	0.120326	0.099829	0.101137	0.111597	0.119544	0.096797
583.0	0.103177	0.114148	0.122835	0.093515	0.111135	0.096781	0.106810	0.114625	0.095237	0.106499	0.105447	0.120469	0.098220	0.094333	0.128487	0.098014	0.098559	0.103681	0.109541	0.090325
584.0	0.100513	0.111156	0.118603	0.089376	0.107325	0.097079	0.105753	0.106864	0.086950	0.104093	0.099224	0.114606	0.094698	0.093003	0.135580	0.090670	0.096482	0.097762	0.098219	0.082950
585.0	0.097439	0.107141	0.108994	0.089934	0.097353	0.096600	0.103959	0.097483	0.088000	0.101248	0.100019	0.109287	0.092619	0.090877	0.124137	0.078490	0.091667	0.092043	0.088997	0.081662
586.0	0.092105	0.099584	0.100773	0.086950	0.089790	0.096901	0.098725	0.089283	0.087418	0.102235	0.098071	0.106774	0.095899	0.086219	0.118980	0.067654	0.089805	0.087178	0.086342	0.080216
587.0	0.086057	0.091909	0.098042	0.087119	0.086588	0.100352	0.094447	0.086602	0.087142	0.102382	0.093171	0.100053	0.091655	0.076586	0.108564	0.064362	0.083119	0.088744	0.080038	0.077436
588.0	0.084175	0.086574	0.092073	0.084803	0.086428	0.096641	0.092436	0.080715	0.082010	0.095515	0.085748	0.090889	0.089875	0.072599	0.098046	0.063293	0.081673	0.088517	0.079518	0.077822
589.0	0.084023	0.086324	0.087970	0.083391	0.083590	0.090630	0.090522	0.078815	0.080998	0.088614	0.081600	0.077063	0.089583	0.071665	0.090890	0.064079	0.078868	0.086864	0.080777	0.074432
590.0	0.082620	0.077353	0.085434	0.079556	0.081380	0.088923	0.082436	0.079469	0.078852	0.083489	0.088792	0.070308	0.087131	0.070209	0.084402	0.065453	0.076259	0.084897	0.075510	0.072600
591.0	0.091323	0.071812	0.085939	0.076237	0.079144	0.081343	0.075788	0.079496	0.077895	0.082618	0.091161	0.067960	0.084760	0.070165	0.078168	0.066511	0.074990	0.081545	0.071476	0.065434
592.0	0.090572	0.074196	0.084535	0.074253	0.076459	0.076113	0.067833	0.077858	0.072846	0.083651	0.091261	0.067644	0.078023	0.068799	0.077657	0.073612	0.075577	0.079405	0.071741	0.062010
593.0	0.087389	0.069912	0.080783	0.077881	0.075519	0.068584	0.063768	0.073312	0.066742	0.079782	0.088281	0.067230	0.074614	0.072116	0.078899	0.076111	0.074560	0.078571	0.070710	0.061855
594.0	0.088374	0.065978	0.077140	0.079108	0.068507	0.064748	0.058422	0.067666	0.064900	0.080498	0.080835	0.065873	0.072221	0.070163	0.077252	0.072841	0.072595	0.073870	0.066911	0.059823
595.0	0.081277	0.064519	0.071192	0.078461	0.063507	0.062201	0.054379	0.058049	0.068562	0.079154	0.078064	0.064645	0.072460	0.073522	0.067451	0.070299	0.068047	0.065795	0.065341	0.057935
596.0	0.077601	0.061295	0.068297	0.072522	0.064623	0.063001	0.051545	0.056423	0.066762	0.078407	0.070679	0.065347	0.071996	0.071407	0.066555	0.063776	0.066682	0.059490	0.064955	0.055632
597.0	0.073568	0.063357	0.068711	0.065101	0.064453	0.063895	0.050797	0.052560	0.066377	0.072151	0.060008	0.067384	0.069326	0.068321	0.061621	0.058818	0.061154	0.054073	0.062837	0.052644
598.0	0.072012	0.061807	0.068005	0.056902	0.064720	0.060664	0.047738	0.056091	0.060705	0.061894	0.052110	0.067132	0.067850	0.063964	0.061058	0.057050	0.062658	0.052108	0.065447	0.049719
599.0	0.070026	0.057254	0.065809	0.052415	0.064584	0.057124	0.049357	0.057406	0.059259	0.055386	0.054963	0.062193	0.063457	0.062604	0.061989	0.058772	0.062188	0.054095	0.064551	0.048725
600.0	0.067566	0.050156	0.066727	0.046742	0.065484	0.059561	0.047726	0.055428	0.061694	0.050176	0.061485	0.063414	0.057888	0.059995	0.060364	0.057103	0.059153	0.056643	0.060821	0.045696
601.0	0.068917	0.049092	0.064520	0.050274	0.061963	0.058510	0.052020	0.057432	0.058916	0.043184	0.063694	0.063121	0.053908	0.057935	0.058498	0.053629	0.057005	0.057948	0.055843	0.045440
602.0	0.062500	0.050833	0.063962	0.059200	0.056990	0.058060	0.055137	0.057649	0.055121	0.041831	0.066290	0.061406	0.048120	0.051460	0.058905	0.050716	0.056264	0.056084	0.050613	0.051143
603.0	0.058627	0.048938	0.061854	0.065408	0.054518	0.059585	0.057403	0.053428	0.052041	0.041277	0.067096	0.057321	0.044167	0.050735	0.058424	0.050486	0.053255	0.056142	0.047000	0.054351
604.0	0.059280	0.050342	0.057901	0.069133	0.052039	0.058580	0.054861	0.049896	0.050446	0.041573	0.061950	0.050913	0.039993	0.046907	0.056446	0.048930	0.049993	0.053788	0.039077	0.052199
605.0	0.051704	0.052609	0.051161	0.071205	0.054314	0.059217	0.052095	0.041474	0.054110	0.043041	0.057026	0.044806	0.041740	0.052660	0.053933	0.047816	0.048365	0.049636	0.036649	0.050368
606.0	0.046389	0.051819	0.046644	0.070041	0.053381	0.060669	0.051123	0.040060	0.052835	0.045026	0.052187	0.041897	0.041025	0.054281	0.053764	0.044994	0.044737	0.048404	0.037800	0.051465
607.0	0.043403	0.055252	0.038895	0.062029	0.050942	0.057797	0.051757	0.036913	0.051061	0.047975	0.047296	0.041275	0.045618	0.054588	0.053505	0.043071	0.037423	0.051171	0.039660	0.049019
608.0	0.042172	0.054956	0.035374	0.056576	0.047727	0.053020	0.049776	0.044355	0.049778	0.050213	0.044392	0.039122	0.047517	0.052225	0.053538	0.043365	0.039101	0.054891	0.042786	0.046738
609.0	0.039582	0.050972	0.031056	0.052549	0.047886	0.044899	0.042284	0.046870	0.048328	0.052930	0.042058	0.034850	0.050154	0.050699	0.049628	0.041932	0.042062	0.057169	0.040512	0.045430
610.0	0.039422	0.045653	0.034484	0.048388	0.046154	0.041781	0.042531	0.048436	0.048760	0.051259	0.043822	0.032937	0.049496	0.045690	0.043721	0.034210	0.044845	0.051928	0.040865	0.042794
611.0	0.038833	0.043379	0.037120	0.049000	0.040538	0.037194	0.047973	0.049105	0.043939	0.046539	0.044050	0.034193	0.046223	0.042274	0.040727	0.029661	0.045694	0.045783	0.043533	0.044485
612.0	0.041075	0.043597	0.037452	0.045167	0.035899	0.033143	0.047381	0.045349	0.043434	0.047786	0.043266	0.034803	0.042509	0.039929	0.040925	0.025448	0.045436	0.041086	0.045397	0.043817
613.0	0.041693	0.041058	0.033617	0.043171	0.034320	0.030019	0.044839	0.041250	0.041438	0.045223	0.040604	0.035382	0.041419	0.038327	0.043441	0.025137	0.039919	0.037690	0.040752	0.041162
614.0	0.041359	0.041880	0.032175	0.039704	0.036302	0.025147	0.040830	0.037073	0.038075	0.045043	0.040195	0.033703	0.042412	0.033775	0.044665	0.023836	0.037393	0.035629	0.036490	0.035970
615.0	0.043384	0.045942	0.029435	0.039998	0.033492	0.021307	0.035296	0.032124	0.037599	0.041566	0.042194	0.035840	0.042012	0.033860	0.043268	0.023257	0.037260	0.035266	0.039116	0.035695
616.0	0.042103	0.047173	0.027501	0.040346	0.034202	0.020609	0.031271	0.027469	0.033497	0.038370	0.039812	0.040344	0.039355	0.033909	0.042459	0.027329	0.030936	0.033794	0.040594	0.035981
617.0	0.045806	0.048446	0.023048	0.037308	0.031990	0.019424	0.026555	0.031295	0.030226	0.037079	0.041116	0.041199	0.038202	0.035548	0.043309	0.028692	0.029070	0.035654	0.041577	0.031520
618.0	0.050396	0.043356	0.023747	0.040798	0.030513	0.022087	0.024849	0.037926	0.030374	0.033192	0.042926	0.037469	0.034757	0.034553	0.037830	0.028553	0.034768	0.037241	0.039323	0.033218
619.0	0.049687	0.037543	0.024370	0.044205	0.034233	0.022004	0.020118	0.044352	0.029615	0.029997	0.041281	0.036338	0.031995	0.033597	0.033504	0.031607	0.036019	0.035343	0.036675	0.034205
620.0	0.050887	0.034516	0.028024	0.044479	0.031671	0.025525	0.023365	0.049237	0.029546	0.023047	0.042915	0.033643	0.026805	0.030199	0.030726	0.032170	0.036259	0.032429	0.033964	0.033188
621.0	0.048006	0.033866	0.031199	0.041646	0.031993	0.027398	0.027942	0.051746	0.028833	0.021018	0.040139	0.034337	0.023136	0.028331	0.030541	0.036728	0.032625	0.028851	0.033213	0.032428
622.0	0.045791	0.032564	0.030530	0.039329	0.029521	0.029073	0.027592	0.047332	0.033539	0.019422	0.036313	0.033167	0.024580	0.031161	0.034881	0.033844	0.028343	0.031380	0.029202	0.029504
623.0	0.034593	0.035300	0.031712	0.038666	0.035298	0.028236	0.031663	0.044086	0.037153	0.018088	0.031488	0.030185	0.031611	0.030503	0.039176	0.032488	0.025239	0.029128	0.023239	0.026669
624.0	0.031132	0.036759	0.031069	0.032462	0.033452	0.023997	0.030368	0.035357	0.037855	0.018146	0.031398	0.022721	0.037158	0.031330	0.038170	0.028929	0.026291	0.028854	0.021190	0.025098
625.0	0.030162	0.041308	0.028770	0.029808	0.028654	0.019814	0.027568	0.025226	0.037017	0.017794	0.032646	0.023471	0.034580	0.031864	0.035396	0.024685	0.027477	0.030906	0.023153	0.024279
626.0	0.023843	0.040224	0.024963	0.025124	0.027210	0.019138	0.022922	0.016035	0.034643	0.019466	0.029817	0.024831	0.033910	0.031507	0.034087	0.023441	0.029548	0.032243	0.025161	0.022864
627.0	0.022345	0.038704	0.020683	0.022936	0.023689	0.018401	0.017337	0.020116	0.031357	0.020455	0.029905	0.023047	0.032399	0.031749	0.035143	0.017227	0.036870	0.037385	0.027925	0.023105
628.0	0.024587	0.036791	0.019256	0.028259	0.022915	0.015352	0.021029	0.023374	0.026182	0.021478	0.026744	0.022335	0.030475	0.029291	0.029642	0.013013	0.038852	0.039821	0.028695	0.027625
629.0	0.028083	0.033438	0.019349	0.031751	0.024070	0.016298	0.021085	0.028271	0.022945	0.024200	0.026748	0.025289	0.029250	0.026093	0.028050	0.016540	0.036314	0.040532	0.034921	0.030893
630.0	0.032979	0.032279	0.017885	0.033577	0.021523	0.018267	0.018880	0.034251	0.020487	0.023210	0.025053	0.025896	0.024792	0.024552	0.027381	0.018474	0.031167	0.043409	0.033147	0.033354
631.0	0.033809	0.028370	0.021279	0.035581	0.022980	0.022454	0.020229	0.038978	0.016123	0.023625	0.025575	0.029111	0.024674	0.018976	0.025581	0.021704	0.023438	0.037140	0.031831	0.033776
632.0	0.032397	0.025653	0.022607	0.037057	0.023220	0.024023	0.022206	0.036888	0.018753	0.022619	0.024284	0.025419	0.025230	0.017659	0.024050	0.021618	0.018497	0.035702	0.031359	0.029617
633.0	0.028508	0.025038	0.025374	0.034797	0.032438	0.023930	0.022731	0.036361	0.020665	0.023750	0.025253	0.023784	0.026227	0.014128	0.026661	0.022927	0.014026	0.031629	0.029139	0.025481
634.0	0.028879	0.022806	0.024675	0.033496	0.034793	0.023850	0.020822	0.029421	0.021951	0.024437	0.030638	0.020311	0.026678	0.015184	0.030583	0.022134	0.009458	0.031273	0.024198	0.019658
635.0	0.027861	0.022068	0.024579	0.031757	0.038220	0.022375	0.020469	0.023755	0.022447	0.024232	0.033521	0.022345	0.025341	0.016123	0.032977	0.018172	0.009573	0.033311	0.023731	0.012434
636.0	0.025182	0.018278	0.024022	0.029108	0.037972	0.022307	0.019515	0.020375	0.022653	0.021854	0.037625	0.023768	0.026849	0.013183	0.033083	0.016509	0.010240	0.031040	0.022100	0.010768
637.0	0.019928	0.016631	0.018626	0.029010	0.035084	0.022469	0.016809	0.020726	0.018543	0.018421	0.035619	0.022896	0.026205	0.014125	0.030462	0.012452	0.011867	0.030757	0.018892	0.010537
638.0	0.019431	0.017107	0.017846	0.027911	0.031774	0.018340	0.017305	0.022210	0.016930	0.014872	0.033935	0.021795	0.020954	0.013347	0.024160	0.009663	0.014708	0.029148	0.015133	0.008742
639.0	0.022007	0.015917	0.016056	0.023840	0.026993	0.020262	0.014549	0.023971	0.017257	0.015851	0.032499	0.019516	0.018703	0.012599	0.020953	0.009406	0.012746	0.027222	0.013030	0.010300
640.0	0.020913	0.013541	0.015234	0.019389	0.022035	0.019390	0.014047	0.023941	0.018181	0.013762	0.022255	0.017469	0.012271	0.013009	0.017899	0.008259	0.011736	0.028186	0.007513	0.011440
641.0	0.023937	0.012826	0.014174	0.015329	0.016850	0.025101	0.014272	0.027562	0.020879	0.013781	0.017678	0.015835	0.012292	0.009839	0.014801	0.010271	0.011622	0.023917	0.009112	0.013244
642.0	0.026866	0.014346	0.012365	0.008848	0.013633	0.024135	0.016974	0.027454	0.023622	0.013558	0.011732	0.010984	0.011400	0.008927	0.012557	0.013668	0.014065	0.023430	0.012812	0.012473
643.0	0.028589	0.016486	0.010297	0.008329	0.018142	0.021969	0.015906	0.027450	0.025563	0.012992	0.011192	0.012640	0.015249	0.007289	0.019029	0.017034	0.014617	0.025428	0.011899	0.012423
644.0	0.027606	0.020886	0.012166	0.009130	0.017964	0.020199	0.016916	0.021477	0.028086	0.013849	0.010431	0.011439	0.019061	0.006252	0.022435	0.017350	0.015806	0.026085	0.010831	0.011247
645.0	0.027515	0.020825	0.012497	0.010317	0.017116	0.017272	0.017991	0.016935	0.025446	0.014242	0.010197	0.016897	0.024074	0.007941	0.023877	0.014456	0.017074	0.023099	0.012934	0.011450
646.0	0.027022	0.021180	0.012394	0.015480	0.012681	0.016665	0.017238	0.012571	0.023902	0.015632	0.011310	0.019651	0.025327	0.007799	0.022828	0.013614	0.017869	0.017483	0.014574	0.014698
647.0	0.023903	0.019970	0.014174	0.019202	0.008444	0.015889	0.016150	0.009353	0.020256	0.016333	0.012220	0.019118	0.024778	0.011373	0.020923	0.012617	0.018994	0.018020	0.018318	0.014755
648.0	0.021923	0.019614	0.019618	0.022162	0.011007	0.013277	0.014067	0.009623	0.022073	0.015063	0.012778	0.017584	0.020751	0.011424	0.020571	0.007680	0.021432	0.015989	0.019446	0.013115
649.0	0.019535	0.021539	0.024628	0.026196	0.011351	0.011206	0.012497	0.012066	0.020087	0.016933	0.011850	0.016967	0.020874	0.011573	0.020279	0.004423	0.020242	0.014176	0.017680	0.012463
650.0	0.017905	0.019692	0.027191	0.025411	0.010847	0.008019	0.010696	0.012093	0.020780	0.015914	0.006994	0.014899	0.019926	0.013546	0.018985	0.002178	0.021830	0.016249	0.015476	0.013590
651.0	0.021547	0.020245	0.024611	0.026540	0.008982	0.014910	0.009860	0.019264	0.020916	0.016191	0.011278	0.012346	0.020583	0.013572	0.018389	0.005982	0.023409	0.014901	0.016987	0.018709
652.0	0.021786	0.018529	0.018913	0.027096	0.008781	0.018086	0.011092	0.024103	0.016160	0.013772	0.016350	0.011170	0.021777	0.013714	0.015418	0.010289	0.025648	0.016474	0.016218	0.020634
653.0	0.018563	0.015019	0.014366	0.026397	0.012212	0.018930	0.012261	0.027348	0.011493	0.011604	0.023015	0.010521	0.023525	0.012328	0.013692	0.014107	0.025825	0.021900	0.014564	0.023195
654.0	0.015263	0.013986	0.016404	0.021243	0.014312	0.020175	0.013350	0.025233	0.007562	0.012003	0.024497	0.007780	0.022897	0.010351	0.010394	0.014962	0.022624	0.024055	0.015152	0.021575
655.0	0.015332	0.013581	0.013687	0.015644	0.017759	0.021050	0.011357	0.023417	0.006434	0.010362	0.023915	0.013708	0.020763	0.009016	0.007266	0.015685	0.017150	0.023284	0.016639	0.020526
656.0	0.014288	0.014308	0.010503	0.011885	0.019232	0.024547	0.009788	0.020954	0.008438	0.009804	0.020496	0.014436	0.015846	0.007886	0.006641	0.015238	0.015525	0.023258	0.018015	0.019931
657.0	0.015831	0.015375	0.009716	0.009811	0.023122	0.027552	0.010660	0.015598	0.013372	0.008160	0.019751	0.012350	0.014160	0.009367	0.007877	0.013122	0.010308	0.023306	0.023049	0.016224
658.0	0.015712	0.018136	0.009558	0.006839	0.026792	0.029210	0.009660	0.011502	0.018526	0.005711	0.019845	0.016549	0.012025	0.007847	0.010246	0.008533	0.009526	0.022413	0.026071	0.012073
659.0	0.013801	0.022225	0.013051	0.008781	0.024952	0.029851	0.012319	0.008334	0.019547	0.006867	0.018192	0.020683	0.015103	0.008513	0.015528	0.007810	0.009846	0.022426	0.027366	0.007714
660.0	0.015877	0.023009	0.014060	0.010948	0.023084	0.029645	0.012672	0.006596	0.023481	0.009224	0.015842	0.020087	0.020531	0.011437	0.019058	0.009701	0.013026	0.020616	0.026269	0.008606
661.0	0.019341	0.021889	0.012393	0.015676	0.018474	0.031251	0.015192	0.008629	0.027832	0.012016	0.017551	0.019178	0.020245	0.009363	0.019941	0.015660	0.014460	0.019104	0.025226	0.007913
662.0	0.019390	0.020301	0.008476	0.018336	0.015082	0.027659	0.016223	0.012917	0.028162	0.015696	0.022279	0.018593	0.021722	0.010275	0.018969	0.016593	0.016486	0.022178	0.022228	0.006880
663.0	0.019125	0.017175	0.011504	0.020346	0.013509	0.022920	0.015551	0.016398	0.027213	0.019477	0.025427	0.014726	0.023933	0.010469	0.016761	0.017015	0.018449	0.027263	0.019086	0.010473
664.0	0.023974	0.015085	0.015966	0.020431	0.013024	0.018238	0.016535	0.020355	0.024728	0.022141	0.019991	0.015092	0.022341	0.010213	0.017020	0.016937	0.017965	0.030317	0.017746	0.010798
665.0	0.028585	0.013829	0.015195	0.021758	0.013813	0.015489	0.015679	0.022216	0.025826	0.021511	0.014966	0.015452	0.018302	0.011740	0.013232	0.015152	0.013641	0.029938	0.016182	0.013310
666.0	0.029007	0.010050	0.012749	0.019014	0.014386	0.015943	0.015769	0.024369	0.022951	0.020598	0.015049	0.013950	0.012612	0.012021	0.014280	0.014160	0.012291	0.026675	0.015850	0.014080
667.0	0.029697	0.010578	0.007217	0.018894	0.012735	0.017562	0.016749	0.024076	0.024426	0.017886	0.015988	0.013013	0.011047	0.015516	0.013894	0.011253	0.009826	0.024714	0.019160	0.014974
668.0	0.028638	0.012886	0.007907	0.014454	0.010965	0.018436	0.015200	0.022023	0.021152	0.016964	0.019050	0.017063	0.008793	0.015285	0.018327	0.010504	0.010178	0.024814	0.019712	0.014947
669.0	0.024831	0.016066	0.006434	0.015006	0.012523	0.019316	0.018253	0.022400	0.019415	0.014957	0.020137	0.017107	0.013472	0.017998	0.023358	0.012661	0.009788	0.023779	0.020691	0.015339
670.0	0.025125	0.017575	0.007894	0.018168	0.013305	0.016119	0.016507	0.022336	0.020311	0.016742	0.020723	0.016756	0.019623	0.019908	0.023376	0.017357	0.008704	0.019891	0.021413	0.017348
671.0	0.024473	0.017111	0.006476	0.018185	0.012696	0.013386	0.017702	0.019772	0.023763	0.016368	0.020096	0.016124	0.019046	0.018927	0.025533	0.017027	0.006439	0.018985	0.021022	0.018284
672.0	0.020150	0.016563	0.008464	0.017295	0.015258	0.012862	0.015526	0.020355	0.023122	0.016575	0.022647	0.013977	0.023928	0.017546	0.028497	0.013526	0.009562	0.018289	0.017738	0.017300
673.0	0.019376	0.015579	0.014373	0.017864	0.014540	0.014536	0.014604	0.017474	0.026603	0.016448	0.019213	0.013668	0.024759	0.017580	0.027242	0.014383	0.010464	0.017889	0.013774	0.018622
674.0	0.019152	0.013393	0.021314	0.015107	0.018935	0.016297	0.014411	0.014659	0.026375	0.017285	0.014832	0.013019	0.020548	0.016665	0.029421	0.012354	0.010086	0.017598	0.013756	0.016582
675.0	0.015553	0.014212	0.025537	0.017155	0.021578	0.019038	0.017274	0.013353	0.026930	0.017472	0.014842	0.010425	0.019780	0.014616	0.025507	0.008456	0.007776	0.013549	0.015050	0.015806
676.0	0.014514	0.012427	0.026354	0.013633	0.023819	0.022647	0.019197	0.013916	0.026470	0.018990	0.014857	0.010184	0.015474	0.009880	0.024293	0.010167	0.009658	0.009157	0.018522	0.014822
677.0	0.014830	0.012902	0.022883	0.013937	0.020941	0.026862	0.019962	0.012972	0.027752	0.015103	0.015614	0.010720	0.012403	0.011771	0.017055	0.011463	0.012032	0.006863	0.025329	0.014635
678.0	0.013791	0.014906	0.024227	0.010640	0.020227	0.026736	0.019415	0.014399	0.023404	0.012586	0.016712	0.009965	0.010681	0.009642	0.015865	0.013288	0.013405	0.009127	0.027888	0.014123
679.0	0.016397	0.018838	0.020099	0.012747	0.020936	0.022571	0.020157	0.018783	0.024743	0.011234	0.019222	0.008026	0.011561	0.010158	0.012078	0.013759	0.013773	0.011376	0.029493	0.014443
680.0	0.019045	0.020443	0.017797	0.016882	0.016822	0.018580	0.021007	0.018455	0.021192	0.015489	0.021444	0.008585	0.010717	0.008465	0.008450	0.015882	0.013274	0.011568	0.030914	0.013186
681.0	0.020577	0.018749	0.011394	0.017490	0.017654	0.017253	0.023659	0.020429	0.020787	0.015761	0.019768	0.009147	0.006227	0.008955	0.011489	0.014138	0.010974	0.014641	0.028141	0.013926
682.0	0.020769	0.016065	0.009892	0.019097	0.019052	0.015174	0.022014	0.021792	0.020092	0.012026	0.018673	0.007385	0.008541	0.007124	0.014800	0.015114	0.011631	0.013998	0.023222	0.011509
683.0	0.022385	0.014266	0.013450	0.017614	0.017563	0.010951	0.020493	0.017260	0.019103	0.011893	0.015636	0.010147	0.009883	0.008958	0.016864	0.015888	0.009161	0.016266	0.019603	0.010280
684.0	0.022374	0.012704	0.012918	0.012929	0.018462	0.008761	0.018339	0.015970	0.016314	0.011407	0.016915	0.012974	0.012167	0.008780	0.019479	0.012534	0.007468	0.017363	0.013292	0.007707
685.0	0.019129	0.014791	0.016594	0.012746	0.019474	0.007140	0.017646	0.016493	0.016757	0.011677	0.019181	0.017049	0.013265	0.007240	0.019363	0.011595	0.005793	0.015742	0.011199	0.007472
686.0	0.017567	0.015960	0.015229	0.006865	0.017664	0.005845	0.015917	0.014151	0.016268	0.013653	0.018585	0.017193	0.014308	0.010892	0.017972	0.013015	0.006952	0.015911	0.012103	0.007621
687.0	0.014129	0.012310	0.015495	0.003322	0.013560	0.002862	0.011959	0.013401	0.017592	0.012774	0.021162	0.017720	0.016996	0.015693	0.016354	0.013218	0.009471	0.012232	0.015209	0.007647
688.0	0.008284	0.016333	0.017831	0.006228	0.013065	0.001569	0.009840	0.013738	0.016014	0.012288	0.022474	0.014922	0.018224	0.017603	0.017294	0.010850	0.012620	0.012160	0.016664	0.008987
689.0	0.008957	0.019525	0.017202	0.011173	0.013351	0.000814	0.008090	0.015175	0.017921	0.013555	0.026017	0.012077	0.017424	0.018169	0.016210	0.009622	0.013564	0.012052	0.014722	0.009129
690.0	0.006674	0.020553	0.014776	0.014364	0.014289	0.002866	0.008431	0.013529	0.014825	0.013003	0.024313	0.011499	0.016684	0.016408	0.014120	0.010039	0.013725	0.011617	0.013250	0.006755
691.0	0.010262	0.017516	0.013718	0.017579	0.018612	0.003596	0.008213	0.016669	0.018678	0.014137	0.020560	0.009025	0.013034	0.019490	0.013536	0.009486	0.009199	0.012163	0.015069	0.008177
692.0	0.014186	0.013211	0.016118	0.022191	0.017309	0.005077	0.004170	0.018892	0.022088	0.011444	0.017654	0.007102	0.015119	0.018230	0.014457	0.010255	0.010373	0.011810	0.015248	0.009853
693.0	0.018159	0.009948	0.017647	0.021446	0.016257	0.006161	0.004218	0.019090	0.021291	0.009326	0.019909	0.009253	0.018553	0.018008	0.015862	0.008181	0.009275	0.012057	0.016910	0.009602
694.0	0.021930	0.006133	0.016353	0.021374	0.013593	0.009501	0.010257	0.020410	0.019957	0.007201	0.021033	0.013597	0.018213	0.017282	0.016936	0.007915	0.009470	0.009246	0.013244	0.006234
695.0	0.019896	0.002192	0.021027	0.021104	0.015735	0.010471	0.011497	0.018756	0.020088	0.006385	0.023198	0.017345	0.013603	0.015234	0.019686	0.010136	0.008871	0.009661	0.012524	0.005256
696.0	0.017069	0.002716	0.018656	0.015305	0.011078	0.007935	0.015025	0.016657	0.020179	0.009053	0.022161	0.018885	0.010774	0.012499	0.020281	0.009282	0.010297	0.013905	0.015242	0.003536
697.0	0.012870	0.001634	0.021576	0.011263	0.009858	0.008722	0.015175	0.013437	0.017232	0.010342	0.022318	0.018863	0.008971	0.011707	0.020819	0.008325	0.013401	0.013515	0.016196	0.003042
698.0	0.009350	0.007054	0.021026	0.011980	0.010917	0.009811	0.012081	0.009188	0.016374	0.010727	0.021241	0.016148	0.008415	0.008396	0.018453	0.007120	0.015926	0.015102	0.017682	0.001568
699.0	0.006668	0.007700	0.017975	0.008481	0.011327	0.008782	0.014466	0.006586	0.017698	0.011943	0.018993	0.015212	0.008329	0.003515	0.018821	0.008036	0.015972	0.017214	0.014069	0.002287
700.0	0.006351	0.008834	0.012501	0.005874	0.011218	0.009244	0.014739	0.002919	0.019248	0.010033	0.013983	0.016536	0.010975	0.003650	0.016179	0.006864	0.015336	0.017173	0.014480	0.001306
701.0	0.009457	0.007126	0.010196	0.005576	0.009859	0.009757	0.012756	0.000550	0.021182	0.010341	0.011027	0.013943	0.011960	0.007768	0.015209	0.006393	0.013578	0.016152	0.014243	0.003075
702.0	0.008520	0.006312	0.007561	0.008214	0.007350	0.010554	0.009184	0.000000	0.022460	0.006954	0.009030	0.013042	0.015207	0.010578	0.013118	0.005567	0.011392	0.013795	0.015677	0.004078
703.0	0.009304	0.006929	0.006603	0.007156	0.005975	0.009465	0.009707	0.001656	0.020646	0.005001	0.010003	0.010045	0.016030	0.015787	0.012741	0.002446	0.009520	0.007793	0.018249	0.006900
704.0	0.010185	0.006804	0.005851	0.014157	0.008165	0.008337	0.014333	0.003520	0.019639	0.006686	0.010434	0.008931	0.015285	0.018088	0.012360	0.001988	0.009088	0.002668	0.014140	0.010092
705.0	0.011020	0.006125	0.009685	0.017765	0.011306	0.006640	0.012113	0.004207	0.019702	0.006824	0.010280	0.008876	0.015640	0.016637	0.014194	0.003460	0.008138	0.001762	0.014522	0.014318
706.0	0.014498	0.009507	0.012454	0.018328	0.011696	0.005131	0.012675	0.007404	0.018961	0.009358	0.009369	0.007532	0.014039	0.011401	0.014157	0.001094	0.008356	0.000675	0.017014	0.018113
707.0	0.013337	0.012557	0.020425	0.015985	0.011678	0.007436	0.011537	0.009351	0.013510	0.009908	0.009780	0.005518	0.012836	0.009205	0.013540	0.000892	0.010426	0.000000	0.019438	0.021539
708.0	0.014468	0.012803	0.020809	0.014424	0.011003	0.007977	0.007743	0.010935	0.011863	0.008894	0.008943	0.001975	0.013671	0.003403	0.014124	0.001273	0.012348	0.002346	0.021432	0.020183
709.0	0.013851	0.012834	0.017506	0.015278	0.011311	0.006361	0.008690	0.013349	0.007348	0.009363	0.009988	0.000659	0.012446	0.000561	0.016963	0.004190	0.009995	0.007996	0.020556	0.019786
710.0	0.014931	0.015287	0.015823	0.018553	0.008429	0.010240	0.006788	0.017155	0.006224	0.007606	0.011421	0.004599	0.015235	0.003925	0.018305	0.004353	0.009167	0.010703	0.021988	0.014975
711.0	0.013459	0.015027	0.016281	0.019287	0.006833	0.014989	0.004268	0.014678	0.006883	0.001819	0.010610	0.004324	0.015596	0.005904	0.021108	0.004872	0.009889	0.013849	0.017692	0.009379
712.0	0.009828	0.016303	0.012140	0.017645	0.008063	0.015838	0.005865	0.013358	0.010136	0.000000	0.010623	0.007781	0.015892	0.008923	0.021684	0.003945	0.009040	0.013674	0.021385	0.004302
713.0	0.011668	0.015307	0.014085	0.012626	0.008254	0.014559	0.008596	0.017342	0.010757	0.000489	0.012490	0.007619	0.011845	0.010973	0.025399	0.006023	0.007851	0.014708	0.019822	0.002065
714.0	0.013000	0.013907	0.012715	0.014972	0.011332	0.013211	0.013249	0.017799	0.013297	0.000650	0.014956	0.007076	0.011584	0.012457	0.026303	0.007085	0.009078	0.015508	0.015880	0.003213
715.0	0.013944	0.012343	0.012776	0.012786	0.011488	0.012691	0.014201	0.016293	0.016011	0.004111	0.013562	0.010342	0.013098	0.012749	0.028397	0.007240	0.013256	0.017056	0.016790	0.002939
716.0	0.016422	0.011385	0.012118	0.006532	0.010612	0.012735	0.016770	0.014180	0.020823	0.007665	0.013342	0.008847	0.011109	0.012645	0.025527	0.006819	0.014529	0.013430	0.013782	0.005669
717.0	0.015720	0.009106	0.013758	0.003535	0.006326	0.012344	0.017974	0.012707	0.024708	0.010794	0.011645	0.009754	0.008132	0.010539	0.021975	0.007976	0.014730	0.015032	0.015768	0.008389
718.0	0.013648	0.004318	0.010397	0.002795	0.006370	0.013430	0.014460	0.011390	0.022611	0.010653	0.010019	0.009391	0.006086	0.010292	0.018660	0.008771	0.010928	0.016341	0.015122	0.009423
719.0	0.010534	0.001605	0.005871	0.005006	0.006029	0.011271	0.009836	0.011797	0.017745	0.013405	0.012442	0.009490	0.005017	0.011635	0.015490	0.008563	0.008271	0.019517	0.015854	0.010412
720.0	0.011163	0.002391	0.007306	0.003752	0.006725	0.013525	0.006024	0.011545	0.018864	0.013188	0.013981	0.013393	0.006097	0.011013	0.012524	0.006918	0.009927	0.018269	0.016639	0.010702
721.0	0.013993	0.001944	0.006415	0.003974	0.008774	0.015510	0.000000	0.010957	0.019329	0.010469	0.012092	0.013802	0.004296	0.011745	0.010376	0.006386	0.012755	0.016116	0.014068	0.010006
722.0	0.015977	0.006985	0.003405	0.001773	0.009801	0.014311	0.000163	0.012307	0.016820	0.008165	0.011798	0.014129	0.005951	0.011352	0.008732	0.006157	0.012645	0.010808	0.013289	0.011319
723.0	0.017846	0.008340	0.005660	0.001257	0.011778	0.013387	0.001895	0.014916	0.009987	0.002401	0.013775	0.011189	0.005142	0.007702	0.008921	0.010274	0.009124	0.009284	0.013702	0.011031
724.0	0.019431	0.005470	0.007840	0.004935	0.014512	0.011375	0.004310	0.014865	0.006672	0.002169	0.013888	0.008278	0.007586	0.006372	0.007470	0.009107	0.012113	0.004646	0.014153	0.012284
725.0	0.018505	0.009115	0.010459	0.007580	0.015039	0.010388	0.008086	0.016590	0.006493	0.003918	0.011061	0.005572	0.010416	0.006857	0.005192	0.008640	0.015342	0.005133	0.013355	0.009509
726.0	0.018902	0.013101	0.011973	0.010376	0.012786	0.009236	0.010020	0.016606	0.008778	0.004053	0.008403	0.001704	0.008506	0.005709	0.000412	0.010368	0.013390	0.002970	0.013211	0.007338
727.0	0.013723	0.014372	0.015960	0.015115	0.011214	0.006916	0.013608	0.015022	0.009363	0.005888	0.006463	0.002099	0.007950	0.007656	0.000000	0.010374	0.011353	0.007000	0.017679	0.005552
728.0	0.006932	0.011561	0.015707	0.013375	0.011859	0.006962	0.014471	0.013928	0.006666	0.005976	0.003963	0.004299	0.009063	0.009686	0.002137	0.007316	0.009358	0.009316	0.017006	0.003277
729.0	0.006938	0.011829	0.012498	0.014743	0.009960	0.005398	0.012455	0.012188	0.004597	0.008278	0.004724	0.005384	0.010583	0.012851	0.005269	0.003429	0.011810	0.013052	0.019243	0.000768
730.0	0.007905	0.011960	0.010841	0.013895	0.010757	0.004785	0.010724	0.010063	0.005846	0.006995	0.004157	0.011032	0.011135	0.013487	0.006361	0.002377	0.015774	0.014166	0.018524	0.002569
731.0	0.010935	0.013008	0.006535	0.016786	0.009996	0.005417	0.004679	0.009642	0.004217	0.004016	0.002115	0.014156	0.011052	0.016597	0.006919	0.000000	0.015424	0.014873	0.014360	0.005887
732.0	0.014203	0.014454	0.004766	0.015114	0.007375	0.005435	0.006160	0.007379	0.004986	0.003663	0.001843	0.012109	0.008962	0.015552	0.006424	0.000204	0.013887	0.013104	0.011033	0.010164
733.0	0.013542	0.010594	0.003704	0.013941	0.006089	0.004137	0.006564	0.007774	0.002614	0.004042	0.003873	0.011852	0.009166	0.011562	0.006796	0.000189	0.011327	0.011330	0.010876	0.011178
734.0	0.015155	0.005958	0.007965	0.013837	0.006966	0.004431	0.004505	0.010107	0.008801	0.008694	0.003477	0.010644	0.012735	0.010463	0.007850	0.000734	0.010779	0.005250	0.009347	0.012084
735.0	0.017391	0.006316	0.010456	0.015352	0.008041	0.006210	0.005060	0.014347	0.013171	0.010950	0.005722	0.007284	0.016326	0.009615	0.005220	0.000613	0.008765	0.005545	0.006156	0.008799
736.0	0.021150	0.007476	0.012618	0.019230	0.007635	0.006728	0.003637	0.015413	0.014903	0.013814	0.008598	0.006856	0.014778	0.007199	0.005696	0.002134	0.001762	0.004493	0.005287	0.005916
737.0	0.020844	0.007692	0.015458	0.019308	0.008666	0.007576	0.004784	0.013264	0.015454	0.014471	0.014618	0.004150	0.016751	0.008261	0.009267	0.002512	0.000398	0.006310	0.007159	0.005581
738.0	0.024096	0.008277	0.014304	0.015559	0.007461	0.010141	0.007677	0.014202	0.014098	0.013943	0.017073	0.003578	0.018404	0.005183	0.013081	0.002903	0.000000	0.005781	0.006798	0.004524
739.0	0.028642	0.009764	0.011084	0.016648	0.011551	0.010143	0.010262	0.014345	0.011589	0.013801	0.020006	0.003087	0.016502	0.002531	0.015609	0.003329	0.001583	0.007714	0.007853	0.003113
740.0	0.027423	0.011184	0.005957	0.011918	0.013352	0.009140	0.013775	0.012629	0.010067	0.007265	0.021858	0.008321	0.015890	0.002772	0.017624	0.003625	0.005823	0.010765	0.009258	0.003759
741.0	0.026851	0.014480	0.004277	0.011037	0.015165	0.008185	0.015237	0.010603	0.005025	0.003475	0.020243	0.011258	0.013405	0.005077	0.015216	0.003057	0.009022	0.014511	0.012235	0.006170
742.0	0.023289	0.014098	0.004129	0.009562	0.012929	0.005271	0.018621	0.009418	0.003914	0.003033	0.017185	0.011419	0.006823	0.008228	0.012212	0.004896	0.012042	0.015762	0.015264	0.006721
743.0	0.015213	0.011894	0.000000	0.007824	0.008187	0.005244	0.020056	0.013615	0.000000	0.004643	0.012691	0.013940	0.008718	0.009101	0.014634	0.005581	0.010029	0.016382	0.017222	0.009427
744.0	0.008661	0.011005	0.001073	0.006523	0.009261	0.008038	0.018817	0.015684	0.005245	0.005374	0.006501	0.015501	0.012971	0.012628	0.015405	0.008229	0.011619	0.013321	0.018303	0.008845
745.0	0.006655	0.007694	0.002553	0.007002	0.012001	0.008073	0.020752	0.015676	0.009908	0.007292	0.004883	0.014480	0.014909	0.017601	0.013290	0.008791	0.014256	0.013091	0.018577	0.008788
746.0	0.006050	0.007729	0.006706	0.008193	0.014184	0.007318	0.019363	0.015147	0.009775	0.007529	0.002158	0.012474	0.013856	0.020383	0.015140	0.008454	0.012939	0.012298	0.017770	0.011480
747.0	0.001993	0.007138	0.007803	0.008362	0.014460	0.008793	0.014931	0.014375	0.015580	0.006830	0.002579	0.007745	0.017913	0.018947	0.015260	0.007568	0.012020	0.012564	0.017529	0.013946
748.0	0.002832	0.010000	0.008804	0.009464	0.016387	0.009858	0.015954	0.015722	0.016408	0.006259	0.001120	0.004170	0.020364	0.012021	0.016558	0.006623	0.011077	0.016620	0.014910	0.014417
749.0	0.008814	0.008300	0.008865	0.012206	0.019266	0.008961	0.013829	0.015927	0.018149	0.006401	0.002031	0.003024	0.022043	0.005717	0.015790	0.006165	0.010310	0.021219	0.012456	0.012701
750.0	0.013209	0.009155	0.008145	0.012648	0.016914	0.009788	0.010915	0.017415	0.018525	0.004573	0.005099	0.003718	0.022266	0.005636	0.014816	0.003637	0.010963	0.025974	0.014389	0.008526
751.0	0.014792	0.011022	0.010231	0.015587	0.015606	0.010247	0.006829	0.016979	0.018387	0.005203	0.007405	0.004086	0.021090	0.003988	0.010284	0.005183	0.008952	0.029933	0.015240	0.007381
752.0	0.013948	0.012204	0.010304	0.015071	0.009891	0.010016	0.002970	0.014558	0.019399	0.004949	0.008664	0.004910	0.016137	0.006722	0.007301	0.004435	0.006368	0.029990	0.014745	0.006564
753.0	0.015111	0.011976	0.007069	0.015132	0.005046	0.010667	0.003834	0.016832	0.017412	0.005866	0.007271	0.009325	0.016634	0.005740	0.008684	0.004013	0.003810	0.028509	0.016672	0.007590
754.0	0.013952	0.010053	0.007071	0.016696	0.004195	0.007093	0.003372	0.015512	0.018707	0.006155	0.009232	0.013471	0.017646	0.006928	0.007266	0.005738	0.006818	0.023481	0.019026	0.004668
755.0	0.014654	0.005638	0.007473	0.015904	0.004819	0.005647	0.004817	0.011210	0.019152	0.006111	0.012344	0.011805	0.015738	0.009505	0.005825	0.010284	0.008107	0.018958	0.022048	0.003939
756.0	0.010273	0.006034	0.007558	0.012583	0.004614	0.004552	0.002733	0.011381	0.015907	0.005086	0.012857	0.012628	0.012439	0.008637	0.005748	0.011796	0.006917	0.014329	0.023581	0.004314
757.0	0.007875	0.005835	0.009407	0.013351	0.003784	0.007529	0.002458	0.009747	0.017044	0.005750	0.013973	0.012339	0.015437	0.008405	0.003597	0.010701	0.004430	0.012731	0.022457	0.006384
758.0	0.008261	0.008932	0.012378	0.014173	0.007924	0.011026	0.007359	0.010475	0.012721	0.006651	0.015938	0.012895	0.018366	0.005469	0.004029	0.011942	0.007855	0.015703	0.020883	0.009235
759.0	0.013735	0.007730	0.013704	0.013492	0.007913	0.016018	0.008231	0.013406	0.009594	0.006663	0.017878	0.013488	0.020265	0.005053	0.004449	0.012156	0.008556	0.014884	0.017467	0.010272
760.0	0.018828	0.007912	0.015322	0.013467	0.008503	0.019979	0.012945	0.017301	0.007172	0.008634	0.020144	0.011656	0.020271	0.002754	0.005462	0.010782	0.009138	0.015810	0.017611	0.009964
761.0	0.018685	0.010457	0.014192	0.011323	0.008869	0.022832	0.013902	0.019391	0.008367	0.007627	0.020543	0.008418	0.018536	0.002414	0.005632	0.012424	0.008961	0.017059	0.015095	0.013881
762.0	0.018457	0.010603	0.014401	0.007165	0.008448	0.022113	0.014294	0.019884	0.006567	0.008600	0.022824	0.007217	0.014248	0.007687	0.004605	0.009384	0.009266	0.014438	0.013000	0.014982
763.0	0.017001	0.011402	0.013541	0.007656	0.008767	0.018249	0.015448	0.020639	0.004166	0.007385	0.021117	0.008220	0.013442	0.009694	0.006629	0.006629	0.008832	0.012088	0.011807	0.013092
764.0	0.014227	0.008443	0.012602	0.008438	0.006090	0.011509	0.014568	0.016623	0.005208	0.007139	0.019952	0.008017	0.016560	0.012122	0.006003	0.007160	0.009362	0.011555	0.010480	0.008656
765.0	0.009661	0.006971	0.011703	0.006841	0.005896	0.007356	0.013247	0.013758	0.005425	0.005421	0.016367	0.003724	0.016244	0.011377	0.006779	0.009675	0.006397	0.009402	0.011388	0.006218
766.0	0.006204	0.007214	0.011447	0.002885	0.004986	0.002289	0.013901	0.015414	0.007340	0.006994	0.012704	0.002213	0.015221	0.011438	0.007154	0.009585	0.002524	0.008580	0.013048	0.006786
767.0	0.006686	0.009645	0.012084	0.002598	0.005502	0.002482	0.014470	0.013515	0.008684	0.006992	0.011449	0.002667	0.017058	0.013535	0.008146	0.008252	0.003547	0.010562	0.013568	0.008291
768.0	0.006031	0.012991	0.011772	0.003034	0.006704	0.002117	0.014320	0.014429	0.009291	0.007322	0.012282	0.003796	0.016222	0.011701	0.009505	0.009847	0.007686	0.014422	0.014129	0.007838
769.0	0.009619	0.011892	0.011592	0.003194	0.007629	0.002747	0.012998	0.016724	0.008336	0.004880	0.010579	0.005034	0.017312	0.010522	0.011103	0.008809	0.009981	0.016720	0.009678	0.006264
770.0	0.011600	0.011676	0.011342	0.006697	0.005953	0.004311	0.016733	0.017993	0.010904	0.006641	0.012202	0.005620	0.017393	0.005694	0.013300	0.007418	0.010825	0.019786	0.012004	0.007278
771.0	0.011644	0.011538	0.010676	0.010469	0.006620	0.009508	0.015953	0.021857	0.011801	0.007569	0.014357	0.003013	0.014219	0.004863	0.012817	0.005919	0.009733	0.021178	0.012620	0.010601
772.0	0.013746	0.010252	0.013503	0.011871	0.007793	0.014036	0.012820	0.021047	0.011778	0.009472	0.019037	0.002573	0.010759	0.005847	0.011635	0.005974	0.008775	0.017340	0.011290	0.010337
773.0	0.013142	0.009807	0.014618	0.014428	0.008146	0.015982	0.008755	0.018010	0.012915	0.006674	0.015548	0.004184	0.010857	0.007031	0.009850	0.006924	0.009702	0.016924	0.008377	0.008847
774.0	0.014145	0.005989	0.013585	0.013829	0.006539	0.014576	0.008498	0.014824	0.014798	0.006428	0.012676	0.004766	0.012629	0.008545	0.008605	0.007917	0.009450	0.016368	0.009292	0.010373
775.0	0.012232	0.002819	0.012937	0.011981	0.010015	0.011617	0.008800	0.015167	0.015197	0.007452	0.012356	0.005025	0.015294	0.006047	0.009427	0.006527	0.008598	0.015427	0.010786	0.012463
776.0	0.011539	0.000000	0.010966	0.007433	0.010430	0.008729	0.012625	0.015778	0.019145	0.009056	0.012647	0.003490	0.019344	0.008442	0.009646	0.007819	0.006923	0.014639	0.011926	0.013593
777.0	0.010805	0.003670	0.006981	0.005422	0.010851	0.007422	0.011154	0.012910	0.022845	0.008599	0.013180	0.004456	0.021062	0.008306	0.011761	0.007895	0.010660	0.014925	0.012232	0.011621
778.0	0.012561	0.003553	0.002383	0.005710	0.010699	0.003002	0.011000	0.011068	0.022401	0.009195	0.014268	0.003349	0.019802	0.006866	0.012812	0.008667	0.011465	0.019322	0.011628	0.008076
779.0	0.011939	0.002492	0.001840	0.004591	0.011061	0.000000	0.010621	0.009860	0.020833	0.007131	0.014288	0.003737	0.019482	0.006645	0.014060	0.008139	0.011060	0.020832	0.009939	0.003727
780.0	0.014024	0.000966	0.001360	0.003847	0.007711	0.001749	0.012049	0.006826	0.017363	0.008875	0.015029	0.000995	0.014839	0.004384	0.013468	0.007741	0.009167	0.020829	0.011193	0.002797
781.0	0.018313	0.003834	0.006418	0.005105	0.010132	0.006937	0.009456	0.008998	0.013816	0.012968	0.014444	0.000098	0.009719	0.002520	0.012870	0.007608	0.008085	0.019469	0.013466	0.001898
782.0	0.021601	0.006894	0.012353	0.005676	0.009389	0.012516	0.006798	0.007380	0.011372	0.012322	0.013623	0.000000	0.004551	0.002471	0.011851	0.010770	0.009286	0.014151	0.015227	0.001057
783.0	0.021183	0.007970	0.014592	0.007254	0.008788	0.015220	0.004524	0.006537	0.008550	0.012524	0.008387	0.004503	0.002418	0.002282	0.009653	0.012704	0.009743	0.012453	0.017727	0.000000
784.0	0.020125	0.010333	0.014635	0.006765	0.006977	0.017388	0.007683	0.005094	0.006933	0.015021	0.007705	0.005279	0.000000	0.000676	0.009742	0.011863	0.007353	0.008588	0.020484	0.002893
785.0	0.016196	0.013442	0.014604	0.008458	0.006748	0.017892	0.007299	0.007260	0.008583	0.015288	0.006808	0.008950	0.002523	0.000000	0.007377	0.008600	0.007624	0.006120	0.019623	0.002748
786.0	0.010145	0.014703	0.014468	0.007991	0.002798	0.018513	0.011892	0.007212	0.013481	0.013527	0.002420	0.010190	0.006392	0.003419	0.006811	0.007046	0.005156	0.002183	0.019833	0.003458
787.0	0.006825	0.015909	0.012076	0.007359	0.000000	0.018501	0.015340	0.005995	0.016093	0.010979	0.003922	0.011755	0.010145	0.004102	0.005465	0.006776	0.003935	0.001457	0.019480	0.005607
788.0	0.006600	0.014337	0.008308	0.008872	0.001658	0.015963	0.019515	0.008604	0.016391	0.007257	0.005717	0.009001	0.015599	0.004463	0.004327	0.007293	0.004043	0.001065	0.016956	0.007701
789.0	0.003646	0.012989	0.004324	0.008334	0.002222	0.012986	0.019852	0.010383	0.015016	0.004956	0.009003	0.007419	0.017846	0.003173	0.006977	0.007557	0.002206	0.005468	0.013544	0.008655
790.0	0.008043	0.007587	0.004755	0.011683	0.001968	0.009251	0.018556	0.010127	0.010489	0.006072	0.010243	0.002265	0.019135	0.003031	0.005930	0.007444	0.003350	0.011561	0.010707	0.009757
791.0	0.012479	0.006199	0.006509	0.015971	0.006517	0.008639	0.014770	0.011367	0.009196	0.007417	0.010677	0.002958	0.018079	0.003718	0.009826	0.006280	0.005710	0.018431	0.010883	0.008892
792.0	0.013763	0.005216	0.009436	0.016282	0.006704	0.007424	0.013995	0.009676	0.006248	0.006957	0.011591	0.002617	0.014680	0.003332	0.010673	0.006807	0.003828	0.021215	0.010816	0.008567
793.0	0.016546	0.006006	0.010139	0.016866	0.007755	0.004193	0.014697	0.006988	0.002194	0.009771	0.010892	0.004487	0.011668	0.002576	0.011767	0.004873	0.006008	0.022184	0.010052	0.005890
794.0	0.017781	0.010671	0.010174	0.014356	0.007749	0.003321	0.014318	0.006221	0.001894	0.010057	0.010131	0.002674	0.007632	0.001368	0.010668	0.004329	0.006409	0.020860	0.010669	0.004459
795.0	0.016109	0.013391	0.009753	0.010930	0.008490	0.005194	0.011704	0.005711	0.004600	0.010913	0.005817	0.003790	0.005428	0.001783	0.010792	0.001179	0.007030	0.017496	0.010466	0.001591
796.0	0.013709	0.014377	0.011143	0.004367	0.008324	0.009691	0.014357	0.005184	0.007069	0.010779	0.002561	0.003461	0.005094	0.002240	0.010543	0.001882	0.007512	0.010648	0.012217	0.000950
797.0	0.010606	0.013954	0.012684	0.000000	0.008942	0.013648	0.016396	0.005120	0.009804	0.011567	0.000377	0.003222	0.005383	0.002736	0.010639	0.003915	0.008138	0.004931	0.012966	0.001642
798.0	0.007093	0.011796	0.014213	0.000021	0.010868	0.015696	0.016574	0.005651	0.012440	0.013911	0.000000	0.003296	0.005978	0.003196	0.011286	0.007312	0.008974	0.002195	0.011794	0.003962
799.0	0.003460	0.007572	0.015564	0.006623	0.014624	0.014467	0.013648	0.006903	0.014611	0.018445	0.002167	0.003905	0.006562	0.003546	0.012687	0.012103	0.010089	0.004290	0.007779	0.008206
800.0	0.000000	0.000954	0.016572	0.021997	0.020733	0.008593	0.006373	0.009007	0.015952	0.025805	0.007615	0.005271	0.006820	0.003709	0.015048	0.018322	0.011553	0.013066	0.000000	0.014670
