500.0	0.801523	0.856470	0.792648	0.813155	0.835091	0.822819	0.819349	0.843049	0.815474	0.797195	0.838739	0.800609	0.843938	0.842276	0.824121	0.824316	0.875326	0.819961	0.822998	0.853083
501.0	0.861165	0.887727	0.838802	0.845441	0.878013	0.843131	0.875336	0.857197	0.856001	0.843804	0.887220	0.831777	0.862600	0.875321	0.854248	0.867684	0.867868	0.830695	0.875765	0.861714
502.0	0.899989	0.909031	0.875522	0.879066	0.909459	0.864454	0.916130	0.870872	0.885745	0.877445	0.921424	0.860216	0.885852	0.902879	0.879848	0.899676	0.874976	0.850156	0.913449	0.876033
503.0	0.922488	0.922925	0.904225	0.912106	0.931374	0.885814	0.944362	0.884326	0.907156	0.900648	0.944233	0.886010	0.911537	0.925543	0.901652	0.922445	0.892695	0.875470	0.938742	0.894393
504.0	0.933158	0.931946	0.926325	0.942635	0.945704	0.906235	0.962666	0.897813	0.922679	0.915943	0.958529	0.909246	0.937500	0.943908	0.920389	0.938145	0.917069	0.903765	0.954331	0.915149
505.0	0.936491	0.938635	0.943237	0.968728	0.954395	0.924746	0.973675	0.911585	0.934764	0.925863	0.967194	0.930009	0.961585	0.958570	0.936790	0.948929	0.944145	0.932167	0.962906	0.936654
506.0	0.944200	0.956985	0.959742	0.981558	0.958859	0.936020	0.983285	0.923320	0.956024	0.935100	0.981070	0.945060	0.980538	0.970392	0.953876	0.961199	0.968062	0.955312	0.971078	0.960070
507.0	0.948676	0.964982	0.972796	0.991260	0.968838	0.951900	0.996091	0.942764	0.962064	0.944995	0.993071	0.969195	0.984976	0.976104	0.972165	0.971538	0.977664	0.968988	0.973056	0.971150
508.0	0.960442	0.974952	0.979377	1.000000	0.973921	0.955399	0.997088	0.961408	0.978384	0.952494	0.992425	0.982191	0.988963	0.987916	0.982909	0.977683	0.989064	0.974612	0.980427	0.978779
509.0	0.971579	0.989577	0.977880	0.999071	0.973723	0.965476	0.996610	0.983859	0.994559	0.968148	1.000000	0.992657	0.995689	0.998004	0.989441	0.976855	0.997003	0.984273	0.982228	0.988148
510.0	0.979460	0.995832	0.974772	0.995022	0.978832	0.971954	0.998709	0.995252	0.998938	0.988037	0.998827	0.993597	0.997572	1.000000	0.998186	0.990832	0.999928	0.989631	0.980562	0.994315
511.0	0.989543	1.000000	0.984840	0.999189	0.986071	0.973938	1.000000	0.997163	1.000000	1.000000	0.997497	0.994260	0.989374	0.992118	1.000000	0.998197	0.999944	0.996842	0.986360	1.000000
512.0	0.998985	0.995794	0.990596	0.991389	0.988666	0.984869	0.999443	0.995181	0.994573	0.998093	0.992556	1.000000	0.988279	0.986708	0.996737	0.997221	1.000000	0.996025	0.995643	0.999312
513.0	1.000000	0.981109	0.994931	0.995760	0.999148	0.991600	0.994831	1.000000	0.988459	0.990324	0.985490	0.992880	0.987643	0.982585	0.994177	0.998466	0.993007	1.000000	0.997903	0.985923
514.0	0.989065	0.969310	0.999613	0.995697	1.000000	1.000000	0.992013	0.990383	0.980632	0.984055	0.978313	0.989289	1.000000	0.975326	0.992802	1.000000	0.990997	0.994876	1.000000	0.980473
515.0	0.981469	0.959533	0.997961	0.996266	0.996868	0.998467	0.989791	0.981331	0.976136	0.973826	0.968180	0.976210	0.999872	0.969855	0.983788	0.999625	0.994271	0.984847	0.998176	0.975016
516.0	0.979173	0.961010	1.000000	0.985214	0.989055	0.994906	0.985683	0.957832	0.973799	0.962214	0.971377	0.964774	0.997833	0.965625	0.976466	0.995605	0.988458	0.969991	0.995843	0.965860
517.0	0.968544	0.958385	0.994835	0.979800	0.987374	0.992924	0.989116	0.950622	0.961795	0.957509	0.968971	0.950191	0.981405	0.956596	0.973532	0.986347	0.970709	0.952421	0.986048	0.952873
518.0	0.959202	0.953709	0.977738	0.974878	0.978022	0.983057	0.980743	0.938663	0.961921	0.954026	0.973067	0.934826	0.968320	0.951160	0.965217	0.973186	0.964893	0.936171	0.981026	0.941508
519.0	0.952519	0.943740	0.954827	0.957350	0.971331	0.968720	0.970864	0.939561	0.951958	0.943689	0.976230	0.928103	0.959187	0.942369	0.946464	0.948683	0.951345	0.916720	0.968656	0.925352
520.0	0.933929	0.928771	0.933595	0.940175	0.963125	0.949856	0.955425	0.925470	0.936132	0.927164	0.966284	0.916073	0.947807	0.929905	0.936121	0.935108	0.944140	0.895107	0.951281	0.913294
521.0	0.927703	0.911361	0.917843	0.920095	0.951771	0.924563	0.940202	0.917162	0.923203	0.911074	0.953471	0.909173	0.930090	0.914696	0.918706	0.914331	0.935083	0.891442	0.941900	0.900498
522.0	0.918811	0.893038	0.901020	0.894961	0.938906	0.896158	0.925877	0.908904	0.909440	0.890870	0.934892	0.901801	0.916663	0.898883	0.901745	0.894689	0.918256	0.877555	0.931611	0.890108
523.0	0.893705	0.871690	0.885471	0.879908	0.926311	0.869689	0.910873	0.899742	0.889243	0.872825	0.913451	0.880518	0.901901	0.882787	0.885022	0.875746	0.897628	0.868335	0.910213	0.872662
524.0	0.867650	0.858756	0.869574	0.861506	0.904081	0.849679	0.896795	0.884653	0.869519	0.849126	0.891959	0.866468	0.889916	0.863774	0.866330	0.861223	0.881738	0.840410	0.885053	0.860264
525.0	0.848193	0.840100	0.846601	0.848699	0.876918	0.825954	0.878028	0.858012	0.850360	0.825508	0.864598	0.850145	0.872021	0.849042	0.846436	0.843675	0.868378	0.820475	0.859978	0.849319
526.0	0.823730	0.818557	0.831234	0.824045	0.846620	0.804901	0.855401	0.827496	0.826005	0.804025	0.834760	0.829910	0.848907	0.833313	0.822562	0.823775	0.846471	0.812318	0.831896	0.836593
527.0	0.795796	0.791628	0.812638	0.809007	0.814911	0.790466	0.831118	0.808450	0.800133	0.790965	0.803513	0.806987	0.821279	0.810642	0.805740	0.809353	0.818781	0.801697	0.811884	0.827220
528.0	0.775868	0.770655	0.788343	0.794994	0.793706	0.776074	0.806314	0.787107	0.780204	0.775238	0.784018	0.786269	0.794901	0.789104	0.782405	0.793310	0.791134	0.786126	0.797577	0.808703
529.0	0.761929	0.749025	0.758122	0.775995	0.775052	0.757044	0.782563	0.774691	0.756712	0.757515	0.756578	0.766210	0.774332	0.770805	0.761604	0.766187	0.766134	0.764364	0.778235	0.778274
530.0	0.743556	0.729294	0.732843	0.753217	0.756232	0.746104	0.756216	0.747741	0.732626	0.740843	0.728185	0.745092	0.755129	0.749456	0.743551	0.753115	0.751939	0.744838	0.763731	0.750888
531.0	0.735371	0.712461	0.706647	0.735450	0.739164	0.727172	0.731652	0.729205	0.712059	0.728399	0.707974	0.725636	0.732761	0.728171	0.718672	0.734567	0.734224	0.735184	0.749732	0.725169
532.0	0.721082	0.694549	0.687138	0.717339	0.722173	0.703360	0.711322	0.705354	0.690924	0.710972	0.690867	0.699327	0.715313	0.707837	0.695543	0.713321	0.709595	0.711543	0.730675	0.698811
533.0	0.695418	0.676631	0.669140	0.698003	0.709687	0.676989	0.682482	0.682071	0.673596	0.689902	0.676847	0.671187	0.696949	0.687385	0.676004	0.694175	0.689692	0.690184	0.709315	0.677212
534.0	0.666275	0.656363	0.642087	0.682492	0.688044	0.650756	0.655853	0.660763	0.655410	0.657138	0.656420	0.647430	0.680658	0.665622	0.657493	0.671311	0.670921	0.661575	0.687339	0.660630
535.0	0.636715	0.626131	0.618646	0.667262	0.659846	0.624485	0.628463	0.632298	0.633782	0.625641	0.636810	0.630390	0.658913	0.646521	0.641002	0.646180	0.647688	0.638620	0.661306	0.644785
536.0	0.604477	0.598684	0.603317	0.643881	0.630179	0.598946	0.600018	0.605398	0.605072	0.595528	0.616712	0.610515	0.633280	0.622854	0.621313	0.620846	0.618616	0.623305	0.637032	0.627297
537.0	0.575954	0.573727	0.587422	0.629315	0.593991	0.577970	0.574987	0.583664	0.580712	0.571718	0.593098	0.590231	0.613640	0.599970	0.607605	0.600722	0.590318	0.595603	0.616649	0.606870
538.0	0.552901	0.555736	0.565203	0.608710	0.565201	0.555546	0.560813	0.562095	0.561336	0.549926	0.575682	0.567486	0.590366	0.579243	0.588800	0.579514	0.560856	0.568933	0.588361	0.584929
539.0	0.531266	0.538127	0.543061	0.582246	0.538895	0.537272	0.541149	0.545678	0.540695	0.533296	0.551871	0.546038	0.569469	0.557171	0.566609	0.553661	0.538605	0.541269	0.560093	0.559110
540.0	0.508431	0.524444	0.524252	0.552802	0.513094	0.528978	0.522681	0.526294	0.515760	0.516843	0.529048	0.521231	0.541844	0.533518	0.539834	0.533172	0.521253	0.516684	0.536998	0.532255
541.0	0.494103	0.515713	0.505858	0.532380	0.495756	0.510321	0.509334	0.511577	0.497477	0.503674	0.513677	0.500797	0.524125	0.508466	0.514404	0.514192	0.505530	0.501542	0.512146	0.508575
542.0	0.483210	0.501412	0.487442	0.503576	0.485715	0.491049	0.495187	0.495050	0.475722	0.487648	0.497625	0.480050	0.507711	0.490519	0.492605	0.494950	0.492443	0.480772	0.489690	0.481661
543.0	0.468777	0.484508	0.465439	0.473877	0.484022	0.471807	0.474692	0.477734	0.465864	0.470830	0.481314	0.465794	0.493959	0.473350	0.464873	0.472305	0.480270	0.465240	0.474984	0.467454
544.0	0.451212	0.461554	0.444089	0.450949	0.468798	0.451715	0.459763	0.460694	0.454193	0.457216	0.461048	0.454184	0.475876	0.457285	0.443113	0.449110	0.467490	0.453460	0.460373	0.446499
545.0	0.437364	0.438308	0.428451	0.430936	0.453517	0.434396	0.448321	0.446188	0.436772	0.439646	0.445473	0.445479	0.463183	0.442002	0.424142	0.434749	0.450412	0.447161	0.443023	0.429465
546.0	0.424589	0.428231	0.416280	0.414270	0.437975	0.414252	0.434316	0.425558	0.418199	0.423252	0.430178	0.433384	0.443894	0.428702	0.408721	0.420688	0.435185	0.436958	0.427178	0.416218
547.0	0.412241	0.409816	0.408381	0.404498	0.420698	0.392676	0.427460	0.410375	0.404653	0.409208	0.417984	0.421284	0.428834	0.418013	0.399467	0.403478	0.417666	0.420877	0.406829	0.396587
548.0	0.400031	0.388784	0.394214	0.400377	0.402229	0.378455	0.422054	0.394073	0.398625	0.391599	0.409410	0.408533	0.414824	0.400626	0.387655	0.388668	0.398102	0.407606	0.390452	0.383462
549.0	0.387959	0.376130	0.384004	0.389842	0.383989	0.363182	0.404481	0.380943	0.385138	0.379229	0.397532	0.393575	0.397760	0.385860	0.368212	0.371343	0.379338	0.392384	0.379538	0.371691
550.0	0.373025	0.366676	0.368804	0.383939	0.364521	0.355763	0.386788	0.364640	0.367724	0.363132	0.388118	0.376321	0.378965	0.367446	0.354895	0.353696	0.365760	0.375785	0.369528	0.361682
551.0	0.358502	0.355092	0.359118	0.374111	0.350034	0.341653	0.370142	0.348511	0.351110	0.353029	0.377492	0.360873	0.363089	0.353345	0.342898	0.341331	0.352181	0.361549	0.358559	0.351522
552.0	0.341478	0.347026	0.342699	0.358516	0.341141	0.329323	0.350626	0.333923	0.334161	0.338224	0.363650	0.345325	0.350214	0.337078	0.334234	0.329455	0.334539	0.340349	0.349049	0.340848
553.0	0.327067	0.337566	0.330647	0.340668	0.332104	0.319305	0.334228	0.321252	0.319474	0.326067	0.345251	0.335368	0.341405	0.321738	0.320045	0.319654	0.318830	0.326728	0.339927	0.331474
554.0	0.309386	0.321383	0.319529	0.326705	0.317593	0.308677	0.320184	0.312006	0.307452	0.314923	0.327622	0.322790	0.329276	0.308122	0.312264	0.310191	0.306632	0.314056	0.330051	0.316488
555.0	0.292553	0.306149	0.304036	0.307847	0.306233	0.299389	0.310269	0.304593	0.293324	0.299740	0.310363	0.306427	0.321855	0.299398	0.297819	0.304260	0.295697	0.305165	0.311655	0.306092
556.0	0.280100	0.298112	0.290136	0.295320	0.295612	0.288560	0.300172	0.293938	0.280607	0.286950	0.296934	0.290749	0.305809	0.292166	0.286395	0.300402	0.292510	0.290880	0.297152	0.293198
557.0	0.269140	0.283108	0.278293	0.283809	0.288148	0.277768	0.293516	0.289835	0.275759	0.276959	0.289097	0.278683	0.290588	0.279909	0.275813	0.287663	0.282678	0.282453	0.279799	0.277743
558.0	0.263022	0.269778	0.261968	0.274632	0.281266	0.270237	0.283627	0.280975	0.274406	0.265847	0.276742	0.265877	0.278964	0.266594	0.264758	0.274729	0.275361	0.269689	0.268990	0.264393
559.0	0.257975	0.257413	0.247549	0.265314	0.271144	0.257985	0.270086	0.272714	0.261097	0.263503	0.267855	0.252828	0.261434	0.257755	0.251651	0.259494	0.263905	0.260818	0.258313	0.253496
560.0	0.248919	0.246366	0.233851	0.255374	0.261142	0.248329	0.256125	0.261693	0.250835	0.256549	0.257828	0.242780	0.250246	0.249567	0.237438	0.244010	0.254872	0.251614	0.248375	0.246876
561.0	0.239444	0.234556	0.223442	0.242383	0.252125	0.236589	0.241566	0.253260	0.238722	0.252807	0.246861	0.233695	0.241940	0.240396	0.227850	0.229758	0.246935	0.239613	0.239157	0.237388
562.0	0.231484	0.227552	0.211460	0.231003	0.243569	0.226848	0.231379	0.244809	0.227556	0.241397	0.236895	0.224704	0.237815	0.229994	0.224429	0.217358	0.232680	0.226637	0.230271	0.230418
563.0	0.223995	0.216606	0.211383	0.219024	0.230246	0.216675	0.225954	0.230208	0.212639	0.230232	0.228971	0.220255	0.235633	0.221452	0.220691	0.206736	0.226069	0.219975	0.222672	0.222134
564.0	0.213781	0.205196	0.209813	0.212634	0.218732	0.206878	0.217801	0.220514	0.202292	0.216730	0.221385	0.213210	0.231316	0.211168	0.217121	0.196925	0.213255	0.208933	0.209672	0.208016
565.0	0.202749	0.196192	0.205221	0.203170	0.202611	0.199738	0.209990	0.211690	0.191653	0.204624	0.213061	0.205359	0.224051	0.204631	0.209371	0.188619	0.206466	0.201031	0.196522	0.199118
566.0	0.192056	0.189090	0.200146	0.197284	0.191404	0.196614	0.203900	0.202634	0.185934	0.194226	0.204021	0.197202	0.209767	0.199363	0.200558	0.184359	0.199071	0.195632	0.191289	0.188829
567.0	0.183357	0.183065	0.195376	0.191657	0.180659	0.190216	0.197771	0.194011	0.183623	0.183533	0.195262	0.191370	0.196594	0.190966	0.194584	0.179461	0.188446	0.189630	0.179551	0.180638
568.0	0.176547	0.178201	0.188063	0.186758	0.172146	0.183483	0.188333	0.181044	0.176715	0.175455	0.185531	0.182210	0.183539	0.183807	0.186089	0.176760	0.176415	0.179077	0.170045	0.170857
569.0	0.171476	0.168841	0.178861	0.180417	0.159034	0.177272	0.177785	0.173810	0.170754	0.168412	0.173679	0.171286	0.172420	0.177559	0.175430	0.172278	0.169261	0.175541	0.163583	0.163427
570.0	0.166489	0.164518	0.169993	0.171846	0.152612	0.169913	0.165234	0.165760	0.165736	0.163582	0.160924	0.162256	0.163488	0.170472	0.163687	0.163044	0.165378	0.169200	0.159370	0.158725
571.0	0.158869	0.155390	0.158872	0.163914	0.150310	0.162090	0.158237	0.158883	0.156396	0.157788	0.151327	0.153789	0.158342	0.162608	0.153790	0.154293	0.160854	0.161565	0.154362	0.154598
572.0	0.154329	0.145732	0.146330	0.158323	0.146484	0.152364	0.154535	0.150636	0.149488	0.151173	0.145251	0.143950	0.151327	0.153425	0.145702	0.148821	0.155838	0.153339	0.150289	0.150562
573.0	0.147790	0.137184	0.138846	0.151017	0.141101	0.140995	0.149365	0.140179	0.140962	0.143550	0.141299	0.136504	0.147209	0.145341	0.141271	0.143278	0.152098	0.146917	0.144820	0.142505
574.0	0.143506	0.129493	0.132447	0.143714	0.140172	0.133996	0.144069	0.135136	0.132953	0.135416	0.133312	0.130577	0.143437	0.136362	0.135747	0.139330	0.145635	0.141161	0.139242	0.133643
575.0	0.135517	0.124236	0.124359	0.137109	0.136026	0.126980	0.137578	0.130071	0.125713	0.127615	0.123994	0.125506	0.137767	0.129730	0.129896	0.132782	0.139332	0.135872	0.135415	0.128858
576.0	0.126915	0.119632	0.119907	0.130598	0.132881	0.122911	0.133945	0.122711	0.121783	0.119160	0.117614	0.123030	0.128680	0.124006	0.124989	0.125887	0.130036	0.128193	0.132769	0.123458
577.0	0.120000	0.116383	0.116002	0.125219	0.124865	0.116900	0.129627	0.117081	0.115853	0.111685	0.115142	0.121366	0.125477	0.118078	0.122388	0.123345	0.119868	0.119690	0.126930	0.121480
578.0	0.111998	0.112460	0.112890	0.116757	0.116646	0.111397	0.126171	0.113294	0.111144	0.106839	0.114924	0.119332	0.120747	0.111077	0.114499	0.120331	0.110590	0.115225	0.122339	0.113403
579.0	0.109628	0.108234	0.109244	0.108809	0.109554	0.110178	0.120202	0.110941	0.109853	0.101411	0.109115	0.114779	0.116501	0.108014	0.108907	0.114973	0.108746	0.110056	0.116086	0.105484
580.0	0.105837	0.106293	0.107361	0.105307	0.108025	0.106855	0.111700	0.109798	0.106344	0.099106	0.106660	0.110375	0.107560	0.104195	0.104410	0.107606	0.102098	0.104916	0.109568	0.100827
581.0	0.097365	0.102221	0.102085	0.101461	0.105911	0.102486	0.107793	0.106571	0.102597	0.098573	0.107201	0.103738	0.100922	0.101481	0.097508	0.102644	0.098081	0.099607	0.105538	0.099260
582.0	0.095581	0.098913	0.096612	0.098490	0.100441	0.096044	0.101669	0.101904	0.101586	0.100716	0.103887	0.096887	0.094620	0.097735	0.093008	0.099318	0.096255	0.095365	0.101005	0.097200
583.0	0.091107	0.094644	0.091891	0.094351	0.096464	0.091440	0.093856	0.097580	0.097769	0.098906	0.099425	0.090003	0.091263	0.094395	0.087348	0.097998	0.094087	0.090655	0.092616	0.089540
584.0	0.088335	0.088895	0.087777	0.090394	0.094822	0.088091	0.088467	0.093378	0.091510	0.093930	0.092174	0.085643	0.088575	0.091034	0.083702	0.097318	0.093630	0.087509	0.087663	0.082774
585.0	0.082557	0.083204	0.082919	0.087739	0.093577	0.082891	0.086069	0.086974	0.085134	0.089439	0.085109	0.080305	0.085255	0.087567	0.081311	0.095052	0.089435	0.080030	0.081761	0.078061
586.0	0.078311	0.078331	0.079637	0.085714	0.091110	0.079131	0.083746	0.082019	0.081143	0.082696	0.083100	0.076707	0.084673	0.082887	0.080058	0.088447	0.085465	0.073136	0.079185	0.073841
587.0	0.074507	0.074591	0.076681	0.082411	0.087026	0.073586	0.081960	0.081202	0.076865	0.076317	0.081633	0.072538	0.084066	0.077100	0.080362	0.083108	0.078728	0.069280	0.077785	0.072218
588.0	0.072492	0.070717	0.074314	0.075503	0.082274	0.068351	0.081923	0.080788	0.074291	0.071369	0.080508	0.067245	0.082292	0.072588	0.075224	0.076664	0.072874	0.068221	0.075019	0.066290
589.0	0.071301	0.068826	0.071469	0.072521	0.077756	0.065278	0.079107	0.078498	0.073274	0.065903	0.077755	0.061195	0.078617	0.069833	0.073109	0.069209	0.068897	0.066937	0.070004	0.064023
590.0	0.066678	0.066845	0.068286	0.069079	0.072622	0.062582	0.073432	0.076180	0.069752	0.063327	0.076525	0.058629	0.072611	0.064544	0.070483	0.063208	0.063507	0.068397	0.068441	0.066101
591.0	0.059140	0.064640	0.065151	0.065622	0.068668	0.058654	0.071449	0.071442	0.066178	0.060335	0.076164	0.057330	0.068022	0.063145	0.064861	0.058076	0.061053	0.066389	0.069352	0.068254
592.0	0.058820	0.062404	0.062282	0.061516	0.062037	0.055906	0.067220	0.065444	0.062883	0.058692	0.072761	0.056021	0.065374	0.062684	0.062617	0.055685	0.057637	0.065205	0.068183	0.068863
593.0	0.056134	0.061166	0.058951	0.059152	0.056968	0.053088	0.063642	0.062058	0.057869	0.055947	0.071103	0.054861	0.062775	0.062643	0.057852	0.058610	0.056632	0.062516	0.064267	0.064873
594.0	0.054723	0.058447	0.056001	0.054227	0.052160	0.050411	0.060999	0.058173	0.052608	0.053831	0.067598	0.052914	0.057068	0.062515	0.056468	0.059625	0.056418	0.059632	0.061035	0.062826
595.0	0.051444	0.056300	0.051331	0.050519	0.051125	0.050109	0.058814	0.052885	0.048220	0.052758	0.065505	0.050287	0.054220	0.061524	0.055171	0.057829	0.055376	0.055495	0.059332	0.061058
596.0	0.051544	0.052743	0.047403	0.049697	0.053190	0.050658	0.055004	0.049193	0.048766	0.050198	0.063273	0.050252	0.054556	0.057837	0.056071	0.054658	0.053796	0.052354	0.059534	0.057527
597.0	0.053817	0.050828	0.046343	0.046475	0.052026	0.049715	0.051906	0.050079	0.051807	0.048634	0.059790	0.049319	0.054021	0.054211	0.056220	0.052842	0.052000	0.050467	0.058723	0.054230
598.0	0.055942	0.050044	0.045497	0.043232	0.050983	0.048875	0.050392	0.050124	0.053026	0.048342	0.054984	0.046780	0.053788	0.051351	0.053438	0.048945	0.049730	0.048325	0.056335	0.051319
599.0	0.053941	0.049995	0.044344	0.043564	0.051037	0.048487	0.048479	0.050953	0.054928	0.046143	0.050267	0.045130	0.052400	0.047851	0.052179	0.044742	0.047298	0.046609	0.052445	0.050195
600.0	0.048985	0.046781	0.042253	0.040941	0.049464	0.047423	0.045807	0.049928	0.051897	0.044752	0.047053	0.045821	0.050531	0.042541	0.049106	0.041047	0.046484	0.044685	0.050653	0.046799
601.0	0.045342	0.042840	0.041549	0.040740	0.049904	0.045397	0.044222	0.049488	0.047631	0.042455	0.043680	0.046286	0.049182	0.042372	0.046986	0.037554	0.045714	0.040938	0.048785	0.044379
602.0	0.042498	0.040385	0.041763	0.040042	0.049073	0.044306	0.042882	0.049099	0.043592	0.041655	0.042241	0.043655	0.047542	0.044634	0.047366	0.037222	0.045347	0.038804	0.047714	0.042721
603.0	0.039314	0.039135	0.041453	0.041125	0.046755	0.043160	0.042759	0.049192	0.040222	0.040740	0.042038	0.040982	0.044549	0.045560	0.043058	0.036212	0.044489	0.037948	0.046283	0.041584
604.0	0.037396	0.036610	0.040641	0.040258	0.041842	0.043326	0.039765	0.047346	0.037159	0.039705	0.041181	0.037647	0.041352	0.044401	0.040799	0.034307	0.041764	0.036084	0.044981	0.040944
605.0	0.036054	0.035828	0.036777	0.040305	0.039041	0.043402	0.037233	0.045920	0.035797	0.038248	0.041373	0.036591	0.040237	0.041623	0.039319	0.033966	0.039298	0.033845	0.044093	0.039998
606.0	0.036166	0.032679	0.035223	0.039927	0.037948	0.040552	0.036591	0.041854	0.034085	0.037681	0.039777	0.037244	0.039126	0.039703	0.038337	0.033613	0.035297	0.034390	0.041931	0.038030
607.0	0.036895	0.032115	0.034421	0.038439	0.034688	0.038926	0.035373	0.040809	0.032903	0.037420	0.036278	0.037173	0.038074	0.038131	0.036557	0.032433	0.031751	0.036078	0.039636	0.036211
608.0	0.036662	0.032545	0.032757	0.036793	0.033213	0.035987	0.034217	0.037446	0.031431	0.035396	0.032470	0.035189	0.036043	0.035541	0.035095	0.029757	0.029999	0.035118	0.035607	0.034431
609.0	0.035331	0.034651	0.031648	0.035384	0.034062	0.034713	0.034072	0.033265	0.029348	0.031110	0.030727	0.033784	0.034248	0.033531	0.034291	0.027567	0.026754	0.034782	0.032267	0.032786
610.0	0.033650	0.034389	0.030446	0.032773	0.032150	0.030791	0.032958	0.027968	0.024513	0.029092	0.029784	0.032651	0.032169	0.031267	0.031770	0.025776	0.027760	0.033699	0.030628	0.030396
611.0	0.032669	0.034146	0.030762	0.031575	0.031356	0.028394	0.031512	0.025207	0.020820	0.028604	0.027885	0.032874	0.030779	0.031145	0.030406	0.024508	0.028003	0.032468	0.029218	0.028400
612.0	0.030854	0.035612	0.031355	0.031102	0.031942	0.026522	0.030477	0.024832	0.020316	0.027025	0.027252	0.029214	0.029971	0.031071	0.028841	0.025377	0.028096	0.031008	0.029683	0.029723
613.0	0.030636	0.034866	0.031678	0.031124	0.031155	0.026399	0.028141	0.024525	0.020165	0.027361	0.025394	0.026968	0.028560	0.028900	0.026554	0.024620	0.025959	0.030333	0.031066	0.029644
614.0	0.029414	0.031306	0.030816	0.029998	0.028447	0.025699	0.023626	0.024931	0.021429	0.027099	0.024454	0.025224	0.029602	0.027985	0.024643	0.022318	0.025119	0.027426	0.031201	0.028020
615.0	0.027964	0.030018	0.029426	0.028748	0.027641	0.025113	0.022193	0.025505	0.023505	0.027006	0.024814	0.023402	0.029379	0.027557	0.023212	0.023722	0.022786	0.026128	0.029882	0.025987
616.0	0.025329	0.027056	0.028796	0.027531	0.026001	0.022259	0.020973	0.024060	0.023806	0.026367	0.024169	0.022768	0.026977	0.027192	0.021159	0.025404	0.022362	0.024908	0.027934	0.023824
617.0	0.023976	0.023650	0.027836	0.027286	0.024680	0.022262	0.020388	0.023686	0.023030	0.024492	0.023700	0.021299	0.025642	0.025877	0.021701	0.025109	0.022165	0.022379	0.026500	0.022298
618.0	0.022789	0.020097	0.025391	0.025789	0.023622	0.020614	0.020451	0.022243	0.022693	0.021846	0.023538	0.019974	0.023692	0.024297	0.023439	0.024078	0.022978	0.021329	0.023647	0.020961
619.0	0.022318	0.019156	0.022128	0.024152	0.023136	0.020015	0.021271	0.019957	0.021102	0.018462	0.023927	0.020087	0.022539	0.023851	0.024648	0.022392	0.021110	0.020498	0.021070	0.020473
620.0	0.020947	0.018866	0.020210	0.022414	0.020840	0.019363	0.020468	0.017759	0.020106	0.017167	0.025412	0.020440	0.021326	0.023104	0.024794	0.020363	0.021147	0.021476	0.019787	0.020844
621.0	0.018837	0.018303	0.018159	0.022161	0.020380	0.019584	0.020330	0.017326	0.021036	0.017778	0.025515	0.022332	0.020899	0.022410	0.024371	0.017656	0.020247	0.023784	0.017974	0.018635
622.0	0.017343	0.019293	0.016842	0.021056	0.020629	0.019972	0.019157	0.018944	0.022387	0.017426	0.024227	0.020850	0.021814	0.021384	0.025272	0.016780	0.019703	0.025259	0.016626	0.021180
623.0	0.017012	0.017098	0.015959	0.019379	0.020003	0.019300	0.019006	0.019495	0.022841	0.018076	0.021723	0.022634	0.021543	0.019973	0.023971	0.015438	0.018480	0.025697	0.016673	0.020402
624.0	0.015853	0.016047	0.014872	0.018709	0.018858	0.018292	0.018227	0.019810	0.023992	0.018564	0.020660	0.023176	0.021698	0.019252	0.022331	0.013327	0.018315	0.024796	0.015258	0.020183
625.0	0.013916	0.016717	0.015581	0.018249	0.018387	0.017754	0.019328	0.017444	0.024114	0.017907	0.020611	0.021263	0.021552	0.018453	0.019780	0.013540	0.017061	0.023983	0.013262	0.019171
626.0	0.013935	0.013685	0.016120	0.019951	0.017459	0.015805	0.020416	0.015373	0.023512	0.017702	0.019965	0.019363	0.021110	0.017935	0.015567	0.014649	0.017404	0.020620	0.012621	0.018737
627.0	0.014509	0.011810	0.015840	0.020841	0.017656	0.015670	0.021091	0.014575	0.020603	0.017151	0.019657	0.017496	0.021642	0.016190	0.013442	0.015367	0.018233	0.018200	0.012193	0.018853
628.0	0.014360	0.011689	0.014522	0.020811	0.018298	0.014279	0.019785	0.014914	0.018013	0.017051	0.019283	0.016912	0.021431	0.013482	0.011889	0.015924	0.016733	0.015910	0.011380	0.019067
629.0	0.014052	0.012882	0.013036	0.019383	0.017480	0.012645	0.020019	0.014685	0.015478	0.017211	0.018346	0.016224	0.019939	0.012645	0.010306	0.016439	0.014074	0.013153	0.011037	0.018653
630.0	0.013574	0.013232	0.012621	0.019301	0.015880	0.013766	0.018932	0.013972	0.014491	0.016847	0.018708	0.015112	0.017869	0.013084	0.009549	0.015647	0.011342	0.012931	0.011322	0.017490
631.0	0.010956	0.012571	0.011976	0.020164	0.015916	0.014934	0.017726	0.013788	0.013893	0.018237	0.018172	0.013457	0.017505	0.014290	0.010440	0.013333	0.011451	0.013746	0.010215	0.014880
632.0	0.010003	0.012955	0.010818	0.018196	0.013642	0.015702	0.017215	0.015208	0.014767	0.017328	0.016400	0.011525	0.016121	0.014712	0.011322	0.014023	0.011802	0.012810	0.009958	0.014642
633.0	0.010249	0.012762	0.010229	0.016628	0.012431	0.016180	0.016737	0.017043	0.016525	0.014942	0.015341	0.011631	0.013078	0.013887	0.010912	0.013974	0.011495	0.012849	0.009955	0.012171
634.0	0.010661	0.013359	0.008681	0.016429	0.013787	0.017640	0.014943	0.017101	0.016934	0.016093	0.014028	0.011528	0.012049	0.014408	0.012182	0.013953	0.011230	0.013127	0.010446	0.011034
635.0	0.011606	0.012252	0.010081	0.016295	0.014966	0.017663	0.015705	0.016759	0.017140	0.016598	0.014332	0.010229	0.011511	0.014248	0.011923	0.012233	0.011513	0.013378	0.009406	0.009752
636.0	0.013401	0.008953	0.011383	0.016815	0.015419	0.018500	0.016002	0.015281	0.016752	0.017709	0.012781	0.009448	0.012421	0.014599	0.011145	0.010927	0.011964	0.013479	0.009024	0.011074
637.0	0.013358	0.007991	0.010136	0.017407	0.017463	0.018070	0.014037	0.014420	0.016439	0.017170	0.010438	0.009926	0.013418	0.013354	0.010660	0.010422	0.012963	0.013094	0.009118	0.012919
638.0	0.012111	0.008633	0.009622	0.017764	0.018372	0.016580	0.011028	0.013357	0.014803	0.015882	0.008288	0.010227	0.013635	0.012430	0.010422	0.010502	0.010824	0.011401	0.008569	0.013579
639.0	0.013037	0.008592	0.009441	0.016968	0.016890	0.013972	0.012315	0.011467	0.013243	0.014920	0.007972	0.010066	0.012587	0.012312	0.010698	0.010134	0.009882	0.011220	0.009278	0.013570
640.0	0.013859	0.007796	0.010517	0.016217	0.015637	0.012381	0.011042	0.009750	0.013360	0.014126	0.009108	0.008481	0.013003	0.014916	0.010547	0.009646	0.008695	0.012001	0.009072	0.013368
641.0	0.013386	0.007337	0.011454	0.014878	0.015092	0.009446	0.010599	0.008040	0.013408	0.013821	0.011118	0.007346	0.014264	0.015255	0.011629	0.007328	0.009949	0.011691	0.009184	0.013527
642.0	0.013429	0.007788	0.010973	0.012495	0.011585	0.006804	0.011261	0.009038	0.013143	0.013517	0.012125	0.008301	0.013503	0.012656	0.010579	0.008513	0.011923	0.011320	0.009772	0.012847
643.0	0.013748	0.008832	0.010396	0.011046	0.010776	0.005061	0.010771	0.012175	0.012289	0.011693	0.013585	0.007974	0.013859	0.010467	0.009946	0.009168	0.014222	0.010971	0.009303	0.011709
644.0	0.012819	0.008313	0.009247	0.010744	0.011536	0.003842	0.011359	0.012492	0.011071	0.013299	0.012742	0.009457	0.014790	0.009295	0.009204	0.008813	0.014150	0.012308	0.010386	0.009734
645.0	0.013179	0.008353	0.010476	0.009433	0.010718	0.002493	0.013833	0.012865	0.010438	0.014116	0.013022	0.009746	0.014299	0.007549	0.007871	0.008865	0.013754	0.012746	0.009842	0.009148
646.0	0.012767	0.007345	0.009986	0.008625	0.009099	0.003797	0.013944	0.012139	0.009439	0.014937	0.010954	0.009382	0.013977	0.006481	0.007561	0.007954	0.012793	0.012646	0.007715	0.008854
647.0	0.010421	0.006966	0.009024	0.009037	0.009672	0.003280	0.013634	0.011003	0.009837	0.013108	0.008143	0.010215	0.013438	0.007057	0.006935	0.008242	0.010991	0.011017	0.006181	0.009139
648.0	0.009602	0.006677	0.007453	0.009622	0.009018	0.003652	0.012900	0.009542	0.009234	0.012654	0.006777	0.010579	0.012645	0.007476	0.006483	0.009016	0.008091	0.008738	0.005548	0.007651
649.0	0.010761	0.006262	0.007140	0.010474	0.008166	0.003909	0.013339	0.007024	0.008755	0.012955	0.006372	0.010235	0.011917	0.007988	0.007620	0.008893	0.006953	0.007883	0.006551	0.006965
650.0	0.009724	0.005546	0.007234	0.009957	0.008074	0.004365	0.010527	0.007204	0.010215	0.012670	0.005784	0.009286	0.011148	0.009362	0.008471	0.007990	0.005103	0.008466	0.006481	0.006437
651.0	0.009120	0.004114	0.005407	0.009962	0.007990	0.004528	0.009462	0.006938	0.011163	0.011065	0.006305	0.009833	0.010586	0.008054	0.009491	0.006429	0.006175	0.007709	0.006350	0.006192
652.0	0.008977	0.004082	0.003891	0.010261	0.006291	0.005116	0.008378	0.009371	0.010282	0.010744	0.006138	0.010450	0.010394	0.006619	0.008977	0.006674	0.007636	0.007534	0.005112	0.006987
653.0	0.009976	0.003990	0.002510	0.011520	0.006122	0.006104	0.007121	0.010729	0.010202	0.008901	0.006558	0.009847	0.010137	0.006262	0.008343	0.006711	0.007907	0.008459	0.005290	0.007798
654.0	0.009425	0.004042	0.002655	0.011811	0.007599	0.008384	0.006699	0.009772	0.009931	0.007618	0.006395	0.011166	0.009385	0.005672	0.007944	0.006572	0.007569	0.010006	0.005260	0.008306
655.0	0.009175	0.004702	0.003994	0.010587	0.007582	0.010160	0.006086	0.009383	0.008812	0.006639	0.006497	0.010487	0.009896	0.006113	0.006738	0.007006	0.007862	0.010149	0.005528	0.007721
656.0	0.010198	0.003881	0.004493	0.009259	0.008258	0.011920	0.005164	0.009456	0.007605	0.005783	0.006682	0.009202	0.009886	0.006332	0.007125	0.005857	0.007099	0.010454	0.004446	0.008492
657.0	0.010487	0.004649	0.006236	0.008978	0.009019	0.011944	0.007217	0.008312	0.006659	0.005419	0.007383	0.009906	0.009910	0.007798	0.008971	0.005144	0.006644	0.010668	0.004612	0.009124
658.0	0.011010	0.005297	0.005971	0.009468	0.009025	0.012503	0.008510	0.007158	0.006152	0.007150	0.009132	0.009840	0.009818	0.008786	0.010593	0.005243	0.004736	0.010910	0.005705	0.008542
659.0	0.010287	0.005421	0.006145	0.010588	0.009967	0.012532	0.009015	0.004653	0.005576	0.007616	0.008980	0.007952	0.009934	0.008506	0.011864	0.005440	0.005047	0.011428	0.006060	0.007870
660.0	0.007626	0.004889	0.005846	0.010168	0.010067	0.012773	0.008472	0.005548	0.005876	0.007239	0.008792	0.006345	0.009189	0.008429	0.012408	0.005596	0.003514	0.012391	0.006010	0.007218
661.0	0.007521	0.003702	0.005666	0.009823	0.010190	0.011592	0.008316	0.004605	0.006219	0.005980	0.008123	0.006761	0.009389	0.007688	0.011942	0.006822	0.005751	0.012209	0.005702	0.006232
662.0	0.007528	0.004418	0.005392	0.009026	0.009562	0.009904	0.007257	0.005559	0.006603	0.006226	0.007646	0.006717	0.010200	0.008252	0.009707	0.007950	0.006394	0.011264	0.005471	0.006890
663.0	0.007513	0.003581	0.004452	0.008193	0.009184	0.008379	0.006619	0.005415	0.007364	0.006692	0.008144	0.006514	0.009981	0.007291	0.006939	0.008904	0.005556	0.011021	0.007110	0.007601
664.0	0.007887	0.002671	0.003950	0.006107	0.008054	0.007769	0.006093	0.004271	0.006850	0.006761	0.007178	0.007366	0.010209	0.006562	0.005051	0.010069	0.005856	0.009816	0.007095	0.008534
665.0	0.008115	0.002527	0.004000	0.003423	0.006869	0.006408	0.006232	0.005651	0.006096	0.005592	0.005170	0.006986	0.011915	0.006300	0.002996	0.009425	0.006874	0.008455	0.007569	0.008400
666.0	0.009532	0.001644	0.002854	0.001389	0.005927	0.005928	0.007620	0.006115	0.004463	0.004966	0.004652	0.005211	0.013649	0.005627	0.003515	0.007114	0.006224	0.007258	0.007451	0.009298
667.0	0.009622	0.002647	0.002872	0.002189	0.003764	0.004428	0.010180	0.006908	0.004837	0.004904	0.004973	0.004508	0.013255	0.004212	0.005472	0.004940	0.006856	0.006499	0.007559	0.008837
668.0	0.009351	0.002304	0.003167	0.003564	0.004396	0.004925	0.011248	0.006625	0.005191	0.004051	0.006663	0.003917	0.011405	0.004143	0.005816	0.004612	0.005708	0.005507	0.008074	0.009033
669.0	0.008421	0.002398	0.004979	0.005979	0.004675	0.004891	0.011773	0.006104	0.005673	0.002785	0.005934	0.002391	0.009782	0.003691	0.005977	0.003911	0.005556	0.005827	0.007266	0.008047
670.0	0.006795	0.002571	0.006773	0.006764	0.005040	0.006543	0.011069	0.007460	0.005619	0.001301	0.005351	0.002635	0.009299	0.004263	0.005783	0.003552	0.005609	0.006633	0.008125	0.007232
671.0	0.006150	0.003276	0.008418	0.007601	0.005705	0.006830	0.010207	0.007810	0.005740	0.001150	0.005358	0.003222	0.008830	0.005106	0.005858	0.004373	0.006468	0.006273	0.008268	0.005729
672.0	0.004758	0.004777	0.008565	0.008074	0.005709	0.007541	0.009369	0.007988	0.006875	0.002291	0.004364	0.003687	0.007960	0.004496	0.005578	0.004732	0.006513	0.006434	0.007433	0.005663
673.0	0.003401	0.004422	0.007303	0.007838	0.006192	0.006969	0.008224	0.007606	0.008302	0.004527	0.005448	0.003925	0.007463	0.004047	0.005539	0.003493	0.006319	0.007761	0.007733	0.005619
674.0	0.002667	0.004340	0.006125	0.008057	0.006048	0.006494	0.007739	0.006272	0.008785	0.006148	0.005564	0.003925	0.007800	0.003581	0.005753	0.003669	0.006445	0.007253	0.006656	0.005423
675.0	0.002249	0.004901	0.005464	0.006902	0.006889	0.006019	0.007761	0.005807	0.008898	0.006987	0.005624	0.003934	0.008177	0.004175	0.007300	0.003392	0.006957	0.006986	0.005421	0.006367
676.0	0.002807	0.005478	0.004004	0.006109	0.006684	0.006565	0.007854	0.004621	0.009316	0.007484	0.006134	0.003494	0.008240	0.004083	0.008676	0.003382	0.005569	0.006161	0.004789	0.005926
677.0	0.003086	0.005891	0.004248	0.005782	0.006980	0.007156	0.008226	0.003545	0.010341	0.007996	0.006750	0.003046	0.006681	0.004530	0.008133	0.003854	0.006130	0.005368	0.004939	0.007648
678.0	0.004525	0.005519	0.004672	0.005246	0.009143	0.008421	0.007462	0.003580	0.010702	0.007149	0.008718	0.003706	0.006058	0.005452	0.006631	0.004456	0.005636	0.005690	0.004805	0.008754
679.0	0.005994	0.005118	0.004936	0.004550	0.009557	0.008318	0.005988	0.003860	0.010194	0.006405	0.008280	0.003886	0.004748	0.006662	0.005787	0.004000	0.006382	0.006388	0.003539	0.007869
680.0	0.006884	0.005709	0.004877	0.004606	0.010223	0.008614	0.005023	0.003969	0.008101	0.006091	0.009577	0.005165	0.005906	0.007680	0.004377	0.003912	0.007512	0.007118	0.003560	0.006630
681.0	0.007005	0.006338	0.004211	0.004600	0.009941	0.008580	0.005879	0.004205	0.006061	0.005948	0.010425	0.005189	0.007091	0.008822	0.003102	0.004316	0.007819	0.007645	0.003378	0.005922
682.0	0.007007	0.006335	0.004045	0.004302	0.009251	0.007840	0.007138	0.003938	0.005204	0.006458	0.007689	0.006001	0.006369	0.007645	0.003092	0.003634	0.007976	0.008443	0.002300	0.005437
683.0	0.006345	0.005392	0.002952	0.004119	0.008143	0.007706	0.007421	0.004900	0.004904	0.006609	0.008266	0.006806	0.007780	0.007209	0.003528	0.003358	0.008071	0.008245	0.002439	0.004701
684.0	0.005284	0.005532	0.001847	0.004476	0.007790	0.007876	0.007825	0.005307	0.004045	0.006773	0.008217	0.006109	0.009304	0.006725	0.003820	0.003273	0.007560	0.005383	0.002901	0.003911
685.0	0.004573	0.004485	0.001701	0.003673	0.007196	0.006850	0.007675	0.004328	0.004330	0.006360	0.007679	0.006565	0.009204	0.006427	0.005254	0.003393	0.007283	0.004906	0.003982	0.004052
686.0	0.005180	0.004895	0.000805	0.003521	0.006245	0.007428	0.008515	0.003561	0.004836	0.005216	0.006377	0.006808	0.008090	0.005312	0.006009	0.004054	0.005535	0.003524	0.005626	0.004056
687.0	0.004799	0.004064	0.002341	0.003645	0.005657	0.007908	0.007416	0.004090	0.006384	0.004750	0.006370	0.005959	0.007355	0.005670	0.006467	0.004457	0.006251	0.002578	0.006307	0.005521
688.0	0.005334	0.003117	0.002907	0.003368	0.006269	0.007019	0.006034	0.006218	0.008160	0.003989	0.007055	0.006646	0.007851	0.005775	0.005704	0.003695	0.006865	0.003363	0.006339	0.005003
689.0	0.006049	0.002148	0.003492	0.003704	0.006417	0.006368	0.004961	0.006437	0.008603	0.003949	0.006519	0.007316	0.007524	0.006085	0.006720	0.003091	0.007241	0.004872	0.006201	0.004061
690.0	0.006313	0.002117	0.004043	0.005303	0.005911	0.006877	0.005034	0.006614	0.008872	0.003484	0.006539	0.007406	0.007986	0.006306	0.007139	0.002085	0.007148	0.005908	0.005752	0.002856
691.0	0.005181	0.002011	0.004453	0.006540	0.004937	0.008001	0.006045	0.007867	0.008109	0.002227	0.004644	0.007286	0.009252	0.007372	0.006642	0.000575	0.007357	0.006675	0.005157	0.001716
692.0	0.004536	0.001758	0.004521	0.006516	0.003415	0.009032	0.006377	0.008563	0.007884	0.002740	0.002486	0.007153	0.008670	0.006400	0.006510	0.000813	0.006433	0.006849	0.002933	0.001473
693.0	0.004190	0.001460	0.003895	0.006573	0.002364	0.009767	0.005862	0.008644	0.006624	0.002215	0.002242	0.006768	0.009477	0.006207	0.005346	0.002464	0.006000	0.006240	0.001015	0.001894
694.0	0.001942	0.001861	0.002260	0.005608	0.003103	0.009912	0.004988	0.009086	0.004571	0.002931	0.002528	0.004069	0.010443	0.006323	0.004082	0.003310	0.005505	0.004660	0.000000	0.002908
695.0	0.002207	0.001624	0.001597	0.004977	0.002833	0.009001	0.005493	0.009135	0.002738	0.002205	0.002344	0.003881	0.011000	0.006078	0.002618	0.004750	0.005436	0.004026	0.001022	0.004148
696.0	0.003527	0.001543	0.000724	0.005796	0.002143	0.008372	0.006566	0.007676	0.001510	0.001772	0.002687	0.004072	0.010124	0.006160	0.002522	0.006513	0.004596	0.002525	0.001365	0.005327
697.0	0.004801	0.001212	0.002181	0.006188	0.002778	0.006362	0.006076	0.007959	0.002718	0.001672	0.003679	0.003857	0.009689	0.006978	0.002581	0.006782	0.003920	0.002547	0.001881	0.006469
698.0	0.005111	0.000545	0.002159	0.005720	0.004399	0.004209	0.006423	0.007537	0.002301	0.002198	0.004141	0.005653	0.009672	0.007339	0.001375	0.006026	0.004049	0.002859	0.002855	0.005655
699.0	0.005165	0.000301	0.003113	0.004965	0.005087	0.003412	0.007473	0.007089	0.002735	0.002403	0.004363	0.007300	0.008868	0.006517	0.003058	0.005521	0.003760	0.003398	0.002390	0.005561
700.0	0.005742	0.000307	0.003196	0.004815	0.004614	0.003351	0.008080	0.007396	0.004675	0.001243	0.003015	0.007101	0.007102	0.006595	0.003598	0.003547	0.002333	0.002736	0.002796	0.004982
701.0	0.004659	0.001002	0.004144	0.004295	0.003545	0.004216	0.007288	0.007898	0.005488	0.001413	0.003021	0.006546	0.006528	0.005952	0.004033	0.001502	0.002320	0.002064	0.003719	0.003452
702.0	0.004177	0.001455	0.004518	0.002806	0.002633	0.004794	0.006323	0.007526	0.005429	0.002067	0.003886	0.004951	0.005122	0.004886	0.004117	0.002086	0.003038	0.002101	0.002698	0.003892
703.0	0.002745	0.001630	0.004951	0.001736	0.002704	0.005035	0.005399	0.006288	0.004240	0.001884	0.004000	0.004645	0.003452	0.004562	0.004250	0.002706	0.004006	0.002706	0.002740	0.005208
704.0	0.000380	0.002309	0.004122	0.000000	0.003195	0.005809	0.004669	0.007742	0.005060	0.002862	0.004298	0.002749	0.003127	0.004345	0.004979	0.002658	0.004019	0.002053	0.002778	0.006388
705.0	0.001097	0.002779	0.003870	0.000102	0.002525	0.005485	0.004716	0.008623	0.005152	0.002407	0.005025	0.003411	0.002109	0.004429	0.005588	0.002633	0.004007	0.003344	0.004122	0.006773
706.0	0.001876	0.003538	0.002727	0.001136	0.002127	0.005158	0.004266	0.007337	0.006824	0.002732	0.005575	0.003666	0.001857	0.003937	0.006547	0.003041	0.003553	0.005090	0.004866	0.007384
707.0	0.004137	0.003841	0.002322	0.001912	0.002761	0.005204	0.004086	0.006875	0.008055	0.004347	0.005994	0.004587	0.002208	0.004228	0.005326	0.003176	0.002136	0.006285	0.005069	0.007656
708.0	0.005453	0.003304	0.001741	0.002126	0.003866	0.004899	0.003922	0.006632	0.007395	0.005360	0.005824	0.006584	0.002913	0.003885	0.005198	0.003345	0.003171	0.007331	0.004001	0.007428
709.0	0.007142	0.002728	0.002400	0.002401	0.003038	0.004056	0.004055	0.006458	0.007673	0.005710	0.004668	0.006735	0.003673	0.004337	0.005443	0.002429	0.003889	0.007711	0.002614	0.006634
710.0	0.008087	0.003637	0.002407	0.003507	0.003333	0.003289	0.002518	0.006058	0.007953	0.004571	0.003632	0.005771	0.003287	0.004167	0.004737	0.002145	0.002557	0.008628	0.003734	0.007102
711.0	0.008224	0.003782	0.003910	0.002714	0.003602	0.003137	0.001850	0.005076	0.006326	0.004798	0.004188	0.005141	0.004624	0.003640	0.003686	0.002095	0.003631	0.007347	0.003518	0.006301
712.0	0.006829	0.003080	0.004750	0.003403	0.004615	0.003158	0.001981	0.004466	0.003559	0.004846	0.004796	0.003720	0.004558	0.003238	0.002656	0.002549	0.005332	0.006830	0.002417	0.006979
713.0	0.004158	0.002176	0.005196	0.004221	0.004925	0.003538	0.002085	0.003842	0.001430	0.003996	0.005061	0.003917	0.004639	0.003314	0.002470	0.003112	0.005634	0.006005	0.004670	0.007399
714.0	0.002642	0.001803	0.004554	0.003953	0.005283	0.003568	0.002476	0.005231	0.001593	0.003144	0.005024	0.002873	0.005251	0.003316	0.002119	0.003303	0.006162	0.004544	0.004856	0.006005
715.0	0.002845	0.000993	0.003905	0.003844	0.005776	0.002903	0.003111	0.006218	0.002502	0.002343	0.005891	0.003042	0.005192	0.003556	0.002755	0.002600	0.006956	0.004801	0.005658	0.004151
716.0	0.002777	0.002090	0.003183	0.004959	0.005629	0.003741	0.003264	0.006307	0.003631	0.003633	0.005258	0.003120	0.006421	0.003641	0.002692	0.003553	0.006717	0.004213	0.006707	0.003671
717.0	0.004550	0.001977	0.003302	0.006194	0.005175	0.003829	0.003832	0.005861	0.004450	0.005707	0.005141	0.004107	0.007109	0.003684	0.002189	0.004709	0.005541	0.003505	0.006744	0.002273
718.0	0.005630	0.001391	0.002945	0.006037	0.004209	0.003808	0.004094	0.005616	0.005105	0.005617	0.004432	0.004316	0.008191	0.004286	0.002841	0.005199	0.004897	0.003365	0.005652	0.003140
719.0	0.006370	0.001138	0.003448	0.006299	0.002526	0.003761	0.003896	0.005623	0.005328	0.007343	0.003392	0.003965	0.008619	0.006055	0.002823	0.004541	0.003824	0.002940	0.005480	0.003841
720.0	0.005634	0.002547	0.003123	0.006839	0.002558	0.005410	0.002551	0.004986	0.005096	0.008019	0.002370	0.003979	0.006607	0.005589	0.003176	0.004274	0.001366	0.002942	0.004710	0.006124
721.0	0.004469	0.003338	0.003290	0.007301	0.002788	0.005762	0.003005	0.003893	0.003747	0.009074	0.001393	0.004481	0.006428	0.005636	0.003128	0.003337	0.001260	0.001381	0.003274	0.006390
722.0	0.002927	0.003095	0.002728	0.009220	0.003461	0.006539	0.002542	0.002597	0.002953	0.009528	0.002219	0.002714	0.004999	0.004780	0.003980	0.003168	0.001270	0.001584	0.003857	0.007207
723.0	0.002982	0.003437	0.002202	0.009934	0.003737	0.006553	0.002866	0.002947	0.002325	0.008422	0.003571	0.002018	0.004726	0.004291	0.004259	0.003706	0.000000	0.001896	0.004659	0.006918
724.0	0.003608	0.002913	0.001447	0.009849	0.004688	0.006900	0.002965	0.003347	0.002322	0.005637	0.003428	0.002121	0.004890	0.003220	0.004100	0.003556	0.001196	0.002532	0.003703	0.007055
725.0	0.004139	0.002160	0.000893	0.009646	0.006126	0.006352	0.002955	0.004157	0.004878	0.004443	0.003938	0.001609	0.005724	0.002645	0.004832	0.002255	0.002536	0.002816	0.003423	0.005564
726.0	0.004196	0.002183	0.001025	0.009124	0.005963	0.005726	0.002569	0.005220	0.006306	0.004714	0.004439	0.002807	0.005633	0.002066	0.004348	0.002842	0.003714	0.003896	0.003893	0.004938
727.0	0.006068	0.001663	0.001511	0.007506	0.004894	0.004684	0.003161	0.005833	0.007983	0.004226	0.004500	0.003896	0.007357	0.000601	0.003889	0.003566	0.003719	0.004329	0.006514	0.004423
728.0	0.006684	0.001313	0.001080	0.005467	0.004160	0.004178	0.003937	0.007328	0.008415	0.003227	0.005527	0.003970	0.008190	0.001183	0.002257	0.005117	0.003241	0.004358	0.007342	0.005515
729.0	0.007017	0.001056	0.001489	0.003329	0.003176	0.003846	0.003643	0.008530	0.007780	0.004010	0.006064	0.005475	0.008443	0.002602	0.000716	0.005490	0.004323	0.004319	0.008636	0.005881
730.0	0.005520	0.000491	0.000770	0.003050	0.002677	0.003871	0.003314	0.008658	0.007269	0.003540	0.005395	0.006719	0.007033	0.003511	0.001108	0.005350	0.004857	0.004017	0.008109	0.005139
731.0	0.004469	0.000223	0.000525	0.004144	0.002375	0.004294	0.003454	0.007880	0.006143	0.004034	0.004977	0.006913	0.006632	0.004421	0.001525	0.005337	0.005708	0.003215	0.007253	0.003284
732.0	0.004942	0.000000	0.000782	0.004316	0.003044	0.004179	0.003259	0.005889	0.005379	0.004153	0.004586	0.005435	0.005123	0.004894	0.001735	0.005447	0.005712	0.003763	0.006483	0.002433
733.0	0.004721	0.000404	0.000824	0.004135	0.003464	0.003990	0.002944	0.004576	0.004352	0.003018	0.004091	0.004737	0.003056	0.004002	0.001990	0.004999	0.003730	0.003998	0.005326	0.001432
734.0	0.004009	0.000520	0.001595	0.005039	0.002867	0.003956	0.003447	0.002004	0.003797	0.001862	0.002393	0.004188	0.002483	0.003818	0.002887	0.003806	0.003185	0.004525	0.003630	0.000985
735.0	0.003315	0.000751	0.001692	0.004879	0.002629	0.004805	0.004389	0.001398	0.004672	0.001506	0.002050	0.003013	0.002644	0.003011	0.003430	0.001965	0.003306	0.005120	0.002694	0.000024
736.0	0.002823	0.000502	0.001761	0.003716	0.002956	0.005528	0.005065	0.002013	0.005409	0.001639	0.002017	0.002789	0.002878	0.002303	0.003297	0.000889	0.003106	0.005037	0.002944	0.000000
737.0	0.002064	0.002015	0.002879	0.003512	0.004051	0.005942	0.005852	0.002568	0.005278	0.001800	0.000736	0.002677	0.004829	0.000106	0.002924	0.000000	0.001599	0.004498	0.003516	0.001291
738.0	0.001330	0.003039	0.002856	0.002958	0.005666	0.006126	0.005120	0.002685	0.004326	0.002205	0.001145	0.002909	0.006435	0.000000	0.001228	0.000571	0.001094	0.004601	0.003172	0.001968
739.0	0.001234	0.003084	0.003573	0.002182	0.006122	0.005430	0.004010	0.003088	0.004650	0.001180	0.002575	0.005323	0.007388	0.001105	0.001102	0.001062	0.002753	0.004644	0.004032	0.003429
740.0	0.000420	0.002654	0.002872	0.003095	0.007819	0.005588	0.004293	0.004185	0.005533	0.001914	0.003288	0.006365	0.007558	0.002254	0.003296	0.001685	0.005037	0.004466	0.003472	0.003954
741.0	0.001399	0.002200	0.002329	0.004116	0.009246	0.006185	0.003746	0.004115	0.005947	0.003470	0.004073	0.006372	0.008637	0.003759	0.003677	0.001415	0.006753	0.003519	0.003772	0.003708
742.0	0.002800	0.001070	0.002628	0.004672	0.010514	0.005203	0.004130	0.004108	0.006192	0.003448	0.003031	0.006013	0.007653	0.003754	0.003952	0.001834	0.007251	0.003030	0.003895	0.003973
743.0	0.003491	0.001716	0.002064	0.004662	0.009747	0.004669	0.004322	0.002873	0.005643	0.004279	0.003162	0.005726	0.006339	0.003800	0.004228	0.002300	0.006459	0.001826	0.004974	0.003458
744.0	0.004674	0.002319	0.001763	0.003948	0.007877	0.004871	0.005314	0.002648	0.005270	0.004908	0.003579	0.005812	0.006526	0.004857	0.003817	0.003687	0.005467	0.001333	0.005492	0.002493
745.0	0.005083	0.002590	0.000848	0.004818	0.007046	0.006012	0.005689	0.003169	0.004973	0.004664	0.004120	0.005161	0.006137	0.004733	0.003669	0.004602	0.004489	0.001027	0.005837	0.001603
746.0	0.004045	0.002169	0.002392	0.005181	0.006468	0.006703	0.005080	0.003986	0.004164	0.004394	0.003524	0.003099	0.006226	0.004422	0.004300	0.004686	0.002082	0.000000	0.005257	0.000969
747.0	0.003373	0.003210	0.003971	0.005375	0.006650	0.007340	0.004742	0.004564	0.002903	0.004707	0.002452	0.002656	0.006893	0.002754	0.004059	0.004679	0.000638	0.000424	0.003533	0.001727
748.0	0.003181	0.003456	0.005355	0.004011	0.006276	0.006922	0.003155	0.004293	0.002015	0.006026	0.002974	0.002437	0.007073	0.003084	0.003046	0.005015	0.000514	0.000815	0.003549	0.002399
749.0	0.003169	0.002715	0.006585	0.003831	0.004857	0.006510	0.003607	0.005790	0.002027	0.005282	0.004765	0.003510	0.006576	0.004491	0.003734	0.003908	0.001758	0.002433	0.004655	0.004158
750.0	0.003583	0.002404	0.006157	0.003832	0.005142	0.006743	0.004817	0.006977	0.002976	0.006475	0.004918	0.003709	0.006126	0.004955	0.003620	0.003286	0.003059	0.003168	0.004140	0.004403
751.0	0.004102	0.001930	0.005614	0.003686	0.005478	0.006214	0.006258	0.006627	0.003982	0.006104	0.004435	0.003060	0.007564	0.004259	0.002774	0.001691	0.004337	0.003313	0.004537	0.005114
752.0	0.003857	0.000463	0.005083	0.003049	0.005415	0.005244	0.007714	0.006536	0.005068	0.004738	0.003335	0.002808	0.007767	0.003436	0.002661	0.001396	0.004537	0.002777	0.004005	0.005084
753.0	0.003965	0.001151	0.004152	0.002077	0.004408	0.004264	0.009673	0.004633	0.005535	0.004562	0.003083	0.002334	0.007725	0.003553	0.001396	0.002086	0.005226	0.002304	0.003492	0.005184
754.0	0.003793	0.001399	0.003184	0.001258	0.004021	0.003267	0.009921	0.004041	0.005643	0.003048	0.002488	0.003270	0.007363	0.003775	0.000388	0.003988	0.004465	0.002459	0.003034	0.004246
755.0	0.003920	0.001054	0.003012	0.002580	0.003915	0.002130	0.010493	0.002937	0.005095	0.001757	0.002640	0.004583	0.006600	0.003441	0.000401	0.005220	0.004470	0.003195	0.003974	0.004687
756.0	0.002701	0.001159	0.003485	0.003119	0.002737	0.001711	0.010740	0.003268	0.004656	0.000388	0.001659	0.005070	0.005732	0.003782	0.000767	0.005982	0.003249	0.003288	0.004268	0.004613
757.0	0.003124	0.002768	0.002911	0.003016	0.003707	0.000777	0.009803	0.003651	0.004987	0.000000	0.001823	0.006050	0.004896	0.002699	0.000151	0.006989	0.003626	0.002870	0.003688	0.005349
758.0	0.003039	0.003426	0.002874	0.003010	0.003720	0.000000	0.008769	0.003980	0.006008	0.001114	0.002418	0.007402	0.002639	0.003643	0.000431	0.006632	0.003847	0.002883	0.004769	0.005495
759.0	0.002839	0.003333	0.002137	0.004228	0.002697	0.001252	0.007805	0.005565	0.007165	0.000987	0.001882	0.008049	0.001163	0.004559	0.001761	0.005330	0.004815	0.003521	0.005300	0.006563
760.0	0.002708	0.004527	0.001436	0.004990	0.002224	0.001785	0.006313	0.006177	0.008271	0.001998	0.001266	0.008017	0.000000	0.003441	0.002474	0.004639	0.003734	0.003465	0.005205	0.006343
761.0	0.000698	0.004976	0.001507	0.005077	0.002019	0.003149	0.005205	0.005652	0.008464	0.002112	0.001712	0.006122	0.001666	0.002143	0.004192	0.004169	0.004221	0.002652	0.005627	0.006207
762.0	0.000129	0.005191	0.000818	0.005828	0.002203	0.003946	0.003339	0.005733	0.008634	0.002027	0.002944	0.004027	0.002730	0.003284	0.005372	0.003749	0.003972	0.002474	0.005964	0.005775
763.0	0.001119	0.004823	0.000650	0.005926	0.001459	0.003883	0.004140	0.003954	0.007070	0.002160	0.002616	0.002473	0.002848	0.003732	0.005562	0.004233	0.003740	0.001816	0.005545	0.006340
764.0	0.001641	0.005065	0.001277	0.005864	0.001652	0.004145	0.004146	0.003413	0.005566	0.002888	0.002816	0.001411	0.003816	0.003356	0.005853	0.004567	0.003280	0.002413	0.005166	0.006355
765.0	0.002301	0.003939	0.002235	0.007290	0.001018	0.004772	0.004643	0.003119	0.004515	0.003197	0.004537	0.001343	0.004858	0.003924	0.005779	0.004908	0.003006	0.002647	0.005623	0.006713
766.0	0.003219	0.004309	0.002830	0.007579	0.000788	0.004796	0.004540	0.003226	0.004614	0.002827	0.005325	0.000276	0.005546	0.004576	0.004938	0.006269	0.002305	0.002484	0.005776	0.005994
767.0	0.004228	0.004516	0.002694	0.007176	0.001832	0.005145	0.003488	0.002699	0.005561	0.004136	0.005664	0.000998	0.005175	0.004654	0.003976	0.006922	0.002439	0.002037	0.005100	0.005157
768.0	0.004469	0.004309	0.003210	0.006596	0.002238	0.005336	0.004157	0.001886	0.007129	0.005078	0.004752	0.002114	0.004166	0.005136	0.003177	0.006619	0.002325	0.002107	0.005066	0.005132
769.0	0.003483	0.003528	0.003316	0.005891	0.002295	0.006323	0.004415	0.001811	0.008660	0.004714	0.002482	0.002752	0.004032	0.004135	0.002553	0.005279	0.003101	0.001974	0.004484	0.005636
770.0	0.003250	0.003357	0.004201	0.005181	0.002212	0.006542	0.005692	0.001363	0.009017	0.005758	0.001625	0.003199	0.004600	0.002838	0.001289	0.005607	0.002418	0.002681	0.004840	0.004799
771.0	0.002604	0.001807	0.004102	0.004350	0.002274	0.006494	0.006146	0.002228	0.008291	0.005972	0.001843	0.003010	0.005205	0.002787	0.001407	0.005621	0.002550	0.002535	0.004514	0.003513
772.0	0.003218	0.001461	0.003308	0.004387	0.001977	0.005597	0.006449	0.004672	0.006972	0.004635	0.000969	0.003631	0.004973	0.004213	0.000963	0.004768	0.002211	0.003015	0.004134	0.003753
773.0	0.003493	0.000460	0.002074	0.004189	0.001913	0.004274	0.006814	0.005182	0.005948	0.003920	0.000093	0.004735	0.004047	0.004203	0.000562	0.004010	0.000933	0.002770	0.003120	0.003915
774.0	0.003668	0.001544	0.002218	0.004566	0.002548	0.004660	0.006665	0.006460	0.005872	0.004000	0.001140	0.004552	0.004065	0.003464	0.001764	0.003247	0.001500	0.002762	0.002122	0.003025
775.0	0.003804	0.002149	0.002383	0.005989	0.002695	0.004415	0.005652	0.007574	0.005321	0.004253	0.002651	0.003430	0.004860	0.005421	0.003068	0.002726	0.001979	0.003063	0.000977	0.002387
776.0	0.004325	0.003715	0.002904	0.005682	0.002708	0.003692	0.004365	0.007808	0.004616	0.004407	0.003172	0.002547	0.006105	0.006102	0.003165	0.003105	0.002588	0.003062	0.001013	0.002846
777.0	0.003328	0.004755	0.002527	0.006073	0.002963	0.005040	0.003254	0.008010	0.003780	0.005274	0.002990	0.003189	0.006049	0.006421	0.003058	0.002680	0.003132	0.002779	0.000708	0.002303
778.0	0.002606	0.004831	0.003298	0.005870	0.003428	0.005753	0.003175	0.007464	0.002755	0.005812	0.004364	0.003663	0.005929	0.005004	0.002561	0.002425	0.003648	0.001889	0.000201	0.003208
779.0	0.000626	0.003939	0.003694	0.005463	0.004019	0.007348	0.003662	0.007696	0.001999	0.005988	0.005179	0.003780	0.006652	0.004261	0.001779	0.001337	0.004266	0.002319	0.001536	0.003522
780.0	0.001379	0.004088	0.004053	0.004942	0.004775	0.009044	0.004356	0.007827	0.001602	0.006597	0.007265	0.002881	0.007648	0.003249	0.000834	0.002805	0.003478	0.002684	0.002477	0.004638
781.0	0.001693	0.003190	0.004025	0.004245	0.003860	0.009231	0.004207	0.008537	0.000241	0.005937	0.007883	0.003169	0.007448	0.003097	0.001004	0.002520	0.002827	0.002166	0.002554	0.005352
782.0	0.001700	0.002749	0.004176	0.004520	0.004635	0.008649	0.004057	0.009794	0.000000	0.004506	0.007532	0.004572	0.007436	0.003161	0.000212	0.003789	0.001558	0.002556	0.003612	0.005409
783.0	0.002267	0.002247	0.002582	0.004177	0.006311	0.008308	0.003510	0.008285	0.001993	0.003110	0.007323	0.005059	0.005836	0.002144	0.000240	0.004987	0.000666	0.002515	0.002837	0.006079
784.0	0.002910	0.003201	0.001515	0.003618	0.008513	0.008570	0.003366	0.007700	0.003779	0.003530	0.006913	0.004836	0.005042	0.001581	0.000561	0.004955	0.001544	0.002714	0.004467	0.005690
785.0	0.004083	0.003965	0.001625	0.003837	0.009155	0.006957	0.003083	0.006086	0.004950	0.004088	0.004650	0.004498	0.005279	0.002107	0.000923	0.004964	0.001896	0.003304	0.005225	0.006068
786.0	0.004593	0.004522	0.002615	0.005352	0.008499	0.004513	0.003365	0.005323	0.006132	0.003532	0.001451	0.005321	0.004954	0.002901	0.000134	0.004047	0.002139	0.003036	0.005166	0.005604
787.0	0.004572	0.004002	0.003296	0.007420	0.007675	0.004483	0.003261	0.006161	0.007114	0.003505	0.000000	0.005850	0.003762	0.002283	0.000000	0.003981	0.001861	0.002689	0.005609	0.003492
788.0	0.003954	0.002304	0.004406	0.008488	0.006176	0.003840	0.002948	0.006119	0.007073	0.003758	0.000480	0.006091	0.003163	0.001061	0.000662	0.003682	0.002397	0.002162	0.005068	0.002734
789.0	0.002930	0.001084	0.005108	0.008407	0.004800	0.003415	0.002917	0.006795	0.006410	0.003863	0.001194	0.005705	0.002886	0.002947	0.001066	0.001971	0.003161	0.002409	0.005538	0.001902
790.0	0.002871	0.001595	0.005200	0.007128	0.002790	0.003636	0.002077	0.007420	0.006875	0.003041	0.002248	0.004454	0.003450	0.004680	0.001473	0.001602	0.002343	0.001670	0.005126	0.003283
791.0	0.002194	0.001432	0.005389	0.006031	0.000304	0.003679	0.002006	0.007485	0.005672	0.002714	0.002613	0.004039	0.004657	0.005787	0.003284	0.000025	0.002931	0.000831	0.004663	0.003378
792.0	0.001104	0.001570	0.004491	0.005274	0.000296	0.003571	0.001996	0.007609	0.005202	0.002446	0.002908	0.003825	0.005483	0.005786	0.004129	0.000685	0.002847	0.001085	0.005104	0.002705
793.0	0.000417	0.001282	0.001501	0.003486	0.000000	0.003928	0.002830	0.007057	0.004919	0.002264	0.003589	0.002599	0.006013	0.005567	0.004632	0.001397	0.003656	0.001298	0.004943	0.003993
794.0	0.000000	0.002128	0.000000	0.002478	0.001003	0.004018	0.002940	0.007011	0.003928	0.003167	0.003634	0.002128	0.006773	0.005501	0.003579	0.001616	0.005290	0.002253	0.006418	0.003356
795.0	0.000726	0.001777	0.000260	0.002772	0.002047	0.003216	0.003566	0.005907	0.004836	0.003914	0.003193	0.002467	0.006109	0.005090	0.003209	0.001748	0.005162	0.003057	0.007125	0.003525
796.0	0.001224	0.000967	0.000669	0.004419	0.003164	0.001997	0.004425	0.005781	0.005567	0.004132	0.003585	0.003194	0.004997	0.004418	0.001375	0.002553	0.005218	0.004085	0.007154	0.002753
797.0	0.001813	0.000291	0.001181	0.005963	0.004107	0.000887	0.004819	0.005374	0.006173	0.004232	0.003987	0.003657	0.004132	0.003895	0.000224	0.003553	0.005149	0.004712	0.006983	0.002616
798.0	0.002428	0.000030	0.001561	0.006862	0.004646	0.000144	0.004426	0.004439	0.006407	0.004214	0.004291	0.003509	0.003940	0.003712	0.000475	0.004697	0.005004	0.004636	0.006673	0.003613
799.0	0.003004	0.000465	0.001574	0.006577	0.004553	0.000027	0.002927	0.002730	0.006017	0.004076	0.004385	0.002405	0.004848	0.004058	0.002844	0.005934	0.004835	0.003556	0.006289	0.006243
800.0	0.003478	0.001879	0.000986	0.004568	0.003599	0.000792	0.000000	0.000000	0.004756	0.003817	0.004161	0.000000	0.007281	0.005121	0.008046	0.007215	0.004690	0.001170	0.005892	0.011002
