500.0	0.000300	0.000625	0.004642	0.000346	0.002219	0.003277	0.001816	0.001466	0.001638	0.001891	0.003926	0.001902	0.001796	0.003615	0.002885	0.002160	0.004739	0.000571	0.001955	0.003770
501.0	0.000710	0.001030	0.004125	0.001802	0.003620	0.003087	0.001890	0.002326	0.001553	0.001328	0.005001	0.002129	0.003027	0.003025	0.002337	0.002616	0.003947	0.002390	0.001861	0.002314
502.0	0.001166	0.001336	0.003834	0.002856	0.004214	0.002944	0.002235	0.002768	0.001772	0.001120	0.005429	0.002277	0.003698	0.002639	0.002148	0.003063	0.003644	0.003342	0.001951	0.001596
503.0	0.001661	0.001582	0.003721	0.003577	0.004214	0.002847	0.002747	0.002876	0.002185	0.001198	0.005352	0.002375	0.003952	0.002453	0.002241	0.003478	0.003694	0.003629	0.002167	0.001462
504.0	0.002187	0.001805	0.003743	0.004033	0.003832	0.002793	0.003325	0.002733	0.002681	0.001487	0.004915	0.002451	0.003931	0.002464	0.002541	0.003840	0.003966	0.003455	0.002448	0.001758
505.0	0.002736	0.002041	0.003854	0.004292	0.003283	0.002783	0.003865	0.002421	0.003149	0.001918	0.004261	0.002533	0.003778	0.002666	0.002971	0.004126	0.004324	0.003025	0.002736	0.002328
506.0	0.003464	0.002785	0.003675	0.004723	0.003057	0.002710	0.003928	0.001524	0.002801	0.002367	0.003579	0.002635	0.003912	0.003417	0.003367	0.004238	0.003898	0.002754	0.003036	0.002802
507.0	0.003877	0.002902	0.004117	0.004849	0.003103	0.002880	0.004047	0.001490	0.002928	0.002947	0.002830	0.002843	0.003890	0.003912	0.003881	0.004172	0.004280	0.002528	0.002952	0.003474
508.0	0.004616	0.003033	0.004301	0.004737	0.003395	0.003157	0.003659	0.001628	0.003154	0.003266	0.002769	0.003243	0.004232	0.004386	0.004083	0.004304	0.004319	0.002950	0.002753	0.003697
509.0	0.004827	0.003134	0.004346	0.004675	0.003758	0.003005	0.003926	0.002287	0.003675	0.003340	0.002373	0.004097	0.004668	0.004758	0.004500	0.004146	0.004514	0.003394	0.002469	0.004241
510.0	0.004360	0.003590	0.004698	0.004155	0.004344	0.002763	0.003920	0.003101	0.003552	0.003116	0.003359	0.005046	0.005454	0.004972	0.004482	0.004241	0.004385	0.003571	0.002082	0.004355
511.0	0.004318	0.003204	0.005371	0.003658	0.004909	0.002772	0.003927	0.004283	0.003914	0.002980	0.003766	0.005263	0.006065	0.004962	0.004055	0.004456	0.004285	0.003583	0.002642	0.004343
512.0	0.004186	0.003308	0.005504	0.003712	0.005797	0.002745	0.004751	0.004905	0.003711	0.003029	0.004061	0.005047	0.006587	0.004895	0.004198	0.004802	0.004366	0.003354	0.002717	0.004485
513.0	0.004439	0.003525	0.005784	0.003767	0.006377	0.003264	0.004949	0.005132	0.004077	0.003283	0.004166	0.004681	0.007185	0.005228	0.004584	0.005179	0.005631	0.003028	0.003227	0.004803
514.0	0.003967	0.003264	0.006222	0.003588	0.006445	0.003353	0.005079	0.005651	0.004300	0.003541	0.004946	0.004821	0.008094	0.005399	0.004602	0.005409	0.006227	0.003078	0.004085	0.004990
515.0	0.004071	0.003524	0.006697	0.004180	0.005990	0.004269	0.005766	0.005681	0.004368	0.004387	0.005713	0.004859	0.007809	0.005806	0.004697	0.005452	0.006935	0.003530	0.004400	0.004884
516.0	0.004445	0.004437	0.007083	0.004427	0.006187	0.004860	0.005726	0.005400	0.003894	0.004511	0.005887	0.004825	0.008146	0.006480	0.004719	0.005601	0.006996	0.003946	0.004937	0.004909
517.0	0.004524	0.004802	0.006999	0.004872	0.006349	0.005885	0.005977	0.005243	0.004629	0.004843	0.006168	0.005642	0.007897	0.006840	0.005116	0.005722	0.007298	0.004809	0.005147	0.005564
518.0	0.004872	0.005410	0.006746	0.005890	0.006764	0.006817	0.006041	0.005167	0.005087	0.005231	0.006190	0.006059	0.007597	0.007455	0.005542	0.006736	0.006901	0.005748	0.005263	0.006198
519.0	0.004943	0.006049	0.006490	0.006418	0.006706	0.007058	0.006817	0.005968	0.005693	0.005389	0.006365	0.006607	0.007316	0.007869	0.006259	0.007264	0.006468	0.006680	0.005555	0.006907
520.0	0.004955	0.006546	0.006827	0.006633	0.007456	0.007979	0.007455	0.006360	0.005426	0.005200	0.007559	0.006551	0.007505	0.008114	0.006676	0.007191	0.006393	0.006882	0.005974	0.007309
521.0	0.005812	0.006313	0.007164	0.007237	0.008318	0.008709	0.007640	0.006993	0.006128	0.005336	0.007982	0.006512	0.007561	0.008010	0.007267	0.008196	0.006539	0.006754	0.006781	0.007929
522.0	0.006178	0.006947	0.007775	0.007967	0.008906	0.008924	0.008441	0.007978	0.006337	0.005866	0.008122	0.006101	0.008266	0.008392	0.008162	0.008547	0.006673	0.006863	0.006996	0.009464
523.0	0.006897	0.007235	0.008430	0.008744	0.009696	0.008630	0.009182	0.008832	0.006171	0.007031	0.009036	0.006909	0.009720	0.009414	0.008729	0.009062	0.007900	0.007415	0.007402	0.010565
524.0	0.006983	0.007753	0.009245	0.009146	0.010569	0.008720	0.010181	0.010011	0.006624	0.007992	0.010842	0.008771	0.011175	0.009323	0.009679	0.009117	0.008878	0.007923	0.008104	0.010899
525.0	0.008509	0.009342	0.010618	0.009920	0.011201	0.009726	0.010946	0.010519	0.007129	0.008998	0.012078	0.010545	0.011408	0.009887	0.009783	0.009093	0.010173	0.008874	0.008814	0.011033
526.0	0.009519	0.011074	0.011425	0.010785	0.012566	0.010468	0.011840	0.011444	0.009261	0.010195	0.012594	0.012471	0.012143	0.011167	0.009695	0.010014	0.012142	0.009781	0.009945	0.011746
527.0	0.010397	0.012761	0.012082	0.011513	0.013565	0.011997	0.013213	0.012431	0.011691	0.012010	0.013056	0.014329	0.012233	0.012355	0.010925	0.011469	0.013768	0.010372	0.010883	0.012574
528.0	0.012053	0.015127	0.012875	0.013145	0.014031	0.013110	0.014375	0.013496	0.013919	0.013326	0.013508	0.016401	0.013058	0.014100	0.011919	0.013805	0.014914	0.012232	0.011656	0.013557
529.0	0.013875	0.016986	0.014028	0.014321	0.014433	0.014459	0.015259	0.015684	0.015487	0.014421	0.014237	0.017117	0.014855	0.015502	0.013069	0.016151	0.016746	0.014726	0.013102	0.014185
530.0	0.016145	0.018355	0.015369	0.016007	0.016080	0.016267	0.016119	0.016936	0.016964	0.015695	0.015374	0.017259	0.016291	0.016903	0.014885	0.018908	0.018026	0.016875	0.015360	0.014863
531.0	0.018451	0.018768	0.016773	0.018040	0.018120	0.018275	0.017067	0.018908	0.018433	0.017123	0.017574	0.017653	0.018043	0.018508	0.016971	0.021718	0.019872	0.018284	0.016818	0.016215
532.0	0.019804	0.019917	0.019037	0.020648	0.019967	0.019832	0.018899	0.021051	0.019602	0.018782	0.018881	0.017728	0.020380	0.020373	0.019352	0.023473	0.021222	0.018540	0.017849	0.018268
533.0	0.020343	0.019945	0.020941	0.022521	0.021849	0.021451	0.020651	0.022078	0.019602	0.019722	0.020447	0.019184	0.022832	0.022040	0.021968	0.024631	0.023692	0.019751	0.019507	0.020391
534.0	0.020820	0.020119	0.022630	0.023775	0.023562	0.022921	0.023091	0.023174	0.020371	0.020629	0.023075	0.021044	0.024886	0.022083	0.025284	0.025287	0.026078	0.020732	0.021689	0.022635
535.0	0.022165	0.021534	0.024963	0.024813	0.025411	0.024481	0.024684	0.023521	0.021705	0.021987	0.025093	0.022505	0.026548	0.022558	0.027080	0.026324	0.027766	0.021565	0.023900	0.024858
536.0	0.022249	0.023092	0.026756	0.026821	0.026931	0.025556	0.026856	0.024181	0.024121	0.024657	0.025796	0.024010	0.028170	0.024496	0.028507	0.028316	0.029708	0.022810	0.026476	0.027030
537.0	0.022282	0.024730	0.028557	0.027074	0.027662	0.027167	0.029015	0.025467	0.025470	0.026191	0.027286	0.025412	0.028959	0.025640	0.030182	0.029892	0.031956	0.023623	0.027748	0.028472
538.0	0.023897	0.027496	0.029754	0.028309	0.028027	0.028636	0.030317	0.028231	0.027867	0.026665	0.028626	0.027739	0.031442	0.027729	0.030307	0.031040	0.034035	0.026331	0.029933	0.029747
539.0	0.026365	0.029651	0.032190	0.029114	0.029468	0.031174	0.032045	0.030826	0.029390	0.028720	0.029618	0.029084	0.033534	0.030195	0.030631	0.033205	0.036557	0.029816	0.032897	0.030404
540.0	0.029055	0.031954	0.034385	0.030694	0.031350	0.034138	0.034717	0.032586	0.031649	0.031249	0.032191	0.031181	0.035040	0.033106	0.032464	0.036249	0.038026	0.032607	0.035547	0.031455
541.0	0.031762	0.034213	0.036837	0.034215	0.034645	0.036822	0.037102	0.036409	0.033991	0.034192	0.034780	0.033686	0.037456	0.036781	0.036124	0.037770	0.040019	0.035235	0.037596	0.032799
542.0	0.034543	0.036970	0.039729	0.038203	0.036538	0.040897	0.039448	0.039925	0.037529	0.037496	0.036617	0.037270	0.040168	0.040889	0.041031	0.040477	0.042585	0.037468	0.040242	0.035040
543.0	0.036709	0.039503	0.042325	0.041652	0.039503	0.044908	0.043197	0.042543	0.040157	0.041200	0.040551	0.041030	0.043178	0.044384	0.044796	0.043453	0.046050	0.040945	0.042872	0.038877
544.0	0.041939	0.042449	0.046352	0.045119	0.045064	0.047311	0.047564	0.046040	0.045492	0.045520	0.045149	0.045503	0.047466	0.047652	0.049882	0.047219	0.049043	0.044032	0.046180	0.042712
545.0	0.045980	0.048234	0.050769	0.050155	0.050336	0.050576	0.050766	0.050241	0.051281	0.051412	0.049192	0.050406	0.051277	0.051395	0.053175	0.051502	0.052059	0.046622	0.050275	0.047291
546.0	0.049228	0.053233	0.055172	0.054238	0.054978	0.054323	0.054612	0.054831	0.055361	0.058627	0.054473	0.054674	0.055125	0.054729	0.057341	0.055796	0.056402	0.049967	0.053955	0.052535
547.0	0.054028	0.058847	0.060687	0.057790	0.060061	0.058135	0.059005	0.059577	0.060029	0.064201	0.060494	0.058936	0.059998	0.058769	0.062461	0.059810	0.062089	0.054081	0.057413	0.057793
548.0	0.060378	0.065361	0.066769	0.064246	0.066168	0.062940	0.064577	0.064648	0.065584	0.070209	0.065982	0.063021	0.068136	0.064791	0.067285	0.064506	0.068197	0.060294	0.063520	0.063633
549.0	0.066296	0.071503	0.073973	0.070240	0.072815	0.068553	0.070828	0.068958	0.070494	0.076988	0.071847	0.068232	0.074379	0.071474	0.073297	0.070900	0.073812	0.067608	0.070504	0.069822
550.0	0.074015	0.077503	0.081645	0.076097	0.079302	0.074412	0.078711	0.075073	0.075202	0.081110	0.078066	0.074532	0.082114	0.079656	0.081275	0.078041	0.081346	0.074807	0.076967	0.076074
551.0	0.081911	0.084079	0.089190	0.084596	0.085415	0.080093	0.085599	0.082548	0.081074	0.087487	0.083824	0.081339	0.089448	0.087517	0.088865	0.084737	0.087688	0.084599	0.084143	0.082357
552.0	0.089769	0.090432	0.097493	0.092430	0.091624	0.087519	0.092921	0.090567	0.088329	0.092453	0.089762	0.089801	0.096236	0.095411	0.096128	0.092922	0.095672	0.093320	0.090034	0.089142
553.0	0.097710	0.098328	0.105688	0.101193	0.099547	0.096334	0.100485	0.098211	0.096684	0.098050	0.098194	0.097403	0.102231	0.101481	0.103122	0.102027	0.104572	0.102460	0.096452	0.098306
554.0	0.107814	0.105798	0.114998	0.109696	0.109939	0.104782	0.109104	0.106864	0.106986	0.104710	0.105431	0.108118	0.110148	0.109039	0.109359	0.111998	0.113308	0.109470	0.104662	0.105409
555.0	0.114811	0.115590	0.122685	0.119295	0.119008	0.115242	0.116581	0.116403	0.116773	0.114762	0.115501	0.118404	0.119750	0.117910	0.117300	0.120303	0.123249	0.117174	0.114552	0.113002
556.0	0.122295	0.126598	0.130867	0.126523	0.127571	0.127309	0.125383	0.126605	0.126099	0.126301	0.129341	0.128097	0.129117	0.125582	0.128114	0.129072	0.133950	0.125728	0.125510	0.123510
557.0	0.132360	0.138588	0.141287	0.135313	0.137001	0.139291	0.136821	0.137527	0.135999	0.139169	0.142739	0.139681	0.140042	0.134775	0.140097	0.139350	0.143646	0.134341	0.139334	0.136535
558.0	0.143307	0.150692	0.150426	0.148241	0.150149	0.151696	0.149858	0.146810	0.145711	0.152079	0.154293	0.151333	0.152902	0.147452	0.151710	0.152029	0.154078	0.144638	0.153477	0.150102
559.0	0.154630	0.163188	0.159828	0.162240	0.162077	0.163610	0.162242	0.157705	0.158057	0.165459	0.169096	0.163946	0.164735	0.160859	0.166868	0.165916	0.165236	0.154699	0.167043	0.163961
560.0	0.168791	0.177757	0.173624	0.176066	0.174319	0.174203	0.176146	0.171770	0.172375	0.177717	0.182467	0.176046	0.177096	0.176596	0.182447	0.180464	0.177646	0.167206	0.180355	0.179004
561.0	0.183145	0.192857	0.187095	0.192014	0.185980	0.184992	0.191194	0.186645	0.185509	0.191575	0.195383	0.188453	0.190271	0.191900	0.195616	0.194091	0.188182	0.182595	0.193871	0.195103
562.0	0.197208	0.206989	0.202726	0.207690	0.200465	0.197083	0.206886	0.203545	0.200489	0.204861	0.209160	0.200659	0.204023	0.207209	0.209334	0.208690	0.201435	0.198429	0.207241	0.208838
563.0	0.211980	0.220353	0.218983	0.225547	0.214202	0.210889	0.221965	0.217567	0.214139	0.218435	0.223230	0.213220	0.217646	0.221395	0.224455	0.221478	0.216928	0.213331	0.222133	0.223751
564.0	0.227155	0.233630	0.235664	0.244841	0.229154	0.223602	0.240023	0.234030	0.229093	0.236894	0.236746	0.228252	0.234504	0.234919	0.238439	0.234310	0.234219	0.228420	0.236048	0.236626
565.0	0.241960	0.247591	0.252313	0.262061	0.247735	0.238970	0.255336	0.249745	0.247041	0.253287	0.251245	0.243424	0.252752	0.250510	0.255797	0.246363	0.254010	0.247467	0.253326	0.250129
566.0	0.258932	0.263873	0.268551	0.278640	0.264471	0.255913	0.272956	0.266896	0.265466	0.269705	0.268139	0.262357	0.272871	0.267946	0.273848	0.261355	0.275140	0.263405	0.272096	0.269678
567.0	0.277791	0.280981	0.286612	0.294365	0.283960	0.272370	0.291748	0.288422	0.283903	0.286617	0.284055	0.281854	0.292443	0.285549	0.292524	0.278948	0.293005	0.281335	0.292272	0.287993
568.0	0.297827	0.297162	0.304878	0.311492	0.307607	0.292671	0.310765	0.305152	0.303868	0.302937	0.300551	0.300428	0.311273	0.303754	0.310678	0.297854	0.311505	0.299723	0.309181	0.308451
569.0	0.316525	0.317374	0.324559	0.331041	0.329357	0.313955	0.328519	0.325165	0.326475	0.322982	0.319766	0.322229	0.327432	0.322357	0.329941	0.317385	0.331259	0.318231	0.325747	0.327340
570.0	0.335110	0.336302	0.345401	0.349318	0.350187	0.334997	0.348121	0.344533	0.347009	0.344963	0.337372	0.342429	0.343372	0.342556	0.348854	0.338725	0.346215	0.340900	0.344294	0.349812
571.0	0.357193	0.358224	0.363736	0.366948	0.370135	0.357982	0.368962	0.365136	0.367751	0.365694	0.357457	0.365703	0.363216	0.363369	0.365793	0.360285	0.362116	0.362524	0.363210	0.372456
572.0	0.379715	0.380912	0.382884	0.382878	0.390686	0.380057	0.391267	0.385463	0.390694	0.388345	0.378384	0.385162	0.380000	0.384232	0.384378	0.384900	0.380297	0.383897	0.382561	0.390491
573.0	0.401956	0.403422	0.403781	0.403611	0.407178	0.402399	0.409475	0.404264	0.407955	0.409125	0.401851	0.405035	0.399584	0.404047	0.403226	0.406290	0.404902	0.404637	0.404048	0.408785
574.0	0.424297	0.427380	0.426888	0.426103	0.425454	0.423736	0.433164	0.425316	0.430259	0.433064	0.423201	0.428072	0.420523	0.422129	0.426273	0.428008	0.428696	0.426832	0.423157	0.429800
575.0	0.449339	0.448032	0.447565	0.447768	0.447234	0.445955	0.451399	0.447857	0.452279	0.452744	0.441857	0.446743	0.444011	0.446865	0.449981	0.452393	0.452499	0.448866	0.446614	0.450788
576.0	0.473066	0.476840	0.468837	0.472505	0.467358	0.468119	0.474213	0.470732	0.470374	0.474888	0.465007	0.469757	0.472763	0.474353	0.475599	0.474488	0.479863	0.465753	0.468719	0.471635
577.0	0.496887	0.502118	0.492791	0.496037	0.491638	0.490829	0.495188	0.499867	0.492671	0.498194	0.491509	0.491473	0.498817	0.498131	0.498759	0.494746	0.505244	0.489678	0.494609	0.491412
578.0	0.515422	0.524648	0.520032	0.517836	0.517033	0.516074	0.516865	0.525503	0.516089	0.523791	0.516756	0.515212	0.523032	0.522578	0.520567	0.514605	0.530363	0.513558	0.517334	0.512777
579.0	0.531517	0.548079	0.547633	0.542893	0.540985	0.542562	0.541593	0.550566	0.538447	0.549790	0.542052	0.542791	0.543472	0.548255	0.546737	0.533324	0.552726	0.540225	0.540685	0.533897
580.0	0.557718	0.564953	0.575807	0.566811	0.565660	0.567500	0.568990	0.575331	0.562437	0.573932	0.567573	0.569201	0.565648	0.575184	0.576239	0.555582	0.575255	0.567191	0.566481	0.564406
581.0	0.586165	0.590364	0.598700	0.588086	0.587470	0.590216	0.595566	0.602034	0.591770	0.597456	0.594734	0.596001	0.590324	0.595243	0.604799	0.583652	0.597693	0.594788	0.589293	0.591794
582.0	0.612993	0.613864	0.620661	0.611742	0.617962	0.614701	0.622427	0.624390	0.620395	0.619800	0.617413	0.620038	0.616379	0.617728	0.633414	0.612809	0.620114	0.621499	0.614122	0.617661
583.0	0.637576	0.641909	0.646417	0.637395	0.648877	0.640988	0.646587	0.645705	0.644509	0.640506	0.645773	0.645725	0.648096	0.638077	0.656924	0.643349	0.639954	0.650593	0.640446	0.643263
584.0	0.662623	0.665220	0.674496	0.663438	0.678830	0.666564	0.674578	0.668180	0.673018	0.661760	0.674234	0.667599	0.673618	0.661671	0.687985	0.672243	0.661588	0.675890	0.663507	0.672590
585.0	0.684719	0.686433	0.695412	0.695866	0.703279	0.695457	0.698461	0.691982	0.697608	0.680733	0.699226	0.684583	0.700804	0.690092	0.712874	0.701926	0.685272	0.697179	0.691938	0.692171
586.0	0.709270	0.716652	0.723402	0.728593	0.727862	0.724956	0.726331	0.716953	0.720780	0.702892	0.728348	0.707160	0.727522	0.720902	0.732108	0.729080	0.717081	0.718021	0.719977	0.711999
587.0	0.733844	0.744870	0.744562	0.757218	0.754055	0.753061	0.753249	0.744483	0.742620	0.725287	0.757152	0.729845	0.748423	0.747387	0.747805	0.751269	0.748711	0.744902	0.748127	0.738444
588.0	0.757045	0.769756	0.763874	0.777000	0.778886	0.776558	0.778459	0.768770	0.764858	0.748201	0.778559	0.754746	0.769185	0.774997	0.769634	0.772511	0.772385	0.768822	0.775168	0.761565
589.0	0.786243	0.791868	0.783653	0.794846	0.799099	0.803434	0.805499	0.794891	0.784462	0.772331	0.800668	0.781696	0.788680	0.798944	0.794570	0.791431	0.796665	0.795347	0.801650	0.786126
590.0	0.822903	0.807779	0.806024	0.809752	0.820969	0.819977	0.829475	0.815338	0.806544	0.798824	0.817998	0.809827	0.807351	0.819259	0.819272	0.813060	0.825459	0.819971	0.826414	0.819251
591.0	0.848197	0.832362	0.827264	0.824048	0.843110	0.834929	0.850812	0.837130	0.830717	0.828195	0.836059	0.831612	0.826091	0.835912	0.845484	0.832173	0.846499	0.840530	0.843959	0.846683
592.0	0.871835	0.850330	0.847846	0.843552	0.872489	0.851994	0.871554	0.853873	0.848034	0.851739	0.847877	0.852809	0.848803	0.850263	0.865493	0.849526	0.864370	0.853823	0.861736	0.869644
593.0	0.889721	0.867774	0.871912	0.864311	0.895963	0.867356	0.895785	0.870776	0.864666	0.872891	0.866983	0.870984	0.872817	0.863268	0.882754	0.869946	0.872609	0.869177	0.873410	0.887033
594.0	0.898407	0.877382	0.895278	0.879210	0.911720	0.880621	0.908972	0.890608	0.882487	0.889742	0.889984	0.888204	0.891648	0.881882	0.905495	0.887018	0.886932	0.879731	0.886012	0.902657
595.0	0.907011	0.890616	0.914035	0.903334	0.921345	0.899457	0.922265	0.909502	0.900100	0.906037	0.907199	0.903843	0.910725	0.898083	0.919913	0.905856	0.900437	0.892747	0.902292	0.914088
596.0	0.917486	0.906882	0.934689	0.922459	0.935380	0.916744	0.933860	0.928315	0.919114	0.920062	0.927084	0.917379	0.930007	0.919849	0.927621	0.921866	0.913747	0.911180	0.913062	0.926106
597.0	0.927059	0.928897	0.952607	0.938250	0.948258	0.930165	0.947461	0.944559	0.929109	0.935725	0.937685	0.930521	0.942835	0.937054	0.943092	0.938340	0.924553	0.929913	0.927447	0.938857
598.0	0.938334	0.941601	0.965134	0.955582	0.958982	0.935929	0.958764	0.957965	0.944405	0.949118	0.946705	0.945010	0.953678	0.951207	0.955143	0.954009	0.935336	0.948438	0.939102	0.948948
599.0	0.958000	0.954195	0.971032	0.965408	0.967857	0.941373	0.969686	0.971714	0.955888	0.966452	0.960300	0.958652	0.965341	0.959596	0.960960	0.966501	0.947852	0.967401	0.952828	0.959070
600.0	0.972629	0.960698	0.979692	0.973174	0.974987	0.940875	0.975560	0.979056	0.975635	0.982547	0.967850	0.972095	0.973072	0.967374	0.965892	0.976426	0.960963	0.984064	0.962105	0.973490
601.0	0.978293	0.974031	0.988830	0.979575	0.987730	0.946616	0.983006	0.987281	0.990668	0.992398	0.976219	0.981465	0.974003	0.977270	0.974023	0.977980	0.974043	0.992430	0.970657	0.985597
602.0	0.989616	0.978984	0.993877	0.991716	0.993357	0.947716	0.989632	0.994246	0.996412	0.995325	0.979920	0.986836	0.975834	0.979597	0.980279	0.983454	0.984239	0.993688	0.977195	0.992357
603.0	0.993834	0.982425	0.995055	0.996338	0.996994	0.949582	0.999990	0.999722	0.997475	0.998120	0.988208	0.991737	0.982812	0.988090	0.984344	0.986080	0.992596	0.993777	0.986467	0.993669
604.0	0.994574	0.986771	0.992390	0.989823	0.996971	0.954485	1.000000	1.000000	0.994499	1.000000	0.995311	0.999199	0.985301	0.994184	0.990227	0.989914	0.994893	0.993937	0.995194	0.997609
605.0	1.000000	0.992827	0.992716	0.992144	0.995794	0.966072	0.999985	0.999696	0.993680	0.996533	0.998351	0.998978	0.990021	0.996531	0.993193	0.994535	0.999478	0.998019	0.997832	1.000000
606.0	0.999286	0.995287	0.992693	0.988584	0.999950	0.978878	0.995482	0.999474	0.995653	0.991780	1.000000	1.000000	0.996592	1.000000	0.996336	0.997747	1.000000	0.999748	1.000000	0.994679
607.0	0.998772	1.000000	0.999198	0.992803	1.000000	0.990715	0.995377	0.999393	0.995601	0.998012	0.994997	0.996207	0.995609	0.998238	1.000000	1.000000	0.997096	0.999727	0.999683	0.988769
608.0	0.996305	0.997082	1.000000	1.000000	0.996268	0.996923	0.993224	0.995958	0.996205	0.992520	0.993718	0.989777	0.994491	0.996496	0.996349	0.999582	0.999905	1.000000	0.991691	0.988006
609.0	0.996283	0.994664	0.996720	0.997841	0.995938	1.000000	0.992063	0.996444	0.995412	0.988643	0.993785	0.982827	1.000000	0.989247	0.992058	0.999299	0.991744	0.994810	0.989994	0.985509
610.0	0.986625	0.988511	0.997075	0.994255	0.991539	0.998887	0.987017	0.993360	1.000000	0.979162	0.990089	0.978027	0.995149	0.985171	0.987367	0.993165	0.984781	0.986766	0.981558	0.981524
611.0	0.974468	0.987886	0.992898	0.989097	0.989335	0.994558	0.983789	0.985035	0.991884	0.967845	0.983689	0.969240	0.985154	0.975624	0.986937	0.981722	0.976575	0.978089	0.975646	0.977281
612.0	0.965257	0.978552	0.989692	0.984897	0.980183	0.981602	0.979433	0.978634	0.980279	0.965796	0.975697	0.960345	0.974728	0.965007	0.987277	0.970114	0.965965	0.969077	0.967366	0.973042
613.0	0.954295	0.971768	0.980028	0.972498	0.971467	0.967653	0.976004	0.967346	0.964532	0.964475	0.970777	0.951032	0.964575	0.962472	0.982451	0.953105	0.959400	0.958258	0.962127	0.965541
614.0	0.952927	0.964905	0.968653	0.957972	0.963675	0.954458	0.971794	0.953788	0.947542	0.961260	0.963513	0.946545	0.950353	0.953881	0.977008	0.941182	0.951965	0.950204	0.955024	0.956794
615.0	0.950675	0.958451	0.962290	0.945680	0.956806	0.944150	0.963783	0.944731	0.930470	0.952192	0.956763	0.939991	0.937372	0.945316	0.967200	0.931611	0.949767	0.943842	0.945570	0.945833
616.0	0.944552	0.946092	0.951290	0.933347	0.950684	0.933323	0.951618	0.934234	0.921876	0.943360	0.948878	0.934747	0.923976	0.933082	0.954579	0.921565	0.943596	0.933986	0.939262	0.934655
617.0	0.937488	0.930703	0.943243	0.930515	0.940549	0.922753	0.939806	0.928271	0.919208	0.938296	0.932851	0.925507	0.910485	0.923559	0.936018	0.906229	0.941224	0.925267	0.923404	0.924834
618.0	0.927438	0.915396	0.933608	0.915779	0.926326	0.909176	0.928628	0.921864	0.912317	0.922091	0.918455	0.913784	0.903438	0.911962	0.922561	0.898595	0.937569	0.914289	0.916420	0.921016
619.0	0.912588	0.898756	0.921175	0.898614	0.913263	0.897055	0.914185	0.918018	0.902699	0.905141	0.908733	0.902171	0.898120	0.897565	0.907746	0.891869	0.921671	0.899498	0.908467	0.908399
620.0	0.897836	0.883239	0.902964	0.880696	0.897464	0.879654	0.900695	0.905041	0.891445	0.883854	0.894768	0.887681	0.885082	0.884418	0.889728	0.880198	0.904144	0.883237	0.893488	0.895666
621.0	0.887002	0.868920	0.880635	0.867573	0.877821	0.866188	0.888347	0.889109	0.878954	0.862499	0.876532	0.868110	0.876448	0.866661	0.880292	0.866603	0.883550	0.869130	0.877232	0.879902
622.0	0.873939	0.851515	0.865424	0.853067	0.860642	0.848071	0.871214	0.874242	0.865212	0.848115	0.860519	0.852443	0.861746	0.846509	0.872385	0.851418	0.863754	0.854052	0.860365	0.867697
623.0	0.858049	0.835551	0.849878	0.837792	0.840824	0.832867	0.850385	0.858810	0.849512	0.836063	0.844866	0.835556	0.846646	0.834562	0.861929	0.833417	0.845294	0.835302	0.838597	0.853888
624.0	0.844846	0.824409	0.832052	0.817585	0.825766	0.815108	0.828726	0.844624	0.831607	0.821436	0.831268	0.818918	0.830793	0.814593	0.847793	0.817503	0.827719	0.821461	0.826864	0.834399
625.0	0.827784	0.811097	0.817710	0.802663	0.809920	0.802186	0.807562	0.825148	0.812696	0.808476	0.819284	0.801451	0.813079	0.801686	0.828655	0.802905	0.805690	0.809838	0.810862	0.819076
626.0	0.809320	0.792029	0.803768	0.793389	0.791990	0.786806	0.785981	0.801768	0.799870	0.796497	0.803250	0.785708	0.795474	0.789224	0.808375	0.784993	0.785828	0.796622	0.793457	0.805150
627.0	0.787664	0.776791	0.788927	0.784207	0.780623	0.768643	0.766314	0.784232	0.787514	0.784848	0.781149	0.775006	0.779270	0.777722	0.788251	0.767069	0.772153	0.780877	0.774492	0.792687
628.0	0.767190	0.765806	0.772868	0.765807	0.767592	0.752945	0.756117	0.768990	0.773412	0.770196	0.764769	0.763303	0.762534	0.760180	0.770475	0.749623	0.755090	0.766417	0.764758	0.780615
629.0	0.747601	0.748559	0.757339	0.746424	0.752897	0.747172	0.741665	0.754232	0.752822	0.755615	0.751546	0.751329	0.747496	0.737434	0.744636	0.732344	0.733490	0.750958	0.748930	0.762902
630.0	0.734386	0.733364	0.739550	0.730674	0.739231	0.733779	0.732748	0.737228	0.735108	0.735951	0.732814	0.735961	0.730300	0.722148	0.724363	0.716907	0.715958	0.733756	0.729251	0.747956
631.0	0.721530	0.716381	0.721981	0.718310	0.725993	0.722527	0.723262	0.717248	0.723666	0.712803	0.716112	0.718697	0.717733	0.710086	0.712510	0.701984	0.705869	0.710103	0.714988	0.729532
632.0	0.705938	0.701287	0.709891	0.704336	0.711947	0.704974	0.707644	0.700287	0.707994	0.695884	0.693533	0.698343	0.701715	0.690178	0.699851	0.686593	0.699964	0.688920	0.697620	0.712265
633.0	0.687566	0.681920	0.697793	0.684172	0.690623	0.684628	0.692017	0.684645	0.690017	0.684169	0.670186	0.679584	0.688981	0.673611	0.687312	0.670126	0.691132	0.668222	0.679121	0.692572
634.0	0.670616	0.665730	0.681722	0.663053	0.674164	0.662196	0.673979	0.670044	0.672781	0.669056	0.654561	0.657049	0.677810	0.655186	0.673104	0.654574	0.677125	0.653048	0.667916	0.671162
635.0	0.657809	0.645557	0.668582	0.646728	0.654727	0.645523	0.655466	0.651858	0.654475	0.654838	0.636483	0.638793	0.663165	0.644018	0.660558	0.639411	0.659290	0.633787	0.648682	0.653622
636.0	0.643035	0.629824	0.654770	0.634351	0.633825	0.629520	0.635682	0.633444	0.635301	0.641615	0.618140	0.620643	0.647281	0.631583	0.649576	0.627142	0.640802	0.616196	0.632506	0.637535
637.0	0.624753	0.619362	0.640549	0.620793	0.620078	0.612243	0.618616	0.615489	0.615257	0.624738	0.601818	0.606359	0.629786	0.617044	0.638264	0.614138	0.621473	0.600437	0.617406	0.623035
638.0	0.611326	0.603753	0.626331	0.605518	0.604306	0.599941	0.608799	0.602479	0.599072	0.606007	0.590405	0.593820	0.604792	0.599729	0.625860	0.600429	0.605583	0.590123	0.603581	0.608307
639.0	0.601531	0.589971	0.613297	0.591942	0.587516	0.594482	0.595057	0.591336	0.583167	0.590420	0.578856	0.580111	0.586149	0.580906	0.609442	0.589373	0.587776	0.578065	0.589228	0.595206
640.0	0.591506	0.575957	0.601852	0.582078	0.574460	0.579532	0.581918	0.576950	0.571645	0.573969	0.568907	0.565929	0.567676	0.572356	0.599296	0.579304	0.573138	0.567014	0.571772	0.579730
641.0	0.577251	0.562558	0.588941	0.568829	0.564353	0.566030	0.569870	0.561142	0.564800	0.560382	0.561694	0.552308	0.551777	0.564690	0.584489	0.566365	0.563781	0.552889	0.561780	0.562564
642.0	0.563996	0.550176	0.573511	0.559061	0.557329	0.549201	0.554832	0.547718	0.555157	0.549242	0.549101	0.539060	0.536101	0.551163	0.567777	0.552650	0.556821	0.543377	0.547780	0.550406
643.0	0.550374	0.537228	0.557010	0.546239	0.549581	0.530871	0.541834	0.536261	0.544016	0.541396	0.537965	0.530118	0.526385	0.539825	0.550577	0.537390	0.547681	0.535559	0.534676	0.535009
644.0	0.537726	0.523726	0.540013	0.536837	0.543651	0.516604	0.528841	0.523974	0.532521	0.535526	0.531456	0.521666	0.515231	0.530603	0.531641	0.521002	0.533761	0.525899	0.524442	0.519077
645.0	0.526748	0.511938	0.523957	0.523730	0.533677	0.505403	0.513756	0.513465	0.518286	0.527483	0.518996	0.513438	0.503878	0.516645	0.519226	0.508298	0.519916	0.509778	0.513176	0.507094
646.0	0.511772	0.499875	0.509212	0.512054	0.519386	0.494875	0.501245	0.501516	0.502497	0.519605	0.506570	0.501893	0.494043	0.505094	0.507644	0.499705	0.506691	0.496811	0.504578	0.497945
647.0	0.496583	0.487532	0.498108	0.500619	0.503277	0.486374	0.492405	0.488188	0.487287	0.510385	0.493948	0.491734	0.482342	0.491425	0.496683	0.489383	0.494418	0.485534	0.493936	0.487957
648.0	0.483204	0.473757	0.486375	0.484928	0.485598	0.477838	0.487668	0.477463	0.475213	0.497151	0.481693	0.483100	0.470200	0.478180	0.487759	0.480912	0.484381	0.476024	0.482453	0.477964
649.0	0.472536	0.468639	0.478305	0.476571	0.467167	0.472239	0.479008	0.468640	0.465833	0.482314	0.467505	0.471956	0.462805	0.465480	0.479160	0.471552	0.474111	0.466094	0.470733	0.470229
650.0	0.465485	0.458635	0.470863	0.465652	0.453109	0.463199	0.470310	0.457049	0.453328	0.469034	0.456393	0.461996	0.455875	0.452444	0.468876	0.461154	0.462273	0.456445	0.454709	0.461895
651.0	0.456484	0.449147	0.462550	0.450252	0.443117	0.455105	0.461788	0.449996	0.442801	0.452836	0.446919	0.450191	0.447307	0.443456	0.458205	0.449645	0.451776	0.448121	0.443595	0.453081
652.0	0.447578	0.440592	0.450918	0.440963	0.439950	0.445610	0.449107	0.442481	0.430407	0.437883	0.439764	0.438484	0.439444	0.434540	0.447710	0.438462	0.442327	0.437597	0.434161	0.445092
653.0	0.438940	0.433694	0.438247	0.430553	0.432729	0.436483	0.437780	0.433476	0.420646	0.427975	0.431888	0.425680	0.430905	0.426555	0.437846	0.426431	0.432574	0.430666	0.423803	0.431543
654.0	0.429644	0.424346	0.423816	0.419755	0.427138	0.425785	0.427869	0.422353	0.410874	0.420224	0.426181	0.413755	0.419742	0.419052	0.427128	0.414644	0.420134	0.417018	0.415444	0.415981
655.0	0.419937	0.415584	0.411125	0.408767	0.419782	0.413428	0.417891	0.415712	0.402590	0.411616	0.417773	0.402319	0.410147	0.410887	0.417736	0.405842	0.407973	0.405101	0.404663	0.406998
656.0	0.408137	0.404105	0.401856	0.399852	0.408508	0.398882	0.408000	0.407707	0.394717	0.404151	0.408764	0.390992	0.399717	0.402698	0.409067	0.398328	0.398568	0.392073	0.397309	0.397218
657.0	0.397784	0.395764	0.395193	0.394040	0.394923	0.388873	0.399980	0.398003	0.387318	0.395280	0.398446	0.381315	0.389128	0.393190	0.397821	0.391009	0.390652	0.378841	0.389588	0.385725
658.0	0.386462	0.386608	0.391030	0.385933	0.382360	0.378193	0.390719	0.388235	0.380262	0.384671	0.386926	0.373047	0.381297	0.385278	0.388262	0.383061	0.382414	0.368430	0.382488	0.376728
659.0	0.375634	0.379801	0.385740	0.382163	0.368560	0.370010	0.379560	0.378712	0.373670	0.372700	0.376869	0.366113	0.372472	0.374130	0.376360	0.375407	0.376220	0.358211	0.373737	0.368834
660.0	0.371075	0.369105	0.378592	0.374748	0.357233	0.361254	0.369306	0.368932	0.365326	0.359519	0.366480	0.359887	0.366436	0.363778	0.365922	0.365543	0.368689	0.350540	0.364940	0.362984
661.0	0.364489	0.357676	0.371021	0.363218	0.349731	0.352622	0.360562	0.360336	0.356461	0.345656	0.355998	0.352057	0.359806	0.357075	0.357659	0.356380	0.360492	0.346981	0.359174	0.355199
662.0	0.359567	0.350950	0.363332	0.356256	0.344316	0.345987	0.350847	0.348875	0.346310	0.339718	0.346933	0.344286	0.352442	0.350116	0.349202	0.347045	0.351661	0.338707	0.354264	0.344763
663.0	0.351862	0.344110	0.352548	0.343873	0.336377	0.338615	0.343839	0.336260	0.338019	0.335817	0.336972	0.336115	0.342179	0.339962	0.340548	0.338462	0.343196	0.332325	0.346150	0.336928
664.0	0.343195	0.336444	0.339644	0.332341	0.332107	0.329050	0.338191	0.327202	0.327837	0.331626	0.327975	0.328176	0.333276	0.332468	0.330167	0.329013	0.334700	0.324913	0.336168	0.327545
665.0	0.333571	0.330603	0.329159	0.322150	0.326644	0.320103	0.330362	0.320349	0.321461	0.328323	0.320321	0.321536	0.323680	0.325700	0.320313	0.319492	0.324850	0.320024	0.324483	0.321293
666.0	0.323616	0.323907	0.320575	0.312844	0.320413	0.309831	0.318972	0.313390	0.313631	0.324060	0.313250	0.314920	0.315759	0.315702	0.313532	0.312099	0.317388	0.310894	0.317575	0.313970
667.0	0.313268	0.316625	0.312871	0.305206	0.313673	0.301123	0.312416	0.306483	0.306712	0.317024	0.305151	0.307510	0.306111	0.307753	0.305293	0.306904	0.310831	0.303729	0.308581	0.308298
668.0	0.302349	0.305048	0.304793	0.296891	0.307628	0.293043	0.304117	0.300367	0.300615	0.308959	0.297494	0.297572	0.298170	0.298576	0.298991	0.300296	0.303123	0.296694	0.299598	0.304062
669.0	0.293218	0.293865	0.297358	0.288773	0.299335	0.287229	0.296369	0.294472	0.296006	0.300039	0.290070	0.289488	0.290675	0.287302	0.292414	0.295349	0.296972	0.286899	0.291255	0.296939
670.0	0.286110	0.278363	0.289045	0.282280	0.290372	0.279876	0.289165	0.287250	0.289265	0.287119	0.283550	0.283237	0.284487	0.278525	0.289293	0.287641	0.288005	0.278944	0.284189	0.288127
671.0	0.278334	0.268329	0.279698	0.275779	0.282479	0.274496	0.281600	0.279436	0.282330	0.276712	0.275607	0.276669	0.279081	0.271027	0.284539	0.278889	0.278421	0.271705	0.278919	0.279553
672.0	0.272040	0.263655	0.272690	0.270843	0.273707	0.268379	0.273039	0.271114	0.274512	0.270021	0.268185	0.270723	0.273951	0.264603	0.278165	0.272173	0.268338	0.262306	0.270193	0.270984
673.0	0.264003	0.256255	0.264273	0.262033	0.264962	0.260057	0.265917	0.263017	0.266296	0.263709	0.262691	0.264366	0.266673	0.257185	0.270669	0.264864	0.261247	0.256029	0.262385	0.263704
674.0	0.258772	0.249944	0.256846	0.254185	0.256838	0.249550	0.257674	0.255722	0.256087	0.255586	0.256226	0.256757	0.260239	0.251640	0.263604	0.256043	0.255103	0.249039	0.253579	0.254680
675.0	0.249804	0.245905	0.250670	0.245007	0.248435	0.243749	0.248896	0.247442	0.248518	0.247828	0.248873	0.252344	0.253400	0.245696	0.254965	0.247691	0.246031	0.242235	0.243508	0.246071
676.0	0.239272	0.241835	0.245410	0.237452	0.239446	0.236365	0.239910	0.239361	0.240823	0.238644	0.240995	0.245921	0.245999	0.239986	0.246059	0.239990	0.239266	0.235731	0.236341	0.237017
677.0	0.230687	0.236212	0.239100	0.228573	0.233831	0.229467	0.234976	0.230756	0.234668	0.230831	0.231094	0.239036	0.235906	0.233742	0.237195	0.235519	0.233243	0.231789	0.229188	0.230525
678.0	0.224520	0.229427	0.233460	0.220620	0.228031	0.223814	0.227212	0.222247	0.227775	0.224009	0.223114	0.230771	0.228197	0.226773	0.228803	0.228373	0.226846	0.225737	0.222013	0.223724
679.0	0.218694	0.221057	0.228507	0.213900	0.221654	0.219561	0.219064	0.215352	0.221412	0.217769	0.214951	0.224814	0.219247	0.221458	0.220428	0.223005	0.220147	0.218701	0.216164	0.216284
680.0	0.210043	0.210016	0.220051	0.210020	0.214206	0.214290	0.214559	0.209375	0.212872	0.209886	0.207259	0.220437	0.210589	0.215397	0.213445	0.217019	0.213662	0.212273	0.210552	0.208660
681.0	0.202769	0.203441	0.212446	0.205091	0.206909	0.209110	0.208368	0.202979	0.206831	0.203419	0.200428	0.213763	0.203641	0.208029	0.204929	0.209952	0.206992	0.204925	0.205696	0.203108
682.0	0.196486	0.198889	0.205566	0.200374	0.200691	0.199841	0.201282	0.197221	0.199011	0.197017	0.195337	0.206529	0.198715	0.201444	0.196524	0.203820	0.199588	0.197741	0.198200	0.198282
683.0	0.192002	0.190494	0.197485	0.194172	0.193566	0.192435	0.194430	0.192612	0.190928	0.190737	0.192751	0.196858	0.192795	0.196043	0.189722	0.195990	0.192720	0.191294	0.191865	0.194415
684.0	0.187925	0.182812	0.189990	0.190462	0.186918	0.183688	0.186218	0.187007	0.183585	0.182950	0.187205	0.188040	0.186732	0.187725	0.183125	0.187956	0.186175	0.181764	0.184637	0.189287
685.0	0.180582	0.176844	0.182538	0.184270	0.178908	0.177568	0.179886	0.181002	0.175415	0.174897	0.182634	0.180441	0.180829	0.179982	0.175268	0.179522	0.178432	0.175167	0.177229	0.183767
686.0	0.174715	0.171846	0.174093	0.177510	0.172963	0.171145	0.173152	0.175079	0.168755	0.169212	0.176003	0.172965	0.174112	0.172724	0.169980	0.172513	0.172811	0.169498	0.171565	0.175709
687.0	0.171868	0.166244	0.167723	0.169328	0.169169	0.165436	0.166526	0.167321	0.163753	0.166269	0.168367	0.165904	0.166952	0.166453	0.166268	0.167909	0.168010	0.165489	0.166281	0.168881
688.0	0.167523	0.162805	0.162245	0.163111	0.164488	0.158723	0.159165	0.160280	0.157720	0.162340	0.163264	0.160768	0.161391	0.162479	0.161464	0.160464	0.162288	0.161193	0.160408	0.160568
689.0	0.160979	0.156935	0.157149	0.158077	0.159747	0.154674	0.155610	0.154778	0.152608	0.156791	0.158181	0.156253	0.155232	0.158854	0.157447	0.154902	0.157240	0.156613	0.155944	0.155703
690.0	0.155056	0.150129	0.151723	0.151246	0.154112	0.149381	0.153616	0.149425	0.149188	0.151586	0.152215	0.150122	0.148529	0.153508	0.154847	0.148643	0.154013	0.151674	0.149849	0.151196
691.0	0.148367	0.144799	0.147843	0.144444	0.147884	0.143476	0.148150	0.144055	0.146438	0.146391	0.145966	0.143844	0.142529	0.148691	0.149582	0.143889	0.149088	0.146038	0.145361	0.146383
692.0	0.141574	0.141461	0.143874	0.139756	0.141824	0.138880	0.143650	0.138845	0.141810	0.140683	0.140789	0.138412	0.138281	0.143833	0.144491	0.139269	0.144703	0.142158	0.141573	0.141779
693.0	0.136559	0.135896	0.139195	0.132273	0.134521	0.135927	0.138268	0.135378	0.136355	0.134785	0.137223	0.131626	0.133151	0.140104	0.139780	0.135951	0.139074	0.135992	0.136200	0.137765
694.0	0.132899	0.130710	0.135799	0.128057	0.130089	0.130693	0.132873	0.129855	0.132416	0.128896	0.132367	0.127581	0.127777	0.133832	0.134213	0.133153	0.134576	0.128746	0.132916	0.132401
695.0	0.128853	0.127410	0.132435	0.122273	0.124643	0.125951	0.128118	0.125903	0.126248	0.121804	0.128588	0.123470	0.124571	0.128731	0.129638	0.130135	0.129568	0.124531	0.128138	0.127819
696.0	0.127408	0.123526	0.127899	0.117787	0.122379	0.122006	0.124655	0.122359	0.120743	0.116875	0.123036	0.123176	0.121405	0.123275	0.125806	0.128807	0.125442	0.121239	0.123680	0.122786
697.0	0.124149	0.119077	0.125090	0.115533	0.118719	0.117639	0.120132	0.118647	0.117536	0.112899	0.117579	0.119768	0.119217	0.119182	0.120008	0.126112	0.121575	0.116652	0.120549	0.118929
698.0	0.121879	0.115312	0.120430	0.114110	0.116994	0.113149	0.116102	0.114985	0.113348	0.107675	0.112828	0.117229	0.116911	0.117594	0.114643	0.119824	0.117693	0.112763	0.117580	0.113710
699.0	0.119515	0.111096	0.116045	0.113537	0.114777	0.109637	0.113476	0.110542	0.110160	0.104535	0.109064	0.113662	0.114200	0.114957	0.110941	0.114679	0.114051	0.107711	0.114615	0.110447
700.0	0.117478	0.105372	0.110257	0.109123	0.111538	0.104635	0.108054	0.106232	0.106939	0.102237	0.105183	0.107860	0.110247	0.111422	0.107940	0.107834	0.110554	0.103863	0.109859	0.107140
701.0	0.111899	0.101911	0.106450	0.106732	0.108597	0.101067	0.101272	0.102087	0.103939	0.100378	0.101085	0.103325	0.106606	0.107858	0.104205	0.103738	0.105613	0.101040	0.106731	0.105137
702.0	0.106946	0.098561	0.102501	0.103315	0.104715	0.098867	0.096668	0.098700	0.100446	0.097486	0.099870	0.099332	0.102826	0.103809	0.100832	0.100128	0.102522	0.098260	0.103654	0.101397
703.0	0.102505	0.096340	0.099091	0.098984	0.099845	0.096686	0.092453	0.095956	0.096653	0.095749	0.097244	0.095359	0.099025	0.099409	0.096779	0.097821	0.098389	0.093473	0.098875	0.098842
704.0	0.099039	0.094774	0.096184	0.094845	0.096037	0.095116	0.089373	0.092540	0.093591	0.093480	0.094936	0.092192	0.094337	0.094812	0.094637	0.095647	0.095135	0.090291	0.094137	0.096026
705.0	0.094022	0.091395	0.092371	0.092536	0.092413	0.093769	0.086139	0.091326	0.090299	0.089530	0.093135	0.090745	0.090097	0.090356	0.093480	0.094214	0.092744	0.089246	0.088773	0.093307
706.0	0.090486	0.087174	0.089105	0.090080	0.088845	0.092970	0.083526	0.089684	0.086968	0.085562	0.091782	0.090020	0.087795	0.086740	0.089688	0.091128	0.092216	0.086114	0.085006	0.090230
707.0	0.085299	0.084017	0.086166	0.087874	0.084357	0.090228	0.080045	0.088160	0.084745	0.080972	0.089084	0.087426	0.085298	0.084290	0.086043	0.087816	0.090649	0.081984	0.082339	0.086910
708.0	0.081168	0.081563	0.084276	0.084792	0.082495	0.086770	0.079054	0.085621	0.081546	0.078006	0.085930	0.084647	0.082625	0.082383	0.083379	0.085100	0.089169	0.079028	0.080487	0.082484
709.0	0.077876	0.079481	0.082677	0.081537	0.081060	0.081747	0.078296	0.081656	0.078313	0.076521	0.083264	0.081371	0.078773	0.078786	0.080010	0.082286	0.084871	0.076000	0.078264	0.079070
710.0	0.074681	0.076469	0.081035	0.076979	0.080105	0.077066	0.076909	0.078254	0.074354	0.073787	0.078966	0.076589	0.076392	0.076259	0.077836	0.078953	0.082307	0.074330	0.075873	0.075599
711.0	0.070936	0.073797	0.080127	0.073779	0.078502	0.073550	0.075500	0.073155	0.072092	0.071937	0.075297	0.074075	0.075133	0.072928	0.075350	0.076066	0.077993	0.072134	0.074144	0.072567
712.0	0.069318	0.071412	0.078338	0.070137	0.076313	0.070476	0.074067	0.070957	0.070085	0.069341	0.072862	0.072299	0.072982	0.070142	0.073151	0.073081	0.074189	0.070066	0.073369	0.068230
713.0	0.066669	0.071499	0.075385	0.067450	0.072761	0.068092	0.072022	0.067878	0.067889	0.068101	0.069782	0.070632	0.071606	0.067887	0.070503	0.070736	0.070771	0.067830	0.071223	0.065881
714.0	0.066282	0.070674	0.071471	0.065066	0.069938	0.066010	0.069635	0.064970	0.067503	0.067293	0.067440	0.068645	0.069843	0.066159	0.070387	0.069595	0.068929	0.066555	0.067310	0.064907
715.0	0.064399	0.067157	0.067965	0.064188	0.067283	0.064081	0.065134	0.063341	0.066713	0.064410	0.064567	0.066195	0.066462	0.064911	0.069867	0.067417	0.066664	0.065378	0.064309	0.063276
716.0	0.064125	0.062854	0.064113	0.062087	0.062982	0.062192	0.061106	0.062196	0.065434	0.061720	0.063027	0.064017	0.064835	0.063721	0.066653	0.065010	0.065017	0.063544	0.062060	0.059429
717.0	0.062577	0.059166	0.061340	0.058642	0.060324	0.060921	0.057811	0.060998	0.062747	0.059395	0.060645	0.061881	0.061211	0.062037	0.064201	0.063058	0.062678	0.061116	0.058515	0.057779
718.0	0.060215	0.056450	0.059890	0.056102	0.058257	0.058899	0.056224	0.059284	0.059581	0.058381	0.058274	0.058951	0.057795	0.059570	0.060729	0.060684	0.059730	0.058007	0.056709	0.056605
719.0	0.058119	0.053041	0.058830	0.054743	0.057388	0.055850	0.054117	0.056719	0.056260	0.057190	0.055956	0.056220	0.054567	0.056465	0.056665	0.057329	0.056533	0.055604	0.055443	0.055312
720.0	0.055435	0.050718	0.057577	0.053377	0.055988	0.054069	0.052970	0.054428	0.052924	0.055650	0.053035	0.053824	0.052570	0.054660	0.053626	0.054302	0.054863	0.054081	0.052361	0.052810
721.0	0.053483	0.048267	0.055153	0.051606	0.052852	0.052434	0.051540	0.051366	0.050103	0.053267	0.051111	0.053019	0.050758	0.051197	0.050968	0.051385	0.052708	0.051590	0.050637	0.049496
722.0	0.052221	0.047322	0.053004	0.049403	0.050804	0.050126	0.049189	0.049666	0.047271	0.050621	0.049534	0.051799	0.048796	0.048487	0.049788	0.048317	0.050856	0.049783	0.049125	0.047012
723.0	0.049858	0.047848	0.049610	0.046456	0.049046	0.047461	0.047146	0.046908	0.044909	0.047447	0.048477	0.049812	0.048203	0.045841	0.047973	0.045318	0.049340	0.047228	0.047426	0.044601
724.0	0.048756	0.048532	0.047643	0.044322	0.047702	0.045608	0.045920	0.044831	0.044583	0.044772	0.046824	0.047292	0.047442	0.043588	0.046763	0.043965	0.047287	0.044099	0.045235	0.043759
725.0	0.046564	0.047349	0.045637	0.043130	0.046929	0.042483	0.043223	0.043491	0.042652	0.041160	0.044479	0.044930	0.045297	0.041992	0.045348	0.042054	0.045007	0.042310	0.043265	0.042058
726.0	0.045350	0.044900	0.043244	0.041137	0.044422	0.039626	0.042626	0.041552	0.041197	0.039443	0.043932	0.043408	0.043927	0.040283	0.043488	0.041315	0.043245	0.041194	0.041477	0.039842
727.0	0.043572	0.042871	0.041604	0.038370	0.043399	0.038938	0.041291	0.039719	0.039899	0.037682	0.042058	0.039663	0.041039	0.039437	0.042120	0.039911	0.041704	0.039347	0.039033	0.040106
728.0	0.041649	0.040331	0.039691	0.036794	0.041700	0.037744	0.039265	0.037589	0.038871	0.036793	0.040383	0.037276	0.038774	0.039012	0.039696	0.038331	0.040313	0.038343	0.038157	0.040307
729.0	0.039292	0.037525	0.039746	0.036748	0.041091	0.036243	0.037520	0.035850	0.037906	0.036071	0.039341	0.035284	0.037370	0.038199	0.038070	0.036830	0.038705	0.037281	0.036575	0.039482
730.0	0.037672	0.035506	0.037640	0.036048	0.039146	0.036301	0.036394	0.034901	0.036524	0.035925	0.037105	0.033917	0.035592	0.037636	0.037285	0.034995	0.037346	0.036144	0.034533	0.037180
731.0	0.036148	0.033275	0.036248	0.034736	0.036651	0.035814	0.035085	0.034005	0.034633	0.034288	0.034471	0.032112	0.034548	0.036413	0.035572	0.033020	0.036735	0.034928	0.033368	0.033947
732.0	0.034988	0.031338	0.035408	0.033728	0.034128	0.034613	0.033465	0.032742	0.032468	0.032280	0.032164	0.031263	0.033481	0.035254	0.035070	0.031963	0.035765	0.033098	0.031709	0.032137
733.0	0.034026	0.030841	0.034239	0.031120	0.032260	0.032976	0.032121	0.031379	0.030239	0.029412	0.031285	0.031087	0.032789	0.033427	0.032921	0.030635	0.034701	0.031028	0.030765	0.030058
734.0	0.031527	0.030960	0.033795	0.029908	0.031331	0.031864	0.031098	0.030417	0.028846	0.027405	0.030411	0.030723	0.031686	0.031993	0.031281	0.029810	0.033226	0.029057	0.030050	0.028793
735.0	0.029700	0.029977	0.033312	0.029260	0.031017	0.028940	0.030404	0.030030	0.027220	0.026209	0.029520	0.031130	0.030510	0.031142	0.030196	0.027957	0.031658	0.027659	0.029105	0.027976
736.0	0.027920	0.028618	0.032232	0.028128	0.029798	0.026336	0.029853	0.028025	0.026508	0.025191	0.029071	0.030143	0.029126	0.029586	0.030040	0.027388	0.030572	0.025933	0.028650	0.027413
737.0	0.026788	0.028486	0.030560	0.026816	0.028036	0.025839	0.028409	0.026029	0.026001	0.024538	0.028835	0.027868	0.027457	0.028717	0.029863	0.026620	0.029478	0.024643	0.027199	0.027343
738.0	0.025799	0.027038	0.028735	0.025161	0.026608	0.024982	0.026630	0.024937	0.025052	0.024320	0.028628	0.026933	0.026320	0.028215	0.028562	0.026099	0.027562	0.023757	0.025415	0.027180
739.0	0.024697	0.025845	0.027123	0.024706	0.026102	0.025160	0.025293	0.023810	0.023981	0.023862	0.028424	0.025191	0.024759	0.027281	0.027185	0.025007	0.025656	0.022528	0.024252	0.026019
740.0	0.023287	0.024350	0.024365	0.023828	0.024785	0.024921	0.024308	0.022388	0.022507	0.023682	0.026655	0.023457	0.023783	0.026185	0.025753	0.023468	0.024235	0.021855	0.023945	0.024460
741.0	0.022265	0.022814	0.023692	0.022755	0.023652	0.024242	0.023266	0.021170	0.021733	0.022401	0.025200	0.021298	0.024096	0.024691	0.023639	0.022307	0.023176	0.021363	0.023323	0.023289
742.0	0.022062	0.021789	0.023004	0.022414	0.020714	0.023785	0.021726	0.020098	0.020810	0.020802	0.023888	0.019725	0.023551	0.023220	0.022018	0.021849	0.022517	0.020350	0.022255	0.021872
743.0	0.021443	0.021419	0.022447	0.021121	0.019393	0.022809	0.019437	0.018890	0.019706	0.019219	0.022835	0.018716	0.023382	0.021879	0.019762	0.020695	0.022276	0.019872	0.020971	0.021196
744.0	0.019727	0.020726	0.021611	0.020460	0.019432	0.021816	0.018780	0.018571	0.019057	0.018434	0.021990	0.018057	0.021671	0.020363	0.018255	0.019313	0.021352	0.019181	0.019555	0.020087
745.0	0.018573	0.019355	0.021302	0.018956	0.019212	0.020349	0.018698	0.018214	0.018085	0.017231	0.019902	0.017536	0.020356	0.020002	0.017295	0.017188	0.019481	0.018327	0.018844	0.018569
746.0	0.018091	0.017789	0.020302	0.017836	0.019144	0.018695	0.017909	0.017253	0.017727	0.016091	0.018132	0.016980	0.018972	0.019610	0.017516	0.016351	0.019299	0.017504	0.017848	0.017570
747.0	0.017644	0.016942	0.019486	0.016979	0.018340	0.018796	0.017269	0.016485	0.016416	0.015086	0.017238	0.015928	0.016801	0.019504	0.017365	0.015562	0.018930	0.016530	0.016595	0.016788
748.0	0.017147	0.015271	0.018653	0.016398	0.018193	0.018153	0.017226	0.016253	0.014750	0.014407	0.015878	0.015275	0.015992	0.019259	0.016875	0.015474	0.017833	0.015036	0.015173	0.015394
749.0	0.016210	0.014204	0.017306	0.016100	0.017607	0.017607	0.016223	0.016138	0.013959	0.013869	0.014833	0.014878	0.015455	0.018779	0.015741	0.014622	0.017081	0.014578	0.015169	0.014532
750.0	0.015823	0.013677	0.016481	0.015568	0.016235	0.016486	0.015924	0.015663	0.013083	0.013399	0.013890	0.014032	0.015228	0.017993	0.015165	0.013648	0.016370	0.014120	0.014249	0.014775
751.0	0.016096	0.013564	0.016635	0.014986	0.015072	0.015599	0.015069	0.015739	0.013529	0.012673	0.013419	0.013001	0.015579	0.016676	0.014837	0.013320	0.015791	0.013324	0.013688	0.015167
752.0	0.015739	0.013645	0.016645	0.015175	0.013249	0.015522	0.013868	0.015928	0.013782	0.012081	0.012428	0.011996	0.015109	0.014823	0.013756	0.013227	0.015060	0.012467	0.012964	0.014996
753.0	0.015704	0.013820	0.016493	0.015126	0.012346	0.014955	0.011894	0.014958	0.013877	0.011138	0.012096	0.011208	0.014376	0.013375	0.012514	0.013195	0.013868	0.011938	0.011832	0.015719
754.0	0.015793	0.013320	0.015263	0.014747	0.011299	0.013764	0.011811	0.014409	0.013565	0.011097	0.012093	0.010692	0.013218	0.012106	0.011479	0.013040	0.013284	0.011455	0.011162	0.015514
755.0	0.015300	0.012416	0.014110	0.013859	0.010365	0.013071	0.011402	0.012765	0.012723	0.010273	0.011013	0.010508	0.012855	0.011448	0.010989	0.012801	0.012116	0.011097	0.011819	0.014599
756.0	0.015353	0.011109	0.013302	0.013061	0.011151	0.011619	0.011391	0.011412	0.011883	0.010255	0.011000	0.010857	0.012305	0.011598	0.010823	0.012384	0.011643	0.011091	0.011273	0.014113
757.0	0.014461	0.009474	0.012213	0.012433	0.011992	0.011304	0.011378	0.010536	0.010348	0.010043	0.011160	0.011060	0.011205	0.010545	0.010775	0.011819	0.011135	0.010446	0.011120	0.012728
758.0	0.013069	0.008300	0.011607	0.011850	0.011765	0.010273	0.011334	0.009856	0.009049	0.010171	0.010692	0.011248	0.011065	0.010101	0.010557	0.011117	0.010438	0.009685	0.010810	0.010860
759.0	0.011589	0.007908	0.010551	0.011169	0.011292	0.009771	0.010462	0.009656	0.007892	0.009724	0.010349	0.011501	0.011001	0.010236	0.010065	0.010353	0.010160	0.009500	0.010386	0.009591
760.0	0.011312	0.007487	0.010235	0.010568	0.010747	0.009288	0.010426	0.009250	0.006813	0.009088	0.010147	0.011570	0.010213	0.010722	0.009558	0.009232	0.009501	0.008493	0.009297	0.009283
761.0	0.010551	0.007326	0.010367	0.009761	0.010437	0.008704	0.009931	0.009355	0.007264	0.008851	0.009805	0.010777	0.009807	0.010905	0.009125	0.008963	0.008829	0.007505	0.008624	0.009345
762.0	0.009412	0.007818	0.010227	0.009648	0.009839	0.008555	0.008894	0.009534	0.007373	0.008193	0.009253	0.009878	0.008763	0.010613	0.008015	0.008849	0.008157	0.006711	0.007983	0.008875
763.0	0.009188	0.008134	0.009861	0.009328	0.008581	0.007737	0.008192	0.008997	0.007627	0.006961	0.008921	0.009079	0.007950	0.010121	0.006710	0.008962	0.007649	0.006077	0.007235	0.008625
764.0	0.009030	0.007598	0.008983	0.009374	0.007001	0.007169	0.008382	0.008670	0.008184	0.006862	0.007969	0.008347	0.007882	0.009880	0.005864	0.009207	0.007930	0.006401	0.007315	0.008253
765.0	0.008034	0.007727	0.008451	0.008857	0.005588	0.007414	0.008037	0.007387	0.008536	0.005905	0.007033	0.007490	0.007910	0.008624	0.005739	0.009142	0.007288	0.005933	0.006973	0.007732
766.0	0.007447	0.007483	0.007964	0.008004	0.005660	0.006680	0.007968	0.006558	0.008597	0.005636	0.007116	0.006760	0.007861	0.008302	0.005769	0.008461	0.007279	0.006106	0.006709	0.007050
767.0	0.006134	0.006936	0.007874	0.007072	0.006111	0.007000	0.007369	0.005987	0.008099	0.005091	0.006890	0.006213	0.007900	0.006659	0.006336	0.007670	0.007417	0.006051	0.006736	0.006089
768.0	0.005335	0.005932	0.008079	0.006482	0.005957	0.006978	0.006096	0.005208	0.007050	0.004696	0.006595	0.005600	0.008163	0.006384	0.006349	0.006996	0.007616	0.005946	0.006430	0.004704
769.0	0.005054	0.005453	0.008095	0.006201	0.006250	0.006942	0.005529	0.004897	0.006488	0.004085	0.006486	0.005342	0.008242	0.006380	0.006514	0.006675	0.007496	0.005632	0.006056	0.004313
770.0	0.005299	0.004459	0.008103	0.005484	0.006627	0.006083	0.005063	0.005151	0.006057	0.003797	0.005965	0.005449	0.007986	0.006300	0.006644	0.006013	0.007404	0.005291	0.005807	0.003927
771.0	0.005012	0.004125	0.008014	0.004961	0.007135	0.005321	0.004973	0.005246	0.005787	0.004267	0.005795	0.005133	0.007437	0.006057	0.006035	0.005785	0.007080	0.005058	0.005525	0.003805
772.0	0.004464	0.004174	0.008114	0.004256	0.006649	0.004778	0.004227	0.004880	0.005173	0.003960	0.005287	0.005430	0.006692	0.005263	0.005177	0.005166	0.006483	0.004969	0.005460	0.003416
773.0	0.004909	0.003539	0.007928	0.004337	0.006067	0.003750	0.004707	0.004553	0.004490	0.003758	0.004801	0.005775	0.005898	0.004319	0.004213	0.005183	0.005865	0.004824	0.005246	0.003711
774.0	0.004784	0.003370	0.007115	0.004176	0.004821	0.003721	0.004938	0.004270	0.004192	0.004444	0.004161	0.005442	0.005522	0.004364	0.003852	0.004285	0.004865	0.005118	0.004864	0.004363
775.0	0.004140	0.004201	0.006869	0.003587	0.003533	0.003887	0.004697	0.003522	0.003547	0.003908	0.003710	0.004891	0.005009	0.003666	0.003922	0.003453	0.004083	0.004180	0.003835	0.004685
776.0	0.003247	0.004574	0.006023	0.003248	0.003098	0.003478	0.004326	0.002761	0.002834	0.003354	0.003513	0.003993	0.005227	0.003554	0.003846	0.003048	0.003750	0.004262	0.003738	0.004690
777.0	0.002439	0.004299	0.005998	0.002709	0.003108	0.003732	0.004180	0.001787	0.002249	0.002430	0.003087	0.003406	0.005278	0.002809	0.003330	0.002759	0.003213	0.004075	0.003753	0.004472
778.0	0.001954	0.003386	0.005562	0.002937	0.003109	0.003820	0.004221	0.001671	0.001657	0.002228	0.003937	0.002971	0.005601	0.002792	0.003309	0.002663	0.002841	0.003586	0.003524	0.003259
779.0	0.001679	0.002904	0.005052	0.003084	0.002988	0.003347	0.004210	0.001722	0.002223	0.001789	0.004196	0.002582	0.005524	0.003010	0.003853	0.002877	0.002560	0.003640	0.003946	0.002392
780.0	0.001577	0.002520	0.004441	0.003312	0.002805	0.002969	0.003636	0.002241	0.002140	0.001455	0.004306	0.002329	0.004495	0.002831	0.003904	0.003120	0.002994	0.003176	0.003970	0.001602
781.0	0.001044	0.002107	0.003797	0.002994	0.002888	0.002401	0.003366	0.002237	0.002076	0.001680	0.004555	0.002156	0.003569	0.002553	0.003781	0.003376	0.002777	0.002596	0.003775	0.000916
782.0	0.000756	0.002140	0.003111	0.002473	0.002184	0.002335	0.002632	0.002121	0.002350	0.001301	0.004126	0.001990	0.002817	0.002141	0.003328	0.003531	0.002739	0.002439	0.003285	0.000500
783.0	0.001266	0.001529	0.003017	0.002694	0.002136	0.002004	0.002717	0.001908	0.002570	0.000922	0.003428	0.001799	0.001814	0.001990	0.002801	0.003241	0.003202	0.001692	0.003182	0.000880
784.0	0.001644	0.001463	0.002768	0.002681	0.001743	0.002298	0.002479	0.001973	0.002646	0.001080	0.002847	0.001502	0.000976	0.002590	0.002676	0.002549	0.003266	0.001132	0.002697	0.001268
785.0	0.002191	0.001473	0.002963	0.002160	0.001661	0.002435	0.002066	0.001519	0.002067	0.000449	0.002233	0.001499	0.001144	0.002629	0.002439	0.002693	0.003247	0.000429	0.002287	0.001473
786.0	0.002106	0.001721	0.002998	0.002129	0.001549	0.002320	0.002372	0.000906	0.001466	0.000394	0.001490	0.001143	0.001786	0.002428	0.001877	0.002904	0.003110	0.000049	0.002025	0.002027
787.0	0.002146	0.001540	0.002926	0.001391	0.001350	0.002424	0.003205	0.000735	0.001056	0.000502	0.001260	0.001096	0.002129	0.002744	0.001192	0.002865	0.002856	0.000153	0.001982	0.002127
788.0	0.002053	0.001425	0.002631	0.001210	0.001601	0.001933	0.003376	0.000763	0.000817	0.000635	0.001430	0.001509	0.002525	0.002926	0.000972	0.002466	0.002466	0.000368	0.002086	0.001555
789.0	0.001930	0.001544	0.001884	0.001299	0.001304	0.001146	0.002720	0.000659	0.000624	0.000518	0.001945	0.001836	0.003018	0.002974	0.001104	0.001950	0.002472	0.000791	0.002324	0.001408
790.0	0.001769	0.002271	0.001830	0.001300	0.001550	0.000909	0.001983	0.001629	0.000444	0.000526	0.002452	0.002176	0.002766	0.002609	0.000842	0.001505	0.002711	0.000660	0.002296	0.001248
791.0	0.001148	0.002072	0.001343	0.000357	0.001342	0.000417	0.001723	0.001506	0.000802	0.000993	0.002818	0.002082	0.002896	0.001985	0.000667	0.001342	0.002590	0.001022	0.001963	0.000784
792.0	0.001090	0.002140	0.000728	0.000401	0.001085	0.000717	0.001527	0.001537	0.001061	0.001198	0.002558	0.001973	0.002180	0.001661	0.000351	0.000858	0.002168	0.001177	0.001622	0.000617
793.0	0.000929	0.001818	0.001153	0.000000	0.001257	0.000842	0.001021	0.001017	0.001429	0.001297	0.001864	0.001824	0.001290	0.001267	0.000000	0.000160	0.002339	0.000400	0.001367	0.000529
794.0	0.001129	0.001537	0.001668	0.000496	0.001100	0.001311	0.000450	0.000842	0.001251	0.000543	0.001702	0.001718	0.000553	0.000945	0.000133	0.000052	0.002137	0.000254	0.000993	0.000261
795.0	0.000664	0.001507	0.001825	0.000743	0.000953	0.001408	0.000000	0.000376	0.000875	0.000548	0.001192	0.001237	0.000585	0.001126	0.000177	0.000492	0.001494	0.000250	0.000568	0.000126
796.0	0.000245	0.001435	0.001845	0.001186	0.000602	0.001502	0.000123	0.000096	0.000355	0.000320	0.000456	0.000583	0.000205	0.001479	0.000180	0.000958	0.000935	0.000046	0.000137	0.000021
797.0	0.000000	0.001297	0.001702	0.001578	0.000277	0.001448	0.000357	0.000000	0.000005	0.000128	0.000000	0.000112	0.000000	0.001715	0.000328	0.001300	0.000445	0.000000	0.000000	0.000000
798.0	0.000068	0.001044	0.001366	0.001816	0.000053	0.001207	0.000626	0.000160	0.000000	0.000009	0.000039	0.000000	0.000056	0.001662	0.000686	0.001360	0.000107	0.000197	0.000315	0.000092
799.0	0.000589	0.000628	0.000808	0.001794	0.000000	0.000738	0.000853	0.000650	0.000511	0.000000	0.000787	0.000423	0.000459	0.001148	0.001314	0.000979	0.000000	0.000722	0.001239	0.000325
800.0	0.001702	0.000000	0.000000	0.001408	0.000191	0.000000	0.000964	0.001544	0.001712	0.000136	0.002457	0.001556	0.001296	0.000000	0.002275	0.000000	0.000206	0.001659	0.002929	0.000730
