500.0	0.003308	0.000000	0.000000	0.001477	0.003970	0.000000	0.002444	0.000000	0.000349	0.003520	0.000871	0.003663	0.000428	0.001630	0.000000	0.000000	0.000248	0.000000	0.000000	0.000751
501.0	0.001546	0.001647	0.000315	0.000548	0.002187	0.000283	0.001566	0.002734	0.000267	0.001734	0.000549	0.001286	0.000211	0.000746	0.000794	0.000497	0.000089	0.000260	0.001845	0.000845
502.0	0.000478	0.002571	0.000538	0.000082	0.000984	0.000447	0.000890	0.004382	0.000536	0.000621	0.000276	0.000158	0.000064	0.000225	0.001199	0.000963	0.000053	0.000846	0.003062	0.000960
503.0	0.000000	0.002961	0.000708	0.000000	0.000282	0.000533	0.000407	0.005172	0.001059	0.000078	0.000083	0.000000	0.000000	0.000000	0.001334	0.001399	0.000100	0.001637	0.003786	0.001087
504.0	0.000007	0.003003	0.000867	0.000220	0.000000	0.000580	0.000113	0.005336	0.001741	0.000000	0.000000	0.000532	0.000032	0.000005	0.001318	0.001806	0.000193	0.002511	0.004151	0.001216
505.0	0.000394	0.002885	0.001053	0.000661	0.000058	0.000629	0.000000	0.005105	0.002487	0.000286	0.000057	0.001475	0.000171	0.000172	0.001273	0.002185	0.000293	0.003347	0.004291	0.001338
506.0	0.001379	0.003317	0.001421	0.001274	0.000507	0.000733	0.000024	0.005012	0.002986	0.000560	0.000366	0.002294	0.000657	0.000325	0.001456	0.002421	0.000000	0.003891	0.004386	0.001223
507.0	0.001916	0.003546	0.002102	0.001950	0.001057	0.001168	0.000216	0.004556	0.003398	0.001319	0.000878	0.002926	0.001096	0.000705	0.001978	0.002660	0.000033	0.003775	0.004567	0.001293
508.0	0.002440	0.003612	0.002280	0.002302	0.001261	0.001474	0.000645	0.004774	0.003780	0.002519	0.001588	0.003149	0.001214	0.000628	0.002356	0.003093	0.000049	0.003840	0.005148	0.001366
509.0	0.003075	0.004311	0.002428	0.002627	0.001968	0.001635	0.001330	0.005184	0.004159	0.003329	0.002329	0.003571	0.001404	0.000826	0.003239	0.003557	0.000511	0.003898	0.005954	0.002006
510.0	0.003408	0.004950	0.002654	0.002739	0.002473	0.001881	0.002099	0.005688	0.004665	0.003696	0.003178	0.003765	0.002100	0.001316	0.004071	0.004328	0.001243	0.003626	0.006710	0.002632
511.0	0.003641	0.004995	0.003248	0.002627	0.003040	0.002244	0.002835	0.005945	0.004907	0.003990	0.003776	0.003772	0.002884	0.001462	0.004865	0.005147	0.001763	0.004044	0.007292	0.003204
512.0	0.004183	0.005706	0.004298	0.002875	0.004031	0.003689	0.003154	0.006664	0.005202	0.003750	0.004370	0.004055	0.003377	0.001837	0.005808	0.005664	0.002669	0.004686	0.007874	0.003767
513.0	0.004288	0.006227	0.004904	0.002974	0.004508	0.004332	0.003821	0.007091	0.005325	0.004175	0.005155	0.003940	0.003390	0.002341	0.006565	0.006323	0.003013	0.005403	0.008036	0.003981
514.0	0.004783	0.006353	0.005514	0.003580	0.005125	0.004949	0.004377	0.007738	0.005632	0.004614	0.005229	0.004091	0.003446	0.003061	0.006596	0.006483	0.004321	0.006108	0.008036	0.004309
515.0	0.005255	0.007445	0.005825	0.004298	0.005311	0.005568	0.004589	0.007909	0.006193	0.004501	0.005842	0.004087	0.004031	0.004060	0.006533	0.006931	0.005305	0.006591	0.007710	0.004491
516.0	0.005731	0.008810	0.006035	0.005136	0.005335	0.005841	0.005129	0.008301	0.006418	0.005129	0.006526	0.004117	0.004741	0.004865	0.007076	0.006907	0.005636	0.006789	0.007942	0.004840
517.0	0.006455	0.009437	0.007138	0.005986	0.005300	0.006606	0.005076	0.008743	0.006769	0.005588	0.007255	0.004316	0.005370	0.005449	0.007070	0.007089	0.005903	0.007161	0.008572	0.005108
518.0	0.006686	0.009727	0.007761	0.006307	0.005724	0.006859	0.005444	0.009465	0.007058	0.006496	0.007520	0.004969	0.005314	0.005739	0.006792	0.007178	0.006487	0.007526	0.009446	0.004821
519.0	0.007254	0.009791	0.008247	0.006365	0.006142	0.006966	0.005618	0.010107	0.008007	0.006768	0.007518	0.006081	0.005636	0.005772	0.006806	0.007225	0.006452	0.007722	0.010400	0.005562
520.0	0.007297	0.008949	0.008329	0.007116	0.006255	0.007369	0.005684	0.010390	0.008965	0.007211	0.007539	0.006671	0.006128	0.005958	0.006641	0.007552	0.006846	0.007846	0.010625	0.005787
521.0	0.007205	0.008864	0.008033	0.007408	0.006789	0.007287	0.006176	0.010574	0.009057	0.007943	0.007755	0.007398	0.006480	0.006006	0.007390	0.008113	0.007154	0.008416	0.010977	0.005840
522.0	0.007753	0.009568	0.008181	0.007439	0.007344	0.007210	0.006397	0.010500	0.008913	0.007712	0.007730	0.008160	0.006575	0.006333	0.008071	0.008200	0.007456	0.009238	0.011218	0.005737
523.0	0.007604	0.009628	0.008041	0.006922	0.007125	0.006662	0.006822	0.010679	0.009151	0.007945	0.007734	0.008304	0.006143	0.006451	0.008753	0.007922	0.007072	0.009699	0.011181	0.005353
524.0	0.007725	0.009565	0.008161	0.006958	0.007207	0.006091	0.007306	0.010498	0.009017	0.008055	0.007500	0.008288	0.006019	0.006690	0.008685	0.007543	0.007867	0.009702	0.010632	0.005193
525.0	0.007337	0.010017	0.007910	0.006732	0.006708	0.005874	0.007649	0.010063	0.008715	0.007925	0.007525	0.007749	0.006055	0.007627	0.008948	0.007837	0.007734	0.009504	0.010318	0.005473
526.0	0.006924	0.010059	0.007621	0.006347	0.006455	0.005621	0.008393	0.009934	0.008175	0.008169	0.007607	0.007359	0.006500	0.008383	0.009902	0.008480	0.007304	0.009276	0.010009	0.006008
527.0	0.007085	0.009238	0.008483	0.007034	0.006333	0.005770	0.008604	0.009850	0.007660	0.008158	0.007826	0.007285	0.006722	0.008967	0.009560	0.008474	0.006899	0.009469	0.009962	0.006539
528.0	0.006360	0.008521	0.008536	0.007400	0.006971	0.006182	0.008560	0.009806	0.007284	0.007928	0.007013	0.007361	0.006661	0.008729	0.008848	0.008655	0.006145	0.009142	0.010011	0.007051
529.0	0.006344	0.007456	0.008785	0.007419	0.007172	0.007164	0.007698	0.010484	0.007445	0.007738	0.006583	0.007549	0.006401	0.008090	0.008442	0.008868	0.005589	0.008650	0.009998	0.007866
530.0	0.005966	0.006921	0.008236	0.008107	0.007315	0.007931	0.007481	0.011006	0.007373	0.007715	0.006902	0.007627	0.006648	0.007661	0.008540	0.009133	0.005787	0.008716	0.009533	0.007795
531.0	0.005722	0.007420	0.007463	0.008342	0.007372	0.008555	0.007468	0.011695	0.007471	0.008104	0.007439	0.007666	0.006820	0.007620	0.008561	0.009533	0.006179	0.008689	0.009581	0.008032
532.0	0.006283	0.008104	0.007823	0.008658	0.007285	0.008193	0.007190	0.012218	0.007433	0.007366	0.007520	0.007851	0.007157	0.007856	0.008501	0.009797	0.006060	0.008612	0.009762	0.008083
533.0	0.006579	0.008548	0.008114	0.008616	0.006494	0.008164	0.006551	0.013093	0.007886	0.007136	0.008020	0.007611	0.007401	0.007846	0.008736	0.009624	0.006149	0.008977	0.009868	0.007534
534.0	0.007533	0.009678	0.008760	0.009274	0.006484	0.008007	0.006471	0.013443	0.007955	0.007903	0.008040	0.007350	0.007517	0.008010	0.008018	0.009630	0.006485	0.008961	0.009917	0.007313
535.0	0.008178	0.010228	0.008840	0.009098	0.006505	0.007802	0.006475	0.012954	0.008302	0.008087	0.008077	0.007403	0.007987	0.008513	0.008184	0.010383	0.006270	0.009029	0.010290	0.007204
536.0	0.009064	0.010518	0.008873	0.009144	0.007575	0.008229	0.006949	0.012582	0.008465	0.008373	0.008603	0.007840	0.008003	0.008879	0.009096	0.010529	0.006462	0.009278	0.010658	0.006908
537.0	0.009973	0.010976	0.009266	0.010074	0.008706	0.008442	0.007488	0.012030	0.008483	0.008830	0.008998	0.008389	0.008155	0.008662	0.009103	0.010033	0.006780	0.009398	0.010848	0.007562
538.0	0.010100	0.011425	0.008987	0.010335	0.009535	0.008853	0.008117	0.011453	0.008431	0.008580	0.008720	0.008835	0.007699	0.008175	0.009271	0.009718	0.006666	0.009489	0.010251	0.007982
539.0	0.010383	0.011304	0.009342	0.010084	0.009825	0.009440	0.008706	0.011311	0.008427	0.008718	0.008821	0.009243	0.007785	0.008529	0.009989	0.009672	0.007204	0.009269	0.010039	0.008607
540.0	0.009980	0.011336	0.009212	0.009781	0.010326	0.009758	0.009490	0.011466	0.008490	0.008684	0.009219	0.009416	0.007552	0.008411	0.010832	0.009621	0.007643	0.010001	0.009822	0.008954
541.0	0.010033	0.011225	0.009163	0.009526	0.010033	0.009738	0.009814	0.011885	0.008903	0.009218	0.009537	0.009657	0.007756	0.008697	0.011588	0.009780	0.008142	0.010464	0.009733	0.009443
542.0	0.010253	0.011374	0.009563	0.009291	0.009506	0.009139	0.009806	0.012274	0.008836	0.008756	0.009814	0.010024	0.008077	0.009194	0.011912	0.010588	0.008213	0.010776	0.009751	0.009769
543.0	0.009905	0.011341	0.009640	0.009547	0.009216	0.008706	0.009432	0.012572	0.009140	0.009125	0.009698	0.009906	0.007892	0.009426	0.011902	0.010676	0.008538	0.011476	0.010431	0.009783
544.0	0.009758	0.011588	0.009610	0.009795	0.009621	0.007891	0.009087	0.012942	0.009308	0.009544	0.009557	0.009671	0.007638	0.009486	0.011520	0.010571	0.008101	0.012223	0.011297	0.009834
545.0	0.009581	0.011307	0.009966	0.009138	0.009914	0.007218	0.009233	0.012766	0.009842	0.009812	0.009773	0.009892	0.007780	0.009392	0.011372	0.010523	0.007485	0.012426	0.012716	0.009894
546.0	0.009649	0.011231	0.010155	0.009256	0.010357	0.007675	0.009399	0.013118	0.009995	0.009884	0.010204	0.010227	0.007822	0.008574	0.011558	0.010758	0.007300	0.012657	0.013952	0.010152
547.0	0.009830	0.011212	0.010705	0.008910	0.010596	0.007922	0.009785	0.013386	0.010462	0.010126	0.010225	0.010127	0.008457	0.007956	0.011067	0.010734	0.007383	0.012121	0.013672	0.010668
548.0	0.009930	0.011165	0.010676	0.008654	0.010693	0.008553	0.010225	0.012854	0.010203	0.009181	0.009630	0.010022	0.009050	0.007617	0.010861	0.010537	0.007514	0.011384	0.012629	0.010358
549.0	0.009704	0.010978	0.010622	0.008431	0.010559	0.009020	0.010360	0.012585	0.010770	0.009094	0.009156	0.009848	0.009919	0.007829	0.010693	0.011038	0.007670	0.010827	0.012067	0.010561
550.0	0.009682	0.011579	0.010391	0.008276	0.010354	0.009407	0.010233	0.012287	0.010800	0.009104	0.009387	0.009733	0.009973	0.007481	0.010645	0.010985	0.007947	0.011406	0.011495	0.010621
551.0	0.009509	0.012271	0.010400	0.008221	0.009260	0.009153	0.010108	0.011652	0.011117	0.008893	0.009382	0.009911	0.010637	0.007357	0.010975	0.011213	0.008406	0.011736	0.010336	0.010443
552.0	0.009273	0.012556	0.010222	0.007808	0.008644	0.009147	0.009820	0.011481	0.011304	0.008138	0.008901	0.010175	0.010346	0.007915	0.010936	0.011450	0.008685	0.011690	0.009619	0.009452
553.0	0.008738	0.012076	0.009686	0.007917	0.008961	0.008758	0.009948	0.011331	0.011042	0.007634	0.007890	0.010245	0.009707	0.007667	0.011117	0.010911	0.008499	0.011404	0.009697	0.009010
554.0	0.008339	0.011616	0.009003	0.008401	0.009137	0.008475	0.009907	0.011732	0.010896	0.007126	0.007373	0.009988	0.008768	0.007812	0.011012	0.010460	0.008143	0.011504	0.009488	0.008582
555.0	0.008546	0.011038	0.009454	0.008562	0.009186	0.008145	0.010085	0.012068	0.010135	0.007427	0.006952	0.009602	0.007746	0.008091	0.010644	0.009940	0.007977	0.010732	0.009796	0.008806
556.0	0.008798	0.010252	0.009255	0.009103	0.009447	0.008318	0.010072	0.012633	0.009571	0.007783	0.006892	0.009351	0.007219	0.008049	0.010671	0.009904	0.008372	0.010533	0.009741	0.008831
557.0	0.009373	0.009860	0.009462	0.008650	0.009875	0.008342	0.009706	0.013027	0.009075	0.008074	0.006676	0.009144	0.006724	0.007973	0.009843	0.009645	0.008240	0.009749	0.009160	0.009117
558.0	0.010051	0.009732	0.009854	0.008969	0.009683	0.008361	0.009471	0.012803	0.008362	0.007879	0.006880	0.008588	0.006790	0.007963	0.009832	0.009471	0.008029	0.009049	0.008977	0.008839
559.0	0.010165	0.009580	0.009962	0.009398	0.009264	0.008269	0.009667	0.012538	0.008612	0.008251	0.007428	0.008203	0.007261	0.007725	0.009699	0.009650	0.007870	0.009530	0.009129	0.009207
560.0	0.010516	0.010206	0.010059	0.009856	0.008723	0.008988	0.009793	0.012005	0.008451	0.008452	0.008439	0.008309	0.008011	0.007234	0.009639	0.010325	0.008310	0.010367	0.009886	0.009402
561.0	0.009943	0.010733	0.010253	0.009753	0.007973	0.008829	0.009857	0.011681	0.009052	0.008423	0.009216	0.008217	0.008851	0.007140	0.009721	0.010964	0.009053	0.010419	0.010023	0.009601
562.0	0.009822	0.011041	0.010291	0.009752	0.007535	0.009184	0.009713	0.011992	0.009342	0.008594	0.009164	0.008287	0.009387	0.007465	0.010329	0.010769	0.008792	0.010740	0.011066	0.008808
563.0	0.009726	0.010876	0.009628	0.009911	0.007766	0.009237	0.009885	0.012636	0.009005	0.008595	0.008609	0.008579	0.010331	0.007255	0.010676	0.010790	0.008198	0.011101	0.011822	0.009327
564.0	0.009530	0.010994	0.009136	0.010657	0.008271	0.009488	0.010171	0.013115	0.009314	0.008735	0.008583	0.008469	0.010735	0.007242	0.010868	0.011452	0.008072	0.011128	0.012230	0.009648
565.0	0.009377	0.010982	0.008939	0.010354	0.008913	0.009348	0.010277	0.013492	0.008761	0.009805	0.008340	0.008376	0.010774	0.007456	0.011487	0.011687	0.008759	0.011361	0.013044	0.010360
566.0	0.009678	0.011397	0.008063	0.010201	0.010225	0.009471	0.010489	0.014352	0.008685	0.010608	0.008369	0.008952	0.010617	0.008150	0.012478	0.011991	0.009069	0.012288	0.013349	0.010493
567.0	0.009891	0.011858	0.007986	0.010198	0.011227	0.009438	0.010634	0.014759	0.008761	0.010888	0.008183	0.008822	0.010263	0.008436	0.012928	0.012480	0.008946	0.012539	0.012737	0.010976
568.0	0.010060	0.011965	0.009057	0.010794	0.010707	0.009404	0.011102	0.014284	0.009692	0.011407	0.009295	0.009336	0.010237	0.009113	0.013907	0.012478	0.009415	0.012371	0.012679	0.011204
569.0	0.010627	0.012250	0.009958	0.011142	0.010691	0.009668	0.010969	0.014350	0.010955	0.011960	0.010251	0.010072	0.010650	0.009725	0.014417	0.012446	0.010259	0.012835	0.012320	0.011598
570.0	0.010800	0.012841	0.010843	0.011615	0.010784	0.010472	0.011221	0.014692	0.012199	0.012363	0.011622	0.011614	0.010317	0.010065	0.014762	0.013155	0.011312	0.013256	0.012514	0.011764
571.0	0.010979	0.012734	0.011588	0.011654	0.010593	0.010901	0.011583	0.015182	0.013141	0.012716	0.013137	0.012145	0.010495	0.010715	0.014595	0.012990	0.012135	0.012937	0.012125	0.011596
572.0	0.011558	0.012932	0.012934	0.012178	0.009975	0.011709	0.012064	0.015882	0.013395	0.012984	0.013776	0.012930	0.011361	0.011459	0.013982	0.012716	0.011740	0.013316	0.013177	0.010690
573.0	0.012343	0.013080	0.013723	0.012108	0.010627	0.011604	0.012990	0.017003	0.013587	0.012869	0.013675	0.013417	0.011787	0.012057	0.012796	0.013026	0.011853	0.014005	0.013793	0.010626
574.0	0.012469	0.013654	0.014288	0.012158	0.011389	0.011990	0.014062	0.017040	0.014387	0.013172	0.014316	0.013489	0.012211	0.012328	0.012068	0.013415	0.012180	0.014660	0.014340	0.011030
575.0	0.012549	0.014195	0.013909	0.012120	0.011961	0.012413	0.014857	0.017051	0.014523	0.013833	0.013773	0.013566	0.012607	0.012930	0.012343	0.013650	0.012613	0.015789	0.015460	0.011677
576.0	0.013756	0.015145	0.013653	0.012610	0.012877	0.012531	0.015382	0.017411	0.014337	0.014025	0.013183	0.013876	0.012832	0.014075	0.012857	0.014154	0.011976	0.016656	0.015710	0.012218
577.0	0.013818	0.015524	0.014337	0.013192	0.013152	0.013060	0.015244	0.016620	0.014426	0.014452	0.012998	0.013823	0.012884	0.014175	0.013189	0.015254	0.012283	0.016395	0.015397	0.012778
578.0	0.014101	0.016040	0.015066	0.013677	0.013034	0.013540	0.014945	0.015675	0.015272	0.014870	0.013462	0.014831	0.013143	0.014453	0.014043	0.016066	0.013215	0.015625	0.015252	0.013682
579.0	0.014210	0.016565	0.015609	0.014212	0.012354	0.013546	0.014239	0.015901	0.016252	0.015175	0.013698	0.015332	0.013854	0.014283	0.014671	0.016754	0.013968	0.016141	0.015011	0.014282
580.0	0.014708	0.016441	0.016610	0.014917	0.012551	0.014198	0.014094	0.016304	0.017091	0.015038	0.014695	0.017087	0.013397	0.014095	0.015376	0.017315	0.014238	0.016602	0.015197	0.014589
581.0	0.015817	0.015748	0.017172	0.015355	0.012829	0.014696	0.014836	0.017030	0.017603	0.014876	0.015360	0.017503	0.013778	0.014109	0.015307	0.017449	0.014622	0.016057	0.015666	0.015012
582.0	0.016349	0.016263	0.017874	0.015727	0.012832	0.015481	0.015490	0.018036	0.017847	0.015287	0.015702	0.018083	0.014367	0.014211	0.015088	0.017940	0.015050	0.016068	0.016628	0.015560
583.0	0.016304	0.016250	0.018415	0.015718	0.013825	0.015237	0.016893	0.019360	0.017893	0.014554	0.016306	0.017873	0.014109	0.014995	0.015100	0.017854	0.016427	0.016630	0.017260	0.016388
584.0	0.016290	0.016503	0.018745	0.016447	0.014693	0.015816	0.018314	0.019752	0.018372	0.014911	0.016969	0.017783	0.014421	0.016168	0.015510	0.017774	0.016814	0.017067	0.017863	0.017531
585.0	0.016648	0.017151	0.018309	0.016861	0.015205	0.016629	0.018968	0.020243	0.017662	0.015390	0.016992	0.017393	0.014817	0.016705	0.016557	0.017651	0.016978	0.017741	0.018758	0.018218
586.0	0.017649	0.017673	0.017959	0.017478	0.015920	0.016953	0.019040	0.020993	0.016396	0.016101	0.017081	0.017722	0.015473	0.017706	0.017728	0.018075	0.016490	0.018216	0.019010	0.019330
587.0	0.017026	0.017785	0.018558	0.017488	0.016513	0.017522	0.018391	0.020663	0.016060	0.016919	0.017801	0.017668	0.016388	0.018415	0.018629	0.018683	0.016527	0.018824	0.019534	0.019732
588.0	0.016848	0.018485	0.018214	0.017051	0.016769	0.017668	0.018003	0.020458	0.015935	0.017310	0.018202	0.017654	0.017208	0.018654	0.019939	0.018738	0.016493	0.019353	0.020284	0.019947
589.0	0.016841	0.018916	0.017437	0.016923	0.016652	0.017819	0.017186	0.020146	0.015890	0.017344	0.018326	0.017026	0.018071	0.018190	0.020411	0.018801	0.016339	0.020298	0.021046	0.018842
590.0	0.017794	0.018993	0.017984	0.016870	0.017728	0.017777	0.016472	0.019902	0.015761	0.017444	0.018596	0.017248	0.017479	0.018414	0.021078	0.018355	0.015707	0.020892	0.021534	0.018097
591.0	0.018478	0.019141	0.018013	0.016337	0.017826	0.016671	0.016915	0.019472	0.016216	0.017454	0.017578	0.016780	0.017074	0.017686	0.020604	0.018313	0.016059	0.020883	0.021972	0.017364
592.0	0.018105	0.019426	0.017419	0.015986	0.017782	0.016036	0.016793	0.019831	0.016494	0.018033	0.017114	0.016433	0.015719	0.016867	0.020116	0.018747	0.016267	0.020600	0.021770	0.016745
593.0	0.017070	0.018679	0.018099	0.015741	0.017860	0.014922	0.016994	0.019640	0.016351	0.017588	0.017011	0.016242	0.014686	0.016494	0.019419	0.018571	0.016465	0.020210	0.021562	0.015984
594.0	0.016621	0.018373	0.017704	0.016011	0.017396	0.014189	0.016916	0.019937	0.016599	0.017418	0.016638	0.016198	0.013536	0.015627	0.018668	0.018481	0.016266	0.020047	0.021206	0.015712
595.0	0.016664	0.018222	0.017727	0.016011	0.017417	0.013877	0.016540	0.020244	0.016117	0.017140	0.016326	0.016031	0.013045	0.014214	0.018221	0.018153	0.016505	0.019715	0.020740	0.015763
596.0	0.016515	0.017689	0.017217	0.016523	0.017854	0.013947	0.016546	0.020859	0.016016	0.017050	0.016058	0.016490	0.013581	0.013378	0.017682	0.017960	0.016435	0.019320	0.020048	0.016528
597.0	0.015146	0.017525	0.017612	0.016713	0.017965	0.014014	0.016189	0.020370	0.016231	0.017243	0.016284	0.016455	0.014445	0.012985	0.017406	0.018002	0.015889	0.018906	0.020335	0.017424
598.0	0.015133	0.017780	0.016804	0.016715	0.017102	0.015039	0.016036	0.020164	0.016223	0.016802	0.016256	0.016067	0.014721	0.012583	0.017172	0.017837	0.015509	0.017705	0.020997	0.017846
599.0	0.015452	0.017688	0.016572	0.016994	0.016629	0.016184	0.015554	0.020048	0.016063	0.016231	0.016095	0.015064	0.015694	0.012975	0.016818	0.018344	0.014670	0.016887	0.020857	0.017145
600.0	0.015677	0.017883	0.016857	0.017210	0.016307	0.016613	0.015199	0.019005	0.015765	0.015851	0.015800	0.014449	0.015662	0.013767	0.016761	0.018335	0.013736	0.016549	0.020389	0.016497
601.0	0.016224	0.017657	0.016123	0.016718	0.014999	0.016705	0.015173	0.018134	0.015677	0.015416	0.014078	0.013760	0.015326	0.014102	0.016779	0.018743	0.014044	0.016028	0.019453	0.015218
602.0	0.016349	0.017803	0.015168	0.016810	0.014035	0.016709	0.014585	0.017718	0.015630	0.015463	0.013904	0.013436	0.014472	0.013949	0.017216	0.018827	0.013622	0.015151	0.018579	0.014487
603.0	0.015718	0.017109	0.014897	0.016079	0.013387	0.016556	0.013467	0.016918	0.015012	0.015210	0.013663	0.013276	0.014117	0.014383	0.017214	0.018410	0.013403	0.015005	0.017323	0.013306
604.0	0.015737	0.016403	0.013843	0.015710	0.012710	0.016084	0.012346	0.017535	0.014935	0.014680	0.013502	0.012919	0.012643	0.014373	0.017486	0.017617	0.013688	0.015390	0.016195	0.012932
605.0	0.015775	0.015539	0.014540	0.015009	0.013332	0.015636	0.011695	0.017558	0.014508	0.013763	0.013334	0.012804	0.012582	0.014208	0.016824	0.017104	0.013923	0.015148	0.015377	0.012784
606.0	0.014988	0.015266	0.014025	0.014313	0.013853	0.015264	0.011959	0.017993	0.013987	0.013997	0.013408	0.013129	0.013098	0.013413	0.016409	0.015895	0.013586	0.015063	0.015043	0.012977
607.0	0.014075	0.014856	0.014056	0.013954	0.014053	0.014319	0.012277	0.018015	0.013201	0.014746	0.013252	0.013173	0.013451	0.013004	0.016107	0.015691	0.013228	0.014391	0.015167	0.013502
608.0	0.013629	0.014264	0.014333	0.013555	0.013699	0.014135	0.012518	0.018481	0.013092	0.014636	0.013076	0.013540	0.013751	0.012789	0.015295	0.015444	0.013340	0.014099	0.015535	0.013649
609.0	0.013677	0.013428	0.015705	0.013049	0.013675	0.013944	0.012207	0.018650	0.013145	0.014627	0.013191	0.013936	0.014864	0.012557	0.015134	0.015472	0.012497	0.014143	0.015694	0.013597
610.0	0.013686	0.013665	0.015946	0.012505	0.014012	0.013423	0.012811	0.017909	0.012942	0.014329	0.012875	0.014578	0.014993	0.012560	0.015018	0.014899	0.012494	0.013857	0.016211	0.013210
611.0	0.013776	0.013737	0.015182	0.011716	0.013478	0.013348	0.013738	0.017344	0.012437	0.013453	0.012466	0.014851	0.015510	0.012948	0.015427	0.015045	0.012803	0.013640	0.015877	0.013014
612.0	0.014150	0.014019	0.014931	0.012358	0.012789	0.012920	0.013756	0.016308	0.012286	0.013297	0.012957	0.015561	0.015115	0.013031	0.016473	0.015383	0.012973	0.013178	0.015249	0.013765
613.0	0.013771	0.013890	0.014962	0.012458	0.012870	0.012708	0.013668	0.015776	0.012446	0.013554	0.013467	0.015292	0.014577	0.013776	0.016773	0.015567	0.013871	0.013427	0.014944	0.013858
614.0	0.013903	0.014049	0.015152	0.013333	0.013131	0.012398	0.013141	0.015584	0.013850	0.014023	0.013749	0.015175	0.013283	0.013971	0.016874	0.016174	0.014190	0.013793	0.015002	0.014571
615.0	0.013293	0.014808	0.015962	0.013295	0.013181	0.012794	0.013011	0.015654	0.014120	0.013826	0.014112	0.014923	0.013241	0.014464	0.016015	0.016431	0.014170	0.014273	0.015012	0.014607
616.0	0.012855	0.016354	0.015891	0.013326	0.012801	0.013229	0.013344	0.016014	0.014135	0.014593	0.014209	0.014824	0.013440	0.013973	0.016163	0.015982	0.013819	0.014612	0.015017	0.014394
617.0	0.013085	0.016876	0.016016	0.013852	0.013203	0.012975	0.013785	0.016659	0.014420	0.015121	0.014273	0.014390	0.013618	0.013309	0.015282	0.015873	0.013398	0.015254	0.015039	0.014642
618.0	0.012713	0.016662	0.016310	0.013698	0.013063	0.013477	0.013554	0.016638	0.014811	0.015243	0.014607	0.014599	0.014025	0.012390	0.014742	0.015903	0.013283	0.015644	0.015083	0.014783
619.0	0.013249	0.016489	0.016203	0.013783	0.013234	0.013971	0.013517	0.016599	0.015046	0.015020	0.014862	0.014692	0.014708	0.012143	0.014673	0.016041	0.013377	0.016411	0.015301	0.014950
620.0	0.013513	0.016540	0.015480	0.013679	0.013510	0.014056	0.014519	0.016586	0.015008	0.014313	0.014397	0.015300	0.015166	0.012230	0.014345	0.016270	0.013731	0.016710	0.016161	0.014845
621.0	0.014176	0.016174	0.014190	0.013792	0.013027	0.014120	0.015025	0.016571	0.014780	0.013749	0.014937	0.015738	0.015465	0.012853	0.014756	0.016963	0.014488	0.017100	0.017107	0.014631
622.0	0.015563	0.015766	0.013593	0.014996	0.013626	0.013839	0.015006	0.016975	0.014673	0.013529	0.015238	0.016682	0.015427	0.013794	0.016000	0.017543	0.015587	0.016892	0.018283	0.015347
623.0	0.015636	0.016104	0.013814	0.015602	0.014329	0.013871	0.015086	0.017833	0.015022	0.014512	0.015990	0.016080	0.015858	0.014872	0.016401	0.018014	0.016287	0.016837	0.020145	0.015657
624.0	0.016314	0.015974	0.014695	0.016780	0.015059	0.013965	0.015764	0.019095	0.015580	0.015666	0.015995	0.016623	0.016164	0.015705	0.017376	0.019098	0.017377	0.016837	0.020632	0.016206
625.0	0.016449	0.016832	0.016053	0.016802	0.016013	0.015046	0.016839	0.020742	0.015877	0.016784	0.016161	0.016827	0.016670	0.016630	0.018418	0.018914	0.018610	0.017160	0.021084	0.016440
626.0	0.017508	0.018533	0.017421	0.017250	0.016844	0.016190	0.017649	0.022053	0.016177	0.017832	0.016657	0.017751	0.017630	0.017295	0.019503	0.019092	0.019615	0.018072	0.021094	0.017091
627.0	0.018280	0.020434	0.018857	0.018114	0.018216	0.016944	0.018919	0.022948	0.017137	0.019223	0.017178	0.017984	0.018176	0.017379	0.020026	0.019917	0.019740	0.018897	0.020574	0.018725
628.0	0.018233	0.021106	0.020066	0.018737	0.018411	0.018233	0.019556	0.023518	0.018577	0.019859	0.017830	0.018649	0.018802	0.017390	0.020540	0.021337	0.019991	0.019966	0.019481	0.019624
629.0	0.018752	0.022024	0.020770	0.020086	0.019727	0.019223	0.020406	0.024215	0.020371	0.020067	0.018421	0.019628	0.019472	0.018272	0.021000	0.023247	0.020690	0.021179	0.019473	0.020478
630.0	0.019137	0.022821	0.021433	0.022133	0.021139	0.020030	0.021204	0.025456	0.022392	0.020752	0.019064	0.020906	0.019620	0.019650	0.021450	0.024637	0.021262	0.022630	0.020401	0.021319
631.0	0.019721	0.023240	0.021897	0.023829	0.022745	0.020859	0.021875	0.026558	0.025029	0.021810	0.020602	0.022333	0.020038	0.021367	0.023333	0.025416	0.022372	0.024021	0.022363	0.021815
632.0	0.020938	0.024788	0.022366	0.025249	0.024834	0.022339	0.022461	0.028295	0.026688	0.023155	0.022406	0.024187	0.021676	0.023147	0.024764	0.026848	0.023610	0.024400	0.024362	0.022228
633.0	0.022007	0.025422	0.023549	0.026996	0.026274	0.024255	0.022947	0.029133	0.028212	0.024914	0.023883	0.025467	0.023769	0.024042	0.026662	0.028637	0.024613	0.026093	0.026894	0.022984
634.0	0.023903	0.025292	0.024964	0.029606	0.028087	0.026125	0.024279	0.031059	0.029536	0.026249	0.025392	0.027556	0.026033	0.025234	0.028956	0.029706	0.026421	0.028212	0.027832	0.024044
635.0	0.025513	0.027563	0.026921	0.030583	0.030519	0.028370	0.026993	0.032379	0.031149	0.027987	0.028273	0.029104	0.028168	0.026696	0.030758	0.030096	0.028055	0.030667	0.030077	0.025506
636.0	0.027789	0.030938	0.029043	0.032647	0.031643	0.030415	0.030739	0.033670	0.032096	0.029985	0.030933	0.031796	0.030533	0.028361	0.032610	0.032078	0.030616	0.032790	0.031898	0.028423
637.0	0.030229	0.035244	0.032486	0.034438	0.032544	0.032518	0.033928	0.035312	0.034738	0.032849	0.033878	0.034371	0.032255	0.030061	0.034927	0.035722	0.032993	0.036909	0.033681	0.031005
638.0	0.034715	0.039324	0.035680	0.036257	0.033998	0.035342	0.036522	0.037481	0.037436	0.035976	0.035873	0.036531	0.034540	0.033909	0.037527	0.039055	0.034526	0.039960	0.035801	0.033327
639.0	0.039113	0.043674	0.038973	0.038946	0.037638	0.038383	0.039651	0.040346	0.040579	0.039522	0.039173	0.039603	0.037582	0.038103	0.040476	0.042329	0.037690	0.042932	0.039103	0.037341
640.0	0.043609	0.046803	0.042623	0.042586	0.041946	0.041943	0.042148	0.045453	0.043897	0.043362	0.042869	0.043048	0.039903	0.042887	0.044201	0.046227	0.041892	0.047242	0.042918	0.041721
641.0	0.047898	0.050390	0.047132	0.046050	0.046494	0.046373	0.046740	0.050372	0.047545	0.047062	0.046923	0.047811	0.043707	0.048379	0.049290	0.050179	0.046525	0.051319	0.047119	0.045535
642.0	0.052578	0.055233	0.050638	0.050816	0.050843	0.051238	0.051378	0.055800	0.051671	0.050803	0.050795	0.053396	0.048625	0.053437	0.054664	0.055984	0.053002	0.055527	0.052054	0.049322
643.0	0.059717	0.059140	0.056086	0.057095	0.056816	0.056566	0.055678	0.061582	0.056993	0.055616	0.054573	0.059389	0.054361	0.057912	0.059854	0.061203	0.059039	0.061735	0.058612	0.055003
644.0	0.065525	0.065144	0.062307	0.064160	0.063843	0.062606	0.060758	0.067843	0.062895	0.061553	0.060578	0.065565	0.061353	0.062663	0.064507	0.066072	0.065464	0.067555	0.064975	0.061874
645.0	0.071829	0.072304	0.069390	0.071235	0.070743	0.070309	0.068350	0.073207	0.069236	0.069494	0.067871	0.072559	0.068768	0.068061	0.069809	0.073006	0.071870	0.074578	0.073884	0.070246
646.0	0.078934	0.079913	0.077392	0.078901	0.077557	0.078295	0.076122	0.079277	0.076169	0.077996	0.075047	0.080775	0.077023	0.074544	0.076803	0.081382	0.079605	0.081233	0.082893	0.079400
647.0	0.086369	0.089663	0.086749	0.087902	0.085423	0.086461	0.084369	0.085525	0.084693	0.086482	0.083055	0.087836	0.086529	0.083292	0.085330	0.090930	0.086879	0.090081	0.091860	0.087566
648.0	0.096203	0.099059	0.096017	0.096418	0.093455	0.096253	0.093230	0.092475	0.093271	0.094505	0.090765	0.093779	0.096651	0.093402	0.093391	0.099069	0.095029	0.096350	0.100767	0.096727
649.0	0.105096	0.108205	0.104611	0.104789	0.103606	0.103926	0.102080	0.100064	0.102143	0.103087	0.100765	0.103453	0.106739	0.101784	0.102542	0.107272	0.102577	0.105520	0.109546	0.106440
650.0	0.113162	0.114717	0.112215	0.111774	0.113072	0.110628	0.109943	0.108336	0.110712	0.111029	0.111016	0.111511	0.114819	0.109251	0.111344	0.114986	0.109830	0.113536	0.117359	0.113172
651.0	0.120100	0.121917	0.119956	0.118724	0.120188	0.117179	0.119884	0.117057	0.118475	0.118038	0.120355	0.119657	0.122352	0.117428	0.120528	0.122860	0.118841	0.122171	0.123301	0.118408
652.0	0.126377	0.130017	0.126239	0.123774	0.126537	0.122739	0.127013	0.125391	0.126896	0.124617	0.128188	0.126945	0.127466	0.123225	0.128309	0.129813	0.126285	0.129443	0.128087	0.125523
653.0	0.133006	0.137888	0.132859	0.128901	0.133394	0.128566	0.133072	0.132145	0.131734	0.132351	0.134709	0.133541	0.132027	0.128618	0.133601	0.134492	0.133485	0.136451	0.134337	0.131241
654.0	0.138326	0.144583	0.138002	0.133084	0.138181	0.133389	0.137003	0.137839	0.136125	0.140221	0.140139	0.139777	0.136505	0.132003	0.137395	0.137432	0.140029	0.144200	0.139186	0.135702
655.0	0.142424	0.150149	0.142778	0.136489	0.143183	0.138289	0.141889	0.141879	0.140625	0.146463	0.144088	0.145357	0.140310	0.137710	0.142733	0.140310	0.144182	0.151420	0.145035	0.139677
656.0	0.144511	0.153868	0.146932	0.140074	0.147546	0.143652	0.145621	0.145973	0.143901	0.151731	0.145970	0.149705	0.144388	0.143810	0.146742	0.143310	0.146464	0.155505	0.150783	0.143178
657.0	0.145565	0.158445	0.151406	0.145455	0.149471	0.147368	0.150411	0.148711	0.147269	0.153265	0.148020	0.153029	0.148523	0.149503	0.150152	0.147934	0.149849	0.159273	0.156109	0.147217
658.0	0.148222	0.159540	0.155141	0.149414	0.152644	0.150917	0.154125	0.152135	0.152250	0.153833	0.148759	0.155893	0.151426	0.153877	0.153926	0.151392	0.153860	0.161435	0.158859	0.151623
659.0	0.150602	0.161827	0.158680	0.154266	0.158298	0.153334	0.157114	0.155774	0.157255	0.156814	0.150763	0.160723	0.156320	0.157067	0.158220	0.156639	0.156082	0.164542	0.161762	0.152923
660.0	0.152592	0.163266	0.162364	0.158252	0.163040	0.156216	0.160965	0.159918	0.161726	0.160513	0.154950	0.162895	0.161251	0.160362	0.162963	0.163229	0.160794	0.167456	0.165474	0.154180
661.0	0.156387	0.164831	0.167651	0.161630	0.167791	0.161372	0.165352	0.166604	0.165955	0.164873	0.160006	0.166062	0.166801	0.166121	0.169026	0.170781	0.167014	0.172603	0.167366	0.158583
662.0	0.163145	0.170113	0.173845	0.166841	0.174258	0.168366	0.169997	0.174673	0.172619	0.169567	0.166959	0.172144	0.170407	0.173626	0.175854	0.178604	0.174083	0.178973	0.172928	0.165730
663.0	0.171056	0.178209	0.180926	0.175364	0.182590	0.177995	0.178383	0.183747	0.180185	0.178078	0.175426	0.178403	0.175915	0.181889	0.184810	0.186948	0.185423	0.187040	0.181817	0.173939
664.0	0.183260	0.188354	0.192018	0.185919	0.193379	0.188537	0.190170	0.193526	0.190026	0.190688	0.188340	0.188131	0.184712	0.191106	0.194175	0.192571	0.197630	0.195173	0.192067	0.185790
665.0	0.194553	0.204021	0.204895	0.201107	0.208819	0.202317	0.204918	0.205940	0.202468	0.202603	0.202643	0.200192	0.196233	0.204584	0.207141	0.202373	0.211010	0.207737	0.205450	0.199734
666.0	0.209664	0.221560	0.219004	0.219549	0.227137	0.220222	0.221856	0.222519	0.217876	0.218372	0.218144	0.215271	0.212763	0.219840	0.222124	0.215797	0.225519	0.221255	0.222066	0.217433
667.0	0.230310	0.243403	0.237228	0.242319	0.246143	0.237526	0.243238	0.241546	0.235996	0.238386	0.238610	0.235136	0.233635	0.237676	0.240644	0.235237	0.244147	0.240803	0.241919	0.238135
668.0	0.256465	0.265097	0.256123	0.268065	0.269288	0.257591	0.268260	0.263898	0.260235	0.261718	0.260962	0.261507	0.257864	0.261446	0.263029	0.258674	0.267021	0.264022	0.266111	0.263670
669.0	0.287021	0.294791	0.284556	0.295473	0.296974	0.286429	0.296969	0.292135	0.286247	0.290082	0.291141	0.290942	0.289944	0.288091	0.289327	0.289662	0.292077	0.291999	0.296670	0.289484
670.0	0.323147	0.328885	0.319545	0.327542	0.328833	0.322193	0.330623	0.324901	0.317778	0.323885	0.325435	0.327174	0.326191	0.319841	0.320275	0.327365	0.326885	0.329835	0.338565	0.322742
671.0	0.365016	0.369259	0.364290	0.363435	0.369805	0.362625	0.369768	0.367743	0.359809	0.360923	0.367313	0.370434	0.372865	0.357112	0.361489	0.369502	0.367898	0.371843	0.381392	0.361581
672.0	0.416215	0.417333	0.416449	0.411346	0.418340	0.412417	0.419088	0.420629	0.412636	0.404302	0.415062	0.421508	0.424957	0.404897	0.413251	0.422481	0.421439	0.425711	0.430186	0.410206
673.0	0.475895	0.472414	0.478034	0.469604	0.476492	0.474552	0.479612	0.477037	0.476671	0.461514	0.475306	0.480483	0.483582	0.461414	0.476254	0.481031	0.481228	0.482434	0.486224	0.468907
674.0	0.542165	0.539342	0.549397	0.537811	0.543418	0.541856	0.547217	0.538690	0.547947	0.531032	0.543747	0.547666	0.549559	0.526282	0.542741	0.545422	0.549886	0.545167	0.548693	0.537988
675.0	0.611783	0.615181	0.623241	0.615944	0.616604	0.615592	0.621697	0.605422	0.622432	0.604833	0.617681	0.618655	0.621809	0.601117	0.619086	0.621574	0.625675	0.618227	0.620490	0.608877
676.0	0.684189	0.692099	0.698249	0.695569	0.694383	0.688526	0.698177	0.677094	0.698268	0.684707	0.693364	0.692212	0.698571	0.680029	0.697971	0.697939	0.703187	0.695460	0.694153	0.683516
677.0	0.759249	0.768380	0.771452	0.775159	0.768725	0.764330	0.773711	0.749732	0.772256	0.766308	0.768288	0.763513	0.771560	0.758161	0.776257	0.774227	0.776279	0.774090	0.764648	0.757217
678.0	0.830269	0.836444	0.841651	0.846167	0.836655	0.834730	0.842348	0.818997	0.838310	0.841253	0.844015	0.831252	0.839140	0.832046	0.850158	0.842145	0.846673	0.843593	0.833546	0.830803
679.0	0.895177	0.899632	0.905759	0.905954	0.897407	0.897757	0.905105	0.881910	0.894944	0.905407	0.908676	0.887743	0.894634	0.896769	0.907020	0.904270	0.904521	0.901886	0.899553	0.892701
680.0	0.947584	0.947843	0.951031	0.950432	0.948141	0.946218	0.956543	0.933192	0.943715	0.954329	0.955709	0.940328	0.941024	0.946821	0.955614	0.950419	0.952403	0.951275	0.955316	0.942999
681.0	0.979286	0.982987	0.985549	0.982148	0.983136	0.980076	0.985923	0.975338	0.976694	0.986383	0.988806	0.977344	0.976175	0.980265	0.986171	0.983307	0.984138	0.982187	0.986363	0.973307
682.0	0.999984	1.000000	1.000000	1.000000	1.000000	0.998996	1.000000	0.999102	0.993931	1.000000	1.000000	0.997684	0.996876	0.998925	1.000000	1.000000	1.000000	0.999253	1.000000	0.994278
683.0	1.000000	0.999343	0.997510	0.996884	0.997197	1.000000	0.998218	1.000000	1.000000	0.996764	0.995666	1.000000	1.000000	1.000000	0.998955	0.997389	0.996989	1.000000	0.998115	1.000000
684.0	0.982309	0.986722	0.982694	0.983564	0.976083	0.983993	0.984833	0.984313	0.989127	0.985833	0.974526	0.985735	0.987463	0.988722	0.982886	0.981873	0.987532	0.984635	0.984312	0.990212
685.0	0.948102	0.960444	0.956802	0.954931	0.946688	0.953571	0.960930	0.952855	0.958549	0.959389	0.944829	0.959629	0.964988	0.968113	0.958011	0.952143	0.958047	0.956834	0.957181	0.962536
686.0	0.905154	0.923690	0.920511	0.915534	0.905715	0.912089	0.922592	0.915164	0.918696	0.922563	0.898244	0.919522	0.928896	0.932224	0.919690	0.912144	0.920809	0.923861	0.918586	0.924134
687.0	0.858159	0.879355	0.875798	0.867483	0.856568	0.871739	0.875369	0.871677	0.869968	0.877430	0.849056	0.871944	0.882466	0.887662	0.876927	0.867324	0.873748	0.879947	0.871977	0.876203
688.0	0.804027	0.825699	0.828788	0.815429	0.806647	0.819267	0.828991	0.824544	0.814282	0.827667	0.802177	0.820944	0.828519	0.836053	0.828367	0.815159	0.826850	0.828039	0.823780	0.825702
689.0	0.754413	0.772464	0.776833	0.758178	0.760134	0.765824	0.780360	0.772612	0.755994	0.776653	0.751884	0.766937	0.774776	0.785091	0.771091	0.767064	0.772556	0.776759	0.774552	0.772067
690.0	0.706067	0.717410	0.719966	0.702510	0.714660	0.711983	0.728631	0.717881	0.701937	0.720706	0.700279	0.716246	0.720620	0.729328	0.721780	0.715409	0.721365	0.726488	0.720804	0.717043
691.0	0.659379	0.665495	0.667282	0.656295	0.666175	0.660656	0.672540	0.669173	0.647209	0.670435	0.653611	0.665644	0.669604	0.675855	0.664488	0.667859	0.671224	0.675553	0.669217	0.661117
692.0	0.618143	0.617165	0.617029	0.610981	0.620756	0.610697	0.621608	0.619321	0.602171	0.617364	0.605007	0.616607	0.624411	0.623083	0.615524	0.618637	0.623638	0.628118	0.621353	0.610925
693.0	0.575221	0.570136	0.570830	0.566329	0.574636	0.562362	0.575529	0.570529	0.564107	0.569099	0.562274	0.570401	0.581806	0.572902	0.573291	0.572849	0.580039	0.586171	0.574814	0.565699
694.0	0.539906	0.528466	0.536240	0.528923	0.533728	0.523673	0.540357	0.529742	0.529288	0.532298	0.526757	0.532165	0.543578	0.531480	0.535710	0.532577	0.542779	0.542606	0.536929	0.525845
695.0	0.508134	0.496410	0.505357	0.493335	0.503036	0.489230	0.507144	0.495947	0.498496	0.498152	0.497818	0.500446	0.512021	0.496471	0.503639	0.496931	0.502185	0.504154	0.499796	0.495561
696.0	0.481520	0.472375	0.476910	0.466234	0.472537	0.461351	0.476685	0.468584	0.474898	0.467428	0.467834	0.472937	0.481104	0.467787	0.475302	0.469073	0.473988	0.477685	0.470984	0.468430
697.0	0.455632	0.448695	0.452010	0.444588	0.447868	0.442436	0.452750	0.446649	0.452481	0.442315	0.446458	0.453028	0.455026	0.446882	0.452283	0.448377	0.449516	0.452211	0.447811	0.447190
698.0	0.430144	0.427742	0.432098	0.428592	0.430400	0.423579	0.436128	0.431759	0.431752	0.422147	0.428156	0.437687	0.433477	0.429675	0.432787	0.430547	0.431897	0.432861	0.429134	0.428306
699.0	0.411680	0.413269	0.415759	0.410903	0.417068	0.413592	0.416653	0.414953	0.411340	0.408411	0.415732	0.421447	0.419600	0.416209	0.417811	0.421093	0.415049	0.419373	0.411230	0.415285
700.0	0.398863	0.400641	0.402589	0.399558	0.403829	0.403507	0.402036	0.399997	0.398236	0.392792	0.401839	0.406719	0.404427	0.405333	0.405171	0.410266	0.404339	0.406715	0.396905	0.402444
701.0	0.387510	0.389654	0.394138	0.391424	0.392229	0.392802	0.390856	0.392913	0.390454	0.385122	0.391491	0.393010	0.394694	0.398734	0.392479	0.400028	0.393489	0.396389	0.389779	0.392398
702.0	0.377016	0.381651	0.388108	0.385488	0.382387	0.384316	0.381015	0.384725	0.385250	0.377590	0.381875	0.380631	0.386609	0.390654	0.385790	0.391348	0.385072	0.387174	0.384968	0.381840
703.0	0.368018	0.373099	0.381677	0.377905	0.372672	0.374867	0.372651	0.376898	0.379633	0.373518	0.374203	0.370926	0.379356	0.381366	0.378935	0.381448	0.378698	0.380136	0.379089	0.374706
704.0	0.362662	0.368763	0.376864	0.370060	0.368436	0.367455	0.368224	0.372825	0.374791	0.369467	0.369085	0.361246	0.373117	0.372044	0.371018	0.373891	0.372355	0.371587	0.377939	0.369164
705.0	0.358653	0.368029	0.369257	0.365105	0.363893	0.359919	0.362358	0.367367	0.370993	0.363371	0.363168	0.354151	0.368008	0.363064	0.364680	0.368986	0.366945	0.364092	0.373175	0.367421
706.0	0.352880	0.365971	0.362127	0.360757	0.359121	0.352641	0.356048	0.361119	0.364660	0.354525	0.356115	0.349744	0.361719	0.357798	0.359046	0.360592	0.363617	0.361677	0.367401	0.361221
707.0	0.347638	0.359843	0.355264	0.356850	0.356468	0.347264	0.352772	0.354330	0.356429	0.348966	0.350027	0.347676	0.356942	0.351583	0.352368	0.353948	0.360518	0.356338	0.362764	0.355585
708.0	0.341988	0.352425	0.349442	0.351957	0.351889	0.340847	0.347665	0.348280	0.347896	0.342904	0.345280	0.348693	0.352772	0.346343	0.348155	0.348563	0.354111	0.352885	0.356232	0.348318
709.0	0.337307	0.346430	0.341401	0.347093	0.347658	0.338349	0.343081	0.340965	0.342268	0.336989	0.340116	0.348975	0.345696	0.340948	0.344491	0.344107	0.347101	0.347200	0.348454	0.343528
710.0	0.333667	0.340013	0.336609	0.341111	0.343675	0.335245	0.337040	0.333875	0.338273	0.332797	0.334200	0.344426	0.340744	0.338726	0.338670	0.337418	0.340303	0.341251	0.340574	0.337723
711.0	0.329299	0.334945	0.332562	0.334707	0.338156	0.330527	0.331920	0.329212	0.335304	0.330995	0.330049	0.337862	0.333786	0.335001	0.334626	0.332469	0.332552	0.335986	0.336665	0.332814
712.0	0.325414	0.329296	0.323725	0.328923	0.332800	0.326124	0.327028	0.324560	0.330769	0.331128	0.326339	0.333408	0.327795	0.331316	0.331007	0.327169	0.327384	0.330924	0.332689	0.328976
713.0	0.319919	0.323366	0.316175	0.322173	0.328914	0.321552	0.322038	0.320357	0.325999	0.328835	0.321633	0.326258	0.319795	0.324885	0.326613	0.319697	0.322948	0.327300	0.327206	0.324221
714.0	0.317084	0.320051	0.309342	0.317712	0.326029	0.316060	0.319005	0.316397	0.322438	0.324438	0.317126	0.317385	0.314314	0.319105	0.319611	0.315091	0.317811	0.322684	0.323628	0.321663
715.0	0.313958	0.317397	0.304468	0.313748	0.318877	0.313458	0.315588	0.313230	0.319119	0.318052	0.310203	0.311239	0.308728	0.314348	0.312093	0.311040	0.313791	0.317678	0.316373	0.317557
716.0	0.307382	0.312975	0.300342	0.306695	0.312518	0.308951	0.310086	0.311053	0.310231	0.309072	0.305853	0.305906	0.304767	0.309348	0.305685	0.305336	0.310237	0.313223	0.309111	0.310415
717.0	0.300100	0.306565	0.295914	0.299979	0.306132	0.302355	0.305053	0.307077	0.302156	0.301100	0.298610	0.300441	0.300347	0.304802	0.299201	0.300230	0.304724	0.307136	0.304012	0.301144
718.0	0.292400	0.298430	0.294195	0.293801	0.298289	0.295827	0.298160	0.302208	0.295881	0.291082	0.291934	0.297070	0.296520	0.298641	0.294927	0.297090	0.295858	0.300590	0.296180	0.293032
719.0	0.284739	0.292250	0.290996	0.289522	0.291376	0.291840	0.291630	0.297332	0.290515	0.281061	0.283811	0.293101	0.290217	0.291368	0.289711	0.291811	0.289570	0.291085	0.291524	0.285769
720.0	0.277083	0.286065	0.286864	0.284123	0.284175	0.284501	0.282985	0.289301	0.284017	0.276701	0.276996	0.284008	0.286315	0.282392	0.285820	0.285910	0.283019	0.283488	0.286065	0.278464
721.0	0.271397	0.280990	0.281269	0.277918	0.277321	0.276963	0.275894	0.281769	0.276474	0.271703	0.271288	0.279068	0.280818	0.273476	0.280830	0.278598	0.274785	0.277064	0.280727	0.270453
722.0	0.264164	0.272996	0.273029	0.269521	0.271644	0.269678	0.269226	0.273384	0.269339	0.267426	0.264695	0.274609	0.273864	0.266796	0.275578	0.271413	0.269392	0.271310	0.274305	0.263178
723.0	0.258216	0.264840	0.265127	0.261670	0.265960	0.262804	0.261810	0.264612	0.261896	0.261157	0.258004	0.267003	0.264533	0.259293	0.268124	0.265179	0.261717	0.265715	0.268436	0.255760
724.0	0.252328	0.257574	0.257347	0.253308	0.256905	0.255937	0.255155	0.256160	0.254144	0.254667	0.250423	0.258710	0.257134	0.253813	0.257050	0.258336	0.254034	0.261593	0.261106	0.250446
725.0	0.244607	0.249335	0.249480	0.246324	0.248754	0.251614	0.248743	0.249295	0.245907	0.250063	0.243340	0.249329	0.247844	0.249121	0.247100	0.251957	0.247419	0.254270	0.251146	0.242730
726.0	0.236428	0.241508	0.241791	0.237006	0.241329	0.244068	0.240257	0.242133	0.236369	0.243297	0.236953	0.240594	0.241392	0.241759	0.239193	0.242822	0.238873	0.246176	0.240994	0.234181
727.0	0.229606	0.232122	0.233590	0.230055	0.233250	0.236478	0.232096	0.233273	0.228558	0.234921	0.228547	0.232012	0.232651	0.235803	0.232255	0.233513	0.230242	0.235340	0.233365	0.225129
728.0	0.223747	0.224202	0.227167	0.222667	0.224658	0.228820	0.225219	0.226096	0.222003	0.226772	0.221224	0.224525	0.225069	0.227467	0.226173	0.226249	0.222582	0.225091	0.225138	0.216998
729.0	0.217730	0.217446	0.219066	0.215778	0.216337	0.221654	0.219442	0.217310	0.214922	0.218085	0.215071	0.217201	0.217622	0.216558	0.218722	0.218640	0.216525	0.215700	0.217977	0.210522
730.0	0.211417	0.208395	0.207912	0.209141	0.207614	0.212186	0.212423	0.209180	0.208469	0.211684	0.208521	0.209491	0.212208	0.206326	0.211835	0.210382	0.207923	0.207932	0.210737	0.204201
731.0	0.205043	0.200627	0.198759	0.201648	0.201307	0.203719	0.206255	0.201318	0.201732	0.203626	0.201006	0.203656	0.204673	0.197530	0.203106	0.202625	0.200396	0.202311	0.202332	0.196543
732.0	0.196043	0.193018	0.191615	0.192526	0.194760	0.193184	0.199349	0.193925	0.193760	0.196542	0.194478	0.197157	0.196637	0.190240	0.195130	0.196564	0.194478	0.197319	0.196928	0.188419
733.0	0.187988	0.186435	0.183317	0.185176	0.187980	0.184351	0.190947	0.187400	0.186786	0.188454	0.188275	0.188187	0.188169	0.184365	0.185695	0.189877	0.187877	0.191918	0.191177	0.182362
734.0	0.178490	0.179827	0.176312	0.176735	0.180605	0.174673	0.182419	0.181175	0.178111	0.180701	0.181134	0.179521	0.181528	0.178412	0.176471	0.182271	0.180643	0.185370	0.183278	0.175705
735.0	0.168777	0.171789	0.169323	0.169705	0.175013	0.166862	0.174269	0.174624	0.170843	0.174589	0.173211	0.171778	0.174714	0.171874	0.168110	0.175638	0.172266	0.176428	0.175570	0.169998
736.0	0.161108	0.165080	0.163764	0.162654	0.167325	0.158651	0.165644	0.167481	0.164422	0.166742	0.163906	0.164442	0.169045	0.164063	0.161387	0.166157	0.163100	0.168724	0.166293	0.163058
737.0	0.154256	0.156756	0.158125	0.157614	0.158579	0.151571	0.157160	0.159942	0.158253	0.157909	0.156482	0.159114	0.161663	0.156601	0.155476	0.158151	0.155181	0.157996	0.159070	0.157508
738.0	0.147856	0.151120	0.152305	0.151290	0.149298	0.144727	0.150196	0.154848	0.151824	0.149736	0.148600	0.152680	0.154723	0.149682	0.150041	0.151164	0.149466	0.149408	0.151522	0.152012
739.0	0.142253	0.144331	0.144944	0.145442	0.141689	0.140493	0.143299	0.147390	0.145611	0.141666	0.142409	0.147237	0.148743	0.142018	0.143939	0.144269	0.143581	0.142514	0.144844	0.144468
740.0	0.135342	0.134565	0.137149	0.139081	0.133407	0.137319	0.135910	0.140146	0.141041	0.134867	0.134224	0.141898	0.141525	0.136625	0.137912	0.138519	0.136764	0.135280	0.138673	0.137941
741.0	0.129161	0.128773	0.131838	0.131636	0.127432	0.133214	0.131286	0.132952	0.134259	0.129044	0.127712	0.135566	0.132575	0.130448	0.132165	0.133559	0.132318	0.130220	0.132396	0.129992
742.0	0.122564	0.123335	0.126528	0.124174	0.121396	0.126642	0.125323	0.126047	0.126846	0.124802	0.123298	0.129374	0.126318	0.126400	0.126944	0.126383	0.127033	0.125574	0.128244	0.122696
743.0	0.117390	0.117734	0.120061	0.117839	0.116574	0.120870	0.119825	0.119903	0.120783	0.119257	0.118951	0.121346	0.118987	0.121245	0.121825	0.118395	0.121252	0.120025	0.123158	0.118244
744.0	0.111780	0.113250	0.114208	0.111452	0.112995	0.113456	0.114905	0.112849	0.114211	0.114107	0.114318	0.115389	0.113313	0.116196	0.116304	0.111443	0.115073	0.115082	0.118823	0.112260
745.0	0.105622	0.108332	0.108695	0.105778	0.108872	0.107312	0.110148	0.107296	0.108432	0.108369	0.110382	0.109700	0.107100	0.110612	0.109479	0.106729	0.108529	0.110360	0.112972	0.108666
746.0	0.100392	0.104458	0.104090	0.100748	0.103406	0.099395	0.105060	0.102571	0.103101	0.102328	0.104572	0.102822	0.101343	0.104818	0.103830	0.102170	0.102487	0.105490	0.106705	0.103483
747.0	0.096257	0.100497	0.099172	0.096348	0.098288	0.093496	0.100348	0.098219	0.099039	0.096465	0.099600	0.098666	0.096123	0.097680	0.099142	0.098082	0.096406	0.099083	0.102163	0.099211
748.0	0.091671	0.097783	0.094568	0.092601	0.093767	0.087630	0.095711	0.094101	0.093974	0.090545	0.093670	0.094090	0.091673	0.091245	0.094567	0.093677	0.091362	0.093522	0.097993	0.094164
749.0	0.087086	0.092386	0.089775	0.089251	0.087761	0.083443	0.090496	0.090752	0.090197	0.086296	0.088270	0.089626	0.086703	0.085479	0.088592	0.088949	0.084312	0.087951	0.094375	0.087133
750.0	0.082041	0.086955	0.084836	0.085483	0.082552	0.080353	0.084749	0.087760	0.087380	0.081256	0.081167	0.085673	0.082050	0.079999	0.082657	0.085881	0.079419	0.082037	0.089150	0.082395
751.0	0.077947	0.082952	0.080874	0.079327	0.078446	0.076968	0.079611	0.083798	0.082631	0.077041	0.076944	0.081121	0.077525	0.075754	0.077947	0.081540	0.074803	0.077636	0.084316	0.076680
752.0	0.073205	0.076708	0.075728	0.073486	0.073266	0.072620	0.074118	0.077966	0.077689	0.073129	0.071945	0.076757	0.074000	0.072641	0.074237	0.075292	0.069800	0.074482	0.078868	0.070252
753.0	0.068767	0.069692	0.071774	0.068914	0.069344	0.068829	0.068246	0.073441	0.072793	0.068139	0.067663	0.071427	0.069781	0.067851	0.070262	0.069028	0.065834	0.070347	0.073673	0.066470
754.0	0.063964	0.064057	0.067029	0.063748	0.065644	0.064917	0.063206	0.067760	0.067712	0.063502	0.063903	0.066660	0.065435	0.063960	0.064997	0.064202	0.063093	0.067470	0.068926	0.061587
755.0	0.059468	0.058580	0.062983	0.058789	0.061591	0.060009	0.058505	0.063553	0.062927	0.057720	0.060542	0.061538	0.060609	0.060590	0.059784	0.059582	0.060492	0.064047	0.062184	0.059192
756.0	0.055282	0.053895	0.058683	0.053886	0.057276	0.054809	0.054758	0.058865	0.057235	0.053465	0.055783	0.056856	0.056109	0.056239	0.056287	0.055410	0.058159	0.060249	0.058960	0.055388
757.0	0.052822	0.050006	0.054207	0.049828	0.053211	0.051272	0.052078	0.053673	0.052681	0.049407	0.050484	0.052276	0.053057	0.051407	0.052774	0.052438	0.055043	0.056367	0.055918	0.051636
758.0	0.049253	0.047443	0.050004	0.047030	0.049863	0.046924	0.049890	0.049355	0.048154	0.045528	0.045961	0.047639	0.049659	0.047536	0.049186	0.049235	0.050802	0.051555	0.053040	0.047431
759.0	0.045275	0.044484	0.046036	0.043706	0.044667	0.042914	0.047881	0.046808	0.044006	0.042911	0.041748	0.043057	0.045711	0.043879	0.044575	0.047196	0.045273	0.047394	0.049917	0.043593
760.0	0.042171	0.042516	0.042208	0.041714	0.042022	0.040081	0.044156	0.044604	0.041054	0.039568	0.038039	0.039647	0.042597	0.040127	0.041516	0.045224	0.041393	0.043950	0.046895	0.040335
761.0	0.039513	0.041212	0.039317	0.037796	0.039101	0.036915	0.041146	0.041635	0.039308	0.038117	0.035925	0.036376	0.038912	0.037666	0.038544	0.043099	0.036998	0.040892	0.043131	0.037560
762.0	0.036600	0.039426	0.036425	0.034894	0.035868	0.033603	0.037904	0.038241	0.036622	0.036471	0.034329	0.033822	0.035721	0.034765	0.036550	0.040086	0.033178	0.038560	0.039097	0.034779
763.0	0.034027	0.036487	0.033198	0.032508	0.032955	0.031157	0.033556	0.036063	0.033877	0.033660	0.032649	0.031138	0.032618	0.031424	0.034666	0.037414	0.031481	0.035102	0.035455	0.033416
764.0	0.031187	0.033189	0.029940	0.029362	0.030649	0.029139	0.030307	0.033741	0.031475	0.031042	0.030227	0.029376	0.030123	0.027628	0.031764	0.034089	0.029460	0.032865	0.031687	0.031624
765.0	0.028762	0.029735	0.027631	0.027380	0.028237	0.027032	0.027297	0.031626	0.028699	0.027706	0.028100	0.027100	0.027899	0.024453	0.029597	0.030486	0.027740	0.029678	0.028264	0.030525
766.0	0.026216	0.026060	0.025500	0.025541	0.026298	0.025372	0.025131	0.029188	0.026107	0.025597	0.026049	0.025695	0.025657	0.021533	0.026942	0.028298	0.026590	0.026503	0.027057	0.028098
767.0	0.025201	0.024298	0.023213	0.023672	0.024392	0.023834	0.022218	0.026276	0.024067	0.023113	0.023240	0.023471	0.024368	0.019702	0.023927	0.025933	0.025219	0.023164	0.025419	0.025194
768.0	0.023357	0.022548	0.021292	0.022013	0.023002	0.022361	0.020639	0.024282	0.021853	0.020535	0.021499	0.021177	0.022030	0.018748	0.021546	0.023633	0.023307	0.020474	0.024372	0.022884
769.0	0.020907	0.021392	0.020003	0.020258	0.020785	0.020316	0.019080	0.022924	0.019779	0.018505	0.019174	0.019296	0.020262	0.018273	0.020170	0.021804	0.021751	0.019222	0.023019	0.021053
770.0	0.019245	0.020347	0.019036	0.018689	0.018999	0.018666	0.017254	0.022050	0.018718	0.016279	0.017594	0.017967	0.018611	0.017462	0.019207	0.019710	0.020453	0.017477	0.021715	0.018789
771.0	0.017561	0.020176	0.018286	0.016555	0.017000	0.016434	0.016346	0.021024	0.018469	0.015570	0.016163	0.016864	0.017084	0.016641	0.017585	0.018580	0.018442	0.016947	0.019600	0.017580
772.0	0.016039	0.019644	0.017592	0.015101	0.015589	0.014117	0.015473	0.019787	0.017456	0.014692	0.014781	0.016489	0.016073	0.014948	0.016405	0.016908	0.016115	0.016705	0.018399	0.016436
773.0	0.014567	0.018143	0.016481	0.014314	0.014113	0.012914	0.014344	0.018539	0.017013	0.013829	0.013846	0.015784	0.014933	0.013559	0.015233	0.015833	0.014484	0.015560	0.016703	0.015126
774.0	0.013121	0.016680	0.015305	0.013918	0.012572	0.011978	0.013443	0.017495	0.016215	0.013020	0.012902	0.014870	0.014599	0.011865	0.013981	0.014895	0.012358	0.015006	0.014418	0.013969
775.0	0.012318	0.015043	0.013949	0.013209	0.011409	0.011283	0.012618	0.015943	0.015089	0.012402	0.012705	0.013566	0.013428	0.010873	0.012827	0.013998	0.011258	0.013791	0.012733	0.012402
776.0	0.011228	0.013660	0.013122	0.012634	0.010768	0.010568	0.011940	0.015178	0.014235	0.011560	0.012838	0.012912	0.011989	0.009945	0.011466	0.013987	0.010670	0.012636	0.012392	0.010314
777.0	0.011159	0.012859	0.012007	0.011633	0.009999	0.010302	0.010584	0.013841	0.013072	0.010710	0.011987	0.011762	0.010929	0.009420	0.010376	0.013311	0.009914	0.011701	0.011851	0.008925
778.0	0.010976	0.011621	0.010923	0.010879	0.009451	0.010159	0.009721	0.013213	0.011331	0.010048	0.011200	0.010407	0.009752	0.009348	0.009790	0.012940	0.008428	0.011122	0.011791	0.008106
779.0	0.010230	0.011075	0.009927	0.010054	0.009065	0.009427	0.009294	0.012940	0.009923	0.009230	0.010614	0.009524	0.009021	0.009502	0.009831	0.012180	0.007760	0.010428	0.011426	0.007745
780.0	0.009459	0.010364	0.009492	0.008791	0.008841	0.009010	0.009061	0.012329	0.008840	0.008678	0.009446	0.008170	0.007759	0.008846	0.009756	0.011534	0.006621	0.009219	0.010980	0.007354
781.0	0.008029	0.009491	0.008841	0.007697	0.008774	0.008658	0.008775	0.011750	0.008166	0.008356	0.008453	0.007672	0.006863	0.007909	0.009550	0.010831	0.005760	0.009194	0.010588	0.007103
782.0	0.007259	0.009164	0.008410	0.006952	0.008617	0.008326	0.009071	0.011291	0.007979	0.007954	0.006955	0.007326	0.006505	0.007258	0.009208	0.010239	0.004715	0.008551	0.010066	0.006440
783.0	0.006931	0.008423	0.008076	0.006751	0.008178	0.007676	0.008645	0.010678	0.007869	0.007266	0.006296	0.006224	0.006311	0.007120	0.009249	0.010034	0.004337	0.008078	0.009372	0.005481
784.0	0.006293	0.008184	0.007249	0.006556	0.007713	0.007221	0.008016	0.010082	0.007997	0.006575	0.005653	0.005979	0.006304	0.006745	0.008993	0.009554	0.004186	0.008030	0.008787	0.005375
785.0	0.005948	0.007509	0.006495	0.005845	0.007412	0.006301	0.007253	0.009643	0.008014	0.006256	0.005043	0.006133	0.006171	0.006447	0.008481	0.008624	0.004689	0.007632	0.008328	0.005375
786.0	0.005546	0.006887	0.006225	0.005523	0.006539	0.005439	0.006248	0.009763	0.008294	0.005835	0.005016	0.005956	0.005765	0.006343	0.007851	0.008463	0.005216	0.007212	0.008238	0.005723
787.0	0.005207	0.006197	0.005762	0.004992	0.006094	0.005030	0.005568	0.008857	0.008218	0.005381	0.004571	0.005858	0.005788	0.005866	0.006915	0.007934	0.004911	0.007443	0.007643	0.006009
788.0	0.005312	0.005920	0.005122	0.004902	0.005490	0.004507	0.005118	0.008617	0.007690	0.004835	0.004508	0.005603	0.005254	0.005410	0.006383	0.007684	0.004594	0.007409	0.007562	0.005661
789.0	0.004901	0.005686	0.004717	0.004637	0.004938	0.003343	0.005103	0.007544	0.006760	0.004215	0.004534	0.005153	0.004707	0.004523	0.005790	0.007592	0.004062	0.007047	0.007566	0.005584
790.0	0.004668	0.005167	0.004884	0.004326	0.004335	0.002726	0.004539	0.006715	0.005882	0.003957	0.004349	0.004642	0.003826	0.003960	0.005207	0.007079	0.003449	0.006584	0.007063	0.005373
791.0	0.004189	0.004544	0.004645	0.003740	0.003689	0.002842	0.004080	0.006980	0.004952	0.003636	0.004062	0.004443	0.003279	0.003669	0.004398	0.006196	0.003241	0.006408	0.006450	0.004653
792.0	0.004470	0.005080	0.004321	0.003742	0.003190	0.002833	0.003894	0.007148	0.004384	0.003212	0.003377	0.004083	0.002984	0.003227	0.004079	0.005899	0.003020	0.005917	0.005427	0.003850
793.0	0.004337	0.004947	0.003871	0.003955	0.002926	0.002910	0.003557	0.007067	0.003747	0.002794	0.002900	0.003269	0.003435	0.003437	0.003733	0.005321	0.003292	0.005551	0.005171	0.003445
794.0	0.004405	0.004673	0.003492	0.003965	0.003361	0.003049	0.003323	0.006960	0.004329	0.002512	0.002519	0.003582	0.003819	0.003276	0.003493	0.004401	0.003201	0.004496	0.004808	0.003498
795.0	0.004332	0.004122	0.002868	0.004191	0.003518	0.003201	0.002537	0.007023	0.004683	0.002582	0.001684	0.003647	0.004070	0.002977	0.003185	0.003609	0.003111	0.003665	0.004354	0.003520
796.0	0.003977	0.003845	0.002410	0.004600	0.003685	0.003384	0.002448	0.006763	0.005312	0.002524	0.001689	0.003460	0.004066	0.002704	0.003023	0.003301	0.003032	0.003329	0.004133	0.003308
797.0	0.003599	0.003716	0.002151	0.004720	0.003797	0.003374	0.002444	0.006274	0.005490	0.002462	0.001915	0.003100	0.003763	0.002385	0.002839	0.003221	0.002787	0.003257	0.004103	0.002912
798.0	0.003256	0.003789	0.002179	0.004335	0.003797	0.003063	0.002466	0.005517	0.004886	0.002382	0.002327	0.002515	0.003071	0.002017	0.002580	0.003377	0.002309	0.003468	0.004293	0.002271
799.0	0.003010	0.004121	0.002584	0.003224	0.003629	0.002340	0.002454	0.004453	0.003166	0.002265	0.002889	0.001654	0.001901	0.001598	0.002193	0.003772	0.001532	0.003983	0.004734	0.001321
800.0	0.002920	0.004768	0.003452	0.001171	0.003237	0.001094	0.002349	0.003043	0.000000	0.002097	0.003567	0.000466	0.000163	0.001124	0.001625	0.004414	0.000388	0.004823	0.005457	0.000000
