500.0	0.005148	0.003545	0.006341	0.002849	0.004768	0.007293	0.006809	0.000000	0.002265	0.002954	0.004023	0.000994	0.004796	0.000445	0.004639	0.001042	0.002892	0.002639	0.002643	0.001277
501.0	0.004138	0.002097	0.005555	0.002681	0.006514	0.004832	0.006520	0.000289	0.004062	0.002705	0.005064	0.001459	0.003493	0.001292	0.005369	0.001698	0.002896	0.005181	0.003144	0.002211
502.0	0.003316	0.001541	0.005404	0.002712	0.007230	0.003576	0.006251	0.001231	0.005032	0.002894	0.006004	0.002338	0.003015	0.001970	0.005798	0.002357	0.002982	0.006219	0.003547	0.002835
503.0	0.002677	0.001694	0.005667	0.002900	0.007126	0.003263	0.006005	0.002619	0.005345	0.003384	0.006813	0.003446	0.003165	0.002478	0.005988	0.002954	0.003114	0.006150	0.003869	0.003163
504.0	0.002212	0.002371	0.006122	0.003202	0.006411	0.003629	0.005781	0.004246	0.005169	0.004041	0.007465	0.004596	0.003745	0.002815	0.006002	0.003426	0.003258	0.005370	0.004124	0.003206
505.0	0.001916	0.003387	0.006549	0.003577	0.005296	0.004412	0.005579	0.005906	0.004675	0.004729	0.007930	0.005602	0.004559	0.002978	0.005900	0.003708	0.003379	0.004274	0.004326	0.002978
506.0	0.001221	0.004480	0.005850	0.004496	0.004027	0.004661	0.005676	0.007276	0.004123	0.004960	0.007866	0.006000	0.005024	0.003084	0.006362	0.003008	0.002845	0.003577	0.004482	0.002329
507.0	0.001832	0.005567	0.005325	0.004368	0.002853	0.006208	0.005625	0.007867	0.003440	0.004796	0.008043	0.005359	0.005911	0.002422	0.005664	0.002959	0.003419	0.004063	0.004574	0.001218
508.0	0.002438	0.006283	0.005356	0.004440	0.002168	0.006356	0.004935	0.008000	0.003391	0.005145	0.007638	0.005094	0.005952	0.002182	0.005202	0.002637	0.003724	0.004745	0.005087	0.000027
509.0	0.003061	0.006665	0.004494	0.004086	0.000414	0.006229	0.004056	0.008677	0.003205	0.005756	0.007649	0.004440	0.005779	0.001907	0.004630	0.002813	0.003695	0.004645	0.005954	0.000170
510.0	0.003503	0.007199	0.004265	0.003888	0.000623	0.006625	0.004496	0.008703	0.003824	0.005953	0.007094	0.004306	0.005515	0.001479	0.004745	0.003383	0.004539	0.004492	0.005005	0.000795
511.0	0.003735	0.006329	0.004834	0.003575	0.001465	0.007154	0.004858	0.007851	0.003512	0.005741	0.006238	0.003950	0.004583	0.002447	0.004759	0.003844	0.004578	0.004727	0.004643	0.001863
512.0	0.004065	0.005564	0.004798	0.004409	0.001866	0.007053	0.004650	0.006834	0.004067	0.004305	0.005596	0.003965	0.003937	0.002540	0.005099	0.004301	0.004131	0.005641	0.005131	0.003213
513.0	0.004325	0.005709	0.003894	0.005296	0.002379	0.006995	0.004379	0.007436	0.004403	0.004473	0.005649	0.004171	0.003703	0.003278	0.004665	0.003737	0.004555	0.005733	0.005295	0.004359
514.0	0.004618	0.004797	0.004991	0.005400	0.002782	0.006963	0.004060	0.006868	0.004583	0.005123	0.004388	0.004262	0.003041	0.004672	0.003491	0.003652	0.003744	0.005926	0.005113	0.005212
515.0	0.004127	0.005721	0.005135	0.006147	0.003279	0.006649	0.004844	0.006703	0.003826	0.005665	0.004613	0.004826	0.002366	0.005587	0.004426	0.003539	0.003824	0.005517	0.004039	0.005337
516.0	0.003467	0.006445	0.004969	0.007674	0.003729	0.005732	0.005402	0.006223	0.003055	0.005406	0.005055	0.005209	0.002063	0.006464	0.004466	0.002707	0.003386	0.006000	0.003928	0.005201
517.0	0.003834	0.007797	0.005769	0.007903	0.003004	0.005277	0.005995	0.005804	0.002587	0.005859	0.006132	0.004529	0.001462	0.006865	0.005019	0.003018	0.004466	0.006460	0.003704	0.004438
518.0	0.005374	0.008195	0.006835	0.007716	0.003097	0.004554	0.005884	0.006239	0.002459	0.006399	0.006430	0.005364	0.002407	0.007311	0.005208	0.003058	0.005128	0.007078	0.004674	0.004084
519.0	0.006028	0.008273	0.007492	0.007740	0.003751	0.005600	0.006607	0.006955	0.003652	0.007008	0.007390	0.006213	0.003998	0.007012	0.005963	0.004235	0.005889	0.006588	0.005396	0.005040
520.0	0.006854	0.009222	0.007230	0.008156	0.005340	0.006999	0.007145	0.007889	0.004913	0.007920	0.008082	0.006863	0.004755	0.006390	0.006790	0.006632	0.007382	0.006400	0.005172	0.005835
521.0	0.008312	0.009773	0.008701	0.008572	0.006708	0.008961	0.006939	0.007866	0.005254	0.008707	0.008592	0.007522	0.005711	0.006371	0.007745	0.008528	0.007310	0.006071	0.005863	0.005525
522.0	0.010075	0.009914	0.009510	0.009124	0.008560	0.009360	0.007920	0.007939	0.006712	0.008654	0.008595	0.008912	0.007149	0.005558	0.008628	0.008811	0.007473	0.006165	0.007310	0.006171
523.0	0.011104	0.009928	0.010379	0.009583	0.009982	0.010554	0.008983	0.009397	0.008076	0.009826	0.008717	0.009439	0.008041	0.006591	0.010660	0.008073	0.008835	0.006077	0.008298	0.007133
524.0	0.012026	0.009308	0.012739	0.008806	0.011088	0.012550	0.009909	0.010313	0.009044	0.010594	0.009100	0.009808	0.009661	0.008316	0.011458	0.008993	0.009329	0.006713	0.009841	0.007328
525.0	0.012092	0.009465	0.012820	0.010492	0.012154	0.014737	0.011174	0.010845	0.010149	0.011528	0.010606	0.010238	0.010064	0.009040	0.012889	0.010127	0.009564	0.008216	0.009568	0.008652
526.0	0.011707	0.010628	0.013583	0.011757	0.013312	0.014735	0.012461	0.010804	0.010337	0.012733	0.011609	0.011793	0.011474	0.010275	0.013284	0.010841	0.010427	0.010110	0.011201	0.009824
527.0	0.011567	0.012031	0.014637	0.012254	0.013482	0.015430	0.013887	0.011528	0.011190	0.014249	0.013015	0.012235	0.012224	0.011971	0.013960	0.011689	0.011157	0.012337	0.011514	0.010593
528.0	0.011538	0.013142	0.015244	0.013497	0.015629	0.016483	0.015369	0.012156	0.011991	0.015871	0.013852	0.015494	0.014001	0.012978	0.014005	0.013941	0.011574	0.014188	0.013772	0.011615
529.0	0.012497	0.015924	0.017176	0.015059	0.017553	0.017587	0.016458	0.013035	0.014183	0.018495	0.015703	0.018256	0.015847	0.014309	0.014584	0.016257	0.012531	0.015628	0.016262	0.013030
530.0	0.015836	0.018776	0.018115	0.017546	0.019190	0.019278	0.018049	0.015609	0.016054	0.020279	0.018523	0.021260	0.016636	0.015203	0.014878	0.018113	0.014008	0.016807	0.017892	0.014653
531.0	0.017106	0.020715	0.020292	0.020097	0.019398	0.020167	0.019924	0.017309	0.018234	0.021434	0.019863	0.022653	0.017534	0.018408	0.016814	0.019278	0.015462	0.018315	0.019186	0.015034
532.0	0.019637	0.022849	0.021980	0.022148	0.020986	0.020733	0.021943	0.019625	0.019828	0.022806	0.022659	0.024747	0.018903	0.020420	0.019564	0.019701	0.017693	0.018473	0.020856	0.017567
533.0	0.021867	0.026000	0.025162	0.023875	0.021104	0.022896	0.023096	0.023425	0.021373	0.024768	0.025345	0.024435	0.020443	0.023009	0.022837	0.020488	0.020700	0.019698	0.022281	0.020359
534.0	0.022961	0.027720	0.028210	0.025062	0.022623	0.026445	0.023785	0.025282	0.024033	0.025496	0.029148	0.024630	0.023469	0.024790	0.024058	0.021888	0.022533	0.020529	0.024192	0.023031
535.0	0.024411	0.028785	0.028957	0.028034	0.023935	0.029905	0.025329	0.027038	0.026968	0.025693	0.031203	0.024531	0.024597	0.025780	0.024933	0.024160	0.024452	0.023035	0.025515	0.025923
536.0	0.025574	0.029098	0.029469	0.028258	0.025646	0.032497	0.027417	0.027769	0.028405	0.026463	0.031662	0.025525	0.025930	0.027230	0.026270	0.025751	0.025739	0.025021	0.028327	0.028205
537.0	0.026494	0.030031	0.031416	0.028764	0.027769	0.035671	0.028716	0.029471	0.030761	0.027208	0.031939	0.026217	0.026802	0.027852	0.026391	0.027171	0.027125	0.027459	0.030019	0.029353
538.0	0.028324	0.031061	0.032371	0.030957	0.029957	0.036793	0.031095	0.030741	0.032269	0.029682	0.031958	0.030017	0.028675	0.028936	0.027762	0.030915	0.028823	0.029829	0.031854	0.029809
539.0	0.030668	0.032190	0.034501	0.031430	0.032532	0.036773	0.031892	0.034175	0.033246	0.031859	0.032645	0.032424	0.030943	0.030309	0.028604	0.032760	0.030118	0.032072	0.033503	0.030526
540.0	0.034274	0.031962	0.035116	0.032614	0.034338	0.039005	0.035821	0.037782	0.034067	0.032175	0.033232	0.035445	0.033473	0.033020	0.031235	0.035120	0.032953	0.033906	0.035098	0.031457
541.0	0.035477	0.033557	0.037952	0.034391	0.035564	0.040040	0.039083	0.040482	0.034578	0.033731	0.034421	0.037848	0.034528	0.038194	0.035335	0.036874	0.035916	0.036629	0.037207	0.033076
542.0	0.037560	0.037595	0.040595	0.035860	0.038182	0.042175	0.042307	0.044241	0.036209	0.037052	0.037007	0.038995	0.037845	0.041576	0.039735	0.039382	0.040874	0.039115	0.038517	0.036107
543.0	0.039625	0.042794	0.043562	0.039968	0.041376	0.044299	0.044645	0.047973	0.040109	0.041540	0.041881	0.041912	0.040685	0.045590	0.043846	0.044654	0.047123	0.042151	0.041460	0.040562
544.0	0.041753	0.047806	0.045449	0.044110	0.046339	0.048312	0.046224	0.051151	0.045358	0.047794	0.048437	0.046189	0.045726	0.049713	0.046627	0.047661	0.051702	0.045433	0.044883	0.044657
545.0	0.046078	0.054492	0.048181	0.048964	0.049983	0.053555	0.049991	0.055543	0.049163	0.052609	0.054084	0.049371	0.048385	0.053805	0.049973	0.050947	0.055459	0.049799	0.050050	0.050154
546.0	0.051850	0.059098	0.052525	0.054477	0.055762	0.059751	0.054020	0.059131	0.055026	0.057319	0.058949	0.052897	0.051099	0.057549	0.054576	0.054035	0.058781	0.054134	0.055189	0.057987
547.0	0.058031	0.063997	0.057490	0.060846	0.061227	0.063836	0.058898	0.061879	0.062215	0.062396	0.064401	0.058097	0.056015	0.061265	0.059606	0.056455	0.064648	0.060064	0.060944	0.064811
548.0	0.065781	0.067280	0.063008	0.068372	0.066734	0.067860	0.066622	0.066861	0.068930	0.067371	0.069203	0.065815	0.062275	0.066012	0.064719	0.059729	0.070326	0.065924	0.065946	0.070063
549.0	0.072874	0.071358	0.068179	0.075667	0.071545	0.073297	0.072944	0.073141	0.075520	0.072273	0.075790	0.072674	0.069340	0.072166	0.071120	0.066932	0.075156	0.070261	0.071459	0.074198
550.0	0.080607	0.075570	0.075123	0.081661	0.077973	0.079567	0.081721	0.080510	0.083917	0.077419	0.082643	0.078394	0.077044	0.079256	0.079052	0.073576	0.082990	0.076567	0.078893	0.079248
551.0	0.086830	0.083323	0.084153	0.089030	0.085811	0.086378	0.089619	0.086222	0.088530	0.084852	0.089745	0.084060	0.083031	0.085884	0.086857	0.081126	0.090544	0.083419	0.086500	0.084781
552.0	0.095133	0.091890	0.092366	0.097337	0.093734	0.095869	0.099359	0.092658	0.095859	0.090664	0.093457	0.087759	0.092361	0.092362	0.094286	0.091537	0.100364	0.090374	0.092776	0.090834
553.0	0.103391	0.099548	0.099111	0.105584	0.101661	0.103189	0.106682	0.102447	0.104394	0.098880	0.101781	0.096326	0.100762	0.103668	0.101633	0.101876	0.109977	0.098627	0.101435	0.099289
554.0	0.111452	0.109017	0.107412	0.113444	0.109951	0.112314	0.113327	0.112565	0.110411	0.109219	0.112168	0.106973	0.111231	0.114026	0.108134	0.110288	0.118166	0.109213	0.108608	0.105619
555.0	0.122021	0.119023	0.119669	0.121446	0.117646	0.119751	0.119284	0.122686	0.116656	0.119841	0.122975	0.116075	0.119810	0.123642	0.119796	0.120510	0.125859	0.118994	0.115654	0.114700
556.0	0.132491	0.129245	0.132443	0.129164	0.128956	0.131416	0.127539	0.135620	0.128395	0.129572	0.133670	0.125138	0.130005	0.135168	0.132256	0.131809	0.132639	0.126287	0.125984	0.130258
557.0	0.141269	0.140017	0.143790	0.139915	0.137094	0.140670	0.138838	0.146122	0.140958	0.140412	0.144287	0.140401	0.142736	0.146718	0.146351	0.141016	0.143248	0.137283	0.138593	0.145135
558.0	0.153097	0.149269	0.157782	0.151689	0.147230	0.152785	0.148823	0.158775	0.155520	0.151140	0.156006	0.154380	0.154663	0.158828	0.158375	0.151317	0.153176	0.149186	0.150549	0.158007
559.0	0.166987	0.160087	0.171167	0.166185	0.158318	0.168402	0.160483	0.173362	0.169164	0.162278	0.173475	0.166690	0.168845	0.173992	0.174266	0.166920	0.163212	0.163467	0.162166	0.171792
560.0	0.181985	0.173258	0.186949	0.179288	0.173408	0.181181	0.177220	0.186725	0.183876	0.176262	0.186386	0.175337	0.179417	0.185892	0.187387	0.178442	0.176463	0.180154	0.176567	0.185720
561.0	0.195996	0.188477	0.200981	0.197511	0.188927	0.198907	0.191251	0.196929	0.194944	0.192374	0.197632	0.185580	0.191724	0.199723	0.198967	0.192567	0.192043	0.197755	0.194198	0.200562
562.0	0.214954	0.201736	0.212625	0.212122	0.204713	0.217358	0.210026	0.212086	0.209323	0.207443	0.210215	0.198264	0.205664	0.213517	0.210280	0.210808	0.208957	0.213919	0.211597	0.216566
563.0	0.231329	0.217987	0.224882	0.224462	0.219866	0.233296	0.228159	0.229482	0.223981	0.224150	0.226777	0.213335	0.221610	0.230625	0.222260	0.226174	0.225583	0.231398	0.230914	0.230501
564.0	0.247175	0.236600	0.240407	0.242188	0.237227	0.247293	0.246088	0.244754	0.240207	0.241158	0.246172	0.231125	0.240659	0.243606	0.237544	0.245134	0.243231	0.252646	0.248726	0.245715
565.0	0.264367	0.256951	0.257533	0.263226	0.251440	0.261703	0.264629	0.259084	0.257241	0.263153	0.264851	0.248309	0.260440	0.261654	0.255882	0.263304	0.262274	0.273158	0.263856	0.259806
566.0	0.283473	0.282043	0.274792	0.283456	0.269680	0.280746	0.285223	0.279114	0.278251	0.283691	0.284663	0.271313	0.280738	0.283785	0.273876	0.281788	0.281114	0.289881	0.282694	0.279247
567.0	0.302741	0.308002	0.293130	0.306144	0.287355	0.301040	0.304693	0.296453	0.298906	0.305459	0.304967	0.300088	0.302343	0.303054	0.294949	0.301900	0.298922	0.308717	0.300148	0.294559
568.0	0.322320	0.327662	0.317864	0.326907	0.307625	0.323570	0.325085	0.313322	0.320714	0.324162	0.325165	0.320828	0.320217	0.326864	0.317821	0.318128	0.316804	0.327309	0.318434	0.314578
569.0	0.343193	0.348629	0.342497	0.344947	0.333031	0.345143	0.348523	0.333254	0.338732	0.342885	0.344965	0.338228	0.341682	0.350089	0.343221	0.336965	0.336661	0.346669	0.334352	0.335963
570.0	0.364500	0.369672	0.370528	0.363763	0.362503	0.365865	0.370834	0.351213	0.361087	0.366706	0.358370	0.355970	0.357041	0.370991	0.363737	0.358436	0.359178	0.365127	0.354710	0.358979
571.0	0.384856	0.387607	0.394694	0.386895	0.385203	0.392810	0.392019	0.374848	0.380477	0.387732	0.381011	0.372470	0.373903	0.393711	0.382036	0.378615	0.380292	0.381785	0.379145	0.385839
572.0	0.406215	0.406349	0.417306	0.409390	0.408515	0.417416	0.415949	0.400227	0.401653	0.410061	0.408011	0.393316	0.394388	0.416804	0.403023	0.406792	0.403816	0.400711	0.402256	0.417914
573.0	0.423676	0.430965	0.443001	0.434352	0.433122	0.440204	0.442350	0.425872	0.421735	0.427309	0.432434	0.413915	0.418173	0.432994	0.422714	0.431793	0.425450	0.422645	0.426992	0.442653
574.0	0.443880	0.455178	0.468552	0.462245	0.456958	0.460600	0.468074	0.450325	0.447217	0.449905	0.456598	0.437205	0.443732	0.451068	0.447498	0.457920	0.453594	0.451180	0.451033	0.466868
575.0	0.463373	0.482900	0.490077	0.492028	0.476670	0.483513	0.489483	0.472041	0.472176	0.478693	0.479279	0.465574	0.470397	0.474639	0.471511	0.483263	0.485213	0.479113	0.469740	0.485669
576.0	0.489332	0.511518	0.509907	0.516817	0.500928	0.505384	0.511257	0.499034	0.500610	0.503008	0.508377	0.496724	0.490940	0.499998	0.495203	0.509306	0.516433	0.502586	0.495494	0.503657
577.0	0.512936	0.533856	0.531081	0.539186	0.520314	0.532653	0.535582	0.518099	0.522569	0.530153	0.533056	0.526868	0.518143	0.523622	0.518738	0.539155	0.541887	0.525122	0.518081	0.520662
578.0	0.534786	0.556596	0.552430	0.558329	0.544562	0.557839	0.559732	0.539596	0.544331	0.552815	0.557521	0.552251	0.546521	0.554241	0.545216	0.563117	0.565126	0.546023	0.546671	0.546646
579.0	0.560287	0.582026	0.568969	0.571134	0.576224	0.580898	0.579289	0.565101	0.570046	0.576498	0.578010	0.575954	0.582230	0.580652	0.569739	0.592150	0.590675	0.567039	0.569793	0.574443
580.0	0.586593	0.599593	0.594161	0.588090	0.607397	0.603379	0.599788	0.590297	0.601475	0.598597	0.601006	0.606154	0.611700	0.605042	0.596689	0.620603	0.617348	0.587022	0.598165	0.605623
581.0	0.614034	0.616543	0.614016	0.605817	0.626388	0.625341	0.624026	0.621252	0.626528	0.620394	0.630820	0.633025	0.633389	0.629512	0.620761	0.640436	0.638578	0.607791	0.628529	0.636898
582.0	0.640808	0.638782	0.636261	0.630560	0.648321	0.644716	0.644116	0.649763	0.650008	0.647653	0.653178	0.659050	0.659841	0.659284	0.646802	0.660965	0.660205	0.633804	0.653194	0.671011
583.0	0.663588	0.666227	0.663936	0.656372	0.667892	0.667059	0.670284	0.673972	0.676980	0.669615	0.672430	0.674194	0.681222	0.681777	0.669942	0.678980	0.676880	0.661805	0.679698	0.692830
584.0	0.688829	0.696522	0.689340	0.679611	0.683758	0.687369	0.691956	0.697677	0.702961	0.693378	0.690706	0.695544	0.703406	0.713433	0.695483	0.697738	0.698572	0.688273	0.708683	0.709916
585.0	0.710336	0.728608	0.711963	0.707195	0.705115	0.714116	0.716302	0.720676	0.728036	0.719482	0.713079	0.714944	0.724369	0.737310	0.720222	0.718476	0.725047	0.714766	0.734429	0.726183
586.0	0.734281	0.755756	0.737812	0.727540	0.721266	0.734909	0.739574	0.742691	0.750655	0.739605	0.743137	0.732168	0.739304	0.762350	0.740054	0.737653	0.751935	0.740762	0.756219	0.744568
587.0	0.756512	0.780855	0.758103	0.749259	0.740880	0.761026	0.761928	0.760261	0.764956	0.757594	0.765989	0.752910	0.762758	0.785786	0.755240	0.763923	0.772715	0.767508	0.772141	0.764891
588.0	0.774122	0.805005	0.775405	0.773769	0.769863	0.785581	0.786505	0.781772	0.784700	0.772385	0.789609	0.773239	0.785012	0.806408	0.777602	0.782167	0.795451	0.786632	0.793552	0.790787
589.0	0.798914	0.827442	0.797545	0.791893	0.795432	0.810622	0.805362	0.806720	0.803839	0.792648	0.813067	0.792370	0.815279	0.823150	0.795778	0.808469	0.818985	0.801296	0.811396	0.810681
590.0	0.826317	0.837730	0.822699	0.812229	0.818748	0.828140	0.832219	0.828210	0.819146	0.807568	0.834776	0.819045	0.836626	0.838982	0.824169	0.827436	0.848190	0.820526	0.834512	0.828880
591.0	0.852256	0.851732	0.842184	0.837423	0.834159	0.849201	0.851600	0.852674	0.834259	0.831383	0.854868	0.841935	0.853068	0.858465	0.843460	0.849733	0.873048	0.836291	0.856636	0.845259
592.0	0.872976	0.867672	0.862717	0.862432	0.846867	0.869142	0.868758	0.868624	0.851930	0.852986	0.871655	0.861309	0.872640	0.880645	0.854981	0.864789	0.884201	0.850838	0.875282	0.860363
593.0	0.888399	0.881297	0.881067	0.886342	0.856199	0.890271	0.886369	0.878853	0.875190	0.865975	0.887665	0.868345	0.884196	0.896085	0.866361	0.880917	0.893201	0.864199	0.890278	0.869190
594.0	0.905734	0.897429	0.893370	0.903930	0.871603	0.910023	0.899510	0.890272	0.891499	0.876218	0.902688	0.886882	0.897210	0.912149	0.876562	0.899951	0.905590	0.875520	0.904013	0.879137
595.0	0.915627	0.914422	0.902603	0.921717	0.891677	0.933664	0.916554	0.904836	0.907266	0.894984	0.921224	0.900204	0.908510	0.921292	0.893756	0.919323	0.925794	0.886333	0.912573	0.895310
596.0	0.933233	0.924723	0.916696	0.930121	0.905514	0.948757	0.921649	0.916736	0.927475	0.910737	0.944285	0.908954	0.920203	0.932619	0.902419	0.932566	0.939078	0.901341	0.920968	0.913935
597.0	0.944509	0.940027	0.927346	0.942780	0.922674	0.966443	0.926521	0.929920	0.942939	0.921002	0.954414	0.921732	0.929952	0.947275	0.914659	0.943769	0.946451	0.924090	0.933016	0.925934
598.0	0.948088	0.952490	0.940437	0.954375	0.938747	0.977606	0.939695	0.939234	0.956733	0.928851	0.962487	0.938951	0.939732	0.956166	0.925229	0.945416	0.953079	0.932642	0.943170	0.946709
599.0	0.959616	0.966622	0.957040	0.959615	0.950582	0.988118	0.946949	0.950711	0.965353	0.942513	0.967532	0.954713	0.950108	0.970631	0.931358	0.953216	0.961957	0.940231	0.951954	0.959533
600.0	0.970093	0.972473	0.969953	0.963046	0.961105	0.990084	0.959130	0.963326	0.971607	0.953554	0.971396	0.970863	0.955832	0.986526	0.951363	0.955261	0.972327	0.951451	0.964788	0.969469
601.0	0.973631	0.982407	0.981946	0.976519	0.967043	0.994866	0.966091	0.970956	0.985009	0.967345	0.974364	0.983961	0.968739	0.996670	0.959454	0.966685	0.981155	0.960365	0.976590	0.977736
602.0	0.972324	0.989875	0.992900	0.983816	0.969884	0.993592	0.978529	0.977288	0.992785	0.976119	0.979917	0.996946	0.978292	1.000000	0.963515	0.975197	0.982828	0.970904	0.986552	0.980662
603.0	0.972318	0.993996	0.997698	0.991173	0.978344	0.993581	0.988089	0.983138	0.995901	0.981912	0.983009	1.000000	0.983240	0.998193	0.973536	0.980586	0.988505	0.984548	0.986518	0.989177
604.0	0.981548	0.999209	1.000000	0.994212	0.988926	0.996463	0.994341	0.989455	0.999122	0.990088	0.981918	0.998061	0.982603	0.996988	0.981503	0.992254	0.997596	0.991029	0.983409	0.994680
605.0	0.987236	1.000000	0.999065	1.000000	0.996905	0.995360	1.000000	0.995070	1.000000	0.997899	0.987767	0.991296	0.990474	0.994431	0.992338	1.000000	1.000000	0.995433	0.984565	0.999875
606.0	0.996897	0.998448	0.999654	0.996506	1.000000	0.997485	0.996119	0.996921	0.998841	1.000000	0.997445	0.976609	1.000000	0.994914	0.998777	0.997166	0.999024	0.997297	0.994435	1.000000
607.0	0.996702	0.996922	0.996813	0.992437	0.996982	0.997596	0.988919	1.000000	0.992757	0.995083	0.999578	0.968406	0.995456	0.994097	1.000000	0.994426	0.999401	1.000000	1.000000	0.991439
608.0	0.998681	0.997551	0.986869	0.988942	0.989927	1.000000	0.988063	0.992396	0.989734	0.983206	1.000000	0.973536	0.991432	0.993488	0.988091	0.994462	0.990010	0.990721	0.991519	0.990725
609.0	1.000000	0.996573	0.982356	0.974053	0.982268	0.998996	0.979090	0.984059	0.984081	0.973302	0.994896	0.974626	0.983588	0.995292	0.981313	0.995262	0.990774	0.989393	0.977586	0.983187
610.0	0.998694	0.990179	0.974894	0.958616	0.972182	0.989394	0.969626	0.971329	0.977674	0.968499	0.994357	0.975196	0.977050	0.989796	0.976889	0.994337	0.986113	0.983512	0.973877	0.974527
611.0	0.995122	0.983335	0.965983	0.956467	0.955584	0.976499	0.963980	0.960105	0.978416	0.968336	0.991243	0.975797	0.973142	0.979109	0.964677	0.991486	0.984064	0.974865	0.969428	0.962040
612.0	0.985912	0.976008	0.963027	0.953294	0.944430	0.970141	0.959641	0.957994	0.974831	0.970718	0.986838	0.974611	0.971875	0.972574	0.955117	0.989732	0.981954	0.965755	0.965503	0.958398
613.0	0.976236	0.966872	0.962104	0.948628	0.937169	0.964679	0.955493	0.952409	0.968755	0.966356	0.977921	0.975459	0.969474	0.964339	0.953121	0.974918	0.977988	0.966207	0.960279	0.961989
614.0	0.969359	0.959968	0.958914	0.945110	0.931300	0.958748	0.944454	0.949976	0.968074	0.961676	0.964897	0.967133	0.956419	0.951230	0.942097	0.964298	0.972709	0.957312	0.953767	0.958441
615.0	0.962295	0.953320	0.953657	0.942158	0.928513	0.948426	0.942544	0.941445	0.959344	0.952102	0.958309	0.955007	0.954665	0.938420	0.937631	0.951357	0.962825	0.945773	0.946116	0.954545
616.0	0.951178	0.946157	0.942780	0.929088	0.925112	0.936547	0.932204	0.938639	0.945402	0.937014	0.949610	0.937707	0.945829	0.928675	0.931984	0.934362	0.956588	0.926585	0.945633	0.946522
617.0	0.934451	0.935674	0.928775	0.920672	0.923512	0.922761	0.923113	0.938998	0.938148	0.921182	0.936504	0.926695	0.924406	0.916766	0.916983	0.924517	0.946796	0.908671	0.942610	0.932665
618.0	0.921545	0.929374	0.911986	0.911820	0.915560	0.914813	0.918368	0.923816	0.925021	0.907017	0.919207	0.918593	0.907944	0.909648	0.901399	0.917204	0.926793	0.900823	0.923501	0.919608
619.0	0.903701	0.923715	0.901963	0.893419	0.908544	0.903389	0.906621	0.907922	0.904086	0.892468	0.904884	0.904750	0.892529	0.900178	0.885561	0.905763	0.922981	0.900995	0.909772	0.905501
620.0	0.893069	0.907710	0.884831	0.884705	0.896093	0.888613	0.896276	0.886576	0.886030	0.883809	0.892238	0.889783	0.878224	0.888332	0.866688	0.888890	0.911717	0.890564	0.899782	0.889349
621.0	0.883230	0.892104	0.868971	0.878084	0.879651	0.873780	0.886003	0.878027	0.877358	0.881017	0.883717	0.871077	0.861322	0.878197	0.853558	0.877292	0.894408	0.880118	0.881055	0.871581
622.0	0.863590	0.882702	0.857365	0.872546	0.869985	0.864014	0.876576	0.867591	0.867631	0.869479	0.869051	0.854537	0.849138	0.873325	0.843224	0.868330	0.885096	0.868232	0.864134	0.863684
623.0	0.846103	0.865795	0.844652	0.860055	0.857771	0.851889	0.859458	0.854354	0.854203	0.854182	0.859845	0.843722	0.838593	0.859076	0.834022	0.851502	0.872236	0.863616	0.852920	0.854564
624.0	0.833912	0.854331	0.828643	0.849899	0.843603	0.835794	0.839345	0.841104	0.838485	0.839967	0.849621	0.823771	0.823932	0.843186	0.816574	0.839047	0.860457	0.851094	0.834339	0.844401
625.0	0.829357	0.842232	0.812737	0.836424	0.830637	0.825956	0.828240	0.822553	0.824037	0.824081	0.839795	0.802420	0.816432	0.826491	0.807631	0.831593	0.848911	0.832835	0.815954	0.831821
626.0	0.818291	0.827370	0.797332	0.815182	0.815670	0.813390	0.812017	0.810826	0.809908	0.803037	0.827814	0.791607	0.803308	0.809428	0.797246	0.821241	0.827817	0.815004	0.806610	0.816553
627.0	0.801054	0.814952	0.784789	0.803279	0.807010	0.797914	0.800265	0.798412	0.801604	0.785292	0.808927	0.784920	0.788514	0.796622	0.787665	0.811885	0.798517	0.795219	0.796446	0.799458
628.0	0.787095	0.794742	0.774270	0.782843	0.791934	0.786764	0.789447	0.777690	0.782995	0.770698	0.792984	0.775777	0.775542	0.788629	0.776431	0.798750	0.773789	0.780688	0.781640	0.785142
629.0	0.772928	0.780133	0.766464	0.767543	0.773491	0.776916	0.771900	0.763022	0.761444	0.757089	0.780610	0.763574	0.763798	0.772358	0.764616	0.778399	0.757895	0.764577	0.774075	0.767565
630.0	0.763889	0.763586	0.753473	0.755452	0.752469	0.763261	0.754694	0.746556	0.742336	0.745744	0.764465	0.753159	0.745244	0.758380	0.750935	0.756350	0.738647	0.746784	0.759132	0.752872
631.0	0.746696	0.749355	0.739762	0.743028	0.735693	0.748499	0.735006	0.737571	0.729014	0.732232	0.751247	0.736198	0.724416	0.742249	0.747198	0.743234	0.718938	0.737185	0.741465	0.738946
632.0	0.723928	0.738880	0.726072	0.732897	0.723182	0.733274	0.719358	0.725637	0.717835	0.714874	0.734117	0.717028	0.710348	0.727315	0.731928	0.730567	0.711256	0.716282	0.728612	0.727334
633.0	0.706344	0.722441	0.710648	0.715998	0.707148	0.717182	0.697056	0.713344	0.706644	0.697249	0.720597	0.699108	0.704138	0.714004	0.715074	0.714382	0.701646	0.700882	0.719581	0.711353
634.0	0.695224	0.709982	0.696777	0.705363	0.687376	0.693517	0.681647	0.699764	0.694964	0.683136	0.703455	0.677507	0.695606	0.698270	0.696065	0.698368	0.699099	0.686220	0.702719	0.699321
635.0	0.681513	0.695702	0.683189	0.691853	0.675373	0.680915	0.672818	0.683660	0.688858	0.663327	0.691092	0.664619	0.689722	0.681167	0.680810	0.686351	0.693237	0.670351	0.687147	0.685642
636.0	0.664207	0.679110	0.671669	0.673630	0.664310	0.664175	0.662178	0.672038	0.677562	0.649167	0.678613	0.655965	0.682469	0.669520	0.667557	0.672188	0.682835	0.654607	0.672186	0.669354
637.0	0.650512	0.665157	0.658262	0.663418	0.661043	0.647894	0.652612	0.660510	0.668154	0.638919	0.661948	0.643226	0.671041	0.663623	0.656434	0.656562	0.667516	0.640604	0.656561	0.653934
638.0	0.642125	0.646251	0.649529	0.644742	0.649841	0.634217	0.646966	0.647430	0.653880	0.631435	0.651734	0.634338	0.652958	0.659477	0.647037	0.646040	0.657302	0.621894	0.642138	0.643498
639.0	0.631424	0.635270	0.635678	0.635304	0.634279	0.623155	0.634829	0.640228	0.634430	0.627177	0.641609	0.620964	0.635137	0.644400	0.636192	0.627439	0.642966	0.607571	0.625865	0.632736
640.0	0.623129	0.622824	0.617189	0.625156	0.619225	0.614987	0.621274	0.627308	0.617978	0.622457	0.625341	0.612010	0.614878	0.634045	0.619006	0.608026	0.623219	0.598199	0.608831	0.618065
641.0	0.611509	0.609247	0.600818	0.608650	0.606450	0.610069	0.606191	0.614459	0.605339	0.613697	0.613907	0.596054	0.600360	0.616817	0.604801	0.593532	0.602745	0.592000	0.588147	0.602404
642.0	0.598182	0.599147	0.590692	0.591339	0.593266	0.602530	0.595755	0.599217	0.594913	0.607636	0.597691	0.581046	0.591264	0.600865	0.585010	0.581957	0.587795	0.577620	0.574100	0.590682
643.0	0.582092	0.588462	0.581682	0.575306	0.574176	0.592820	0.582974	0.584160	0.585504	0.591374	0.580009	0.571143	0.582453	0.590537	0.566388	0.569826	0.574986	0.570149	0.564032	0.572953
644.0	0.572299	0.576430	0.572958	0.565609	0.555609	0.584008	0.570480	0.569873	0.575168	0.579656	0.565415	0.554531	0.573438	0.572646	0.548316	0.557813	0.565389	0.561346	0.555081	0.558970
645.0	0.556015	0.563691	0.561832	0.555928	0.544547	0.571741	0.562080	0.557803	0.562272	0.557467	0.554265	0.544261	0.563108	0.558000	0.534308	0.551328	0.554021	0.552528	0.546646	0.545405
646.0	0.539512	0.549578	0.548704	0.545158	0.537275	0.552423	0.546294	0.545640	0.546930	0.539358	0.542976	0.531506	0.549652	0.540478	0.523404	0.542141	0.545542	0.542287	0.539339	0.534894
647.0	0.529081	0.541509	0.535476	0.533541	0.527568	0.538408	0.532581	0.532329	0.535136	0.521946	0.529518	0.522687	0.535261	0.530547	0.514439	0.534204	0.533782	0.530100	0.531691	0.528022
648.0	0.518825	0.532025	0.520725	0.522060	0.516033	0.520771	0.523296	0.520214	0.520307	0.508557	0.520980	0.517509	0.514863	0.517879	0.507400	0.527941	0.521896	0.511104	0.524594	0.520529
649.0	0.503772	0.517420	0.503775	0.514053	0.503641	0.505806	0.509218	0.511547	0.505395	0.494225	0.507960	0.508219	0.499917	0.506665	0.495379	0.514269	0.502613	0.498504	0.514440	0.510300
650.0	0.496942	0.500869	0.489634	0.502256	0.489682	0.492431	0.497331	0.499425	0.493330	0.484867	0.494726	0.500152	0.489370	0.498012	0.484804	0.501746	0.481826	0.487241	0.502376	0.495033
651.0	0.485494	0.493546	0.481314	0.485993	0.478487	0.477198	0.489795	0.488559	0.482471	0.477401	0.484843	0.488879	0.479405	0.489151	0.476437	0.491775	0.467666	0.476164	0.484869	0.483995
652.0	0.478210	0.483865	0.476274	0.475077	0.468568	0.464567	0.478737	0.474701	0.468526	0.471995	0.476178	0.479570	0.470938	0.479140	0.466825	0.476748	0.460939	0.463006	0.468310	0.474108
653.0	0.468401	0.471754	0.469959	0.464548	0.457631	0.455225	0.465889	0.462931	0.460324	0.463279	0.467591	0.466064	0.463170	0.472158	0.452812	0.463903	0.456465	0.453035	0.458811	0.461720
654.0	0.463136	0.459081	0.459686	0.456053	0.443057	0.452729	0.457941	0.449862	0.452213	0.458392	0.458978	0.447579	0.457135	0.461025	0.440353	0.453819	0.449675	0.445307	0.449208	0.449948
655.0	0.452085	0.448917	0.448403	0.446925	0.432242	0.444030	0.451697	0.439357	0.442744	0.449114	0.448310	0.435031	0.445811	0.448199	0.432367	0.443961	0.442927	0.439682	0.439561	0.442195
656.0	0.440635	0.438400	0.435984	0.438049	0.424479	0.435161	0.441069	0.423859	0.433296	0.436476	0.438903	0.425206	0.434149	0.433882	0.422253	0.432259	0.435675	0.429502	0.428686	0.433773
657.0	0.432230	0.431252	0.426194	0.424514	0.413178	0.429684	0.436515	0.409952	0.426235	0.427464	0.426537	0.416830	0.425729	0.426063	0.411552	0.425795	0.427309	0.418624	0.422425	0.426037
658.0	0.418769	0.421438	0.414074	0.411419	0.407497	0.420538	0.428497	0.401131	0.419586	0.418513	0.415625	0.409121	0.413148	0.415851	0.398650	0.415791	0.421591	0.409285	0.416986	0.414897
659.0	0.407091	0.406851	0.406272	0.394628	0.401709	0.408774	0.418247	0.394175	0.409956	0.405734	0.403543	0.401150	0.405317	0.410698	0.384021	0.407550	0.408770	0.401337	0.409787	0.402078
660.0	0.397867	0.394181	0.396283	0.381377	0.392197	0.399404	0.408008	0.386685	0.400659	0.394623	0.393352	0.391641	0.397647	0.403018	0.377301	0.399252	0.396250	0.392070	0.402967	0.390264
661.0	0.388708	0.386812	0.388042	0.372913	0.382678	0.389189	0.396013	0.381405	0.389970	0.382172	0.384011	0.383378	0.386388	0.393555	0.369379	0.389389	0.387106	0.378868	0.391721	0.380599
662.0	0.381874	0.377180	0.377150	0.365509	0.376928	0.378726	0.379403	0.371803	0.376790	0.372204	0.376935	0.375498	0.373032	0.382893	0.359338	0.376515	0.379664	0.363700	0.375695	0.368408
663.0	0.371037	0.367615	0.366693	0.356615	0.367676	0.368358	0.366425	0.365232	0.367210	0.361471	0.365151	0.364582	0.361129	0.373730	0.351486	0.363604	0.368758	0.352116	0.365368	0.358285
664.0	0.361132	0.358672	0.355611	0.347642	0.355421	0.360107	0.355242	0.356954	0.356536	0.353610	0.355124	0.355635	0.350711	0.360356	0.347372	0.350855	0.355411	0.344189	0.351438	0.349116
665.0	0.350148	0.351493	0.344281	0.343128	0.345357	0.350720	0.342014	0.349669	0.342245	0.345223	0.344955	0.347365	0.338217	0.351463	0.343224	0.335948	0.343566	0.334001	0.337239	0.340921
666.0	0.336269	0.341463	0.333078	0.338741	0.337184	0.343601	0.328926	0.338636	0.329777	0.335507	0.333548	0.337845	0.327735	0.340557	0.338412	0.327821	0.333672	0.327325	0.324429	0.327183
667.0	0.324101	0.331578	0.324684	0.333943	0.329147	0.335336	0.324017	0.329636	0.322795	0.328769	0.324593	0.328926	0.317596	0.329850	0.333858	0.322990	0.325204	0.320881	0.315682	0.318120
668.0	0.314529	0.321121	0.316469	0.324620	0.320942	0.325403	0.311743	0.322693	0.318284	0.319113	0.316530	0.320302	0.308762	0.322104	0.325562	0.317499	0.319967	0.314720	0.308102	0.308518
669.0	0.308603	0.310083	0.307873	0.310536	0.313422	0.315334	0.303326	0.314444	0.308967	0.311506	0.310371	0.310597	0.303075	0.314261	0.317357	0.313898	0.308517	0.305122	0.299246	0.299425
670.0	0.304242	0.302062	0.297523	0.300646	0.302782	0.308959	0.292863	0.303544	0.303855	0.304623	0.304897	0.297885	0.298649	0.302956	0.310634	0.310436	0.301353	0.298048	0.295675	0.290938
671.0	0.300609	0.293335	0.286775	0.292170	0.290802	0.297554	0.284799	0.296880	0.299022	0.292867	0.297859	0.290695	0.291912	0.294746	0.302720	0.302656	0.296162	0.285649	0.288095	0.288671
672.0	0.291460	0.285358	0.279709	0.285376	0.282293	0.285782	0.278347	0.286119	0.289960	0.285855	0.290807	0.283461	0.284365	0.289629	0.295257	0.295552	0.289053	0.275783	0.281588	0.281168
673.0	0.283134	0.280245	0.274675	0.277527	0.272679	0.278343	0.273640	0.278805	0.281247	0.277072	0.281468	0.277032	0.280286	0.282682	0.286065	0.282603	0.283338	0.266874	0.274740	0.276448
674.0	0.275225	0.274574	0.267705	0.267870	0.263935	0.269290	0.268836	0.271686	0.272325	0.268007	0.273644	0.269465	0.273657	0.273038	0.276602	0.273058	0.276738	0.260653	0.266799	0.274518
675.0	0.266768	0.267947	0.260365	0.263863	0.254546	0.257554	0.263058	0.264278	0.264274	0.258439	0.263494	0.262140	0.267711	0.267716	0.265143	0.262927	0.268982	0.254785	0.258793	0.268274
676.0	0.255515	0.256389	0.251737	0.259190	0.246044	0.248933	0.257596	0.256089	0.258227	0.249183	0.255794	0.254135	0.259981	0.259378	0.260076	0.253045	0.263087	0.252830	0.249720	0.258834
677.0	0.249022	0.245430	0.241267	0.255431	0.239945	0.240512	0.254287	0.249793	0.253044	0.242310	0.253335	0.247806	0.251655	0.250905	0.253056	0.242698	0.251506	0.246285	0.240835	0.249577
678.0	0.245009	0.235461	0.233991	0.245289	0.231662	0.234062	0.246419	0.242487	0.244353	0.235866	0.247891	0.238889	0.241995	0.244282	0.245434	0.235961	0.243573	0.240434	0.232783	0.242270
679.0	0.238184	0.227100	0.227939	0.234188	0.225446	0.227919	0.241139	0.234217	0.235991	0.231656	0.241126	0.228898	0.234200	0.237417	0.237344	0.226682	0.235151	0.232212	0.224670	0.235575
680.0	0.232034	0.220203	0.220427	0.224934	0.220305	0.224916	0.234473	0.225244	0.229390	0.225232	0.234502	0.222222	0.226949	0.230367	0.226174	0.220398	0.227628	0.229919	0.220624	0.226886
681.0	0.224085	0.215161	0.214247	0.216583	0.216563	0.216727	0.224977	0.216926	0.221028	0.214954	0.224399	0.217405	0.217682	0.223319	0.218848	0.211624	0.218459	0.221001	0.215949	0.219495
682.0	0.214383	0.211781	0.210463	0.209300	0.212057	0.212472	0.216598	0.207440	0.210427	0.211031	0.218486	0.211374	0.210252	0.215548	0.209868	0.204146	0.209767	0.211129	0.211531	0.209296
683.0	0.205739	0.210244	0.203962	0.200064	0.207774	0.207212	0.208303	0.202200	0.203701	0.204142	0.209758	0.203218	0.202125	0.205920	0.198922	0.194536	0.204387	0.199462	0.207082	0.202424
684.0	0.196875	0.204495	0.195496	0.192819	0.201303	0.202905	0.203411	0.197443	0.197425	0.195955	0.202382	0.195035	0.193391	0.195600	0.188670	0.191559	0.196895	0.192000	0.200797	0.195941
685.0	0.189027	0.197616	0.189217	0.188569	0.193237	0.194010	0.196143	0.192408	0.196182	0.191562	0.194695	0.190308	0.187797	0.184212	0.183910	0.187678	0.193368	0.182883	0.194410	0.187348
686.0	0.181172	0.188108	0.181794	0.186174	0.183485	0.185427	0.190352	0.186222	0.192749	0.185124	0.191169	0.184245	0.181088	0.175672	0.182698	0.181749	0.193017	0.175412	0.186525	0.178671
687.0	0.177663	0.181975	0.175221	0.183730	0.177022	0.179702	0.183305	0.180700	0.188109	0.181098	0.187808	0.178396	0.176619	0.168743	0.179366	0.179530	0.187120	0.169611	0.178384	0.168791
688.0	0.171505	0.174149	0.172327	0.177262	0.168748	0.175729	0.175472	0.172828	0.183164	0.178084	0.181438	0.172069	0.172784	0.163061	0.173978	0.177121	0.184972	0.167568	0.170288	0.165452
689.0	0.165442	0.165892	0.169303	0.174414	0.160948	0.170534	0.168344	0.164080	0.177538	0.174193	0.174969	0.169359	0.169557	0.159408	0.168856	0.170580	0.178430	0.164537	0.163978	0.164594
690.0	0.160282	0.160373	0.164146	0.171531	0.154964	0.166971	0.163908	0.154979	0.171567	0.166783	0.166887	0.167634	0.166837	0.155026	0.160434	0.164543	0.167679	0.164627	0.159280	0.161410
691.0	0.154963	0.157543	0.159867	0.166845	0.151516	0.159226	0.155787	0.148577	0.163677	0.161353	0.159454	0.160713	0.164355	0.152976	0.156236	0.158794	0.158203	0.158386	0.155445	0.157172
692.0	0.151415	0.154399	0.152637	0.159096	0.147363	0.154508	0.149512	0.148006	0.158325	0.156356	0.154406	0.155025	0.160146	0.151295	0.150320	0.151285	0.147587	0.150847	0.150448	0.154403
693.0	0.146298	0.148962	0.143579	0.150700	0.144726	0.148767	0.144196	0.147072	0.154085	0.149815	0.148799	0.147753	0.152355	0.147326	0.143776	0.144353	0.141735	0.141621	0.148884	0.152724
694.0	0.140789	0.145191	0.134032	0.144106	0.141053	0.144863	0.143475	0.143274	0.149155	0.143539	0.143186	0.140697	0.145192	0.145734	0.139950	0.142050	0.137159	0.137070	0.143842	0.149413
695.0	0.137294	0.140294	0.125340	0.135708	0.136927	0.141050	0.139722	0.139722	0.146858	0.136589	0.137999	0.134060	0.141112	0.140002	0.139528	0.137354	0.135842	0.131311	0.139332	0.145802
696.0	0.132440	0.135475	0.121806	0.129145	0.133894	0.133912	0.135641	0.135149	0.140629	0.126920	0.132984	0.127907	0.136593	0.137563	0.137980	0.134067	0.135759	0.125821	0.137721	0.140287
697.0	0.129253	0.132233	0.119055	0.123558	0.131183	0.129235	0.128066	0.130366	0.135455	0.121463	0.128438	0.120785	0.130190	0.135328	0.133462	0.132044	0.130317	0.123546	0.130281	0.132141
698.0	0.123182	0.126838	0.117562	0.116959	0.127063	0.125711	0.125229	0.125287	0.132185	0.117729	0.123687	0.112897	0.124308	0.128018	0.127938	0.126777	0.128203	0.121599	0.123790	0.129602
699.0	0.117859	0.120783	0.118257	0.115316	0.119940	0.120565	0.121062	0.120767	0.125902	0.112971	0.119413	0.110397	0.119299	0.120968	0.124193	0.123642	0.123168	0.117410	0.118004	0.127608
700.0	0.114119	0.115955	0.116256	0.115637	0.114896	0.116096	0.119793	0.116580	0.120121	0.109778	0.114500	0.107863	0.116042	0.114726	0.117582	0.117830	0.117171	0.114554	0.112675	0.123122
701.0	0.110471	0.109742	0.112764	0.113815	0.108344	0.112011	0.115930	0.115467	0.115291	0.108290	0.111366	0.105457	0.113080	0.110402	0.113226	0.113830	0.112607	0.109186	0.108416	0.117446
702.0	0.108435	0.106120	0.110026	0.110779	0.101725	0.110466	0.112192	0.113833	0.110312	0.105627	0.109164	0.104496	0.107931	0.104863	0.107005	0.107008	0.106445	0.104755	0.104603	0.113134
703.0	0.102935	0.101291	0.104093	0.106030	0.097219	0.106045	0.110131	0.110695	0.104275	0.104875	0.105358	0.103311	0.102113	0.099638	0.103259	0.100532	0.102614	0.099440	0.102820	0.108594
704.0	0.101087	0.097219	0.098672	0.103791	0.094059	0.102985	0.108711	0.105924	0.100242	0.101718	0.101859	0.100631	0.096819	0.096771	0.101625	0.097012	0.097405	0.098755	0.100091	0.103908
705.0	0.099890	0.093650	0.093382	0.098513	0.091548	0.101152	0.102820	0.104782	0.094430	0.098843	0.098882	0.098486	0.094101	0.093241	0.098861	0.091316	0.092958	0.096835	0.097809	0.099636
706.0	0.095216	0.092014	0.092343	0.092590	0.092152	0.097113	0.097889	0.102222	0.089013	0.094896	0.094510	0.095304	0.092505	0.089997	0.094369	0.088730	0.088496	0.093153	0.095791	0.095407
707.0	0.093696	0.089008	0.088096	0.088419	0.090522	0.094896	0.091712	0.098256	0.085751	0.090914	0.092696	0.088769	0.088569	0.087756	0.090225	0.086182	0.083393	0.091303	0.090238	0.089572
708.0	0.089787	0.088372	0.085059	0.085867	0.087595	0.093585	0.090123	0.095609	0.084260	0.088587	0.091124	0.084912	0.085946	0.084464	0.086638	0.083926	0.081466	0.088907	0.087509	0.087019
709.0	0.085271	0.085921	0.084479	0.084738	0.084534	0.089591	0.086545	0.092065	0.083282	0.086776	0.088322	0.084452	0.084196	0.083535	0.084992	0.083342	0.079006	0.086436	0.084682	0.083629
710.0	0.081875	0.082733	0.082199	0.082949	0.083627	0.087432	0.082908	0.087893	0.081867	0.087038	0.086101	0.082713	0.082903	0.081969	0.083098	0.080818	0.077817	0.084742	0.083626	0.080561
711.0	0.077947	0.081190	0.078270	0.081936	0.078904	0.085992	0.079217	0.084572	0.080489	0.084043	0.083727	0.080998	0.081334	0.079000	0.081612	0.078728	0.076010	0.080739	0.080823	0.078254
712.0	0.075683	0.081822	0.075922	0.080248	0.075977	0.083219	0.078210	0.079788	0.078972	0.080238	0.082340	0.076624	0.078791	0.076693	0.079186	0.076418	0.074610	0.077089	0.077519	0.076747
713.0	0.072146	0.079374	0.071871	0.077938	0.074116	0.078075	0.077588	0.076773	0.075565	0.077125	0.079168	0.075876	0.076649	0.075451	0.077183	0.075026	0.074282	0.072833	0.076474	0.073753
714.0	0.072416	0.076088	0.068923	0.075537	0.071921	0.072309	0.078309	0.073167	0.072633	0.073132	0.075818	0.071778	0.073875	0.072012	0.075582	0.073136	0.072836	0.070164	0.075967	0.071024
715.0	0.070839	0.075337	0.067997	0.071055	0.068143	0.068298	0.076607	0.071564	0.066368	0.070164	0.069533	0.069302	0.072149	0.068942	0.072405	0.070335	0.072169	0.065962	0.072615	0.069561
716.0	0.068204	0.072695	0.066658	0.066568	0.065117	0.066717	0.075458	0.069843	0.064917	0.064951	0.064091	0.066006	0.070765	0.065438	0.069217	0.067019	0.070278	0.061846	0.068929	0.066875
717.0	0.067130	0.068110	0.064097	0.063637	0.061376	0.066862	0.073570	0.067754	0.062369	0.060929	0.062605	0.063293	0.067966	0.063788	0.067146	0.064072	0.067835	0.060555	0.067413	0.064457
718.0	0.064863	0.066663	0.062959	0.061813	0.059386	0.065524	0.069856	0.064578	0.061434	0.060951	0.061249	0.062872	0.065613	0.061668	0.064458	0.062152	0.066572	0.060416	0.066028	0.060555
719.0	0.062635	0.063168	0.061923	0.059626	0.059342	0.063733	0.065069	0.062028	0.059924	0.059585	0.059883	0.062308	0.062897	0.060359	0.062286	0.058888	0.065673	0.059743	0.064520	0.057523
720.0	0.060272	0.059617	0.061301	0.056843	0.057942	0.062149	0.059021	0.060761	0.057331	0.058957	0.057879	0.059394	0.060463	0.057471	0.060778	0.057460	0.062042	0.058249	0.062328	0.055455
721.0	0.059554	0.057271	0.059302	0.055913	0.054206	0.059674	0.055453	0.059241	0.055121	0.057387	0.055748	0.057596	0.058554	0.053722	0.057801	0.054870	0.057278	0.054473	0.058557	0.054368
722.0	0.057395	0.055970	0.057009	0.053549	0.053162	0.057834	0.053772	0.056796	0.053237	0.055702	0.055023	0.053597	0.056144	0.051208	0.055039	0.054284	0.053956	0.052289	0.054418	0.054681
723.0	0.053502	0.052918	0.053138	0.053215	0.052818	0.055463	0.051592	0.054568	0.049463	0.053866	0.054494	0.052056	0.055163	0.048866	0.050899	0.053343	0.052283	0.049240	0.052739	0.052760
724.0	0.050293	0.051433	0.051659	0.050155	0.050691	0.051160	0.050633	0.051889	0.046696	0.052363	0.052676	0.047702	0.053212	0.046290	0.050009	0.050954	0.049115	0.049696	0.052038	0.051165
725.0	0.047785	0.050826	0.051137	0.047547	0.046799	0.049260	0.051253	0.050317	0.042863	0.050572	0.049694	0.046145	0.053283	0.044743	0.048481	0.048130	0.047006	0.047542	0.049233	0.050108
726.0	0.045273	0.049090	0.048327	0.046561	0.043287	0.047892	0.051406	0.048907	0.044710	0.047038	0.046801	0.044320	0.050575	0.043263	0.045224	0.043630	0.045689	0.046396	0.048408	0.047728
727.0	0.042796	0.048233	0.046726	0.045727	0.042126	0.047093	0.050563	0.046384	0.044215	0.045245	0.046871	0.043597	0.048215	0.041706	0.044370	0.040463	0.044559	0.046144	0.047346	0.045403
728.0	0.041801	0.047910	0.043672	0.044405	0.043202	0.044881	0.048055	0.042844	0.043407	0.044862	0.044468	0.043422	0.044111	0.040382	0.042143	0.038990	0.046267	0.045253	0.046597	0.043556
729.0	0.040352	0.046164	0.040682	0.043100	0.043538	0.042794	0.045229	0.042871	0.042529	0.041595	0.042854	0.042375	0.040187	0.039406	0.040442	0.037468	0.045711	0.043486	0.044221	0.041760
730.0	0.039899	0.044772	0.038524	0.041545	0.041867	0.040075	0.042811	0.042358	0.041865	0.039260	0.040991	0.040274	0.037434	0.038315	0.040746	0.036179	0.042668	0.040459	0.041077	0.038833
731.0	0.040209	0.043501	0.036221	0.040276	0.039710	0.037780	0.039843	0.039872	0.038382	0.036811	0.040094	0.039479	0.035225	0.036001	0.040922	0.034016	0.041050	0.036309	0.038442	0.036597
732.0	0.037862	0.041315	0.034232	0.039649	0.038991	0.036942	0.037296	0.038748	0.036425	0.034545	0.039654	0.038182	0.033379	0.034917	0.041026	0.033895	0.037851	0.033758	0.035552	0.037193
733.0	0.035270	0.038404	0.032510	0.040017	0.038275	0.037186	0.034403	0.037079	0.034336	0.032643	0.038362	0.036883	0.032728	0.033408	0.040100	0.033763	0.036748	0.032060	0.034417	0.035673
734.0	0.032452	0.036144	0.032122	0.037340	0.034796	0.036319	0.032636	0.034881	0.031470	0.030998	0.035721	0.036361	0.032670	0.033259	0.039694	0.033652	0.034082	0.032836	0.032932	0.034512
735.0	0.031882	0.035294	0.030630	0.034102	0.032274	0.035072	0.031859	0.033913	0.029395	0.030764	0.034775	0.035941	0.032101	0.031455	0.037300	0.031013	0.032774	0.031610	0.031004	0.033618
736.0	0.030577	0.033757	0.030953	0.032288	0.030233	0.033408	0.031456	0.032748	0.029995	0.029977	0.032865	0.034816	0.030829	0.030699	0.033721	0.029853	0.030813	0.029451	0.029981	0.031536
737.0	0.028402	0.032137	0.031222	0.031413	0.028755	0.031491	0.030516	0.031443	0.028949	0.029638	0.031839	0.033626	0.030267	0.029812	0.031364	0.028267	0.028965	0.028115	0.027733	0.029317
738.0	0.027228	0.030534	0.029474	0.029166	0.027608	0.029892	0.030029	0.029770	0.027921	0.030426	0.030336	0.032267	0.029296	0.029143	0.027282	0.028119	0.028091	0.027486	0.026119	0.029408
739.0	0.025101	0.029227	0.028290	0.027248	0.026018	0.029031	0.029942	0.028763	0.028005	0.028345	0.030329	0.029447	0.028806	0.026328	0.024026	0.027700	0.026302	0.027297	0.023855	0.027868
740.0	0.024250	0.027786	0.026972	0.025628	0.023986	0.027460	0.028915	0.027442	0.026771	0.027631	0.029520	0.026875	0.029025	0.024623	0.023612	0.027063	0.025547	0.027079	0.022413	0.025025
741.0	0.023586	0.027194	0.025317	0.024553	0.022648	0.026329	0.027356	0.025543	0.024550	0.027357	0.028882	0.025639	0.027950	0.022376	0.024463	0.026305	0.025860	0.025619	0.021616	0.023348
742.0	0.021913	0.026563	0.023822	0.023755	0.021083	0.025263	0.026960	0.025875	0.023468	0.025858	0.028449	0.024255	0.027475	0.020294	0.026230	0.025228	0.024667	0.025073	0.022091	0.023121
743.0	0.021162	0.026250	0.022607	0.023132	0.020977	0.025416	0.026136	0.024789	0.021883	0.023168	0.025347	0.022677	0.025887	0.018145	0.027905	0.023494	0.025015	0.024218	0.023061	0.022393
744.0	0.020638	0.024724	0.020907	0.021915	0.020486	0.023731	0.025144	0.023135	0.019081	0.022004	0.023092	0.021563	0.023595	0.017191	0.028554	0.022372	0.023268	0.022923	0.023382	0.022167
745.0	0.019708	0.024306	0.020642	0.021234	0.020947	0.023218	0.022885	0.022902	0.019121	0.022547	0.023182	0.020223	0.019985	0.017518	0.027915	0.020562	0.022706	0.021070	0.023846	0.022152
746.0	0.018598	0.022798	0.021025	0.021104	0.021500	0.023142	0.021518	0.023005	0.018628	0.022410	0.021577	0.019152	0.017746	0.017878	0.027535	0.019737	0.021245	0.018751	0.023111	0.021489
747.0	0.017292	0.021616	0.019947	0.021119	0.021131	0.023241	0.019450	0.022549	0.017606	0.021519	0.021046	0.017579	0.015992	0.018172	0.025514	0.017917	0.018892	0.017733	0.021396	0.020473
748.0	0.017759	0.019950	0.019254	0.020174	0.021214	0.022522	0.018595	0.021067	0.016733	0.021435	0.021192	0.017343	0.014796	0.018369	0.023368	0.017191	0.017806	0.016514	0.019169	0.021018
749.0	0.016571	0.018601	0.018681	0.018887	0.020963	0.022623	0.019111	0.019318	0.016712	0.020117	0.021820	0.017452	0.015381	0.018021	0.020071	0.016787	0.017238	0.016655	0.017444	0.020224
750.0	0.016349	0.015336	0.017391	0.017473	0.020547	0.021968	0.018292	0.018524	0.016038	0.019893	0.020210	0.017282	0.016722	0.017528	0.019549	0.016231	0.016555	0.017486	0.015935	0.018483
751.0	0.016228	0.014932	0.015879	0.016409	0.018980	0.021613	0.017874	0.017726	0.016539	0.019050	0.018927	0.016733	0.016294	0.016795	0.018835	0.015298	0.015940	0.016846	0.014217	0.017138
752.0	0.015020	0.014929	0.015285	0.016814	0.017118	0.020569	0.017943	0.017277	0.016122	0.016464	0.018330	0.015845	0.016211	0.016068	0.018470	0.014613	0.014648	0.016299	0.012836	0.015837
753.0	0.015006	0.013781	0.014484	0.016865	0.016395	0.018879	0.017593	0.016479	0.015639	0.014672	0.016529	0.014964	0.016027	0.014654	0.018238	0.013406	0.012850	0.015412	0.013558	0.015021
754.0	0.013996	0.013445	0.015214	0.018021	0.015178	0.017172	0.016576	0.015520	0.014399	0.014116	0.016993	0.014179	0.014705	0.014875	0.017383	0.012612	0.010756	0.013580	0.014717	0.013845
755.0	0.013251	0.014250	0.015708	0.019400	0.013374	0.016264	0.015042	0.015869	0.013968	0.013761	0.017304	0.013395	0.014239	0.014589	0.015551	0.011865	0.011360	0.011700	0.015328	0.012180
756.0	0.012797	0.014509	0.014137	0.019869	0.013648	0.014366	0.013430	0.016303	0.011907	0.013353	0.016184	0.012638	0.014022	0.012802	0.015191	0.010492	0.011714	0.010753	0.014875	0.011012
757.0	0.012573	0.015465	0.012604	0.019367	0.013749	0.013296	0.012300	0.015834	0.009705	0.012713	0.015461	0.012114	0.012854	0.012140	0.014832	0.010107	0.011373	0.010391	0.014100	0.010089
758.0	0.011972	0.014664	0.012353	0.018670	0.014601	0.010833	0.011315	0.014357	0.009360	0.012968	0.013531	0.011629	0.011363	0.011673	0.013507	0.009208	0.012375	0.010937	0.012638	0.010720
759.0	0.010494	0.012795	0.010840	0.017453	0.015075	0.009822	0.011629	0.012999	0.009431	0.012009	0.012437	0.011757	0.011099	0.011504	0.012537	0.009406	0.013541	0.011256	0.011998	0.010844
760.0	0.009158	0.010507	0.009151	0.014814	0.014169	0.009506	0.011560	0.012127	0.009493	0.010467	0.010195	0.011688	0.010525	0.010848	0.012143	0.008797	0.014391	0.012508	0.010195	0.010827
761.0	0.008161	0.010500	0.009224	0.013620	0.013109	0.009420	0.011022	0.010934	0.010488	0.009424	0.008447	0.010603	0.010050	0.011225	0.011189	0.008825	0.013956	0.012436	0.007793	0.011246
762.0	0.006807	0.009191	0.009242	0.012537	0.012316	0.009315	0.010541	0.010352	0.011553	0.008535	0.008161	0.009776	0.010729	0.011605	0.010281	0.009146	0.012689	0.012518	0.006551	0.011285
763.0	0.006095	0.007354	0.010182	0.010625	0.010704	0.009802	0.010109	0.009716	0.010830	0.008610	0.007861	0.009565	0.010919	0.010460	0.010437	0.008659	0.010896	0.011541	0.006924	0.011038
764.0	0.005997	0.007262	0.011537	0.010100	0.009313	0.009717	0.009031	0.009478	0.010929	0.007524	0.008412	0.009609	0.010673	0.009727	0.010483	0.008372	0.008693	0.010254	0.007379	0.010599
765.0	0.006429	0.006988	0.011258	0.009710	0.008108	0.009471	0.008709	0.009613	0.010785	0.007423	0.008985	0.008763	0.011102	0.008257	0.010181	0.009386	0.007613	0.009032	0.007493	0.009125
766.0	0.006716	0.006549	0.010230	0.008843	0.008827	0.009524	0.007468	0.009508	0.010374	0.007605	0.009097	0.008116	0.010991	0.006140	0.010293	0.009789	0.006170	0.008969	0.008002	0.009080
767.0	0.006674	0.007006	0.009080	0.008427	0.009094	0.010118	0.007407	0.009923	0.009391	0.008003	0.008912	0.008543	0.010362	0.004834	0.009776	0.009756	0.004872	0.009033	0.007703	0.008403
768.0	0.006700	0.007009	0.007611	0.008366	0.009136	0.008917	0.007191	0.010390	0.008793	0.008726	0.008736	0.008628	0.008641	0.004003	0.007901	0.009545	0.005235	0.009043	0.007417	0.008692
769.0	0.006763	0.007203	0.006027	0.007884	0.009309	0.008264	0.007326	0.010583	0.007439	0.010011	0.008121	0.009305	0.007380	0.003501	0.007093	0.008639	0.006596	0.008043	0.007415	0.008051
770.0	0.005889	0.008492	0.004750	0.006771	0.009740	0.007524	0.007218	0.010483	0.006065	0.010483	0.007941	0.009578	0.006144	0.003553	0.005815	0.007615	0.007868	0.008422	0.006009	0.007664
771.0	0.005092	0.008940	0.004909	0.006677	0.009660	0.006215	0.006780	0.009997	0.004831	0.010586	0.007608	0.008715	0.005761	0.003263	0.005296	0.007121	0.007605	0.008306	0.004982	0.007826
772.0	0.005059	0.008614	0.005438	0.006488	0.008950	0.005907	0.006208	0.009395	0.004064	0.010973	0.008023	0.007789	0.004939	0.003532	0.005041	0.006273	0.006940	0.007348	0.004659	0.007171
773.0	0.004317	0.008235	0.006982	0.006133	0.006656	0.006421	0.006234	0.007882	0.002825	0.010854	0.008094	0.006977	0.003872	0.002844	0.006286	0.005473	0.006470	0.005894	0.005228	0.006118
774.0	0.004527	0.007146	0.007044	0.005826	0.006251	0.005676	0.005236	0.006784	0.003254	0.009475	0.008072	0.006158	0.003897	0.003455	0.007273	0.005341	0.004987	0.005935	0.005926	0.005549
775.0	0.003913	0.005932	0.006559	0.005785	0.004643	0.005744	0.004938	0.005168	0.003327	0.009016	0.008747	0.005105	0.003693	0.003891	0.007819	0.006338	0.004194	0.005030	0.007216	0.003890
776.0	0.003409	0.004831	0.007445	0.005475	0.004512	0.005490	0.005326	0.005125	0.003558	0.008513	0.008979	0.004537	0.003008	0.002790	0.007911	0.006365	0.002643	0.004522	0.008240	0.003291
777.0	0.002530	0.004133	0.007383	0.005729	0.002519	0.005604	0.005706	0.005132	0.002907	0.008028	0.009676	0.004068	0.002134	0.002688	0.007569	0.005632	0.001653	0.003091	0.007393	0.002302
778.0	0.003435	0.004493	0.006290	0.006223	0.002295	0.005277	0.006502	0.005647	0.002480	0.007078	0.009618	0.005120	0.001401	0.003246	0.006478	0.005311	0.001362	0.002486	0.007274	0.001390
779.0	0.004078	0.005589	0.005968	0.006482	0.002904	0.005318	0.006182	0.005432	0.003147	0.006455	0.008727	0.005127	0.001105	0.002658	0.005959	0.005038	0.002323	0.002331	0.006650	0.000406
780.0	0.004194	0.005724	0.004745	0.006212	0.004270	0.005636	0.005607	0.005370	0.002811	0.005086	0.007944	0.005114	0.000422	0.002380	0.005040	0.004635	0.002755	0.002527	0.005371	0.000000
781.0	0.004148	0.006226	0.003887	0.006065	0.004329	0.006049	0.005659	0.004798	0.001985	0.004268	0.006590	0.005055	0.000158	0.002605	0.004187	0.005466	0.002674	0.003105	0.003909	0.001162
782.0	0.004509	0.006137	0.003896	0.005562	0.004277	0.006784	0.005445	0.004019	0.002407	0.003964	0.005003	0.005217	0.000000	0.003236	0.002993	0.005299	0.002378	0.003430	0.002558	0.001802
783.0	0.004758	0.006045	0.003790	0.004962	0.003185	0.006389	0.004890	0.004176	0.002387	0.003990	0.004740	0.004997	0.000759	0.003625	0.002586	0.004793	0.002798	0.003454	0.002224	0.002178
784.0	0.004791	0.005782	0.003395	0.004467	0.003562	0.006138	0.003665	0.003704	0.002274	0.003615	0.003822	0.004059	0.001826	0.004369	0.001794	0.003838	0.002920	0.003405	0.002701	0.002884
785.0	0.003972	0.004948	0.002558	0.003928	0.002637	0.005591	0.003613	0.003510	0.001380	0.003026	0.003652	0.003721	0.003192	0.004025	0.000724	0.003159	0.002543	0.002643	0.003117	0.002692
786.0	0.002958	0.003718	0.002926	0.003066	0.003091	0.003947	0.004583	0.004368	0.000749	0.002918	0.003930	0.003667	0.003831	0.002641	0.000311	0.001738	0.001451	0.002238	0.003771	0.003343
787.0	0.001885	0.002473	0.002472	0.002466	0.003198	0.003793	0.004392	0.004790	0.000302	0.002941	0.004789	0.002996	0.003779	0.001948	0.000000	0.000170	0.000746	0.001607	0.004195	0.003435
788.0	0.001478	0.001851	0.002375	0.002427	0.004497	0.002896	0.004781	0.005443	0.000487	0.002587	0.004396	0.003380	0.003699	0.001781	0.000226	0.000000	0.000070	0.001596	0.005399	0.002921
789.0	0.000912	0.000533	0.003487	0.002774	0.005227	0.002377	0.004554	0.005675	0.001402	0.001310	0.004063	0.002602	0.003455	0.000197	0.001589	0.000357	0.000800	0.001158	0.005996	0.002141
790.0	0.000907	0.000000	0.003706	0.002424	0.005665	0.002816	0.003881	0.005632	0.001844	0.001496	0.002755	0.001892	0.002761	0.000226	0.002147	0.000485	0.000714	0.000810	0.006215	0.002333
791.0	0.000124	0.000199	0.004288	0.002819	0.004926	0.002585	0.003965	0.005090	0.002639	0.001845	0.001461	0.001204	0.002808	0.000308	0.002682	0.003043	0.001026	0.001374	0.005684	0.003043
792.0	0.000000	0.000361	0.005424	0.002151	0.003805	0.002416	0.003402	0.005032	0.003299	0.002213	0.000382	0.000822	0.003018	0.000116	0.002908	0.003775	0.001434	0.001841	0.004402	0.003033
793.0	0.001119	0.000727	0.005718	0.002060	0.002141	0.002383	0.002766	0.004706	0.003135	0.003333	0.000297	0.000371	0.002872	0.000143	0.003661	0.004634	0.001640	0.001460	0.002791	0.002232
794.0	0.001434	0.001106	0.005625	0.002455	0.000963	0.003164	0.002300	0.003535	0.002376	0.003408	0.000000	0.000000	0.003020	0.000000	0.003627	0.004758	0.002146	0.002046	0.001321	0.002041
795.0	0.001759	0.000972	0.004024	0.003156	0.000000	0.002900	0.001834	0.002366	0.001700	0.002885	0.000699	0.000285	0.003863	0.000221	0.002709	0.005232	0.001461	0.002641	0.000235	0.001819
796.0	0.001663	0.000969	0.001858	0.003468	0.000469	0.002612	0.001531	0.001476	0.000638	0.002823	0.002264	0.001024	0.003880	0.000218	0.002410	0.005021	0.000731	0.003405	0.000000	0.001975
797.0	0.001415	0.001037	0.000294	0.003464	0.001271	0.002168	0.001231	0.000800	0.000000	0.002581	0.003786	0.001686	0.003628	0.000224	0.002467	0.004524	0.000170	0.003787	0.000163	0.002065
798.0	0.001043	0.001232	0.000000	0.002988	0.002204	0.001577	0.000898	0.000457	0.000133	0.002082	0.004892	0.002043	0.003078	0.000247	0.003059	0.003765	0.000000	0.003522	0.000673	0.001948
799.0	0.000574	0.001610	0.001644	0.001885	0.003067	0.000851	0.000499	0.000563	0.001382	0.001247	0.005210	0.001863	0.002199	0.000295	0.004364	0.002772	0.000441	0.002348	0.001480	0.001485
800.0	0.000033	0.002227	0.005895	0.000000	0.003657	0.000000	0.000000	0.001235	0.004092	0.000000	0.004368	0.000916	0.000961	0.000376	0.006561	0.001568	0.001713	0.000000	0.002536	0.000537
