480.0	35.54	42.13	35.35	34.84	35.08	30.24	34.36	26.90	31.09	39.12	36.33	36.20	39.17	39.32	32.50	38.13	29.28	29.96	31.00	36.33	
481.0	35.04	36.30	37.06	34.31	32.96	38.96	34.26	37.34	34.83	40.22	38.18	32.04	36.28	31.57	37.63	33.58	32.21	33.65	35.13	27.81	
482.0	37.32	41.16	35.96	36.63	30.92	35.94	33.89	39.34	35.85	33.50	29.24	33.64	31.88	38.42	36.01	31.08	33.76	32.05	36.62	36.72	
483.0	40.79	38.58	41.86	38.74	35.74	37.73	45.87	35.54	33.50	40.27	37.28	34.66	35.77	32.85	36.78	40.79	33.61	32.71	36.79	28.87	
484.0	37.99	34.40	43.46	47.01	40.81	33.51	39.05	42.75	31.08	36.19	32.69	38.86	42.16	31.72	37.76	40.09	38.68	40.11	35.54	41.37	
485.0	40.24	41.76	40.14	38.33	40.26	42.43	32.14	40.21	39.15	42.51	39.43	39.55	42.25	35.23	40.46	38.63	44.14	39.08	38.38	34.52	
486.0	45.00	46.57	40.03	41.36	43.01	38.32	40.14	38.74	41.72	41.32	42.01	43.89	38.09	35.68	47.71	38.50	40.97	45.00	45.16	38.96	
487.0	46.53	40.51	45.03	46.67	47.24	43.42	42.32	48.21	44.65	44.72	44.20	45.99	45.58	46.62	37.14	46.57	41.76	46.65	50.50	38.26	
488.0	48.73	47.45	47.47	51.71	52.10	44.87	40.33	46.55	54.57	47.90	45.06	50.37	51.08	48.78	43.92	47.47	47.33	41.47	54.99	44.33	
489.0	51.60	59.23	66.92	54.92	53.42	52.25	51.98	57.28	50.84	55.65	53.55	50.62	51.77	50.18	54.01	50.43	47.40	42.83	53.74	46.19	
490.0	66.47	59.97	61.83	51.50	59.78	64.55	63.23	63.09	66.23	66.43	58.43	52.05	58.60	57.68	52.28	63.69	54.31	52.07	50.54	48.51	
491.0	71.41	59.36	65.91	64.41	71.39	63.10	59.46	61.24	66.52	69.23	62.31	60.67	56.19	66.82	61.09	59.07	62.81	66.52	55.15	64.85	
492.0	64.17	65.59	75.29	72.93	77.74	62.83	68.90	64.43	65.90	78.01	68.31	67.99	73.35	68.35	68.48	74.58	67.15	70.06	73.36	67.51	
493.0	75.28	68.95	69.96	73.78	78.17	82.02	86.94	81.40	65.89	74.45	88.76	74.60	74.90	82.21	78.40	84.08	70.65	74.70	71.10	71.19	
494.0	86.59	84.65	82.98	82.44	77.88	86.09	75.09	93.59	75.77	71.71	82.23	88.97	80.90	77.38	91.89	83.32	83.46	79.26	85.62	91.21	
495.0	99.32	96.53	86.91	98.16	90.26	90.24	90.65	96.59	101.8	92.72	90.66	89.01	86.43	92.54	97.61	90.34	90.79	94.22	91.29	86.00	
496.0	107.2	104.8	94.75	97.04	99.00	96.19	101.1	103.5	98.44	96.37	106.7	107.3	99.57	94.62	102.8	104.4	100.9	113.0	103.9	108.0	
497.0	114.2	111.3	117.0	105.8	111.3	108.0	113.6	117.9	120.8	108.4	116.4	110.7	118.4	109.8	117.3	106.9	119.9	118.3	99.66	132.7	
498.0	126.8	128.1	120.8	129.1	128.1	119.1	115.3	125.9	128.4	135.4	109.5	113.7	128.7	123.2	123.7	122.5	123.3	124.2	122.1	110.5	
499.0	129.7	134.4	132.2	138.2	143.4	132.8	136.5	128.1	140.4	147.3	123.8	144.6	140.6	133.5	139.3	145.6	149.8	129.6	141.7	126.3	
500.0	135.0	149.7	153.9	151.8	143.0	143.7	148.9	147.6	142.7	141.0	139.1	142.1	142.0	142.7	151.9	146.1	151.9	144.6	161.0	164.8	
501.0	141.8	156.6	154.1	164.2	145.9	166.1	166.4	167.0	160.0	163.2	161.2	175.2	153.7	153.2	167.3	153.4	151.3	159.9	167.6	172.5	
502.0	164.2	167.2	164.0	152.8	163.7	172.2	168.6	168.2	173.0	180.4	169.6	168.9	180.8	175.0	162.0	165.4	177.6	175.2	178.9	182.3	
503.0	181.0	193.8	186.0	175.6	184.2	174.2	178.8	191.6	202.3	190.5	166.6	193.2	183.4	193.2	174.0	194.1	181.0	194.2	183.3	192.7	
504.0	194.9	192.1	202.3	197.2	192.2	197.5	198.6	187.5	198.4	182.9	184.0	199.2	200.0	190.5	198.6	191.3	192.1	187.3	200.9	209.6	
505.0	200.9	202.3	210.8	188.5	214.8	212.7	220.5	195.8	213.8	204.4	199.4	201.5	206.0	209.8	219.9	194.9	200.0	218.1	203.2	212.9	
506.0	200.9	224.8	220.3	214.0	220.0	211.9	207.8	210.5	215.7	185.2	205.9	208.8	211.4	220.1	218.7	202.4	215.0	217.5	235.0	207.7	
507.0	216.4	202.2	224.7	212.6	219.1	234.3	225.5	223.2	231.4	220.7	237.7	208.2	213.2	237.6	223.9	226.5	227.0	238.8	227.6	227.7	
508.0	228.3	226.8	229.2	235.7	243.8	235.7	228.5	238.8	238.6	230.8	237.9	239.1	240.8	237.2	226.7	252.7	233.8	232.2	240.9	244.6	
509.0	249.7	237.9	243.3	239.3	249.9	248.0	237.9	247.6	253.9	246.9	246.0	243.2	237.7	247.6	253.3	248.7	262.7	235.0	247.6	240.7	
510.0	250.4	253.8	247.6	246.4	254.1	251.7	241.3	257.8	226.4	268.2	265.0	250.7	243.0	255.5	240.6	261.4	265.8	265.0	281.8	245.8	
511.0	258.2	257.4	247.8	250.5	253.7	254.0	253.3	251.5	236.5	256.0	261.9	272.6	252.5	258.1	271.8	267.1	276.5	252.7	247.2	263.8	
512.0	250.0	256.4	255.3	261.7	281.9	273.1	261.8	267.4	255.4	269.6	264.7	269.9	266.8	259.2	280.2	263.3	267.0	261.6	259.4	272.9	
513.0	261.8	280.1	245.5	268.5	269.9	276.2	264.8	273.1	269.5	238.9	263.4	267.5	276.8	269.5	283.0	266.0	258.6	288.6	265.4	286.9	
514.0	294.2	278.7	298.2	276.7	276.5	273.3	286.8	262.6	277.3	252.8	267.1	295.3	283.8	263.7	272.6	281.8	261.5	283.4	269.5	270.5	
515.0	290.0	276.6	284.3	277.0	299.1	285.3	291.4	273.0	274.6	296.2	264.7	286.6	283.3	281.6	284.4	280.6	277.4	274.4	281.6	279.0	
516.0	276.0	284.3	285.2	286.0	283.8	276.6	262.4	277.0	302.8	285.1	282.5	275.8	266.2	277.6	279.4	282.0	283.0	270.7	292.1	278.5	
517.0	294.9	286.9	280.6	272.1	285.0	282.6	266.3	285.7	281.8	267.8	280.5	281.5	275.6	289.0	288.5	284.1	278.4	281.4	280.5	289.3	
518.0	287.6	282.1	280.5	284.3	291.5	278.4	289.7	281.2	289.5	274.0	274.6	278.5	265.7	293.0	299.8	286.7	286.8	280.8	296.1	303.8	
519.0	279.4	287.8	277.9	283.1	289.5	280.1	288.6	280.7	292.3	270.3	281.7	302.9	273.0	304.4	288.3	278.2	288.7	288.9	305.9	285.9	
520.0	277.8	285.3	274.6	282.5	281.9	269.2	280.9	277.9	275.1	286.9	288.9	308.4	288.0	287.2	290.0	276.8	284.3	280.1	292.8	298.1	
521.0	274.5	286.6	277.0	285.3	281.4	273.0	275.7	275.0	279.6	283.5	287.7	296.5	280.7	280.3	283.8	271.8	280.6	290.6	288.9	278.6	
522.0	286.3	268.7	281.7	285.4	287.1	270.8	289.0	271.1	280.2	293.6	296.2	292.5	286.1	281.3	275.2	295.6	292.3	277.3	294.0	287.6	
523.0	274.7	275.9	268.4	266.8	284.2	271.8	293.0	268.3	291.7	298.3	286.6	299.9	283.9	285.2	288.7	281.7	277.7	294.2	289.6	288.6	
524.0	284.1	276.3	294.3	260.2	283.6	287.8	260.8	267.7	288.6	287.8	286.0	281.6	285.2	285.3	288.9	286.9	270.3	282.8	294.3	276.3	
525.0	265.2	267.2	278.6	264.5	274.0	274.2	271.3	298.7	268.2	287.9	269.6	288.8	291.3	280.5	296.1	281.9	279.4	276.2	280.5	290.7	
526.0	277.5	269.0	266.2	274.1	280.0	275.0	285.9	282.5	265.1	284.7	279.5	276.3	254.4	276.7	286.5	272.0	289.1	275.8	280.1	262.4	
527.0	266.4	267.6	272.0	264.1	275.3	281.6	254.5	263.8	272.9	267.3	273.9	261.3	251.5	287.6	279.8	273.9	266.7	257.1	260.2	280.4	
528.0	258.0	269.5	252.8	276.0	272.5	277.8	276.6	267.1	276.8	284.8	271.2	266.7	285.5	286.4	264.1	261.1	277.5	265.7	270.7	269.8	
529.0	261.9	264.5	270.1	267.2	281.7	262.3	276.6	262.0	279.0	259.6	281.9	255.9	271.7	276.0	273.3	258.3	274.6	251.5	275.9	272.1	
530.0	262.6	262.5	270.7	274.9	275.4	260.4	257.2	268.1	280.3	274.1	266.8	260.3	245.1	278.6	287.9	258.0	257.2	257.4	262.0	274.1	
531.0	262.2	267.3	285.4	265.4	256.3	271.1	267.7	275.7	260.9	256.0	252.2	266.5	246.6	277.2	282.3	264.8	253.1	256.3	271.6	262.5	
532.0	259.2	255.9	244.5	259.0	260.2	254.9	274.1	267.6	269.3	253.8	249.4	265.5	263.4	249.2	263.6	261.0	258.4	262.0	252.1	254.4	
533.0	257.4	248.4	256.4	250.8	262.9	258.7	270.9	260.7	258.4	251.9	268.7	268.5	249.6	258.2	251.0	247.6	272.5	249.6	259.5	270.4	
534.0	263.1	261.3	239.0	250.0	256.8	251.2	249.6	270.1	256.0	254.9	245.1	260.4	252.3	248.3	265.8	245.3	257.9	266.6	260.8	261.6	
535.0	258.6	251.7	253.2	253.5	257.9	255.4	257.1	250.0	243.1	240.5	254.6	247.9	258.4	256.8	245.5	255.4	242.9	251.1	259.7	256.8	
536.0	249.8	249.5	233.8	256.7	250.9	245.8	257.6	254.1	250.0	265.2	257.3	238.1	256.4	226.4	250.7	255.5	246.1	248.4	255.5	238.7	
537.0	241.8	244.3	239.7	278.5	239.4	252.9	258.1	253.7	261.2	238.1	246.3	255.3	249.7	222.6	244.3	235.4	250.2	240.6	251.1	251.5	
538.0	252.6	253.4	249.2	251.8	240.3	240.3	244.5	254.6	265.5	227.3	230.7	245.1	242.0	253.7	234.5	243.2	238.8	233.8	250.5	243.7	
539.0	238.7	246.1	242.7	244.1	238.7	245.8	248.7	225.6	248.5	223.2	234.2	238.3	235.4	245.4	243.2	244.3	260.4	245.2	236.8	245.8	
540.0	242.7	245.3	238.8	237.3	247.1	234.7	247.4	240.0	244.9	228.3	246.2	228.7	240.2	236.2	241.3	250.1	247.5	251.7	238.8	241.2	
541.0	230.8	225.3	237.6	247.1	233.0	235.3	230.1	237.4	241.5	229.4	250.0	241.5	227.8	256.6	244.6	256.2	239.8	251.3	230.0	241.9	
542.0	239.1	233.8	243.7	245.6	225.4	223.9	239.9	223.5	247.9	235.7	224.9	250.4	235.2	235.7	236.4	227.5	234.5	229.9	252.4	219.9	
543.0	220.4	229.8	256.4	234.9	235.8	222.7	232.2	231.0	228.8	240.9	226.4	253.5	219.0	246.0	240.9	243.1	235.6	237.4	235.6	245.0	
544.0	227.5	228.3	228.5	235.0	227.4	216.5	230.1	226.5	234.9	223.4	229.2	212.2	235.0	233.1	238.3	246.9	243.2	238.0	226.8	249.2	
545.0	222.6	235.9	223.1	238.3	221.5	244.5	225.2	232.4	231.9	237.3	229.2	236.9	234.8	251.3	240.4	233.8	251.8	249.2	252.0	237.5	
546.0	225.1	228.2	236.6	231.5	235.2	231.3	237.9	221.5	230.2	212.4	237.6	227.8	230.8	225.4	231.2	239.7	226.7	224.7	237.6	233.4	
547.0	220.7	232.0	217.7	217.7	230.3	229.4	245.4	230.5	238.5	212.0	237.1	237.6	233.4	240.2	231.9	246.9	228.5	229.8	227.0	233.4	
548.0	220.5	225.6	230.2	221.1	234.3	229.6	213.8	217.9	235.1	219.0	229.7	241.8	231.7	230.3	227.2	227.8	228.9	217.6	230.8	247.7	
549.0	222.2	217.9	235.0	222.4	238.8	213.8	228.0	235.1	233.4	219.7	239.3	240.1	230.1	229.5	211.3	217.6	224.9	229.9	227.9	226.9	
550.0	224.9	212.0	225.5	236.4	221.9	239.3	212.4	232.1	228.0	217.0	216.2	212.5	222.9	217.4	222.6	219.6	234.0	216.8	236.3	209.0	
551.0	213.7	208.5	224.1	216.0	217.2	219.6	232.3	227.0	223.3	217.6	221.1	217.6	216.6	219.4	217.9	208.4	222.1	219.6	224.1	196.1	
552.0	220.2	226.9	225.2	227.7	209.4	213.0	209.4	211.3	214.0	220.9	209.2	201.3	233.7	222.1	208.0	227.5	223.8	209.9	217.0	203.7	
553.0	214.1	208.1	220.7	206.2	184.6	219.7	201.1	226.8	230.4	219.9	210.1	199.2	230.2	219.7	209.7	218.0	219.6	218.6	224.4	202.8	
554.0	217.6	209.5	202.3	216.3	201.7	215.8	216.3	214.7	222.5	224.0	220.1	218.0	227.5	216.9	193.0	219.2	207.6	219.9	224.8	210.0	
555.0	212.7	221.0	208.5	205.7	207.4	205.7	215.5	218.1	209.1	219.3	211.9	202.9	211.8	208.8	212.1	221.5	215.2	200.6	215.9	216.1	
556.0	209.5	217.2	212.8	187.2	203.9	193.8	229.6	220.2	213.0	210.3	220.4	212.0	203.4	202.2	212.6	223.9	216.2	212.8	216.1	207.4	
557.0	198.8	208.9	194.7	201.6	208.8	204.9	200.4	206.4	203.0	209.0	221.4	194.0	223.0	210.4	197.8	204.0	216.9	203.8	206.9	189.8	
558.0	205.5	201.2	195.5	202.3	201.9	202.2	205.2	201.5	204.8	206.7	207.0	199.2	192.8	217.0	214.3	194.4	200.8	205.6	193.1	197.6	
559.0	192.7	213.2	196.2	205.7	198.0	190.8	201.5	195.6	193.6	192.1	209.9	198.8	205.8	218.7	201.5	204.0	212.9	211.5	190.1	222.2	
560.0	209.7	204.9	184.6	195.8	183.5	193.8	192.2	176.4	205.9	198.3	218.5	212.1	211.9	179.5	221.2	211.0	201.3	198.6	201.1	199.2	
561.0	200.2	179.7	192.7	184.8	195.0	189.5	195.3	184.4	193.1	184.1	204.1	201.3	190.8	196.2	194.9	218.8	197.2	200.4	200.2	187.1	
562.0	185.1	196.9	185.7	175.1	184.3	186.4	201.0	206.2	197.0	189.0	199.7	188.0	191.0	196.9	181.9	193.3	188.7	182.2	201.9	207.3	
563.0	174.3	198.6	175.0	188.5	188.3	182.1	187.9	181.1	192.3	164.0	184.2	186.1	176.1	179.0	192.3	180.5	200.1	175.1	190.0	188.2	
564.0	184.6	183.3	183.0	166.9	170.8	187.9	180.5	181.4	181.9	165.6	191.4	179.4	178.9	178.4	181.5	173.6	190.0	169.8	196.6	193.9	
565.0	176.7	178.8	173.3	172.1	176.2	175.4	186.4	172.3	174.5	169.9	183.2	185.9	167.4	180.5	186.2	171.8	179.6	198.9	174.9	197.6	
566.0	175.1	169.3	177.5	168.5	178.4	165.8	186.9	169.3	182.1	186.8	159.9	182.0	163.3	180.3	185.3	171.9	177.0	178.7	175.9	179.5	
567.0	167.8	175.0	161.4	183.2	172.6	167.8	171.3	171.9	157.0	174.3	162.2	171.7	171.3	179.2	170.5	172.0	186.3	185.9	171.9	176.7	
568.0	163.3	171.3	183.4	165.3	169.6	166.7	154.4	164.2	151.1	160.3	179.8	166.3	167.9	169.7	177.2	166.6	184.3	172.7	175.9	174.3	
569.0	163.7	170.9	164.7	160.6	165.1	165.1	158.0	154.5	154.2	170.3	171.7	172.2	174.8	158.4	162.5	167.4	168.9	164.8	158.4	168.5	
570.0	155.0	150.9	154.9	166.0	170.3	174.7	139.4	157.3	168.2	170.3	158.8	165.7	154.8	158.8	155.4	173.4	158.3	167.9	156.3	170.0	
571.0	158.3	160.1	154.0	156.1	162.2	158.0	148.9	151.5	161.3	154.6	157.3	146.3	158.2	170.7	159.6	156.0	156.0	165.8	155.5	148.7	
572.0	166.6	156.6	142.2	151.1	149.7	153.2	155.4	137.3	168.3	154.2	151.0	141.3	153.7	163.7	147.3	157.0	151.6	144.1	155.9	146.6	
573.0	154.0	141.6	146.1	152.4	139.9	138.8	157.5	142.3	148.3	155.4	148.2	149.4	153.6	138.5	139.6	155.7	143.5	152.7	154.0	145.5	
574.0	156.6	136.7	151.5	145.5	152.0	139.7	144.6	151.4	142.8	147.1	139.2	141.8	145.4	143.1	153.9	141.2	138.7	136.2	153.8	143.8	
575.0	146.0	144.4	137.2	142.4	145.7	151.0	137.8	148.1	146.1	142.2	134.7	145.1	151.3	141.8	136.5	139.5	134.1	146.2	134.5	140.9	
576.0	134.2	149.2	134.9	138.9	135.9	140.4	140.7	136.2	138.3	152.0	144.0	147.3	134.6	142.9	144.6	140.0	136.1	131.4	140.5	144.0	
577.0	136.9	141.5	135.9	135.8	138.8	137.4	135.6	133.2	124.7	132.5	138.4	144.1	144.5	132.6	146.3	143.4	133.2	132.9	133.6	145.9	
578.0	128.4	116.2	128.3	129.3	125.3	146.2	141.3	132.1	139.4	118.4	138.5	126.1	133.1	138.8	119.0	124.7	133.4	133.6	136.2	122.0	
579.0	129.5	128.9	121.8	138.4	132.2	134.8	127.4	138.3	131.9	136.0	125.3	131.9	124.4	133.2	118.9	140.1	129.3	119.9	146.8	133.4	
580.0	119.6	133.5	138.0	135.3	125.6	129.2	112.3	141.5	126.3	132.0	124.2	129.1	134.8	127.8	120.8	129.4	141.5	126.6	122.4	110.4	
581.0	118.2	136.9	114.7	125.7	115.4	129.6	127.5	116.6	124.8	126.5	130.3	116.9	119.0	115.7	116.1	118.7	133.4	115.6	125.2	130.0	
582.0	114.1	130.3	120.1	128.6	120.6	116.6	118.2	108.2	109.7	117.2	110.3	118.1	125.2	126.8	119.4	112.3	116.9	111.0	118.1	123.8	
583.0	115.8	121.0	119.5	119.4	121.8	116.7	116.4	112.4	114.6	115.8	121.4	120.3	115.7	129.5	118.0	105.7	109.1	114.4	125.9	118.1	
584.0	112.4	108.0	115.4	103.3	109.2	110.1	109.8	112.8	120.4	115.6	112.6	119.3	109.6	113.3	118.3	110.9	125.6	117.7	120.7	118.9	
585.0	110.2	110.1	115.3	100.3	106.4	112.2	108.3	121.9	106.8	104.2	109.3	106.8	107.9	115.0	115.0	111.4	113.8	111.7	102.8	114.2	
586.0	112.2	103.5	115.1	104.5	100.9	104.4	117.4	119.8	119.1	101.9	116.9	117.9	108.1	108.7	108.8	106.4	101.3	101.6	110.5	106.0	
587.0	109.6	110.3	108.5	97.36	104.2	94.67	110.6	109.2	102.9	105.6	111.9	111.3	101.0	111.6	113.5	117.0	101.5	104.4	111.9	102.6	
588.0	110.2	108.6	102.9	104.9	107.6	105.1	96.86	107.8	100.2	101.9	96.90	97.14	100.6	114.8	111.0	108.7	103.1	98.56	112.3	101.5	
589.0	103.2	102.1	88.85	103.1	98.14	97.38	88.52	100.2	105.3	101.3	92.99	96.46	109.3	111.7	107.8	111.3	101.2	96.19	102.6	109.5	
590.0	99.42	90.79	95.17	106.8	111.6	100.7	101.0	101.4	91.97	96.38	92.67	94.50	105.0	98.48	106.7	98.93	109.9	112.5	98.54	102.9	
591.0	106.5	83.22	89.48	92.29	90.75	103.9	107.9	84.00	98.13	94.84	101.4	86.39	95.07	94.35	92.12	104.2	106.4	108.4	88.99	98.60	
592.0	88.67	88.18	106.3	94.68	95.05	94.33	86.67	97.41	96.17	88.82	100.4	88.63	92.23	93.56	94.74	97.18	98.09	105.3	92.53	92.92	
593.0	99.97	96.68	90.48	86.30	93.93	92.96	84.79	101.3	89.21	95.43	94.90	97.88	82.37	99.06	96.87	95.67	105.4	93.58	82.26	95.63	
594.0	91.94	84.70	93.97	90.75	88.02	93.09	95.34	93.96	84.17	91.58	96.73	97.48	92.30	99.52	100.4	94.20	84.74	84.91	96.56	84.04	
595.0	92.31	83.52	92.13	95.14	89.23	74.71	93.10	87.84	79.12	88.15	91.41	88.12	80.51	91.67	91.36	106.2	94.57	87.94	93.31	85.32	
596.0	88.22	80.63	83.88	88.24	83.91	81.49	92.43	84.15	81.98	87.49	95.31	79.44	77.29	87.65	87.43	84.19	88.12	88.64	87.78	89.97	
597.0	85.61	81.17	90.30	87.35	86.88	90.62	86.81	86.77	86.57	84.27	83.01	84.10	83.33	86.09	86.96	89.79	78.37	87.37	83.69	85.76	
598.0	79.28	74.97	89.04	90.29	79.33	82.25	91.84	85.84	86.60	78.18	87.77	92.61	80.16	99.18	89.48	86.77	76.70	91.42	79.31	82.00	
599.0	78.76	77.12	86.07	72.56	83.47	75.83	79.30	83.42	82.97	79.53	76.68	81.12	81.70	88.44	84.06	82.35	80.07	90.70	87.85	80.29	
600.0	77.44	85.11	77.77	76.87	76.60	77.55	80.45	78.81	78.76	73.16	78.25	87.63	80.70	94.40	74.61	76.88	73.89	79.60	82.34	86.58	
601.0	70.19	71.01	75.93	81.93	72.26	83.21	80.97	81.62	67.83	73.87	85.02	80.32	80.00	80.95	75.70	83.14	73.68	72.70	87.83	88.22	
602.0	72.88	72.60	75.81	68.46	75.47	84.37	78.35	78.25	81.77	76.37	84.71	77.52	76.03	69.85	84.64	82.91	73.85	73.98	77.13	78.55	
603.0	73.86	69.03	66.47	72.49	65.57	78.05	75.93	73.04	77.10	74.06	67.15	74.43	70.69	72.09	72.98	75.86	79.86	72.08	73.10	70.83	
604.0	80.83	69.15	67.79	69.61	68.50	68.32	68.94	75.29	68.55	68.04	75.39	75.31	64.18	80.02	73.25	74.48	72.62	71.36	78.20	68.65	
605.0	68.24	72.13	74.37	66.10	71.74	59.85	78.78	63.88	68.62	71.00	74.22	75.12	61.56	72.66	79.55	74.53	74.64	66.62	69.01	76.44	
606.0	71.18	69.34	71.87	73.55	65.09	67.64	66.99	66.52	69.30	70.91	75.47	75.60	66.62	72.38	72.10	65.55	67.15	64.79	70.83	84.35	
607.0	72.33	76.29	62.28	67.35	73.30	70.44	69.44	62.43	62.95	66.86	65.80	58.61	60.37	63.33	63.57	74.23	61.01	71.40	72.48	69.36	
608.0	59.76	65.70	66.56	56.51	63.99	63.11	65.33	60.12	66.59	70.05	63.26	61.78	69.70	60.80	68.20	62.73	65.01	69.10	63.90	58.43	
609.0	67.07	58.67	62.23	66.31	67.60	61.82	65.53	65.90	58.97	68.78	68.65	64.00	54.68	62.15	70.08	59.69	68.31	68.07	66.75	56.89	
610.0	58.38	66.04	60.12	63.41	62.90	64.53	61.75	58.07	60.76	63.22	60.68	58.07	53.14	63.94	54.83	64.90	59.20	66.56	57.67	61.38	
611.0	58.95	60.94	69.01	71.50	58.64	57.10	59.33	60.89	60.76	50.80	59.96	56.94	53.59	66.05	51.70	53.00	60.67	59.29	56.59	61.41	
612.0	56.74	59.36	63.03	57.49	64.75	61.37	57.39	60.02	52.30	64.53	61.64	59.17	59.20	61.51	64.57	57.75	55.29	54.58	50.31	61.09	
613.0	59.30	59.76	54.11	58.47	63.22	51.27	56.38	61.88	51.73	55.60	57.34	54.75	54.21	59.14	60.12	56.24	51.13	63.57	50.38	59.92	
614.0	58.39	60.89	55.61	56.44	49.60	59.01	62.82	59.46	56.46	57.40	53.14	56.09	50.00	52.50	61.21	54.98	58.81	58.93	59.13	60.51	
615.0	52.69	51.96	55.98	52.77	56.48	62.30	54.48	50.51	48.42	47.63	54.78	54.97	54.84	52.31	57.95	63.15	57.83	58.96	56.75	48.79	
616.0	54.36	56.04	58.73	52.01	53.81	55.13	52.18	54.18	48.21	49.55	51.69	55.33	60.17	49.79	50.06	51.58	52.61	59.36	55.73	55.86	
617.0	55.11	58.13	52.36	52.81	61.76	52.92	49.52	46.34	46.98	49.67	54.86	49.50	50.53	46.01	53.59	50.05	51.87	55.88	56.26	55.89	
618.0	48.77	56.24	51.61	51.39	51.78	50.55	53.06	49.69	47.88	47.72	48.60	53.14	48.62	50.74	42.37	53.64	50.04	53.88	51.15	46.67	
619.0	47.75	58.14	55.39	52.33	47.26	48.29	53.02	46.83	49.23	51.57	47.88	56.11	58.77	47.78	50.97	41.95	49.80	51.21	46.35	48.02	
620.0	49.87	49.67	53.08	47.09	45.59	48.54	43.44	44.06	48.77	45.76	46.40	52.05	46.95	45.13	52.33	53.38	46.18	58.65	47.23	50.82	
621.0	50.15	48.29	51.60	53.79	49.61	53.90	41.66	42.26	44.57	45.11	42.34	52.56	50.70	46.74	47.15	39.60	50.13	51.66	48.01	50.50	
622.0	46.05	47.88	51.26	44.48	44.93	43.74	51.00	40.33	47.45	53.26	47.39	47.30	47.60	45.47	43.63	41.90	42.45	41.46	51.68	49.88	
623.0	48.97	39.27	51.55	47.55	47.32	44.64	41.75	47.29	43.18	55.91	47.83	42.12	35.66	45.93	42.54	43.68	43.89	43.23	52.65	46.58	
624.0	38.54	40.01	48.04	49.20	48.63	45.48	49.75	44.07	46.57	41.92	42.35	42.14	45.11	45.79	34.40	38.86	43.66	35.66	47.78	49.32	
625.0	44.06	43.32	40.76	43.43	41.64	44.62	36.43	45.82	44.67	35.42	30.80	38.24	40.74	40.58	40.05	43.83	41.32	40.10	44.95	42.82	
626.0	39.94	38.54	34.42	39.92	41.44	41.32	35.93	38.98	41.69	42.63	38.72	47.02	43.69	45.09	35.65	47.21	38.13	43.04	44.82	45.32	
627.0	44.94	44.40	42.15	40.25	41.71	34.89	35.66	40.22	38.30	37.16	45.29	41.54	36.61	38.88	39.71	40.94	41.08	35.74	40.82	47.02	
628.0	37.55	40.48	42.53	36.01	32.95	37.72	29.66	40.75	34.25	42.25	32.81	38.37	44.38	42.11	45.20	35.37	40.63	34.00	45.67	37.31	
629.0	38.55	45.24	36.36	38.87	41.59	39.70	33.06	40.16	35.28	41.08	36.87	34.18	44.68	38.78	40.90	36.51	35.48	33.07	43.30	38.70	
630.0	35.16	34.27	40.07	36.55	33.21	36.75	33.67	41.43	38.01	36.66	31.37	37.05	37.25	35.86	33.79	39.68	36.85	40.70	39.67	32.02	
631.0	33.99	36.57	34.65	29.96	35.70	32.93	37.36	33.52	30.99	31.95	34.70	34.48	38.51	30.53	30.44	38.55	33.47	34.33	41.11	29.72	
632.0	36.36	31.57	29.59	37.53	29.76	40.41	34.59	34.72	39.45	35.84	39.35	34.17	38.29	33.49	29.23	42.95	35.16	36.99	36.80	35.72	
633.0	35.83	37.22	34.40	29.06	32.69	34.95	41.95	33.01	37.23	30.06	30.20	35.51	37.58	30.52	35.95	29.98	36.18	33.23	36.70	40.25	
634.0	33.30	27.46	36.00	34.61	23.67	33.35	33.10	32.80	34.03	27.13	37.31	33.38	29.51	35.55	38.79	27.70	32.37	34.90	32.15	35.03	
635.0	30.72	29.38	29.17	27.39	28.33	36.32	24.24	29.66	31.84	28.51	32.85	33.94	30.17	29.58	31.18	28.27	32.86	32.30	29.58	28.51	
636.0	29.29	28.19	29.75	29.99	35.23	25.98	31.50	31.24	30.98	30.93	33.64	31.89	30.73	30.25	28.20	29.85	31.17	35.01	32.43	30.45	
637.0	30.75	30.33	29.39	29.39	33.12	29.87	32.90	25.65	29.79	30.11	33.07	32.01	34.44	28.18	32.69	35.52	25.54	31.06	32.76	31.66	
638.0	33.33	27.57	33.25	34.91	33.78	31.57	33.78	18.88	28.12	27.86	23.88	34.24	41.60	25.96	26.57	28.66	29.09	30.16	26.56	26.37	
639.0	27.86	33.70	29.32	25.31	26.44	29.53	29.35	26.27	29.73	29.74	29.77	28.98	30.81	31.89	33.08	27.13	26.81	27.77	27.93	27.20	
640.0	28.11	28.23	26.28	23.94	24.90	28.47	30.74	23.46	31.41	24.05	26.09	25.88	23.54	29.29	26.96	28.81	28.85	28.13	29.14	32.55	
641.0	27.15	23.94	25.60	29.05	27.01	27.01	30.19	26.49	26.29	29.30	25.83	27.94	23.59	28.38	27.95	34.49	28.09	27.68	24.18	34.98	
642.0	25.51	27.73	24.87	23.78	29.13	26.85	27.43	25.75	26.40	27.78	23.95	30.04	30.95	27.11	25.24	25.25	27.59	24.35	26.78	28.97	
643.0	28.94	29.01	22.10	20.81	32.06	31.49	26.62	28.46	25.44	24.54	24.51	24.86	24.56	34.53	23.36	19.90	25.35	23.75	21.84	24.41	
644.0	27.24	31.82	27.14	20.81	26.23	22.78	27.37	29.43	23.93	23.25	22.00	27.80	25.56	27.63	26.69	25.04	25.60	26.11	22.83	23.17	
645.0	21.86	26.95	25.97	20.84	24.41	24.06	21.08	30.30	21.79	24.11	23.37	22.22	23.35	22.86	24.10	24.56	23.07	29.36	24.28	27.93	
646.0	20.98	21.37	20.80	22.39	26.73	21.65	27.81	27.73	22.68	28.42	24.77	19.19	17.15	24.72	26.73	23.01	22.33	26.84	22.77	22.15	
647.0	22.93	21.83	20.08	24.55	26.81	24.88	22.22	25.26	23.56	23.94	22.86	22.42	22.82	24.38	19.37	27.63	23.25	24.62	26.06	22.62	
648.0	18.96	24.60	21.61	25.28	19.50	23.10	27.61	20.91	21.96	20.89	19.67	26.58	18.62	22.43	22.42	23.18	24.01	20.22	23.28	18.23	
649.0	25.86	23.86	22.88	17.28	19.41	22.31	18.61	22.98	24.52	20.81	22.28	26.33	17.69	19.20	25.19	24.85	24.99	19.43	23.21	17.56	
650.0	22.80	23.26	21.80	26.42	24.62	18.14	23.27	18.48	25.62	21.77	25.21	19.52	14.32	24.45	18.43	27.41	19.23	18.84	23.48	21.60	
651.0	19.72	21.96	23.03	18.63	26.55	18.78	24.27	14.52	23.48	19.94	20.41	20.27	18.70	20.85	21.77	22.16	18.80	21.56	19.06	20.68	
652.0	19.10	18.28	20.51	19.87	18.86	17.67	21.11	15.92	18.86	17.82	22.20	18.46	26.50	20.27	22.04	24.81	18.24	17.22	22.21	18.43	
653.0	21.77	18.66	16.12	22.03	25.81	16.64	18.41	19.17	22.68	22.37	19.55	23.28	21.58	24.18	17.54	22.89	17.46	17.12	25.48	21.29	
654.0	18.01	17.30	14.91	17.99	18.16	20.29	15.93	18.57	18.03	19.40	15.52	15.32	20.47	21.68	19.34	21.20	21.75	21.51	19.97	23.55	
655.0	19.12	17.76	19.86	21.88	19.12	23.27	17.88	21.07	19.24	18.14	18.81	21.03	21.08	22.88	21.93	20.74	20.03	17.56	23.11	18.79	
656.0	15.02	14.27	24.45	18.09	14.67	18.91	18.10	17.49	21.39	17.71	16.25	15.58	19.30	16.86	20.54	14.96	21.94	18.38	18.26	20.59	
657.0	16.12	22.17	18.10	19.32	18.74	14.08	22.56	18.55	21.77	18.55	17.53	17.98	17.51	27.56	17.19	18.20	16.28	21.19	14.41	16.18	
658.0	12.50	17.79	20.27	18.33	18.33	16.80	22.06	18.75	15.21	18.33	16.38	17.37	21.34	18.14	16.63	21.20	20.44	18.37	15.84	17.15	
659.0	18.10	18.44	15.76	19.30	19.63	20.55	20.26	17.66	15.31	20.93	16.70	18.08	20.87	17.10	14.35	14.59	17.69	16.05	20.46	19.85	
660.0	16.89	19.11	12.65	11.52	18.02	18.82	19.17	19.55	15.77	16.75	16.75	18.12	15.80	22.85	17.37	15.47	14.59	15.70	19.09	16.88	
661.0	12.52	15.95	18.10	17.60	16.08	17.80	13.72	14.78	19.08	16.35	15.84	15.62	18.68	22.24	14.57	12.97	19.41	18.91	15.60	13.78	
662.0	15.22	21.38	18.92	15.11	16.32	13.30	21.22	18.77	17.77	16.44	12.72	13.41	14.99	16.84	16.20	15.90	19.13	14.88	17.00	16.94	
663.0	16.62	15.86	16.72	17.74	14.37	18.84	14.13	20.45	17.16	13.77	14.16	15.37	16.21	12.42	21.36	18.78	17.90	18.58	14.01	16.80	
664.0	16.52	14.32	14.80	12.31	15.49	14.75	11.27	17.78	14.45	18.81	17.75	12.52	17.90	15.47	15.23	18.13	14.89	17.38	15.35	12.67	
665.0	14.34	14.11	10.18	16.86	14.26	16.91	18.83	16.51	15.85	11.15	17.43	13.91	15.44	10.77	14.97	14.53	14.09	15.05	14.27	11.21	
666.0	16.41	16.43	10.72	16.21	10.71	15.14	15.81	18.56	12.57	14.95	15.85	17.23	12.10	14.47	14.65	12.40	17.74	17.91	14.23	17.33	
667.0	18.90	12.33	15.19	14.90	14.52	14.33	12.46	13.33	14.01	17.78	16.59	7.954	12.14	13.25	14.04	16.73	13.52	13.12	16.38	19.39	
668.0	18.61	13.62	16.49	14.63	16.70	18.18	18.67	13.12	12.82	15.23	13.07	9.832	16.37	17.18	15.57	16.65	13.28	14.74	13.48	16.23	
669.0	13.54	14.37	13.78	6.743	14.66	13.66	14.52	13.74	12.80	14.14	15.26	8.049	14.66	17.35	13.16	13.32	16.34	15.78	12.99	18.50	
670.0	11.32	17.08	15.27	7.952	16.64	12.08	11.21	12.48	11.64	9.375	16.52	12.55	11.83	16.96	12.73	12.69	15.13	13.45	16.59	13.09	
671.0	10.54	12.90	12.95	10.65	12.22	13.58	13.97	9.119	13.15	11.84	15.11	17.63	11.91	15.32	12.02	12.11	14.43	22.99	18.46	9.836	
672.0	9.720	11.97	19.15	13.78	13.84	14.36	13.68	12.01	12.15	9.920	12.49	14.39	13.55	9.606	9.395	14.24	17.61	19.61	14.67	12.98	
673.0	13.83	11.89	13.56	10.64	16.80	15.02	18.60	13.46	14.60	11.64	15.44	14.13	12.94	11.92	10.75	13.43	11.82	11.93	15.12	18.72	
674.0	18.38	12.98	12.71	13.72	12.18	11.26	13.48	15.11	11.00	7.947	9.463	15.14	11.50	13.81	8.162	10.19	13.61	11.93	12.82	9.646	
675.0	12.96	15.93	10.94	11.53	13.66	10.94	14.28	11.49	13.54	15.64	16.19	15.14	14.90	13.19	10.02	12.94	12.73	10.73	11.92	13.25	
676.0	13.56	12.29	12.64	10.72	11.99	12.17	12.31	12.42	14.07	11.67	12.21	14.84	12.96	11.44	11.59	12.23	13.57	9.789	12.26	10.85	
677.0	8.989	11.45	12.42	13.40	11.82	7.997	8.858	12.15	10.41	10.22	11.18	16.05	11.83	9.219	11.24	10.18	11.19	11.45	13.64	10.74	
678.0	12.55	8.532	13.45	10.58	8.663	11.26	10.17	11.39	7.616	12.92	13.45	12.51	15.90	11.56	10.72	12.50	12.61	11.62	9.980	18.72	
679.0	10.73	14.89	7.153	10.38	8.968	12.82	10.12	9.202	11.60	10.22	11.78	8.790	13.15	9.349	10.08	13.57	15.17	13.29	7.987	16.88	
680.0	10.99	11.63	10.68	11.44	15.42	12.54	13.93	11.65	9.002	13.97	7.376	15.67	10.21	10.45	10.86	9.789	11.90	11.22	8.472	14.38	
681.0	10.56	12.49	10.20	11.44	12.48	11.87	9.029	11.84	12.03	10.08	12.20	12.20	16.37	12.44	13.73	7.129	9.838	10.11	11.50	10.53	
682.0	10.52	9.659	12.88	9.716	8.860	7.540	12.57	11.48	10.41	9.248	9.084	10.88	12.87	12.90	9.604	7.554	11.16	11.17	12.25	12.15	
683.0	11.95	11.56	11.25	12.12	13.06	11.90	10.92	14.52	13.26	12.74	7.547	11.96	10.38	12.69	12.80	9.534	13.58	9.306	9.783	9.181	
684.0	9.352	9.411	7.828	10.61	9.723	15.88	12.55	9.894	11.11	12.97	6.652	9.684	8.275	9.185	12.30	8.532	14.01	9.218	8.526	11.60	
685.0	8.897	8.638	9.875	8.336	13.83	12.89	6.978	10.02	9.854	9.477	9.104	8.158	8.149	12.18	11.93	8.418	10.77	13.15	10.51	9.091	
686.0	8.494	11.64	6.997	9.463	10.12	8.074	9.933	11.18	9.656	9.083	8.092	12.51	9.957	10.25	11.60	10.09	8.283	12.63	6.553	11.77	
687.0	11.94	12.53	7.483	8.235	12.21	11.08	9.965	9.614	9.333	7.826	11.30	12.61	8.939	10.22	6.748	8.607	10.79	10.67	6.600	8.498	
688.0	10.07	8.040	10.42	7.220	11.08	8.496	6.569	8.619	10.21	7.052	8.690	13.90	10.32	12.49	9.517	10.58	8.184	10.88	9.948	9.321	
689.0	11.46	12.10	12.20	8.868	9.451	9.927	7.417	7.706	9.504	7.503	10.68	11.51	6.313	10.25	9.743	10.61	10.93	10.89	14.22	8.886	
690.0	9.005	8.280	9.123	11.38	8.853	9.521	9.896	6.809	12.66	10.44	9.820	12.10	10.93	8.548	12.41	10.96	9.286	9.623	8.173	7.570	
691.0	11.27	12.12	9.230	9.048	8.926	14.54	10.74	11.73	12.70	10.28	9.234	11.27	11.10	9.332	7.291	7.852	7.899	6.007	4.799	11.41	
692.0	9.082	8.956	8.751	7.830	8.402	6.783	10.22	7.886	12.11	8.296	7.829	7.851	8.634	11.91	12.59	8.012	9.393	8.620	11.18	9.809	
693.0	7.140	6.830	7.425	9.078	12.81	10.49	9.616	8.311	8.896	10.27	7.425	9.659	11.71	9.495	12.89	5.922	7.400	10.58	8.693	10.42	
694.0	9.906	9.719	11.73	6.546	6.839	9.904	11.81	8.953	7.606	6.637	9.485	8.697	10.83	12.77	13.55	9.419	8.163	10.57	10.72	9.866	
695.0	8.486	12.13	10.33	8.780	9.001	10.12	9.555	12.64	7.803	8.049	8.366	10.47	10.48	8.889	7.694	8.901	8.901	9.839	7.412	8.143	
696.0	6.480	11.12	9.170	6.815	8.731	9.337	11.25	8.480	8.786	7.907	8.635	6.664	8.403	9.668	11.85	8.661	7.993	10.09	9.266	8.264	
697.0	7.312	6.947	6.822	8.249	9.860	12.74	4.986	10.66	9.787	8.333	6.523	9.600	8.533	13.32	11.49	8.639	8.222	7.738	11.69	6.377	
698.0	9.337	7.022	11.63	6.795	9.907	7.103	8.340	6.555	7.568	6.468	8.923	11.36	5.157	8.084	10.48	8.310	8.455	8.760	10.00	9.234	
699.0	8.969	6.882	9.346	7.554	9.927	8.867	8.686	7.541	9.318	6.212	11.90	11.46	7.545	11.01	9.674	8.760	10.08	8.067	8.760	12.21	
700.0	8.743	7.083	10.16	8.440	9.678	9.503	7.439	5.672	7.685	10.00	9.031	8.201	8.090	9.364	9.492	8.622	4.974	8.598	10.13	8.485	
701.0	5.536	11.60	7.861	7.844	7.331	9.537	9.760	9.198	5.936	7.620	8.297	8.148	10.33	13.07	10.06	6.106	6.660	8.814	11.07	6.974	
702.0	7.823	6.943	7.029	7.509	8.700	7.223	7.790	7.369	6.649	11.75	10.55	8.975	6.779	10.37	8.978	7.146	13.52	8.703	11.08	7.870	
703.0	10.93	7.937	5.562	5.875	5.815	6.391	7.420	7.433	7.229	6.451	9.340	6.790	8.647	13.63	8.616	7.351	9.970	9.627	9.220	8.333	
704.0	9.516	6.670	7.489	9.932	7.339	10.51	5.982	6.641	8.649	7.183	1.669	6.695	6.152	10.58	7.521	8.400	8.144	10.28	10.13	11.01	
705.0	6.070	5.128	7.022	6.851	9.390	6.573	8.396	6.916	14.25	8.532	6.047	8.616	7.593	8.005	13.51	6.059	8.855	7.913	7.650	6.339	
706.0	4.338	8.475	8.281	4.622	9.908	8.591	9.982	10.29	9.144	9.100	12.20	7.879	8.910	8.862	6.598	8.944	9.127	10.21	7.946	8.231	
707.0	7.238	11.06	6.571	6.676	7.064	7.186	5.451	7.331	5.930	9.063	8.644	9.734	5.655	5.566	7.082	9.024	7.682	9.961	8.291	9.650	
708.0	5.197	7.200	6.291	6.630	5.052	8.429	5.795	7.915	4.472	7.079	7.647	10.52	9.392	5.035	6.714	8.794	11.63	6.339	7.132	8.568	
709.0	6.144	9.170	8.612	6.859	7.250	7.760	6.279	9.474	11.15	6.373	7.885	10.68	6.188	7.795	6.562	10.24	10.75	6.770	7.485	10.80	
710.0	6.415	6.391	7.476	7.633	6.997	8.285	8.013	7.348	7.314	4.553	8.910	8.441	6.220	8.501	6.003	9.634	6.849	6.108	9.006	8.430	
711.0	8.793	7.011	5.653	10.11	8.843	5.835	7.075	6.012	8.900	7.372	8.710	8.432	4.470	7.839	8.537	9.085	7.011	9.061	11.38	7.189	
712.0	4.773	7.655	4.117	9.052	10.51	6.523	11.12	8.306	7.112	7.692	8.518	8.196	7.655	8.141	6.769	4.139	5.566	9.638	9.841	9.738	
713.0	5.343	7.670	4.534	11.26	10.66	7.344	6.126	4.763	9.583	9.441	12.11	7.583	8.455	7.838	6.034	7.676	5.416	9.842	11.60	7.992	
714.0	7.134	6.490	6.260	6.562	8.676	5.638	8.781	6.644	9.482	7.093	6.563	7.592	8.187	4.412	5.914	5.535	9.668	10.74	6.830	5.243	
715.0	6.862	7.060	6.591	5.543	9.316	5.753	6.134	8.636	5.669	6.254	10.30	7.662	7.584	7.889	6.575	7.723	10.82	9.676	6.105	4.566	
716.0	6.298	8.488	9.115	8.475	7.029	6.455	7.539	10.07	6.946	7.338	7.791	6.517	8.163	7.633	9.339	9.723	6.363	7.002	6.912	6.108	
717.0	5.707	8.635	8.741	9.035	9.529	6.302	8.602	5.948	6.521	10.76	7.474	6.755	7.704	5.678	6.272	8.929	6.075	5.108	7.700	9.023	
718.0	5.641	7.176	7.647	12.85	6.461	8.593	6.441	6.907	6.117	6.882	6.681	6.313	6.649	7.316	9.468	6.696	6.165	8.532	6.139	8.459	
719.0	6.344	8.531	9.141	8.256	3.269	6.523	8.580	4.924	12.27	4.214	9.450	5.363	5.061	7.183	9.597	8.210	7.678	7.351	6.597	9.403	
720.0	6.752	6.423	7.123	7.305	6.137	8.080	8.204	5.953	7.249	5.885	4.582	10.22	4.295	9.344	9.456	7.861	12.41	7.006	8.087	10.37	
721.0	7.062	8.648	8.591	7.499	6.446	6.267	7.406	8.096	7.301	9.883	9.116	9.359	6.812	7.184	7.998	6.950	7.932	8.378	4.856	5.243	
722.0	9.496	8.783	6.755	4.990	7.548	5.158	7.328	6.173	9.144	6.754	8.483	6.052	6.780	10.12	4.441	9.466	6.508	6.370	4.534	6.756	
723.0	5.371	6.881	9.351	3.221	9.758	9.991	5.956	9.433	13.79	9.642	6.025	5.638	8.782	5.243	6.946	7.085	7.209	7.244	6.050	9.140	
724.0	4.539	8.661	5.634	6.510	5.582	9.575	6.153	7.244	8.064	5.826	6.339	8.012	7.275	3.183	8.027	6.761	9.577	8.103	7.868	5.489	
725.0	5.412	8.000	8.678	8.063	4.554	4.792	4.253	8.312	9.308	7.878	6.350	6.198	6.700	9.031	7.347	9.294	7.784	7.509	8.140	7.106	
726.0	5.985	9.030	5.108	7.714	6.532	4.919	7.457	5.090	6.025	9.519	7.506	5.019	9.784	4.843	8.990	3.959	7.144	5.696	6.457	9.567	
727.0	6.817	5.647	4.799	11.61	7.828	3.656	7.128	6.735	10.39	5.420	5.651	8.004	8.228	5.409	9.149	7.809	4.227	8.567	10.17	7.159	
728.0	7.772	7.105	4.477	6.478	5.267	5.288	7.502	7.566	9.910	4.407	7.773	6.160	5.059	6.090	5.735	7.315	6.194	8.481	10.47	9.406	
729.0	7.529	9.003	4.592	6.387	7.740	5.708	6.882	4.945	4.707	4.861	5.392	5.892	4.751	5.773	9.744	9.114	10.46	7.618	10.87	11.50	
730.0	5.566	6.370	7.365	4.555	7.918	6.505	7.476	7.246	8.911	8.611	6.847	6.099	5.608	8.135	4.832	7.088	5.961	5.906	6.911	8.807	
731.0	3.853	7.878	3.493	7.227	5.342	8.557	5.044	3.997	7.965	8.682	9.378	4.973	5.328	6.890	4.630	10.96	8.299	9.743	6.604	6.576	
732.0	6.114	6.361	2.354	4.863	5.370	5.835	10.08	7.012	9.583	8.618	8.216	8.642	11.51	5.856	7.679	8.079	2.044	6.780	6.080	7.025	
733.0	4.062	4.933	4.881	5.034	5.877	7.892	5.721	4.378	5.313	5.662	5.676	6.068	3.962	4.296	6.385	8.267	6.004	5.011	8.519	6.628	
734.0	4.905	7.275	6.177	6.233	6.758	5.579	7.234	2.430	7.732	6.480	6.584	3.226	6.731	4.175	5.401	6.734	5.474	6.220	8.484	3.997	
735.0	4.502	3.875	7.489	5.184	7.388	7.130	6.098	5.752	10.13	5.998	5.600	7.406	6.293	4.507	3.715	7.461	9.109	7.401	9.468	5.311	
736.0	8.320	7.146	8.278	6.715	8.103	6.953	4.787	3.958	8.808	7.590	5.666	6.575	4.837	7.465	4.740	6.644	5.976	8.623	7.132	7.714	
737.0	6.225	6.283	7.290	3.604	6.904	5.025	5.634	5.372	7.034	5.033	5.209	9.201	3.353	8.910	7.238	3.505	4.102	5.998	4.683	8.649	
738.0	7.522	5.936	5.915	8.539	5.602	8.471	2.773	6.996	7.313	8.618	6.770	5.048	8.886	7.619	6.326	2.901	3.555	4.601	4.990	6.051	
739.0	5.991	7.322	5.500	4.681	5.647	6.022	3.055	4.450	5.957	5.345	7.935	7.498	7.910	4.879	5.876	7.729	3.477	8.521	8.682	9.400	
740.0	7.999	5.829	6.094	4.869	2.799	9.218	6.135	4.880	7.159	7.523	7.498	3.286	8.915	11.10	5.764	8.023	6.276	6.114	8.104	5.976	
741.0	7.772	5.036	11.45	10.30	4.816	9.176	4.006	5.873	6.237	10.89	6.795	7.124	5.401	6.793	6.843	6.356	7.006	7.189	6.257	4.818	
742.0	9.579	7.250	7.026	4.218	6.574	8.806	8.710	6.325	8.042	4.387	8.146	6.126	8.469	6.504	5.186	4.872	7.782	8.290	2.859	5.102	
743.0	4.085	8.067	6.013	6.486	5.097	6.126	9.071	6.484	6.798	6.582	9.061	5.082	4.335	10.52	4.712	7.934	3.102	7.604	4.018	7.981	
744.0	6.966	8.478	5.256	8.010	4.851	6.241	12.28	7.026	7.838	6.838	4.482	5.616	4.071	6.473	8.980	9.655	7.610	7.312	5.799	2.911	
745.0	5.633	6.749	4.921	6.807	6.897	5.904	8.014	5.747	8.729	7.101	5.912	4.233	3.578	4.528	7.305	12.20	9.386	7.384	7.318	2.870	
746.0	5.579	9.468	6.481	8.705	5.866	9.694	5.463	5.220	7.279	8.472	7.437	5.525	10.38	7.895	7.969	10.26	10.56	6.166	8.080	7.807	
747.0	2.783	8.522	7.011	8.109	6.034	7.683	5.516	5.447	8.705	4.542	4.771	5.360	4.956	4.563	9.855	7.291	6.930	4.694	8.757	8.223	
748.0	4.210	6.147	8.534	6.078	9.099	6.807	6.009	6.370	8.321	3.357	6.807	4.194	3.780	5.517	4.743	5.549	8.215	4.634	8.283	6.279	
749.0	5.958	5.091	7.342	8.450	9.731	2.979	3.589	5.549	5.748	6.538	8.163	4.759	5.389	5.363	7.655	4.673	3.150	4.763	6.375	6.638	
750.0	7.261	6.012	5.570	5.357	6.851	3.918	5.311	5.193	4.496	7.245	7.150	8.288	7.198	3.857	5.225	7.843	4.723	5.986	7.209	4.952	
751.0	5.958	6.391	5.891	8.415	5.918	6.406	4.923	7.632	8.313	6.042	4.663	5.125	7.285	6.399	10.35	6.850	5.989	5.243	6.800	5.638	
752.0	7.289	4.414	4.532	3.772	7.669	9.116	7.247	6.263	4.181	4.194	7.720	6.711	5.369	4.840	8.525	6.626	9.294	5.574	7.655	8.968	
753.0	4.566	8.321	6.083	8.351	4.637	4.816	4.967	6.218	4.659	3.499	4.901	6.196	6.212	9.014	5.015	5.430	7.873	9.682	8.362	8.355	
754.0	6.194	11.13	7.177	7.644	3.517	6.424	5.525	7.617	5.422	5.461	6.254	3.478	6.326	7.448	6.479	4.849	6.966	13.46	7.329	5.301	
755.0	8.399	5.443	7.556	4.114	1.539	5.912	8.302	3.606	6.635	7.680	7.716	4.852	4.349	6.019	7.419	6.148	9.574	4.221	5.936	3.013	
756.0	5.348	6.142	6.269	5.893	5.703	5.377	6.910	3.520	2.106	7.716	6.438	6.727	3.223	8.172	5.505	6.644	6.084	4.667	11.30	4.088	
757.0	8.079	7.207	4.441	9.181	4.764	6.162	6.803	4.406	6.430	6.564	4.822	5.190	2.673	7.481	4.289	6.852	7.548	7.390	7.546	4.381	
758.0	7.056	5.677	8.292	5.623	6.447	4.797	6.344	6.076	5.062	6.212	8.211	4.258	5.105	5.036	3.162	11.75	7.832	9.657	8.189	5.061	
759.0	6.549	3.887	4.775	4.053	5.404	8.156	4.860	8.062	5.095	5.725	6.053	8.004	8.251	8.257	2.943	7.753	3.786	6.463	3.548	6.840	
760.0	5.907	5.168	7.753	6.514	8.952	5.687	3.872	5.745	8.065	9.789	5.683	5.850	6.430	5.502	4.276	7.288	4.028	6.916	5.792	6.021	
761.0	8.373	5.478	4.716	6.789	8.698	5.309	5.635	6.001	3.655	7.185	5.955	5.907	7.656	7.563	3.415	7.450	4.345	5.219	6.275	7.274	
762.0	6.526	4.326	7.079	6.784	5.994	5.921	4.629	4.817	5.720	5.847	6.775	6.987	5.170	2.782	4.577	4.765	4.045	5.952	4.099	9.279	
763.0	8.982	5.507	8.890	5.824	11.72	5.453	8.412	7.857	9.507	5.060	6.668	7.705	3.987	3.703	4.365	4.863	6.957	4.877	6.246	3.578	
764.0	6.087	4.889	7.131	6.525	5.735	3.910	5.636	5.052	6.017	4.147	5.299	8.990	6.814	5.325	3.299	8.146	5.758	7.324	8.557	4.980	
765.0	9.696	6.439	10.01	5.411	4.231	8.598	2.980	7.285	5.869	4.152	5.850	5.275	10.09	5.511	5.620	6.347	6.687	5.258	5.514	6.060	
766.0	6.310	9.141	7.046	4.172	5.892	5.830	10.53	7.602	7.901	3.654	7.877	7.214	4.433	4.938	5.854	8.624	4.437	3.578	7.490	6.381	
767.0	6.204	6.409	8.180	4.362	4.552	8.045	7.392	5.820	6.417	3.629	7.492	4.812	6.064	7.703	2.654	7.462	5.372	4.157	6.855	5.023	
768.0	6.824	4.923	4.293	7.701	9.379	4.067	7.924	6.035	5.373	2.910	5.668	3.132	5.908	5.711	3.488	5.964	6.752	7.270	7.383	7.878	
769.0	7.112	5.533	6.668	5.159	7.569	6.990	7.864	8.939	7.991	2.860	5.266	5.493	6.024	6.684	6.914	7.975	4.540	5.272	9.722	5.602	
770.0	4.935	4.555	7.544	3.576	5.520	4.905	5.211	6.859	6.644	7.868	6.911	6.379	7.381	6.876	6.426	7.859	5.681	2.982	5.572	1.818	
771.0	6.242	7.425	8.787	7.927	10.04	5.660	7.665	4.666	7.308	4.950	4.050	7.858	4.873	9.028	6.381	6.881	7.481	7.674	4.118	5.062	
772.0	8.935	6.112	6.127	5.871	11.54	5.440	5.045	7.239	5.065	4.755	4.382	5.782	10.18	9.534	7.610	5.521	3.618	7.344	4.484	8.397	
773.0	5.905	2.484	5.190	6.501	6.274	8.346	6.608	3.797	6.058	8.784	6.266	5.768	4.947	7.611	5.169	5.277	3.396	5.846	5.945	5.284	
774.0	5.504	7.131	7.971	5.471	6.201	8.815	5.905	2.305	7.946	4.084	5.395	7.152	5.388	5.167	6.259	5.064	6.099	5.059	12.12	5.116	
775.0	9.046	8.763	6.042	8.117	5.112	4.846	6.126	4.489	7.370	6.241	4.586	8.679	6.058	4.434	12.57	6.747	7.350	4.899	6.799	6.944	
776.0	7.779	5.709	4.421	6.676	4.277	5.072	6.110	8.541	5.922	4.978	9.488	7.013	4.954	6.324	6.978	6.269	6.968	6.339	7.664	8.507	
777.0	5.078	6.573	3.869	6.435	8.742	6.920	6.479	6.948	7.477	6.268	4.719	8.093	5.404	8.431	6.900	3.976	7.551	7.955	7.188	5.836	
778.0	7.060	4.360	4.125	5.135	7.681	9.390	8.264	6.049	5.592	5.924	5.752	5.635	5.329	5.769	5.232	6.155	7.249	5.314	5.348	3.131	
779.0	4.671	5.176	6.967	6.926	5.025	7.295	9.338	8.060	4.719	9.146	7.061	4.326	6.162	6.652	5.918	4.997	5.375	7.726	6.356	7.522	
780.0	7.351	6.145	5.264	9.415	7.667	6.592	9.854	6.124	6.881	6.369	6.750	5.374	4.590	8.423	6.068	7.159	5.818	6.900	6.561	8.460	
