500.0	-0.842696	-0.848142	-0.842604	-0.837556	-0.845923	-0.849632	-0.838940	-0.839323	-0.835910	-0.845113	-0.847508	-0.845624	-0.847790	-0.843930	-0.848486	-0.843541	-0.842852	-0.847358	-0.846846	-0.841671
501.0	-0.840141	-0.846853	-0.844498	-0.839432	-0.841722	-0.845258	-0.843114	-0.839662	-0.843938	-0.843586	-0.845363	-0.850414	-0.843687	-0.842383	-0.847602	-0.846488	-0.844207	-0.847625	-0.847248	-0.844074
502.0	-0.838731	-0.845663	-0.845246	-0.840423	-0.839530	-0.842378	-0.845117	-0.840119	-0.847462	-0.842443	-0.844586	-0.852290	-0.841392	-0.841565	-0.847246	-0.848489	-0.844488	-0.848325	-0.847824	-0.845527
503.0	-0.838200	-0.844597	-0.845122	-0.840736	-0.838856	-0.840693	-0.845433	-0.840625	-0.847615	-0.841624	-0.844788	-0.851958	-0.840474	-0.841349	-0.847191	-0.849617	-0.844024	-0.849242	-0.848393	-0.846233
504.0	-0.838285	-0.843677	-0.844398	-0.840580	-0.839214	-0.839901	-0.844544	-0.841116	-0.845529	-0.841068	-0.845576	-0.850122	-0.840498	-0.841609	-0.847211	-0.849946	-0.843144	-0.850157	-0.848775	-0.846399
505.0	-0.838722	-0.842927	-0.843348	-0.840163	-0.840114	-0.839700	-0.842936	-0.841525	-0.842336	-0.840717	-0.846561	-0.847487	-0.841032	-0.842219	-0.847081	-0.849551	-0.842176	-0.850852	-0.848789	-0.846228
506.0	-0.839127	-0.842272	-0.841889	-0.840030	-0.840572	-0.839521	-0.841333	-0.841579	-0.840504	-0.840305	-0.846826	-0.846381	-0.841055	-0.843183	-0.845580	-0.847640	-0.843241	-0.851138	-0.847933	-0.846498
507.0	-0.839152	-0.842833	-0.842433	-0.840048	-0.839868	-0.839120	-0.840310	-0.841522	-0.840134	-0.840061	-0.846292	-0.844480	-0.839628	-0.843756	-0.843722	-0.845413	-0.843516	-0.850172	-0.845215	-0.845828
508.0	-0.839339	-0.842216	-0.843201	-0.840078	-0.838540	-0.838881	-0.840128	-0.841441	-0.840617	-0.840569	-0.845680	-0.842606	-0.840834	-0.845015	-0.842543	-0.844704	-0.842084	-0.848097	-0.843508	-0.845719
509.0	-0.838446	-0.841431	-0.841968	-0.840173	-0.839683	-0.837922	-0.840904	-0.840757	-0.841802	-0.839113	-0.843535	-0.841731	-0.839733	-0.845666	-0.841270	-0.843531	-0.840739	-0.846333	-0.841842	-0.846347
510.0	-0.838623	-0.842372	-0.841050	-0.840569	-0.839616	-0.837658	-0.841352	-0.840251	-0.842997	-0.839530	-0.842252	-0.842186	-0.838917	-0.844624	-0.841167	-0.842871	-0.839127	-0.844700	-0.840947	-0.848236
511.0	-0.838070	-0.841265	-0.840234	-0.841329	-0.839893	-0.835719	-0.843206	-0.840807	-0.844422	-0.839399	-0.843614	-0.842137	-0.837432	-0.844135	-0.841197	-0.843707	-0.838196	-0.841398	-0.840608	-0.848898
512.0	-0.839147	-0.840325	-0.838756	-0.840372	-0.838605	-0.835852	-0.844406	-0.839961	-0.845237	-0.840663	-0.843573	-0.841245	-0.838159	-0.843010	-0.841856	-0.844531	-0.839064	-0.839042	-0.840638	-0.849494
513.0	-0.839085	-0.839375	-0.837546	-0.840001	-0.838133	-0.834348	-0.845188	-0.837908	-0.843830	-0.840357	-0.843396	-0.841104	-0.837400	-0.842299	-0.842152	-0.844000	-0.838631	-0.838607	-0.841751	-0.850287
514.0	-0.837980	-0.839380	-0.836844	-0.838316	-0.839023	-0.834836	-0.844325	-0.837220	-0.841601	-0.841762	-0.844894	-0.840205	-0.836898	-0.841848	-0.842968	-0.844555	-0.838135	-0.839205	-0.843501	-0.849972
515.0	-0.837318	-0.838825	-0.835263	-0.839158	-0.839765	-0.835215	-0.842505	-0.836347	-0.840144	-0.841867	-0.845142	-0.840500	-0.836719	-0.841730	-0.843252	-0.845201	-0.838841	-0.839648	-0.842608	-0.848103
516.0	-0.835570	-0.839357	-0.834083	-0.837911	-0.837439	-0.835182	-0.840393	-0.836191	-0.839282	-0.842208	-0.846137	-0.841773	-0.836000	-0.843008	-0.841296	-0.843211	-0.841159	-0.840718	-0.842300	-0.846394
517.0	-0.833517	-0.839894	-0.836133	-0.837750	-0.835048	-0.833988	-0.838364	-0.835441	-0.839442	-0.840999	-0.844566	-0.841689	-0.836101	-0.843036	-0.838573	-0.842535	-0.840097	-0.841867	-0.839857	-0.845377
518.0	-0.833203	-0.840378	-0.835904	-0.837160	-0.834476	-0.834044	-0.837101	-0.834192	-0.839308	-0.839885	-0.843235	-0.841486	-0.837240	-0.842049	-0.835433	-0.841295	-0.839007	-0.841907	-0.837508	-0.844287
519.0	-0.831478	-0.839888	-0.834924	-0.835127	-0.835681	-0.834864	-0.835050	-0.834055	-0.838115	-0.838188	-0.840730	-0.841519	-0.837036	-0.840226	-0.832447	-0.840259	-0.836548	-0.841840	-0.835882	-0.843043
520.0	-0.830523	-0.839255	-0.832884	-0.833087	-0.836260	-0.834846	-0.833804	-0.833924	-0.836831	-0.836411	-0.840050	-0.841067	-0.835061	-0.838829	-0.829997	-0.839294	-0.835944	-0.840828	-0.835576	-0.842018
521.0	-0.827976	-0.836979	-0.832437	-0.830543	-0.835292	-0.833439	-0.832108	-0.833238	-0.835636	-0.834713	-0.840029	-0.839574	-0.835711	-0.837508	-0.827759	-0.839477	-0.835367	-0.837756	-0.833827	-0.841069
522.0	-0.828211	-0.834943	-0.830831	-0.827200	-0.834254	-0.833035	-0.831877	-0.831758	-0.834703	-0.832885	-0.839010	-0.837803	-0.835098	-0.835084	-0.826240	-0.839252	-0.834248	-0.835639	-0.832900	-0.840614
523.0	-0.828081	-0.832395	-0.829781	-0.826084	-0.832864	-0.830705	-0.831144	-0.828250	-0.833742	-0.829666	-0.836478	-0.835665	-0.833186	-0.833150	-0.824462	-0.836548	-0.831955	-0.834137	-0.833829	-0.838732
524.0	-0.826420	-0.829439	-0.827129	-0.824804	-0.832149	-0.828538	-0.830086	-0.825362	-0.832629	-0.829098	-0.834528	-0.832899	-0.830443	-0.830691	-0.824206	-0.836501	-0.830488	-0.831986	-0.834367	-0.836603
525.0	-0.825073	-0.825870	-0.824475	-0.824799	-0.830278	-0.826848	-0.829719	-0.824471	-0.832509	-0.825271	-0.832136	-0.829562	-0.827260	-0.828725	-0.824833	-0.835429	-0.828186	-0.828517	-0.832550	-0.832843
526.0	-0.821585	-0.822179	-0.823358	-0.823997	-0.828611	-0.824309	-0.827466	-0.822832	-0.831856	-0.823322	-0.829166	-0.827222	-0.824938	-0.827587	-0.824248	-0.832974	-0.826855	-0.826260	-0.831532	-0.829788
527.0	-0.817802	-0.819438	-0.822544	-0.821882	-0.824428	-0.820979	-0.824355	-0.821609	-0.831625	-0.821537	-0.823598	-0.826569	-0.823136	-0.824313	-0.824773	-0.831082	-0.822237	-0.825306	-0.829046	-0.827915
528.0	-0.814643	-0.816731	-0.820401	-0.819065	-0.821557	-0.819098	-0.821284	-0.818624	-0.828361	-0.820734	-0.822710	-0.824067	-0.820839	-0.821223	-0.824844	-0.827906	-0.819892	-0.824368	-0.826022	-0.825359
529.0	-0.812401	-0.813391	-0.817796	-0.814819	-0.818671	-0.815217	-0.817940	-0.817735	-0.823663	-0.817756	-0.819070	-0.821065	-0.816233	-0.817712	-0.822728	-0.824089	-0.816055	-0.822814	-0.823735	-0.822928
530.0	-0.808699	-0.810723	-0.815971	-0.811430	-0.816018	-0.811095	-0.814628	-0.813012	-0.818176	-0.813857	-0.815494	-0.816839	-0.813179	-0.815906	-0.819131	-0.821567	-0.813062	-0.818963	-0.820388	-0.820802
531.0	-0.802604	-0.805969	-0.812260	-0.808376	-0.810587	-0.804988	-0.811125	-0.808188	-0.811336	-0.809797	-0.812260	-0.811725	-0.812636	-0.811174	-0.812999	-0.818425	-0.810094	-0.814652	-0.814838	-0.818080
532.0	-0.798945	-0.801494	-0.808650	-0.803997	-0.806940	-0.800174	-0.808279	-0.804280	-0.805739	-0.805009	-0.806942	-0.807301	-0.809788	-0.808206	-0.809840	-0.814407	-0.807047	-0.808806	-0.810907	-0.815582
533.0	-0.793853	-0.799287	-0.802834	-0.799374	-0.801974	-0.794135	-0.803508	-0.800389	-0.801723	-0.800307	-0.800052	-0.801130	-0.806791	-0.803932	-0.803955	-0.809463	-0.803407	-0.802519	-0.806731	-0.813716
534.0	-0.787367	-0.794644	-0.796922	-0.793612	-0.798047	-0.790381	-0.800660	-0.795222	-0.799607	-0.797497	-0.795005	-0.795648	-0.804109	-0.797927	-0.796946	-0.805637	-0.803155	-0.795637	-0.800116	-0.808278
535.0	-0.782289	-0.787942	-0.790662	-0.787956	-0.795465	-0.788244	-0.796044	-0.790659	-0.795482	-0.791108	-0.790206	-0.789639	-0.797966	-0.792669	-0.791604	-0.801297	-0.800604	-0.789767	-0.791429	-0.803114
536.0	-0.776231	-0.780240	-0.784175	-0.781764	-0.794105	-0.782475	-0.789005	-0.785250	-0.792400	-0.788135	-0.784413	-0.784538	-0.790937	-0.787202	-0.784319	-0.793613	-0.797153	-0.785392	-0.785506	-0.797120
537.0	-0.772086	-0.772929	-0.777459	-0.770789	-0.785404	-0.774659	-0.779448	-0.779026	-0.785041	-0.780648	-0.779189	-0.780150	-0.782766	-0.780274	-0.778782	-0.786611	-0.792711	-0.781652	-0.779109	-0.790498
538.0	-0.767124	-0.765089	-0.772866	-0.762203	-0.774802	-0.767590	-0.772212	-0.771816	-0.776037	-0.773280	-0.776419	-0.773310	-0.773992	-0.774679	-0.771411	-0.780726	-0.785979	-0.775868	-0.775057	-0.782884
539.0	-0.761390	-0.755570	-0.765954	-0.752356	-0.764271	-0.757893	-0.765375	-0.763031	-0.765753	-0.762532	-0.769285	-0.767532	-0.765432	-0.766183	-0.764452	-0.771486	-0.774650	-0.769710	-0.769668	-0.775110
540.0	-0.751738	-0.746199	-0.759508	-0.745387	-0.755193	-0.747346	-0.757255	-0.752483	-0.753892	-0.755436	-0.763061	-0.758971	-0.756608	-0.756382	-0.753564	-0.765044	-0.760869	-0.762512	-0.764388	-0.765398
541.0	-0.736715	-0.735626	-0.748611	-0.738335	-0.742997	-0.735281	-0.748966	-0.744008	-0.743368	-0.745588	-0.754067	-0.748473	-0.745002	-0.746393	-0.743101	-0.756346	-0.750662	-0.752522	-0.755626	-0.754218
542.0	-0.724914	-0.726153	-0.738607	-0.726705	-0.732713	-0.724162	-0.739575	-0.733827	-0.732696	-0.733808	-0.740580	-0.736361	-0.729720	-0.737921	-0.735575	-0.744794	-0.737555	-0.739304	-0.743220	-0.741713
543.0	-0.712409	-0.717039	-0.719491	-0.714653	-0.717900	-0.713088	-0.727014	-0.723852	-0.724827	-0.720199	-0.723997	-0.722877	-0.719267	-0.727323	-0.721879	-0.735239	-0.724274	-0.727680	-0.728906	-0.728692
544.0	-0.697099	-0.706346	-0.703751	-0.699627	-0.705825	-0.701531	-0.712752	-0.713336	-0.715765	-0.707595	-0.709654	-0.712449	-0.708453	-0.717794	-0.711253	-0.722855	-0.714590	-0.717418	-0.714865	-0.711926
545.0	-0.681835	-0.690293	-0.688513	-0.684198	-0.692521	-0.687425	-0.695171	-0.700030	-0.706315	-0.693207	-0.691943	-0.699597	-0.697249	-0.706286	-0.701249	-0.710638	-0.705847	-0.706110	-0.698039	-0.696704
546.0	-0.663629	-0.670859	-0.670881	-0.667920	-0.678038	-0.673127	-0.673058	-0.686107	-0.696318	-0.678709	-0.677474	-0.684693	-0.685349	-0.692856	-0.688227	-0.694563	-0.694075	-0.691120	-0.681837	-0.679669
547.0	-0.650518	-0.651196	-0.659824	-0.651600	-0.659159	-0.655193	-0.651513	-0.670181	-0.681825	-0.659794	-0.662149	-0.668467	-0.676453	-0.675734	-0.678568	-0.682527	-0.682018	-0.675376	-0.668616	-0.661604
548.0	-0.633667	-0.631098	-0.646954	-0.631548	-0.637656	-0.639753	-0.633452	-0.650129	-0.658673	-0.642890	-0.649123	-0.649259	-0.659742	-0.654859	-0.661408	-0.668499	-0.665391	-0.660806	-0.654749	-0.648809
549.0	-0.612550	-0.606445	-0.629954	-0.609052	-0.619079	-0.625099	-0.615911	-0.623326	-0.633912	-0.624497	-0.633415	-0.630965	-0.644270	-0.629033	-0.641217	-0.647795	-0.644281	-0.642371	-0.640439	-0.634936
550.0	-0.592601	-0.588227	-0.609739	-0.589308	-0.598668	-0.606166	-0.594410	-0.600429	-0.609095	-0.613990	-0.616223	-0.612297	-0.621514	-0.603937	-0.613440	-0.626999	-0.621361	-0.621328	-0.620640	-0.613730
551.0	-0.565866	-0.567086	-0.582805	-0.568493	-0.575972	-0.586358	-0.573864	-0.576751	-0.582408	-0.596040	-0.588783	-0.591383	-0.594049	-0.584360	-0.588337	-0.608189	-0.601328	-0.601835	-0.597849	-0.591888
552.0	-0.541520	-0.540468	-0.552122	-0.540121	-0.551354	-0.562239	-0.550127	-0.550537	-0.554008	-0.574265	-0.560713	-0.563013	-0.561183	-0.558269	-0.562309	-0.586849	-0.573686	-0.580275	-0.573199	-0.568635
553.0	-0.516550	-0.514931	-0.512402	-0.512611	-0.516077	-0.533556	-0.519790	-0.524784	-0.520447	-0.546347	-0.529656	-0.537284	-0.531387	-0.534207	-0.531476	-0.560909	-0.547493	-0.553990	-0.546460	-0.540459
554.0	-0.484578	-0.485653	-0.474051	-0.477336	-0.484425	-0.502905	-0.492753	-0.502108	-0.488503	-0.513895	-0.495697	-0.514455	-0.494603	-0.503063	-0.505962	-0.525860	-0.519168	-0.523179	-0.512670	-0.510149
555.0	-0.450664	-0.450583	-0.436610	-0.446389	-0.443185	-0.463660	-0.462413	-0.471269	-0.457570	-0.479658	-0.456644	-0.482377	-0.463627	-0.470382	-0.478048	-0.489689	-0.488323	-0.484659	-0.482436	-0.477479
556.0	-0.413010	-0.415483	-0.398078	-0.417046	-0.401860	-0.426291	-0.426834	-0.434198	-0.424425	-0.438210	-0.424173	-0.452512	-0.426000	-0.434279	-0.453118	-0.449505	-0.456641	-0.438833	-0.452248	-0.445808
557.0	-0.372011	-0.373231	-0.364232	-0.384446	-0.359983	-0.383818	-0.394356	-0.395459	-0.385697	-0.397374	-0.390843	-0.417986	-0.390069	-0.402438	-0.430634	-0.414100	-0.425550	-0.396617	-0.423447	-0.417423
558.0	-0.330616	-0.326299	-0.328588	-0.345207	-0.319955	-0.346968	-0.354852	-0.345697	-0.338213	-0.349686	-0.362465	-0.376278	-0.347142	-0.362026	-0.388263	-0.371615	-0.392798	-0.354281	-0.382800	-0.385766
559.0	-0.288374	-0.278504	-0.285151	-0.299019	-0.281447	-0.302116	-0.310015	-0.295956	-0.294994	-0.301567	-0.328621	-0.329846	-0.308900	-0.324838	-0.342186	-0.322829	-0.352969	-0.312574	-0.339205	-0.344927
560.0	-0.248479	-0.235195	-0.234269	-0.253114	-0.245549	-0.256723	-0.265609	-0.251929	-0.251296	-0.263903	-0.288633	-0.286768	-0.264710	-0.286139	-0.295534	-0.275341	-0.307769	-0.273237	-0.288606	-0.299436
561.0	-0.201564	-0.181580	-0.186783	-0.205440	-0.203543	-0.211877	-0.216827	-0.205689	-0.208446	-0.219734	-0.238666	-0.240609	-0.213777	-0.250456	-0.251277	-0.228699	-0.263522	-0.231048	-0.246218	-0.251750
562.0	-0.154658	-0.126111	-0.143175	-0.152004	-0.161010	-0.160252	-0.157795	-0.154012	-0.162068	-0.181369	-0.191606	-0.190806	-0.164601	-0.210370	-0.203240	-0.179726	-0.213482	-0.190944	-0.198373	-0.201807
563.0	-0.108976	-0.073849	-0.095528	-0.093035	-0.109244	-0.105930	-0.101842	-0.097181	-0.100853	-0.134505	-0.144438	-0.136802	-0.116632	-0.163381	-0.145860	-0.129756	-0.162542	-0.146716	-0.144302	-0.141778
564.0	-0.056093	-0.015881	-0.042589	-0.035527	-0.053079	-0.061947	-0.043435	-0.046918	-0.048374	-0.092276	-0.087881	-0.076256	-0.061996	-0.107576	-0.088012	-0.070648	-0.097807	-0.099333	-0.087857	-0.080225
565.0	0.006760	0.045121	0.013878	0.027328	0.010409	-0.002887	0.016361	0.005826	0.008022	-0.046102	-0.029279	-0.017662	-0.010856	-0.053570	-0.029279	-0.023606	-0.028675	-0.042407	-0.035931	-0.021905
566.0	0.082951	0.095926	0.066609	0.086944	0.075509	0.050284	0.072932	0.064073	0.063247	0.010580	0.031864	0.038114	0.048049	0.009522	0.022171	0.024329	0.027427	0.017203	0.022495	0.033423
567.0	0.161796	0.162447	0.118953	0.144028	0.136130	0.109696	0.127648	0.116186	0.121267	0.068883	0.092013	0.095410	0.102165	0.065119	0.077971	0.072196	0.077772	0.076489	0.076604	0.089908
568.0	0.232403	0.237908	0.185775	0.205485	0.204235	0.174669	0.180505	0.175036	0.179498	0.136216	0.146887	0.157553	0.159944	0.134359	0.143577	0.126696	0.136001	0.137784	0.136120	0.145547
569.0	0.299268	0.314747	0.258733	0.272193	0.269130	0.248011	0.237508	0.236400	0.241069	0.200791	0.206527	0.225520	0.217837	0.206880	0.200857	0.183869	0.197633	0.199366	0.196306	0.203951
570.0	0.361099	0.386144	0.332707	0.342166	0.326481	0.322076	0.300224	0.298269	0.300041	0.265142	0.271831	0.290362	0.278775	0.283111	0.253817	0.237331	0.261513	0.271134	0.267455	0.266454
571.0	0.421957	0.457419	0.408302	0.401298	0.403330	0.399214	0.376268	0.372132	0.360864	0.344631	0.342031	0.362657	0.347836	0.347701	0.301958	0.301453	0.326167	0.345069	0.329957	0.339674
572.0	0.472911	0.516057	0.481763	0.469979	0.481245	0.475545	0.442304	0.451959	0.423541	0.418609	0.398924	0.432150	0.407439	0.412018	0.364597	0.369798	0.390887	0.412201	0.401702	0.407184
573.0	0.528864	0.588660	0.553919	0.539055	0.569778	0.549051	0.519889	0.529549	0.499793	0.491600	0.453982	0.505954	0.476550	0.479124	0.445284	0.444572	0.452940	0.481029	0.477675	0.479819
574.0	0.593276	0.661106	0.620663	0.600217	0.649965	0.621380	0.610816	0.604826	0.560090	0.558388	0.522974	0.575944	0.547742	0.536758	0.519138	0.533563	0.516813	0.550214	0.552120	0.549890
575.0	0.673455	0.735666	0.694573	0.678953	0.732536	0.695953	0.696432	0.680348	0.635372	0.625008	0.593821	0.646982	0.625594	0.600906	0.586080	0.617520	0.590722	0.623216	0.625503	0.617390
576.0	0.764013	0.796858	0.769669	0.755651	0.820162	0.769496	0.773370	0.755415	0.709388	0.700515	0.670456	0.712759	0.688902	0.675040	0.651563	0.710725	0.647091	0.686635	0.704848	0.686214
577.0	0.855569	0.871265	0.843329	0.835069	0.906011	0.844171	0.845426	0.813269	0.786923	0.762044	0.750082	0.780094	0.759891	0.745260	0.727964	0.792643	0.710838	0.750295	0.757060	0.747841
578.0	0.964300	0.953533	0.922020	0.917346	0.992668	0.922586	0.901085	0.884787	0.867580	0.819149	0.821129	0.831221	0.835028	0.830850	0.800399	0.861729	0.794855	0.817751	0.809921	0.796626
579.0	1.062393	1.035651	1.007015	0.995669	1.056568	0.994867	0.979169	0.957128	0.947396	0.886243	0.901095	0.906984	0.908313	0.909315	0.868899	0.915840	0.869831	0.893829	0.878574	0.859402
580.0	1.146029	1.116882	1.085356	1.074362	1.112896	1.062350	1.067570	1.027535	1.041052	0.956690	0.982130	0.962033	0.982363	0.990134	0.944533	0.967498	0.960640	0.979418	0.959314	0.932420
581.0	1.226224	1.203476	1.166513	1.150406	1.187805	1.134041	1.140148	1.108076	1.129042	1.038757	1.066574	1.044196	1.049433	1.058626	1.007376	1.029574	1.052166	1.058346	1.043911	1.016134
582.0	1.297886	1.277354	1.241953	1.232987	1.251909	1.198503	1.199903	1.187900	1.218656	1.131628	1.131013	1.135971	1.108257	1.124648	1.080380	1.098035	1.135150	1.144541	1.135656	1.094814
583.0	1.377116	1.361414	1.318592	1.305130	1.317110	1.276544	1.293890	1.272488	1.306280	1.212360	1.208322	1.220806	1.197245	1.191300	1.176177	1.168564	1.199058	1.219851	1.234367	1.188961
584.0	1.435921	1.426181	1.389078	1.374030	1.383517	1.361454	1.366791	1.369780	1.366322	1.314964	1.288613	1.291301	1.273293	1.255422	1.263292	1.249710	1.255785	1.284605	1.311369	1.272194
585.0	1.499671	1.493069	1.474452	1.449836	1.446651	1.434830	1.431307	1.456829	1.425700	1.405672	1.357149	1.388056	1.342817	1.327044	1.340924	1.341873	1.329523	1.348573	1.378780	1.350282
586.0	1.562577	1.550510	1.547779	1.520116	1.510922	1.520040	1.486395	1.524359	1.481437	1.499254	1.420504	1.454894	1.402775	1.410702	1.433976	1.430162	1.399648	1.410992	1.436520	1.427145
587.0	1.622798	1.618999	1.620179	1.578292	1.571624	1.605021	1.551316	1.574954	1.529303	1.564554	1.507490	1.523893	1.480817	1.479681	1.519603	1.506125	1.479775	1.472471	1.487590	1.501843
588.0	1.702886	1.673843	1.686241	1.637008	1.634412	1.665503	1.603816	1.634514	1.587535	1.621817	1.576781	1.576731	1.550934	1.551141	1.596258	1.562750	1.562098	1.546058	1.533737	1.557104
589.0	1.760382	1.728079	1.749867	1.691703	1.695690	1.714578	1.667389	1.680432	1.641394	1.693760	1.636425	1.635886	1.630965	1.617203	1.672489	1.622710	1.624333	1.621391	1.601462	1.625331
590.0	1.805670	1.793260	1.803442	1.746786	1.752101	1.766290	1.730018	1.724690	1.704364	1.735542	1.688327	1.672598	1.687866	1.679624	1.749193	1.695840	1.693980	1.696890	1.652931	1.693153
591.0	1.848020	1.855085	1.845210	1.811963	1.814447	1.821185	1.792591	1.773338	1.767441	1.789843	1.736216	1.753727	1.749284	1.730630	1.797023	1.746488	1.757983	1.763920	1.722803	1.743839
592.0	1.880252	1.901396	1.883880	1.870921	1.868029	1.872249	1.862586	1.837741	1.840697	1.836898	1.782996	1.815652	1.807433	1.781018	1.838984	1.798799	1.813109	1.839205	1.786534	1.792044
593.0	1.920810	1.943494	1.921849	1.918585	1.934706	1.935162	1.939089	1.895747	1.896025	1.876065	1.839494	1.879122	1.880415	1.855061	1.889811	1.836180	1.855776	1.879503	1.851407	1.836720
594.0	1.955955	1.983802	1.960824	1.973861	1.992076	1.976752	1.980157	1.951510	1.944029	1.928643	1.891185	1.929824	1.925013	1.914770	1.922418	1.874452	1.904958	1.914700	1.886738	1.881829
595.0	1.997695	2.031175	2.002912	2.023680	2.017793	2.011943	2.017034	2.003180	1.991593	1.966530	1.922881	1.989827	1.955477	1.965885	1.963935	1.914931	1.954166	1.953622	1.926308	1.924045
596.0	2.021699	2.057451	2.041978	2.056555	2.049519	2.058965	2.048639	2.025729	2.034607	2.002774	1.965827	2.027685	1.995833	2.016342	2.008623	1.942583	1.991118	1.981077	1.964993	1.963230
597.0	2.043025	2.085840	2.081726	2.083375	2.079257	2.095393	2.090403	2.054210	2.078114	2.022855	2.041216	2.064076	2.021178	2.058288	2.033253	1.969712	2.036939	2.008052	2.015166	2.001260
598.0	2.087660	2.102640	2.121729	2.122683	2.114329	2.106735	2.110931	2.090727	2.124048	2.059564	2.098064	2.094048	2.057867	2.082988	2.066284	1.990271	2.074165	2.051452	2.043113	2.046998
599.0	2.120420	2.128402	2.146754	2.150299	2.139915	2.132041	2.133309	2.114755	2.141080	2.106415	2.140490	2.113776	2.095903	2.129914	2.098418	2.035521	2.107878	2.099145	2.074166	2.096535
600.0	2.146749	2.154540	2.162364	2.167622	2.165370	2.145357	2.146591	2.150741	2.155123	2.130806	2.167617	2.143545	2.122799	2.145442	2.128229	2.067475	2.137051	2.133846	2.095687	2.126292
601.0	2.166744	2.170926	2.167067	2.181359	2.182367	2.161163	2.177945	2.174114	2.178373	2.153384	2.188721	2.169982	2.164179	2.156034	2.143339	2.091267	2.159376	2.174272	2.124730	2.139895
602.0	2.169118	2.182017	2.176471	2.188730	2.190416	2.184798	2.204353	2.202108	2.180613	2.171684	2.211735	2.165777	2.193771	2.175448	2.160139	2.125155	2.182859	2.199351	2.137779	2.162094
603.0	2.178899	2.204624	2.179231	2.188554	2.193391	2.175302	2.209101	2.204006	2.176697	2.196380	2.202554	2.183824	2.213892	2.204990	2.176696	2.159130	2.201115	2.220162	2.154377	2.177880
604.0	2.186466	2.214882	2.179006	2.206455	2.189866	2.159673	2.200896	2.190839	2.187992	2.203641	2.195363	2.186789	2.229028	2.214126	2.170301	2.189958	2.222434	2.229385	2.162377	2.205451
605.0	2.190209	2.233073	2.172526	2.190180	2.176858	2.157865	2.193317	2.176492	2.205527	2.200611	2.166612	2.192749	2.232160	2.223455	2.182202	2.211321	2.209471	2.220634	2.191551	2.216485
606.0	2.175376	2.210823	2.183796	2.189277	2.177911	2.156280	2.192287	2.162216	2.211516	2.188641	2.159167	2.200913	2.241227	2.218375	2.188129	2.226044	2.187436	2.205718	2.219502	2.223446
607.0	2.164584	2.180362	2.179558	2.193719	2.172363	2.157439	2.189292	2.163422	2.218791	2.186727	2.163191	2.210126	2.231724	2.219121	2.198057	2.236981	2.193155	2.189253	2.247792	2.216885
608.0	2.161838	2.166238	2.190334	2.191352	2.164572	2.165631	2.172650	2.166489	2.209955	2.184468	2.164204	2.212306	2.244517	2.202052	2.205732	2.238606	2.185260	2.174006	2.243517	2.222788
609.0	2.148012	2.152753	2.200373	2.175837	2.161258	2.176787	2.166427	2.156905	2.187717	2.176941	2.158646	2.209056	2.235732	2.216692	2.198860	2.232053	2.183575	2.164432	2.241821	2.210063
610.0	2.141313	2.129642	2.186909	2.173649	2.147852	2.164412	2.139697	2.177559	2.178842	2.166431	2.147971	2.206473	2.229675	2.193142	2.184102	2.207052	2.171516	2.160377	2.244124	2.178108
611.0	2.122929	2.095540	2.175759	2.155160	2.128745	2.156305	2.121113	2.171934	2.152020	2.146471	2.149056	2.181692	2.223312	2.180540	2.170019	2.196759	2.157638	2.166522	2.225847	2.145026
612.0	2.086741	2.069746	2.156295	2.129962	2.098270	2.142763	2.091661	2.167684	2.123777	2.150726	2.123645	2.151574	2.208793	2.170166	2.163070	2.179276	2.143096	2.159143	2.196433	2.108096
613.0	2.065170	2.068871	2.125078	2.098832	2.078378	2.113637	2.062520	2.150045	2.118025	2.138674	2.091755	2.122807	2.180096	2.148097	2.148588	2.159691	2.115863	2.164880	2.162800	2.069875
614.0	2.044462	2.048361	2.078523	2.072688	2.065928	2.096909	2.030964	2.121249	2.098024	2.109465	2.079638	2.081347	2.143198	2.119535	2.106142	2.136109	2.106970	2.134730	2.114575	2.041438
615.0	2.035152	2.044752	2.034834	2.038575	2.022879	2.067723	2.014177	2.086657	2.074316	2.076783	2.055697	2.058968	2.096350	2.084078	2.068738	2.112696	2.070938	2.110756	2.087753	2.022004
616.0	2.015210	2.017318	2.001532	2.025722	1.985754	2.034833	2.011983	2.062190	2.045451	2.037667	2.052885	2.037418	2.048309	2.038108	2.046190	2.078717	2.055828	2.091269	2.057588	2.003221
617.0	1.980679	1.980533	1.961489	1.992488	1.959814	2.008701	1.998925	2.023725	2.006338	2.000382	2.027828	2.017088	2.011518	1.994672	2.023500	2.046532	2.039925	2.054724	2.025305	2.000459
618.0	1.939763	1.953481	1.939406	1.952516	1.928439	1.985281	1.984306	1.976149	1.965591	1.964291	1.990125	1.994071	1.979873	1.961543	1.992413	2.008479	2.016029	2.013543	1.972365	2.005713
619.0	1.898133	1.917543	1.910292	1.908701	1.903896	1.943558	1.965141	1.924105	1.921123	1.934229	1.951418	1.955159	1.937963	1.942654	1.946376	1.977057	1.980655	1.980036	1.939564	2.007698
620.0	1.862555	1.878667	1.875570	1.878536	1.865710	1.894235	1.916213	1.881486	1.879177	1.905497	1.915817	1.919489	1.908484	1.908451	1.906876	1.946584	1.944341	1.952266	1.912456	1.983918
621.0	1.823292	1.824406	1.838241	1.834232	1.833011	1.828084	1.853442	1.829753	1.823059	1.867633	1.889540	1.868652	1.874040	1.883255	1.876218	1.907916	1.914428	1.908132	1.880743	1.958055
622.0	1.775141	1.775551	1.788733	1.770819	1.805285	1.783230	1.803409	1.780480	1.790259	1.844210	1.833944	1.836006	1.841041	1.862699	1.835218	1.865000	1.859715	1.865519	1.845575	1.905989
623.0	1.743984	1.729980	1.735873	1.721496	1.775160	1.746267	1.760387	1.736551	1.770185	1.818382	1.797287	1.795433	1.804665	1.828452	1.800349	1.823499	1.816025	1.813295	1.803104	1.846500
624.0	1.708186	1.668283	1.690193	1.679899	1.724167	1.701991	1.716496	1.709040	1.719426	1.769648	1.770494	1.746574	1.746211	1.790989	1.750998	1.777366	1.770965	1.750062	1.740090	1.784997
625.0	1.673578	1.618896	1.641837	1.658751	1.661452	1.650283	1.681465	1.661774	1.675030	1.721031	1.726585	1.711681	1.686084	1.744797	1.709473	1.721302	1.727362	1.693937	1.696963	1.735586
626.0	1.639714	1.567222	1.590843	1.621913	1.607178	1.618726	1.647276	1.632192	1.639947	1.663396	1.689423	1.658787	1.630451	1.701790	1.669444	1.651307	1.696005	1.643517	1.651073	1.676465
627.0	1.587845	1.512946	1.536726	1.591623	1.549473	1.578329	1.611440	1.589776	1.596116	1.613953	1.637518	1.596185	1.585409	1.651506	1.617534	1.593887	1.640977	1.581598	1.592268	1.649985
628.0	1.530055	1.474360	1.494443	1.556567	1.504776	1.533471	1.563823	1.548821	1.558969	1.583339	1.576479	1.541508	1.534852	1.601744	1.581079	1.542401	1.601276	1.528084	1.539259	1.601849
629.0	1.486012	1.449138	1.450713	1.504067	1.468872	1.474000	1.508530	1.495522	1.507057	1.547217	1.525022	1.487767	1.494983	1.551214	1.527025	1.503127	1.546379	1.491135	1.509074	1.553068
630.0	1.450875	1.421932	1.413104	1.449898	1.437194	1.430106	1.442950	1.435579	1.451996	1.502824	1.483375	1.446659	1.456241	1.487990	1.490998	1.461172	1.497527	1.447469	1.477056	1.496083
631.0	1.405076	1.388577	1.365961	1.393559	1.396566	1.387338	1.376613	1.381348	1.402134	1.461973	1.452406	1.405477	1.415556	1.424132	1.437376	1.409154	1.449105	1.405485	1.448416	1.466625
632.0	1.355407	1.344732	1.313682	1.326449	1.358289	1.338882	1.330857	1.315878	1.342031	1.416492	1.411982	1.378283	1.386501	1.373376	1.398753	1.370527	1.383140	1.370501	1.414682	1.409195
633.0	1.305723	1.294762	1.257255	1.270395	1.310653	1.293939	1.289355	1.257021	1.286817	1.377046	1.372027	1.339878	1.343351	1.315955	1.360635	1.331752	1.343741	1.320586	1.377162	1.354988
634.0	1.251853	1.245614	1.224716	1.227761	1.260436	1.250915	1.251669	1.227458	1.223958	1.306869	1.329216	1.288499	1.301135	1.265042	1.321604	1.293620	1.287126	1.267680	1.323985	1.318066
635.0	1.188060	1.187633	1.177100	1.195181	1.220905	1.214801	1.211422	1.190911	1.176195	1.246282	1.274962	1.235562	1.252713	1.216086	1.275690	1.246312	1.250292	1.226794	1.286249	1.280364
636.0	1.138448	1.127684	1.136516	1.152758	1.168282	1.173300	1.163161	1.169646	1.136479	1.180183	1.230876	1.177830	1.209633	1.176081	1.207309	1.206460	1.207425	1.179509	1.235868	1.227101
637.0	1.096371	1.069696	1.094298	1.129317	1.113505	1.118791	1.119004	1.142173	1.105068	1.128055	1.185629	1.128123	1.157514	1.139856	1.151412	1.172009	1.147329	1.118526	1.181449	1.181171
638.0	1.055784	1.031353	1.072611	1.098943	1.078075	1.061246	1.064399	1.126680	1.079337	1.085232	1.120970	1.072440	1.101717	1.092458	1.102159	1.125412	1.107046	1.082488	1.131675	1.110827
639.0	1.018979	0.996261	1.045771	1.047955	1.021449	1.012102	1.017823	1.098473	1.042503	1.046451	1.064460	1.041410	1.062821	1.057211	1.049963	1.090795	1.057641	1.052920	1.096853	1.053397
640.0	0.984026	0.955978	1.005870	0.990002	0.976406	0.975191	0.976913	1.061292	1.010230	0.993641	1.023743	1.007741	1.020137	1.008894	1.014680	1.047778	1.007647	1.009206	1.042769	1.001371
641.0	0.940193	0.923642	0.966684	0.942747	0.923611	0.937218	0.934557	1.014365	0.981412	0.957176	0.982903	0.977940	0.978702	0.964794	0.969184	1.004310	0.967399	0.964843	1.002360	0.967850
642.0	0.911012	0.885384	0.923332	0.887665	0.874769	0.899239	0.904021	0.954629	0.928679	0.907310	0.943055	0.946007	0.937251	0.921487	0.959889	0.958885	0.931532	0.926880	0.955677	0.926282
643.0	0.874916	0.851099	0.865717	0.840575	0.840626	0.866498	0.874565	0.895955	0.885111	0.857119	0.904002	0.914783	0.886704	0.882199	0.921232	0.912903	0.896475	0.883337	0.906740	0.898270
644.0	0.838215	0.812070	0.819849	0.800880	0.807462	0.832189	0.843228	0.848969	0.842136	0.811800	0.862698	0.872724	0.849697	0.842372	0.893411	0.883838	0.850521	0.845692	0.863777	0.867129
645.0	0.786718	0.764789	0.768703	0.764994	0.778373	0.794585	0.809254	0.796791	0.807856	0.779083	0.836524	0.835029	0.808386	0.807278	0.852194	0.843071	0.811431	0.817316	0.820073	0.834628
646.0	0.755404	0.723200	0.734155	0.726373	0.746210	0.753412	0.769472	0.747908	0.774692	0.743956	0.815955	0.799986	0.766403	0.773164	0.812639	0.814392	0.773884	0.783722	0.778618	0.793482
647.0	0.727803	0.695230	0.692476	0.705794	0.716000	0.722212	0.730574	0.710216	0.746356	0.718355	0.780342	0.755256	0.722337	0.743428	0.784244	0.780001	0.738461	0.755702	0.740248	0.758670
648.0	0.690197	0.665483	0.662548	0.693218	0.674044	0.694310	0.697190	0.678966	0.718387	0.692154	0.739277	0.697219	0.687216	0.706456	0.738109	0.742249	0.711812	0.739086	0.702606	0.724850
649.0	0.643596	0.640722	0.632373	0.661783	0.628828	0.664306	0.659280	0.652221	0.689347	0.672138	0.699731	0.666809	0.658494	0.681441	0.705061	0.720122	0.685843	0.709726	0.681182	0.700111
650.0	0.604169	0.615953	0.604953	0.635011	0.598389	0.626846	0.631092	0.627347	0.658398	0.643888	0.671962	0.639155	0.624701	0.654635	0.674534	0.684281	0.664041	0.669205	0.649878	0.675303
651.0	0.568523	0.585432	0.580682	0.608520	0.571939	0.589829	0.604052	0.600628	0.630435	0.621138	0.637962	0.611558	0.591809	0.629305	0.637345	0.655807	0.659026	0.627679	0.626736	0.646565
652.0	0.532033	0.549949	0.550406	0.568008	0.548111	0.570524	0.578005	0.572533	0.587173	0.591963	0.614900	0.583788	0.564438	0.605027	0.606174	0.614125	0.639992	0.604833	0.599592	0.610727
653.0	0.498149	0.515069	0.517920	0.532001	0.530686	0.530071	0.538501	0.543431	0.550496	0.556420	0.589298	0.566544	0.538664	0.580809	0.565319	0.584263	0.593759	0.568493	0.566192	0.573548
654.0	0.468952	0.475695	0.487084	0.491810	0.504607	0.493978	0.505247	0.508322	0.505016	0.535428	0.561710	0.537753	0.510723	0.546515	0.529500	0.554212	0.547391	0.529429	0.536798	0.525308
655.0	0.439130	0.439653	0.461434	0.466448	0.473026	0.456500	0.472526	0.473495	0.465937	0.511210	0.534562	0.505769	0.485629	0.509343	0.494119	0.519727	0.508019	0.493139	0.504896	0.499165
656.0	0.420330	0.410937	0.435652	0.439280	0.449411	0.428162	0.446895	0.437791	0.431091	0.477626	0.504473	0.472575	0.453750	0.471614	0.473003	0.482569	0.471400	0.468894	0.479422	0.454323
657.0	0.385701	0.397499	0.401521	0.416500	0.416951	0.399367	0.415649	0.399194	0.401256	0.440741	0.461822	0.430260	0.423624	0.430624	0.444964	0.444506	0.438196	0.443348	0.443781	0.425183
658.0	0.357173	0.372745	0.372524	0.394488	0.382354	0.371168	0.390418	0.361968	0.379355	0.400170	0.422475	0.394599	0.397011	0.397757	0.414681	0.416632	0.405447	0.417168	0.415898	0.404912
659.0	0.326840	0.351107	0.343368	0.362372	0.350546	0.339417	0.358311	0.331903	0.359720	0.367424	0.385324	0.379412	0.357185	0.375351	0.385739	0.391200	0.378201	0.391284	0.393681	0.377766
660.0	0.301607	0.324469	0.309785	0.329837	0.317755	0.311602	0.341063	0.307692	0.343774	0.336759	0.354062	0.361596	0.326714	0.353893	0.361399	0.367306	0.352714	0.365952	0.368949	0.350057
661.0	0.275935	0.296756	0.283100	0.292415	0.297123	0.293281	0.322654	0.279845	0.326567	0.308624	0.327918	0.333422	0.297945	0.324641	0.327510	0.344328	0.336137	0.337458	0.340904	0.317725
662.0	0.251374	0.266314	0.256442	0.262540	0.271411	0.274385	0.297937	0.256911	0.300796	0.288134	0.310027	0.297412	0.273906	0.302910	0.300387	0.314276	0.311153	0.313043	0.320184	0.288017
663.0	0.230075	0.234202	0.234561	0.228680	0.245318	0.252872	0.260110	0.238327	0.272081	0.267575	0.286178	0.269516	0.258752	0.282412	0.277677	0.290004	0.287105	0.276636	0.289377	0.265218
664.0	0.209903	0.198161	0.209551	0.199209	0.211351	0.232375	0.228519	0.220916	0.237017	0.246994	0.265666	0.241336	0.236173	0.251936	0.250997	0.263052	0.266227	0.241503	0.267306	0.242161
665.0	0.191158	0.170445	0.193736	0.172254	0.183172	0.207217	0.203632	0.201631	0.208520	0.223352	0.235989	0.213058	0.215410	0.220711	0.226233	0.231838	0.241494	0.215330	0.242568	0.220888
666.0	0.173957	0.145327	0.170622	0.151232	0.165679	0.176125	0.174527	0.178130	0.176954	0.192746	0.205553	0.189763	0.192169	0.192260	0.210569	0.194525	0.216672	0.189899	0.214558	0.201984
667.0	0.146354	0.124113	0.148416	0.126801	0.137378	0.142558	0.138738	0.152062	0.148257	0.162440	0.171941	0.161208	0.168527	0.161639	0.187222	0.168303	0.187510	0.158599	0.182340	0.195819
668.0	0.120943	0.095914	0.123922	0.104250	0.114890	0.109949	0.105593	0.128446	0.118361	0.135535	0.141965	0.134309	0.143590	0.145920	0.160521	0.144032	0.155441	0.128878	0.152053	0.180878
669.0	0.088674	0.064745	0.095379	0.081517	0.091826	0.076912	0.080425	0.104971	0.092738	0.104938	0.115150	0.112006	0.113683	0.125366	0.125130	0.119030	0.115752	0.115202	0.118080	0.152460
670.0	0.055948	0.041980	0.066297	0.056843	0.072393	0.059577	0.065170	0.081552	0.072456	0.081360	0.089398	0.088460	0.093452	0.097469	0.095505	0.097581	0.082954	0.105181	0.093769	0.124480
671.0	0.030580	0.026601	0.039946	0.028275	0.053385	0.048308	0.047425	0.056522	0.049381	0.063245	0.061744	0.065653	0.064158	0.071357	0.057525	0.075002	0.052515	0.088283	0.058021	0.092025
672.0	0.011709	0.008302	0.009867	0.010389	0.026601	0.030244	0.031552	0.035611	0.033827	0.043850	0.039397	0.036863	0.033894	0.045938	0.032281	0.046969	0.028484	0.068413	0.034221	0.066758
673.0	-0.015120	-0.010963	-0.018579	-0.012702	-0.000323	0.012423	0.010953	0.020044	0.017856	0.021761	0.019723	0.011839	0.007215	0.026460	0.006993	0.022582	0.015571	0.042377	0.013216	0.031660
674.0	-0.041317	-0.033624	-0.045281	-0.039098	-0.025082	-0.005161	-0.013335	-0.000672	-0.000358	-0.003644	-0.006506	-0.011565	-0.016076	0.002330	-0.015823	0.000864	-0.000967	0.020449	-0.000345	-0.003252
675.0	-0.063317	-0.042068	-0.065106	-0.066003	-0.044491	-0.029665	-0.038348	-0.033274	-0.028663	-0.033365	-0.034796	-0.037497	-0.042892	-0.027760	-0.033491	-0.024452	-0.019282	-0.000773	-0.023700	-0.029517
676.0	-0.084438	-0.063672	-0.087333	-0.088183	-0.068404	-0.054898	-0.064189	-0.064016	-0.056137	-0.058540	-0.058568	-0.064611	-0.068100	-0.054235	-0.050216	-0.049158	-0.036162	-0.033148	-0.046050	-0.042567
677.0	-0.111009	-0.084419	-0.105212	-0.109242	-0.099261	-0.077868	-0.090397	-0.096177	-0.082883	-0.077759	-0.083240	-0.090728	-0.087276	-0.080477	-0.070576	-0.058147	-0.058343	-0.069220	-0.068726	-0.056874
678.0	-0.136489	-0.110868	-0.121919	-0.127578	-0.117208	-0.102614	-0.113572	-0.121869	-0.109723	-0.094373	-0.101168	-0.115190	-0.102337	-0.098526	-0.096934	-0.079177	-0.083654	-0.106067	-0.096644	-0.076902
679.0	-0.161968	-0.136933	-0.136369	-0.142872	-0.134757	-0.131936	-0.132043	-0.148995	-0.138176	-0.115102	-0.122902	-0.138514	-0.118480	-0.120109	-0.123083	-0.100449	-0.115691	-0.120155	-0.125676	-0.097167
680.0	-0.186301	-0.163115	-0.150864	-0.162828	-0.148009	-0.154819	-0.153258	-0.167864	-0.160534	-0.133434	-0.144317	-0.156069	-0.131055	-0.139770	-0.139726	-0.119974	-0.139209	-0.135154	-0.145357	-0.118428
681.0	-0.208328	-0.185020	-0.168098	-0.189069	-0.173989	-0.177525	-0.177048	-0.182826	-0.182194	-0.144166	-0.164149	-0.166333	-0.153981	-0.160601	-0.160868	-0.145398	-0.163748	-0.150316	-0.168127	-0.147922
682.0	-0.230750	-0.211382	-0.184940	-0.206179	-0.198634	-0.201869	-0.193954	-0.195868	-0.198516	-0.160663	-0.177827	-0.178392	-0.177043	-0.186659	-0.179649	-0.170753	-0.185222	-0.165170	-0.182427	-0.167093
683.0	-0.248948	-0.231691	-0.200902	-0.224497	-0.224251	-0.228263	-0.214980	-0.210424	-0.211284	-0.183095	-0.196746	-0.193536	-0.196879	-0.200453	-0.196949	-0.189238	-0.200993	-0.183618	-0.194618	-0.193908
684.0	-0.256909	-0.255048	-0.225182	-0.241686	-0.244935	-0.249627	-0.240433	-0.232226	-0.231034	-0.208806	-0.220926	-0.212646	-0.214588	-0.218683	-0.218168	-0.207870	-0.217365	-0.201779	-0.213331	-0.211981
685.0	-0.268043	-0.269963	-0.246278	-0.257412	-0.266672	-0.272602	-0.261297	-0.254572	-0.249609	-0.239689	-0.237490	-0.227226	-0.241336	-0.243168	-0.234499	-0.230012	-0.235308	-0.225056	-0.238788	-0.226897
686.0	-0.283800	-0.289272	-0.265498	-0.278107	-0.287752	-0.290962	-0.280103	-0.272613	-0.262713	-0.259515	-0.255989	-0.250367	-0.265497	-0.259393	-0.252536	-0.247969	-0.258836	-0.250223	-0.262085	-0.247403
687.0	-0.302642	-0.305930	-0.279759	-0.296664	-0.309264	-0.301344	-0.294871	-0.293503	-0.276603	-0.282461	-0.275309	-0.269917	-0.287889	-0.280017	-0.271942	-0.259803	-0.277862	-0.277895	-0.281694	-0.268947
688.0	-0.320235	-0.320273	-0.297210	-0.317244	-0.321734	-0.313407	-0.308846	-0.313540	-0.289483	-0.304181	-0.294214	-0.287929	-0.305795	-0.299340	-0.295059	-0.287555	-0.291505	-0.300933	-0.308353	-0.283728
689.0	-0.335456	-0.336507	-0.317398	-0.333950	-0.337816	-0.323953	-0.324666	-0.333948	-0.302519	-0.325458	-0.319078	-0.310230	-0.326435	-0.318999	-0.316136	-0.305605	-0.305712	-0.309773	-0.331358	-0.301450
690.0	-0.352509	-0.348494	-0.339298	-0.352967	-0.351107	-0.334272	-0.343635	-0.346811	-0.314662	-0.342022	-0.343911	-0.329094	-0.342432	-0.333441	-0.329821	-0.325023	-0.319071	-0.321213	-0.343098	-0.320299
691.0	-0.373858	-0.361080	-0.357898	-0.371036	-0.366833	-0.346359	-0.363407	-0.355065	-0.329671	-0.350971	-0.359967	-0.342203	-0.354536	-0.353196	-0.351177	-0.347185	-0.326483	-0.333111	-0.350560	-0.339268
692.0	-0.392551	-0.375215	-0.377892	-0.388450	-0.388139	-0.365097	-0.380464	-0.369297	-0.349652	-0.359582	-0.376500	-0.356151	-0.370215	-0.374945	-0.367080	-0.358909	-0.340429	-0.347529	-0.358043	-0.355131
693.0	-0.401202	-0.388523	-0.392350	-0.404118	-0.409510	-0.385388	-0.400881	-0.386992	-0.371704	-0.374699	-0.393852	-0.366235	-0.382068	-0.386490	-0.376076	-0.368604	-0.354353	-0.362280	-0.364244	-0.372763
694.0	-0.410059	-0.405036	-0.404334	-0.414082	-0.422407	-0.405440	-0.418564	-0.404774	-0.391578	-0.391542	-0.403920	-0.383109	-0.391982	-0.405881	-0.387285	-0.382153	-0.370940	-0.384780	-0.376979	-0.391942
695.0	-0.424867	-0.425923	-0.413211	-0.423012	-0.435345	-0.426792	-0.427574	-0.419114	-0.411182	-0.409606	-0.412386	-0.394526	-0.406618	-0.414246	-0.397136	-0.398691	-0.396992	-0.408396	-0.388139	-0.410019
696.0	-0.440453	-0.437810	-0.423681	-0.433865	-0.444578	-0.444075	-0.442167	-0.432189	-0.435249	-0.419993	-0.426489	-0.412614	-0.416073	-0.422383	-0.404259	-0.410113	-0.421427	-0.427635	-0.403228	-0.423502
697.0	-0.455370	-0.450862	-0.433896	-0.444666	-0.452857	-0.458091	-0.452795	-0.444633	-0.455492	-0.437299	-0.440061	-0.428251	-0.428543	-0.435730	-0.415920	-0.422016	-0.434665	-0.445078	-0.417612	-0.436802
698.0	-0.470483	-0.464507	-0.446305	-0.459765	-0.461470	-0.471325	-0.459701	-0.460954	-0.468776	-0.457126	-0.451450	-0.441902	-0.444158	-0.451671	-0.429647	-0.440026	-0.449142	-0.450876	-0.437254	-0.444614
699.0	-0.478803	-0.476078	-0.462818	-0.470269	-0.471907	-0.479021	-0.471650	-0.475478	-0.473313	-0.477333	-0.467213	-0.455716	-0.459307	-0.461516	-0.444628	-0.456804	-0.456448	-0.460044	-0.455145	-0.457950
700.0	-0.489296	-0.488004	-0.477701	-0.481910	-0.481515	-0.485284	-0.480466	-0.486848	-0.483779	-0.486431	-0.482167	-0.466549	-0.467241	-0.469017	-0.460009	-0.474958	-0.465841	-0.464464	-0.465285	-0.466198
701.0	-0.496669	-0.499584	-0.490228	-0.490333	-0.487309	-0.492201	-0.490976	-0.492090	-0.490373	-0.491932	-0.490431	-0.479834	-0.476803	-0.477780	-0.476301	-0.488566	-0.466854	-0.476191	-0.477573	-0.476868
702.0	-0.503224	-0.510519	-0.505994	-0.504025	-0.501083	-0.500992	-0.502704	-0.504639	-0.500045	-0.497401	-0.499058	-0.490521	-0.493342	-0.489179	-0.490313	-0.495226	-0.474686	-0.487547	-0.488801	-0.492680
703.0	-0.507352	-0.525340	-0.508895	-0.513603	-0.509584	-0.509807	-0.509804	-0.515556	-0.506854	-0.505093	-0.504779	-0.500455	-0.504141	-0.498210	-0.504935	-0.502616	-0.486310	-0.493108	-0.500694	-0.502268
704.0	-0.513298	-0.535839	-0.517193	-0.523358	-0.516064	-0.520024	-0.513984	-0.527315	-0.510865	-0.514996	-0.508988	-0.510855	-0.514673	-0.512122	-0.514298	-0.512623	-0.500493	-0.506340	-0.514184	-0.513122
705.0	-0.525617	-0.547091	-0.530734	-0.532870	-0.525710	-0.532390	-0.518530	-0.533321	-0.520431	-0.519225	-0.518485	-0.519025	-0.528387	-0.517669	-0.525041	-0.517898	-0.516150	-0.521706	-0.524090	-0.517050
706.0	-0.537671	-0.550205	-0.543194	-0.540621	-0.535906	-0.538010	-0.532869	-0.535580	-0.532282	-0.528118	-0.527584	-0.534333	-0.539317	-0.528156	-0.536181	-0.522098	-0.526726	-0.537014	-0.536045	-0.517206
707.0	-0.548929	-0.558704	-0.552749	-0.550807	-0.544089	-0.547856	-0.546533	-0.541200	-0.546194	-0.540861	-0.541059	-0.550211	-0.551720	-0.535623	-0.546720	-0.528589	-0.535818	-0.549845	-0.548157	-0.524447
708.0	-0.563105	-0.568629	-0.560627	-0.559457	-0.553675	-0.560054	-0.551465	-0.554221	-0.553589	-0.554714	-0.552987	-0.562177	-0.562107	-0.540185	-0.554471	-0.539116	-0.545703	-0.558337	-0.558241	-0.536267
709.0	-0.576440	-0.573593	-0.573983	-0.568266	-0.568820	-0.572318	-0.561016	-0.567357	-0.562553	-0.566485	-0.570015	-0.570427	-0.569718	-0.546077	-0.567030	-0.554255	-0.553037	-0.564808	-0.566403	-0.551477
710.0	-0.590229	-0.582481	-0.588165	-0.576983	-0.579940	-0.582514	-0.569318	-0.576638	-0.574203	-0.576054	-0.581275	-0.578362	-0.579524	-0.554796	-0.576288	-0.569530	-0.565077	-0.571486	-0.572491	-0.568144
711.0	-0.601504	-0.588948	-0.602838	-0.583654	-0.586246	-0.591970	-0.579978	-0.585143	-0.586299	-0.587774	-0.588590	-0.584778	-0.589393	-0.564730	-0.580895	-0.581001	-0.571498	-0.579114	-0.580261	-0.586308
712.0	-0.609622	-0.598405	-0.610819	-0.594544	-0.594365	-0.600323	-0.589363	-0.598687	-0.596887	-0.597115	-0.593903	-0.590588	-0.595899	-0.575820	-0.587484	-0.589402	-0.584032	-0.583646	-0.594454	-0.603705
713.0	-0.617178	-0.609499	-0.615626	-0.602928	-0.596959	-0.609269	-0.599121	-0.608828	-0.603312	-0.600156	-0.596712	-0.597034	-0.600961	-0.590135	-0.597010	-0.595845	-0.595818	-0.588406	-0.603333	-0.612045
714.0	-0.620049	-0.617378	-0.625710	-0.615904	-0.600345	-0.618441	-0.605321	-0.617810	-0.609873	-0.609290	-0.600092	-0.600071	-0.607397	-0.606401	-0.600568	-0.600546	-0.611144	-0.595656	-0.605626	-0.619915
715.0	-0.625034	-0.626245	-0.631346	-0.627328	-0.607664	-0.626297	-0.613918	-0.621030	-0.616250	-0.615247	-0.607913	-0.606821	-0.614112	-0.618487	-0.608304	-0.603092	-0.617320	-0.602115	-0.607541	-0.617642
716.0	-0.628378	-0.636439	-0.635412	-0.639621	-0.614556	-0.629522	-0.626183	-0.621803	-0.622997	-0.630851	-0.614188	-0.621567	-0.618275	-0.629532	-0.620489	-0.613752	-0.623589	-0.610754	-0.609207	-0.614221
717.0	-0.633850	-0.645314	-0.639723	-0.645065	-0.624771	-0.635639	-0.635099	-0.628667	-0.631084	-0.633680	-0.624322	-0.631750	-0.624681	-0.636827	-0.633083	-0.622096	-0.627441	-0.621649	-0.619488	-0.613749
718.0	-0.639783	-0.652179	-0.646757	-0.648486	-0.637505	-0.639265	-0.640895	-0.637937	-0.636069	-0.636207	-0.635792	-0.641537	-0.632196	-0.642707	-0.644687	-0.630701	-0.629306	-0.632704	-0.626482	-0.615350
719.0	-0.648428	-0.657987	-0.655754	-0.654214	-0.654140	-0.642146	-0.648187	-0.646618	-0.646003	-0.644166	-0.647719	-0.643830	-0.638761	-0.648493	-0.655610	-0.641835	-0.636026	-0.640301	-0.635813	-0.620139
720.0	-0.653044	-0.663533	-0.666274	-0.655920	-0.665918	-0.647708	-0.654267	-0.652656	-0.655082	-0.655279	-0.654733	-0.646771	-0.645041	-0.652886	-0.662480	-0.651673	-0.643123	-0.646785	-0.641270	-0.631023
721.0	-0.659840	-0.667849	-0.675976	-0.658463	-0.673173	-0.654208	-0.660112	-0.659689	-0.666757	-0.664740	-0.663365	-0.651534	-0.648373	-0.662788	-0.663319	-0.661853	-0.648008	-0.652190	-0.646393	-0.643426
722.0	-0.665405	-0.671425	-0.677887	-0.667984	-0.683004	-0.660411	-0.670058	-0.672158	-0.673259	-0.668494	-0.670024	-0.659415	-0.654978	-0.664681	-0.666653	-0.668085	-0.656093	-0.659702	-0.656544	-0.659792
723.0	-0.670943	-0.675898	-0.681837	-0.674389	-0.688129	-0.669611	-0.679340	-0.681057	-0.679209	-0.673254	-0.676827	-0.668542	-0.662120	-0.668730	-0.673205	-0.676480	-0.664423	-0.668587	-0.660733	-0.672397
724.0	-0.675571	-0.681145	-0.684949	-0.682261	-0.693852	-0.677744	-0.683664	-0.689181	-0.682058	-0.680413	-0.682816	-0.678561	-0.668473	-0.671733	-0.676847	-0.683774	-0.679424	-0.673661	-0.664353	-0.684499
725.0	-0.679048	-0.686234	-0.686086	-0.690927	-0.696623	-0.685045	-0.686422	-0.692798	-0.687999	-0.687549	-0.692096	-0.688231	-0.674482	-0.675213	-0.685326	-0.689794	-0.686275	-0.678138	-0.672021	-0.688451
726.0	-0.684526	-0.691297	-0.687786	-0.698083	-0.701581	-0.692071	-0.689738	-0.690405	-0.695045	-0.698311	-0.699272	-0.699260	-0.679999	-0.679924	-0.690253	-0.697457	-0.694529	-0.685234	-0.678142	-0.695585
727.0	-0.695875	-0.693376	-0.693189	-0.701132	-0.704999	-0.696367	-0.693164	-0.693238	-0.698191	-0.698444	-0.705979	-0.704880	-0.690363	-0.685212	-0.698874	-0.700271	-0.699292	-0.695883	-0.686898	-0.698698
728.0	-0.705418	-0.696221	-0.699144	-0.703687	-0.706032	-0.702582	-0.698781	-0.695879	-0.699890	-0.700844	-0.710460	-0.711549	-0.701964	-0.692177	-0.704626	-0.704746	-0.705188	-0.705354	-0.694949	-0.698460
729.0	-0.715431	-0.701711	-0.702534	-0.708806	-0.708379	-0.708802	-0.703898	-0.701091	-0.704107	-0.705743	-0.713902	-0.712995	-0.708545	-0.699210	-0.708704	-0.706862	-0.709271	-0.712155	-0.703729	-0.701694
730.0	-0.720984	-0.706377	-0.706885	-0.712685	-0.710223	-0.716542	-0.707448	-0.706888	-0.709349	-0.710505	-0.716046	-0.717813	-0.713455	-0.708138	-0.713506	-0.706269	-0.712777	-0.714825	-0.710069	-0.706358
731.0	-0.725234	-0.713624	-0.711536	-0.714668	-0.712669	-0.721601	-0.714096	-0.712994	-0.714326	-0.716689	-0.723471	-0.719846	-0.718670	-0.720474	-0.716730	-0.706704	-0.718852	-0.719056	-0.715402	-0.712575
732.0	-0.728500	-0.716549	-0.712479	-0.720132	-0.720204	-0.728114	-0.725325	-0.723890	-0.717519	-0.721474	-0.728236	-0.723420	-0.725550	-0.727802	-0.721675	-0.706293	-0.723144	-0.722617	-0.722268	-0.720853
733.0	-0.730454	-0.722888	-0.714844	-0.721432	-0.725902	-0.735901	-0.731301	-0.733027	-0.724058	-0.727131	-0.734481	-0.727884	-0.731042	-0.732436	-0.725631	-0.712632	-0.728281	-0.724902	-0.729218	-0.725019
734.0	-0.734123	-0.729969	-0.721582	-0.725237	-0.731001	-0.737060	-0.738769	-0.740120	-0.729121	-0.731295	-0.739432	-0.732110	-0.732668	-0.735539	-0.729332	-0.718161	-0.733325	-0.728697	-0.735059	-0.729811
735.0	-0.734992	-0.735490	-0.726917	-0.731724	-0.736864	-0.740430	-0.742071	-0.743765	-0.737612	-0.737095	-0.744363	-0.735598	-0.736147	-0.739442	-0.731912	-0.724560	-0.739326	-0.735238	-0.743278	-0.736075
736.0	-0.737484	-0.740589	-0.730653	-0.736674	-0.745146	-0.743103	-0.745071	-0.745847	-0.745538	-0.742601	-0.749701	-0.739568	-0.739940	-0.744097	-0.733072	-0.733587	-0.741831	-0.739400	-0.747421	-0.742984
737.0	-0.745187	-0.741732	-0.739784	-0.742861	-0.751333	-0.745258	-0.747419	-0.749268	-0.748780	-0.748512	-0.753553	-0.743903	-0.743767	-0.746332	-0.738966	-0.742971	-0.744749	-0.742794	-0.754022	-0.747870
738.0	-0.749637	-0.743810	-0.746535	-0.746631	-0.755265	-0.748566	-0.750601	-0.750448	-0.753278	-0.754284	-0.753751	-0.749816	-0.749157	-0.748467	-0.746726	-0.750406	-0.747810	-0.745892	-0.757449	-0.752262
739.0	-0.755633	-0.747719	-0.752433	-0.753625	-0.761563	-0.749538	-0.755212	-0.751929	-0.756793	-0.758589	-0.755573	-0.756240	-0.751198	-0.753149	-0.751096	-0.756955	-0.751061	-0.749087	-0.760322	-0.759118
740.0	-0.759754	-0.751816	-0.759025	-0.756391	-0.765920	-0.750903	-0.760064	-0.753756	-0.759003	-0.764558	-0.756593	-0.759772	-0.753740	-0.756492	-0.755781	-0.762453	-0.754488	-0.754065	-0.763257	-0.766368
741.0	-0.764016	-0.758059	-0.765741	-0.757359	-0.769110	-0.754582	-0.765315	-0.755596	-0.760473	-0.770047	-0.756869	-0.760519	-0.754714	-0.759386	-0.761888	-0.764276	-0.759901	-0.756828	-0.763420	-0.770707
742.0	-0.769769	-0.761974	-0.767024	-0.759696	-0.770709	-0.759954	-0.768635	-0.761281	-0.762629	-0.771741	-0.756767	-0.765458	-0.758083	-0.763564	-0.764603	-0.764144	-0.761835	-0.759028	-0.762210	-0.773711
743.0	-0.772054	-0.768908	-0.768441	-0.761898	-0.771349	-0.766621	-0.770665	-0.765618	-0.766051	-0.770818	-0.757392	-0.769923	-0.761641	-0.763781	-0.767782	-0.765772	-0.765494	-0.762030	-0.763576	-0.776949
744.0	-0.775700	-0.773379	-0.773455	-0.766248	-0.771780	-0.770257	-0.775398	-0.770949	-0.767244	-0.767804	-0.759086	-0.771217	-0.763457	-0.766464	-0.770869	-0.769147	-0.771504	-0.767691	-0.764760	-0.778410
745.0	-0.776714	-0.777685	-0.777912	-0.771744	-0.773171	-0.774296	-0.776753	-0.776401	-0.770093	-0.766958	-0.763232	-0.774298	-0.767607	-0.769727	-0.772770	-0.772535	-0.775477	-0.772020	-0.769039	-0.778066
746.0	-0.777983	-0.781305	-0.780330	-0.776663	-0.774594	-0.778202	-0.779282	-0.778383	-0.774868	-0.768599	-0.767625	-0.778574	-0.773148	-0.776434	-0.778154	-0.776513	-0.776867	-0.773598	-0.773814	-0.778513
747.0	-0.780318	-0.785219	-0.784652	-0.783807	-0.776332	-0.782212	-0.780801	-0.778417	-0.780450	-0.770899	-0.772480	-0.782950	-0.778643	-0.780864	-0.783450	-0.780280	-0.778431	-0.775011	-0.779118	-0.779692
748.0	-0.781714	-0.790201	-0.787237	-0.788150	-0.779558	-0.783507	-0.782558	-0.780783	-0.787741	-0.775476	-0.776832	-0.786733	-0.783791	-0.784194	-0.788420	-0.783766	-0.779398	-0.776681	-0.781919	-0.782087
749.0	-0.784519	-0.793433	-0.789282	-0.793810	-0.783702	-0.784159	-0.784289	-0.781854	-0.790902	-0.778299	-0.783482	-0.790322	-0.789265	-0.787190	-0.789988	-0.787630	-0.781786	-0.779089	-0.786104	-0.784391
750.0	-0.787542	-0.793630	-0.791422	-0.795010	-0.788319	-0.785718	-0.787338	-0.784208	-0.792209	-0.783528	-0.787949	-0.792218	-0.791361	-0.789965	-0.791221	-0.790465	-0.782592	-0.783880	-0.791093	-0.787022
751.0	-0.792204	-0.795081	-0.792119	-0.797115	-0.789628	-0.788155	-0.790632	-0.785912	-0.793090	-0.787801	-0.790311	-0.793640	-0.791343	-0.789588	-0.793000	-0.791434	-0.783615	-0.786127	-0.793941	-0.789648
752.0	-0.795827	-0.795968	-0.790818	-0.797715	-0.792198	-0.789683	-0.791014	-0.788179	-0.792824	-0.790253	-0.791130	-0.794504	-0.793215	-0.791256	-0.792386	-0.790908	-0.786497	-0.788627	-0.795261	-0.791964
753.0	-0.796478	-0.796655	-0.791765	-0.797048	-0.793852	-0.790433	-0.792112	-0.792039	-0.792204	-0.791991	-0.791197	-0.794649	-0.792875	-0.790242	-0.794427	-0.792636	-0.792352	-0.794187	-0.798191	-0.795489
754.0	-0.798079	-0.798551	-0.792561	-0.799191	-0.795392	-0.792066	-0.793291	-0.797547	-0.790031	-0.793021	-0.793404	-0.793536	-0.793136	-0.788883	-0.795522	-0.797922	-0.796955	-0.799603	-0.799359	-0.797191
755.0	-0.798161	-0.801210	-0.793990	-0.799905	-0.797855	-0.793667	-0.793749	-0.798787	-0.793336	-0.796460	-0.795970	-0.793812	-0.793212	-0.787817	-0.799230	-0.802446	-0.798254	-0.803844	-0.802545	-0.797007
756.0	-0.800846	-0.804294	-0.796792	-0.800051	-0.798840	-0.798936	-0.796360	-0.797326	-0.797321	-0.798873	-0.798906	-0.796972	-0.794607	-0.790155	-0.800273	-0.807148	-0.800899	-0.806055	-0.803444	-0.800410
757.0	-0.801187	-0.808382	-0.800400	-0.801785	-0.799220	-0.802289	-0.799448	-0.798877	-0.799875	-0.799578	-0.801174	-0.799616	-0.798173	-0.792198	-0.801162	-0.809876	-0.802197	-0.806572	-0.803862	-0.804352
758.0	-0.803495	-0.809735	-0.804426	-0.804569	-0.805126	-0.806413	-0.800986	-0.802343	-0.804054	-0.802870	-0.803976	-0.801394	-0.800431	-0.794337	-0.801247	-0.812025	-0.803489	-0.807095	-0.804370	-0.806429
759.0	-0.805706	-0.810842	-0.806486	-0.806708	-0.807459	-0.807507	-0.804512	-0.804185	-0.806815	-0.804132	-0.807752	-0.802433	-0.804786	-0.798375	-0.801318	-0.812693	-0.806598	-0.809086	-0.806901	-0.808213
760.0	-0.808543	-0.810417	-0.808740	-0.806806	-0.811611	-0.809138	-0.808194	-0.807415	-0.808570	-0.806350	-0.808800	-0.804108	-0.805751	-0.804265	-0.800169	-0.812036	-0.807837	-0.808517	-0.808699	-0.808948
761.0	-0.809826	-0.809928	-0.810423	-0.808960	-0.812491	-0.810681	-0.810270	-0.808728	-0.810722	-0.809741	-0.810662	-0.806283	-0.806844	-0.807343	-0.801712	-0.812201	-0.810424	-0.808905	-0.809533	-0.810709
762.0	-0.809828	-0.810744	-0.812090	-0.811218	-0.814517	-0.811723	-0.810736	-0.810488	-0.812499	-0.812077	-0.811217	-0.807720	-0.809377	-0.810740	-0.803606	-0.812511	-0.811678	-0.809046	-0.812242	-0.811512
763.0	-0.809160	-0.812523	-0.814149	-0.812131	-0.814944	-0.812696	-0.812206	-0.812874	-0.813146	-0.815286	-0.814134	-0.808969	-0.811272	-0.811618	-0.805474	-0.814896	-0.812624	-0.810298	-0.813747	-0.813514
764.0	-0.810453	-0.815158	-0.814975	-0.814207	-0.815244	-0.813516	-0.812528	-0.814127	-0.814795	-0.816140	-0.814972	-0.809840	-0.812116	-0.812553	-0.807083	-0.816919	-0.812061	-0.811327	-0.814892	-0.814304
765.0	-0.812843	-0.817742	-0.815979	-0.814604	-0.816661	-0.814653	-0.812333	-0.813496	-0.817145	-0.816604	-0.816956	-0.810454	-0.812699	-0.814778	-0.809540	-0.818863	-0.812451	-0.816005	-0.815815	-0.813963
766.0	-0.816567	-0.820603	-0.817172	-0.815620	-0.817349	-0.815635	-0.812721	-0.814983	-0.817764	-0.815712	-0.820385	-0.812828	-0.814295	-0.815536	-0.809846	-0.819000	-0.814597	-0.816832	-0.815123	-0.816759
767.0	-0.817266	-0.822984	-0.818114	-0.815107	-0.818961	-0.816604	-0.814489	-0.816237	-0.817555	-0.816054	-0.821421	-0.813322	-0.816452	-0.814966	-0.812830	-0.818982	-0.816572	-0.816342	-0.815829	-0.820216
768.0	-0.820629	-0.822725	-0.819887	-0.816991	-0.822543	-0.818980	-0.815990	-0.817248	-0.819228	-0.816658	-0.822150	-0.813929	-0.816579	-0.815896	-0.816967	-0.820133	-0.818179	-0.817569	-0.816130	-0.821964
769.0	-0.822506	-0.823669	-0.820521	-0.816394	-0.821881	-0.820112	-0.818727	-0.819379	-0.821033	-0.816360	-0.823378	-0.814185	-0.818401	-0.817408	-0.818566	-0.821036	-0.822413	-0.819663	-0.819230	-0.823213
770.0	-0.823980	-0.824393	-0.820861	-0.816581	-0.823633	-0.822125	-0.820596	-0.821815	-0.821473	-0.816729	-0.822393	-0.815057	-0.819900	-0.817807	-0.820363	-0.821827	-0.824564	-0.821066	-0.822591	-0.822360
771.0	-0.825070	-0.823618	-0.822315	-0.818812	-0.824249	-0.823400	-0.821403	-0.822996	-0.823981	-0.817439	-0.824073	-0.817543	-0.819801	-0.817369	-0.823485	-0.823963	-0.826817	-0.822842	-0.825998	-0.822879
772.0	-0.825086	-0.823746	-0.822676	-0.820380	-0.825011	-0.825229	-0.822478	-0.826101	-0.824933	-0.819355	-0.823705	-0.818882	-0.820142	-0.817672	-0.825325	-0.827332	-0.825784	-0.822724	-0.828173	-0.824136
773.0	-0.824572	-0.823663	-0.822909	-0.821788	-0.825646	-0.827121	-0.825517	-0.828355	-0.826864	-0.821463	-0.824211	-0.820750	-0.820244	-0.819027	-0.825406	-0.829329	-0.825840	-0.823109	-0.828713	-0.825267
774.0	-0.823653	-0.823691	-0.823905	-0.824174	-0.825398	-0.827907	-0.825273	-0.830066	-0.829237	-0.821410	-0.824273	-0.822833	-0.820359	-0.820355	-0.824462	-0.830160	-0.825967	-0.825651	-0.828746	-0.825817
775.0	-0.824301	-0.823465	-0.824624	-0.825609	-0.825769	-0.827867	-0.824851	-0.827870	-0.828924	-0.821956	-0.824482	-0.824112	-0.822825	-0.822530	-0.822565	-0.829911	-0.824191	-0.828242	-0.826961	-0.826752
776.0	-0.823924	-0.824025	-0.824585	-0.827242	-0.826144	-0.827590	-0.823965	-0.827290	-0.828625	-0.821724	-0.825076	-0.825508	-0.824981	-0.823967	-0.823421	-0.828551	-0.824045	-0.827678	-0.825423	-0.829451
777.0	-0.825121	-0.824840	-0.826570	-0.827651	-0.825622	-0.828293	-0.824111	-0.825025	-0.829016	-0.823598	-0.824805	-0.825780	-0.826455	-0.825321	-0.824991	-0.828146	-0.824094	-0.829157	-0.825623	-0.831146
778.0	-0.826099	-0.824676	-0.828744	-0.829806	-0.825518	-0.828553	-0.822965	-0.824417	-0.829895	-0.826011	-0.824919	-0.826997	-0.827384	-0.828218	-0.826749	-0.828866	-0.824483	-0.829793	-0.824736	-0.832625
779.0	-0.827481	-0.824619	-0.829598	-0.829695	-0.825726	-0.829944	-0.823690	-0.825243	-0.831211	-0.826639	-0.825294	-0.828718	-0.827827	-0.830137	-0.827340	-0.830634	-0.826314	-0.830612	-0.826294	-0.834061
780.0	-0.829177	-0.825792	-0.831429	-0.830730	-0.827886	-0.830866	-0.826938	-0.825430	-0.829231	-0.828690	-0.826131	-0.829690	-0.828876	-0.832318	-0.829337	-0.832667	-0.828437	-0.832453	-0.829504	-0.833407
781.0	-0.830544	-0.826127	-0.833350	-0.831091	-0.829059	-0.829938	-0.828541	-0.826040	-0.829743	-0.829680	-0.827984	-0.831120	-0.829539	-0.834071	-0.829331	-0.833694	-0.830774	-0.833303	-0.831099	-0.834142
782.0	-0.832371	-0.828104	-0.832511	-0.831212	-0.830070	-0.831685	-0.831350	-0.829542	-0.829414	-0.832165	-0.829590	-0.831005	-0.830392	-0.834312	-0.828879	-0.834851	-0.831489	-0.833942	-0.831290	-0.833336
783.0	-0.832781	-0.830092	-0.831078	-0.830722	-0.831355	-0.833041	-0.834170	-0.831127	-0.830487	-0.833900	-0.831415	-0.830947	-0.830631	-0.835426	-0.829069	-0.835271	-0.830464	-0.832745	-0.831445	-0.833183
784.0	-0.831674	-0.831576	-0.830197	-0.831683	-0.832813	-0.833398	-0.833972	-0.831606	-0.832213	-0.834181	-0.834082	-0.831696	-0.831624	-0.834732	-0.828388	-0.833795	-0.830514	-0.831672	-0.832015	-0.832106
785.0	-0.832272	-0.833389	-0.831520	-0.830178	-0.833856	-0.833379	-0.834809	-0.830097	-0.833232	-0.833563	-0.834071	-0.831208	-0.831968	-0.833981	-0.830256	-0.830881	-0.829403	-0.830791	-0.832447	-0.831603
786.0	-0.832605	-0.834154	-0.832156	-0.829688	-0.834771	-0.832836	-0.834775	-0.830085	-0.834965	-0.832555	-0.834897	-0.832719	-0.831931	-0.833348	-0.831940	-0.828773	-0.829616	-0.832540	-0.833997	-0.832782
787.0	-0.834263	-0.834794	-0.833846	-0.830403	-0.835416	-0.831950	-0.834284	-0.829587	-0.835881	-0.832312	-0.837289	-0.833399	-0.831966	-0.831212	-0.832984	-0.828626	-0.828170	-0.835116	-0.834491	-0.832645
788.0	-0.834063	-0.834865	-0.836218	-0.831285	-0.835665	-0.831955	-0.832815	-0.830296	-0.836210	-0.832391	-0.838426	-0.834809	-0.831538	-0.831969	-0.835101	-0.829395	-0.829049	-0.836329	-0.834045	-0.833624
789.0	-0.834973	-0.834389	-0.837144	-0.831756	-0.835914	-0.833893	-0.833841	-0.831241	-0.836333	-0.831881	-0.838188	-0.837081	-0.831819	-0.833030	-0.837750	-0.830822	-0.831951	-0.838119	-0.835748	-0.835912
790.0	-0.834712	-0.834198	-0.837966	-0.833811	-0.836310	-0.835308	-0.834311	-0.831801	-0.834819	-0.834227	-0.839645	-0.839181	-0.833511	-0.833276	-0.839244	-0.833035	-0.835693	-0.839409	-0.836937	-0.835791
791.0	-0.834485	-0.835303	-0.838004	-0.835389	-0.836218	-0.835332	-0.835231	-0.833316	-0.833235	-0.835695	-0.841538	-0.840128	-0.836431	-0.833381	-0.838800	-0.834029	-0.839186	-0.842845	-0.837967	-0.836443
792.0	-0.834195	-0.836424	-0.837781	-0.837207	-0.835766	-0.836915	-0.837499	-0.834704	-0.832075	-0.836523	-0.842309	-0.839699	-0.838386	-0.833247	-0.839786	-0.835861	-0.837902	-0.844570	-0.839594	-0.836813
793.0	-0.833861	-0.837758	-0.835607	-0.837620	-0.835182	-0.837936	-0.838718	-0.835275	-0.831313	-0.836722	-0.841836	-0.838338	-0.839204	-0.835344	-0.841696	-0.837626	-0.836570	-0.844096	-0.840325	-0.838411
794.0	-0.832952	-0.838963	-0.834841	-0.838544	-0.835660	-0.837142	-0.838659	-0.837341	-0.832872	-0.836218	-0.841762	-0.837752	-0.839052	-0.835339	-0.841307	-0.838494	-0.836037	-0.844069	-0.841696	-0.837360
795.0	-0.834126	-0.840121	-0.834424	-0.838462	-0.836544	-0.836761	-0.840155	-0.839641	-0.833559	-0.835327	-0.841305	-0.836536	-0.838777	-0.834943	-0.841124	-0.839786	-0.835151	-0.843668	-0.841705	-0.839258
796.0	-0.834926	-0.839888	-0.833281	-0.838077	-0.838343	-0.835326	-0.841162	-0.840967	-0.835317	-0.833419	-0.841500	-0.835780	-0.837832	-0.834081	-0.839033	-0.841506	-0.833266	-0.843260	-0.841500	-0.841031
797.0	-0.835803	-0.839552	-0.832762	-0.837345	-0.840323	-0.834509	-0.841913	-0.841396	-0.837297	-0.832506	-0.841974	-0.835410	-0.836962	-0.833237	-0.836832	-0.842507	-0.832295	-0.842902	-0.840492	-0.842022
798.0	-0.836645	-0.839399	-0.833299	-0.836276	-0.842248	-0.834922	-0.842294	-0.840619	-0.839321	-0.833419	-0.842758	-0.835588	-0.836470	-0.832639	-0.835024	-0.842349	-0.832954	-0.842759	-0.838511	-0.841635
799.0	-0.837337	-0.839715	-0.835321	-0.834877	-0.843882	-0.837175	-0.842194	-0.838328	-0.841210	-0.836988	-0.843881	-0.836479	-0.836661	-0.832516	-0.834112	-0.840589	-0.835960	-0.842997	-0.835389	-0.839277
800.0	-0.837766	-0.840786	-0.839262	-0.833157	-0.844988	-0.841880	-0.841501	-0.834212	-0.842788	-0.844044	-0.845374	-0.838244	-0.837840	-0.833099	-0.834599	-0.836788	-0.842032	-0.843781	-0.830957	-0.834354
