500.0	-0.493392	-0.476850	-0.487064	-0.493449	-0.459764	-0.539876	-0.490410	-0.487799	-0.465934	-0.496097	-0.481686	-0.461223	-0.474311	-0.468797	-0.452657	-0.477926	-0.469672	-0.476326	-0.465512	-0.466111
501.0	-0.478212	-0.483761	-0.477821	-0.485631	-0.468605	-0.534224	-0.488614	-0.483131	-0.473067	-0.494031	-0.477443	-0.467195	-0.476185	-0.469067	-0.468333	-0.472136	-0.468089	-0.478472	-0.471656	-0.474330
502.0	-0.468872	-0.486913	-0.472276	-0.480697	-0.474331	-0.530340	-0.486125	-0.479997	-0.477008	-0.489588	-0.475092	-0.470805	-0.477229	-0.469816	-0.477611	-0.469626	-0.468173	-0.479512	-0.474312	-0.478002
503.0	-0.464160	-0.487030	-0.469686	-0.477934	-0.477444	-0.527948	-0.483195	-0.477971	-0.478360	-0.483517	-0.474203	-0.472554	-0.477584	-0.470863	-0.481783	-0.469570	-0.469435	-0.479637	-0.474342	-0.478163
504.0	-0.462862	-0.484836	-0.469307	-0.476633	-0.478445	-0.526769	-0.480077	-0.476628	-0.477721	-0.476568	-0.474347	-0.472945	-0.477386	-0.472027	-0.482140	-0.471136	-0.471384	-0.479042	-0.472609	-0.475852
505.0	-0.463767	-0.481055	-0.470396	-0.476079	-0.477835	-0.526525	-0.477022	-0.475544	-0.475693	-0.469489	-0.475094	-0.472479	-0.476775	-0.473126	-0.479972	-0.473497	-0.473531	-0.477917	-0.469975	-0.472108
506.0	-0.464989	-0.476281	-0.472044	-0.473877	-0.476659	-0.527137	-0.475929	-0.473141	-0.471930	-0.463733	-0.477681	-0.472038	-0.475423	-0.472802	-0.476511	-0.475078	-0.475090	-0.475751	-0.467813	-0.467110
507.0	-0.465072	-0.472058	-0.473276	-0.473341	-0.472235	-0.529359	-0.473034	-0.470622	-0.469852	-0.459191	-0.476212	-0.470521	-0.474778	-0.472962	-0.476226	-0.476093	-0.475172	-0.473395	-0.467946	-0.467113
508.0	-0.465410	-0.469447	-0.473445	-0.470307	-0.471473	-0.528583	-0.471421	-0.468863	-0.469395	-0.457694	-0.473502	-0.473174	-0.474363	-0.475674	-0.475514	-0.474129	-0.475012	-0.474515	-0.466797	-0.466239
509.0	-0.465954	-0.468317	-0.472262	-0.467078	-0.470522	-0.526973	-0.470715	-0.467628	-0.467826	-0.458889	-0.472054	-0.474658	-0.473741	-0.474921	-0.473178	-0.472711	-0.474025	-0.474220	-0.468725	-0.466108
510.0	-0.464506	-0.466278	-0.471309	-0.467286	-0.470514	-0.523009	-0.468967	-0.465596	-0.466666	-0.458887	-0.470116	-0.473910	-0.470276	-0.472921	-0.469888	-0.469873	-0.472426	-0.471618	-0.469979	-0.467700
511.0	-0.463362	-0.465616	-0.472409	-0.468020	-0.470567	-0.520181	-0.469558	-0.463994	-0.465633	-0.460629	-0.466917	-0.472965	-0.469854	-0.468783	-0.466103	-0.467208	-0.469594	-0.470521	-0.469503	-0.469566
512.0	-0.463257	-0.466134	-0.471687	-0.467227	-0.469162	-0.517570	-0.469128	-0.463615	-0.465394	-0.462896	-0.463591	-0.470531	-0.466279	-0.471211	-0.464908	-0.466038	-0.465650	-0.469839	-0.467461	-0.469171
513.0	-0.461463	-0.468818	-0.468846	-0.467247	-0.467752	-0.515606	-0.471717	-0.464144	-0.465643	-0.463755	-0.461829	-0.466392	-0.464703	-0.470486	-0.462784	-0.464312	-0.462875	-0.467863	-0.464918	-0.470987
514.0	-0.460536	-0.468027	-0.464531	-0.467972	-0.466202	-0.514298	-0.470817	-0.465202	-0.465502	-0.462347	-0.460186	-0.465038	-0.466592	-0.470190	-0.463037	-0.462008	-0.460849	-0.468258	-0.460871	-0.471153
515.0	-0.462447	-0.466541	-0.462871	-0.465497	-0.465799	-0.512352	-0.471048	-0.464913	-0.465795	-0.459879	-0.459765	-0.464822	-0.466734	-0.468509	-0.461820	-0.463836	-0.460354	-0.468228	-0.459331	-0.469756
516.0	-0.462094	-0.462264	-0.460078	-0.462767	-0.463310	-0.512540	-0.471287	-0.466182	-0.466528	-0.460738	-0.460971	-0.462551	-0.464697	-0.465089	-0.459991	-0.464153	-0.457963	-0.468023	-0.456118	-0.467833
517.0	-0.463546	-0.459640	-0.455938	-0.462848	-0.460662	-0.512740	-0.470606	-0.465458	-0.466637	-0.459457	-0.459577	-0.461215	-0.463740	-0.462515	-0.459067	-0.462764	-0.458197	-0.465277	-0.454541	-0.467946
518.0	-0.462582	-0.460680	-0.454382	-0.461078	-0.459076	-0.511119	-0.470044	-0.464188	-0.466695	-0.458299	-0.459518	-0.461999	-0.463841	-0.459209	-0.456632	-0.461746	-0.458790	-0.464222	-0.453748	-0.464325
519.0	-0.462071	-0.460974	-0.454389	-0.456196	-0.459036	-0.510425	-0.468973	-0.460704	-0.465581	-0.458518	-0.460569	-0.459531	-0.464494	-0.457493	-0.456231	-0.464438	-0.461207	-0.461827	-0.454661	-0.461438
520.0	-0.458848	-0.459439	-0.455350	-0.456442	-0.461306	-0.507493	-0.464505	-0.459513	-0.464777	-0.457135	-0.463067	-0.457795	-0.462673	-0.457230	-0.454415	-0.463632	-0.460305	-0.459989	-0.456572	-0.459413
521.0	-0.456404	-0.460556	-0.458140	-0.455475	-0.460091	-0.506467	-0.462186	-0.457535	-0.461099	-0.456031	-0.462622	-0.453285	-0.458697	-0.457665	-0.452566	-0.462496	-0.462733	-0.457456	-0.457873	-0.458044
522.0	-0.454862	-0.460156	-0.456722	-0.454156	-0.456897	-0.503377	-0.462169	-0.456166	-0.459030	-0.453893	-0.459455	-0.451136	-0.456376	-0.459014	-0.455533	-0.462854	-0.462191	-0.455868	-0.458869	-0.456244
523.0	-0.452868	-0.462389	-0.458428	-0.457488	-0.453808	-0.503042	-0.465690	-0.455314	-0.456512	-0.452491	-0.460827	-0.448973	-0.457414	-0.456456	-0.456924	-0.461322	-0.464513	-0.455012	-0.460116	-0.457194
524.0	-0.453579	-0.464091	-0.455871	-0.460483	-0.454095	-0.501633	-0.467485	-0.456294	-0.456733	-0.451244	-0.458682	-0.449695	-0.461169	-0.456465	-0.457139	-0.462041	-0.462564	-0.453579	-0.460160	-0.456780
525.0	-0.456789	-0.465553	-0.457679	-0.460487	-0.452525	-0.501191	-0.467996	-0.457071	-0.456029	-0.453260	-0.456787	-0.450343	-0.457072	-0.452871	-0.457321	-0.460832	-0.464328	-0.451924	-0.460360	-0.456301
526.0	-0.454649	-0.460951	-0.455527	-0.461144	-0.451874	-0.502919	-0.465699	-0.457584	-0.456460	-0.454676	-0.452178	-0.451279	-0.453488	-0.450678	-0.456706	-0.458542	-0.462206	-0.450952	-0.458492	-0.457301
527.0	-0.451721	-0.458098	-0.451960	-0.462554	-0.450783	-0.502884	-0.462542	-0.455014	-0.454047	-0.454168	-0.447259	-0.453710	-0.450290	-0.448629	-0.455940	-0.452237	-0.461537	-0.449046	-0.457014	-0.455945
528.0	-0.448386	-0.455537	-0.451794	-0.459626	-0.447891	-0.502831	-0.460931	-0.452478	-0.450070	-0.452068	-0.444131	-0.453094	-0.449743	-0.447144	-0.452765	-0.447547	-0.459675	-0.447296	-0.454393	-0.451278
529.0	-0.443843	-0.451887	-0.452100	-0.453257	-0.447129	-0.502398	-0.456742	-0.450063	-0.447947	-0.453106	-0.442478	-0.451806	-0.449506	-0.448214	-0.450844	-0.447187	-0.456327	-0.445230	-0.450983	-0.447563
530.0	-0.436908	-0.449367	-0.450772	-0.453123	-0.446173	-0.502822	-0.449447	-0.451199	-0.445205	-0.451303	-0.443772	-0.451239	-0.447596	-0.448790	-0.445458	-0.444355	-0.451567	-0.445544	-0.448086	-0.443330
531.0	-0.432413	-0.446106	-0.449534	-0.451547	-0.442301	-0.502715	-0.446285	-0.448497	-0.439472	-0.449720	-0.441941	-0.447127	-0.440610	-0.445785	-0.443255	-0.441721	-0.450789	-0.443445	-0.442194	-0.441413
532.0	-0.432854	-0.443802	-0.445532	-0.447160	-0.438903	-0.500032	-0.444917	-0.446048	-0.438880	-0.448034	-0.440811	-0.447919	-0.436437	-0.441878	-0.443419	-0.443487	-0.447913	-0.440323	-0.437708	-0.440760
533.0	-0.434887	-0.445320	-0.446643	-0.448226	-0.439363	-0.497275	-0.444471	-0.444168	-0.439935	-0.446329	-0.444172	-0.444673	-0.435603	-0.437138	-0.441305	-0.445787	-0.447543	-0.437557	-0.437879	-0.442229
534.0	-0.439413	-0.447699	-0.442914	-0.447766	-0.440498	-0.496400	-0.444307	-0.442578	-0.442676	-0.444956	-0.449536	-0.443487	-0.436123	-0.434630	-0.439069	-0.449934	-0.446161	-0.435708	-0.438299	-0.441697
535.0	-0.443295	-0.447349	-0.446099	-0.447335	-0.442683	-0.498115	-0.444380	-0.439714	-0.444766	-0.446460	-0.452089	-0.444036	-0.431907	-0.435137	-0.440471	-0.448174	-0.445562	-0.437167	-0.439370	-0.445685
536.0	-0.446223	-0.446332	-0.446873	-0.446086	-0.445983	-0.497722	-0.442791	-0.439581	-0.448908	-0.448599	-0.451825	-0.445410	-0.431226	-0.441047	-0.444548	-0.448514	-0.443722	-0.441541	-0.445799	-0.450764
537.0	-0.450291	-0.445728	-0.450775	-0.447043	-0.447598	-0.496085	-0.442620	-0.441945	-0.449241	-0.450525	-0.452758	-0.447884	-0.432352	-0.446068	-0.443191	-0.445147	-0.444007	-0.446066	-0.451817	-0.453964
538.0	-0.454668	-0.444073	-0.451575	-0.446708	-0.448731	-0.495038	-0.444667	-0.445686	-0.448448	-0.449067	-0.453678	-0.445291	-0.441809	-0.450674	-0.441359	-0.444989	-0.440803	-0.451421	-0.457680	-0.455318
539.0	-0.452164	-0.443954	-0.452491	-0.448358	-0.449438	-0.495182	-0.444980	-0.447614	-0.449468	-0.452178	-0.453659	-0.447449	-0.448575	-0.453651	-0.442466	-0.447023	-0.441287	-0.455660	-0.460086	-0.455999
540.0	-0.447993	-0.447231	-0.453959	-0.453197	-0.450152	-0.497762	-0.446621	-0.451142	-0.449080	-0.455194	-0.453895	-0.448404	-0.455246	-0.457495	-0.444382	-0.447086	-0.441207	-0.459274	-0.461353	-0.454867
541.0	-0.447247	-0.448972	-0.453864	-0.454674	-0.452388	-0.498753	-0.451202	-0.450998	-0.445027	-0.454762	-0.451904	-0.449120	-0.457208	-0.458371	-0.444038	-0.445628	-0.443066	-0.458680	-0.460536	-0.457639
542.0	-0.449857	-0.455231	-0.452721	-0.452812	-0.453059	-0.501052	-0.454408	-0.453412	-0.446914	-0.454109	-0.450869	-0.451563	-0.456644	-0.457285	-0.444869	-0.448845	-0.445430	-0.455625	-0.459859	-0.457583
543.0	-0.450486	-0.460157	-0.454342	-0.454773	-0.455103	-0.502918	-0.455554	-0.456114	-0.450759	-0.453929	-0.451199	-0.449843	-0.456050	-0.453088	-0.446937	-0.453832	-0.451118	-0.454075	-0.457795	-0.455968
544.0	-0.451532	-0.463016	-0.452603	-0.456394	-0.456180	-0.503122	-0.456216	-0.456010	-0.452334	-0.456531	-0.455378	-0.452401	-0.454476	-0.452274	-0.450338	-0.457512	-0.456687	-0.452561	-0.455639	-0.452765
545.0	-0.452656	-0.462867	-0.455306	-0.455158	-0.458527	-0.504488	-0.458140	-0.455399	-0.454245	-0.459801	-0.456101	-0.454606	-0.452159	-0.453166	-0.452149	-0.459076	-0.458112	-0.451812	-0.452129	-0.453151
546.0	-0.455009	-0.463020	-0.454890	-0.454915	-0.458688	-0.502100	-0.458330	-0.457067	-0.456982	-0.460982	-0.455892	-0.456149	-0.450207	-0.457666	-0.455747	-0.459703	-0.459717	-0.452392	-0.453992	-0.453638
547.0	-0.457987	-0.460179	-0.457665	-0.453758	-0.460086	-0.500738	-0.459926	-0.458438	-0.457648	-0.461333	-0.455701	-0.456451	-0.451629	-0.458806	-0.454487	-0.460075	-0.461535	-0.452389	-0.455016	-0.454014
548.0	-0.458060	-0.456918	-0.456719	-0.454170	-0.460286	-0.500479	-0.462104	-0.459024	-0.457770	-0.461705	-0.455572	-0.456320	-0.457687	-0.458430	-0.454890	-0.461064	-0.458924	-0.455125	-0.455466	-0.450852
549.0	-0.455372	-0.456133	-0.456967	-0.453453	-0.460651	-0.500247	-0.462269	-0.455539	-0.460360	-0.463482	-0.456658	-0.458059	-0.460824	-0.460154	-0.457012	-0.462732	-0.458550	-0.455137	-0.456179	-0.451685
550.0	-0.453155	-0.456864	-0.459285	-0.455515	-0.462330	-0.503177	-0.462766	-0.455280	-0.461321	-0.462658	-0.456828	-0.456728	-0.465966	-0.464371	-0.458043	-0.459925	-0.455808	-0.456436	-0.459221	-0.453255
551.0	-0.454118	-0.455873	-0.461683	-0.454451	-0.460933	-0.505113	-0.462352	-0.456390	-0.459438	-0.459759	-0.455456	-0.455489	-0.466397	-0.465934	-0.455856	-0.457415	-0.455069	-0.459381	-0.460775	-0.456518
552.0	-0.455827	-0.462246	-0.464770	-0.455691	-0.458573	-0.510419	-0.462423	-0.459726	-0.460613	-0.458778	-0.454381	-0.455544	-0.464674	-0.466739	-0.455248	-0.459645	-0.455392	-0.460142	-0.460746	-0.456862
553.0	-0.457565	-0.466017	-0.467844	-0.459513	-0.460892	-0.513403	-0.461966	-0.459462	-0.463406	-0.457640	-0.453189	-0.456656	-0.463158	-0.465537	-0.458213	-0.461530	-0.459098	-0.461018	-0.461358	-0.457562
554.0	-0.459460	-0.468159	-0.463916	-0.463070	-0.461165	-0.512770	-0.460002	-0.461891	-0.462932	-0.458748	-0.454992	-0.459520	-0.460064	-0.466470	-0.462227	-0.460423	-0.461380	-0.461895	-0.461263	-0.455757
555.0	-0.461741	-0.467337	-0.461172	-0.461801	-0.459711	-0.512683	-0.460303	-0.461593	-0.464289	-0.457957	-0.456929	-0.461771	-0.456097	-0.464804	-0.464430	-0.460639	-0.461029	-0.461767	-0.459078	-0.456719
556.0	-0.460682	-0.468133	-0.458323	-0.464634	-0.459523	-0.511321	-0.463069	-0.463593	-0.462485	-0.456690	-0.455223	-0.462529	-0.454021	-0.465513	-0.467061	-0.457557	-0.461565	-0.463300	-0.459749	-0.458878
557.0	-0.460799	-0.463262	-0.457373	-0.463680	-0.459783	-0.510956	-0.464756	-0.465231	-0.464143	-0.457810	-0.455617	-0.462761	-0.455166	-0.464577	-0.467002	-0.460466	-0.463171	-0.464327	-0.462495	-0.459422
558.0	-0.457497	-0.459480	-0.456278	-0.463270	-0.459987	-0.511601	-0.465329	-0.463559	-0.464133	-0.460434	-0.456843	-0.465389	-0.458631	-0.462663	-0.466211	-0.460470	-0.463874	-0.464693	-0.463815	-0.458655
559.0	-0.453348	-0.457071	-0.455871	-0.462876	-0.459565	-0.512624	-0.465179	-0.460671	-0.465471	-0.458742	-0.461520	-0.464952	-0.460496	-0.464153	-0.466340	-0.462821	-0.463234	-0.463690	-0.466547	-0.460651
560.0	-0.451203	-0.456645	-0.460061	-0.465798	-0.459673	-0.512190	-0.463500	-0.458815	-0.463236	-0.457372	-0.461599	-0.463453	-0.462498	-0.465463	-0.466091	-0.461934	-0.461058	-0.463164	-0.468817	-0.462904
561.0	-0.452898	-0.456982	-0.461526	-0.464104	-0.456426	-0.511213	-0.463092	-0.461225	-0.460421	-0.459141	-0.461892	-0.460945	-0.463508	-0.466127	-0.464139	-0.463200	-0.460146	-0.462982	-0.469237	-0.464840
562.0	-0.454461	-0.462515	-0.463069	-0.464477	-0.458108	-0.512803	-0.463222	-0.462715	-0.459937	-0.460029	-0.462023	-0.461344	-0.466510	-0.465702	-0.462183	-0.464738	-0.460656	-0.459674	-0.471890	-0.467647
563.0	-0.458488	-0.465204	-0.462401	-0.464740	-0.461027	-0.513010	-0.462633	-0.461853	-0.461536	-0.460586	-0.461726	-0.461479	-0.468752	-0.462907	-0.463175	-0.463936	-0.459564	-0.456121	-0.473274	-0.467937
564.0	-0.461936	-0.465735	-0.458955	-0.462415	-0.460805	-0.512643	-0.461717	-0.463326	-0.463386	-0.460927	-0.462922	-0.460577	-0.467222	-0.459897	-0.465707	-0.461632	-0.459987	-0.454897	-0.470433	-0.465182
565.0	-0.463876	-0.467008	-0.458535	-0.461355	-0.460813	-0.509856	-0.460287	-0.464638	-0.464431	-0.460636	-0.462792	-0.460388	-0.465494	-0.456854	-0.467927	-0.461076	-0.459834	-0.452531	-0.467918	-0.465048
566.0	-0.463747	-0.467691	-0.457569	-0.461120	-0.461653	-0.508902	-0.459926	-0.465704	-0.464505	-0.462207	-0.460786	-0.457232	-0.465826	-0.456447	-0.468009	-0.460060	-0.460702	-0.451862	-0.465209	-0.462969
567.0	-0.464098	-0.464626	-0.457712	-0.458467	-0.461163	-0.508995	-0.458586	-0.467192	-0.467982	-0.464577	-0.459838	-0.455223	-0.464990	-0.456421	-0.468000	-0.463675	-0.462804	-0.453112	-0.462909	-0.462540
568.0	-0.461793	-0.463352	-0.458763	-0.459516	-0.462065	-0.509588	-0.458798	-0.465188	-0.467125	-0.466328	-0.460349	-0.455835	-0.465507	-0.457516	-0.466800	-0.463442	-0.462427	-0.453446	-0.460553	-0.461130
569.0	-0.458724	-0.462852	-0.463674	-0.461840	-0.459723	-0.508797	-0.460718	-0.464394	-0.469284	-0.462459	-0.460769	-0.457594	-0.464675	-0.459504	-0.465968	-0.464045	-0.459681	-0.454930	-0.459806	-0.459327
570.0	-0.456624	-0.463703	-0.466422	-0.463058	-0.460039	-0.505550	-0.460553	-0.461406	-0.468447	-0.462557	-0.459243	-0.460813	-0.461437	-0.460691	-0.464307	-0.464568	-0.454832	-0.458519	-0.459033	-0.457720
571.0	-0.455475	-0.463697	-0.464934	-0.462224	-0.458859	-0.504590	-0.460178	-0.462921	-0.468524	-0.461656	-0.460419	-0.462686	-0.460634	-0.463288	-0.462886	-0.464442	-0.451669	-0.458976	-0.460515	-0.456138
572.0	-0.454972	-0.465558	-0.464028	-0.464162	-0.461361	-0.503895	-0.459870	-0.462415	-0.467975	-0.458028	-0.461053	-0.465720	-0.460278	-0.459629	-0.462114	-0.462319	-0.451266	-0.460138	-0.460472	-0.456297
573.0	-0.456448	-0.464364	-0.462582	-0.464370	-0.461297	-0.503514	-0.460639	-0.461012	-0.469574	-0.456015	-0.460641	-0.466627	-0.462147	-0.456487	-0.463772	-0.460644	-0.449500	-0.462363	-0.460091	-0.453100
574.0	-0.457406	-0.463808	-0.460176	-0.463647	-0.460686	-0.504019	-0.461117	-0.460107	-0.468344	-0.453379	-0.461205	-0.465829	-0.460017	-0.452615	-0.465437	-0.457532	-0.450813	-0.461970	-0.460182	-0.449462
575.0	-0.457758	-0.462974	-0.459154	-0.463778	-0.458905	-0.503022	-0.458854	-0.461501	-0.464230	-0.453003	-0.460758	-0.465264	-0.460028	-0.450623	-0.465554	-0.457419	-0.449490	-0.458459	-0.457471	-0.449693
576.0	-0.458281	-0.461765	-0.459083	-0.460722	-0.456243	-0.503297	-0.457831	-0.459576	-0.462322	-0.454111	-0.460528	-0.462403	-0.458715	-0.449836	-0.465358	-0.456083	-0.451074	-0.455712	-0.456327	-0.449601
577.0	-0.458517	-0.458258	-0.460367	-0.456533	-0.453809	-0.504954	-0.458970	-0.459124	-0.458713	-0.456400	-0.459827	-0.458707	-0.456736	-0.450843	-0.464606	-0.458009	-0.455321	-0.455269	-0.454008	-0.452356
578.0	-0.457867	-0.455230	-0.461447	-0.455246	-0.452176	-0.502871	-0.460139	-0.456804	-0.457696	-0.455889	-0.461902	-0.456409	-0.457468	-0.454982	-0.461551	-0.456371	-0.457834	-0.452671	-0.455105	-0.453260
579.0	-0.455363	-0.453347	-0.462915	-0.455299	-0.453375	-0.497912	-0.460147	-0.455034	-0.457056	-0.455088	-0.460807	-0.454372	-0.457468	-0.455002	-0.458572	-0.454277	-0.458497	-0.451648	-0.456280	-0.453837
580.0	-0.451082	-0.451491	-0.462446	-0.454747	-0.454332	-0.495470	-0.458531	-0.452916	-0.456371	-0.455967	-0.462247	-0.453912	-0.452261	-0.456287	-0.453956	-0.455675	-0.458890	-0.452838	-0.456411	-0.453630
581.0	-0.450282	-0.451439	-0.459764	-0.454635	-0.452963	-0.493672	-0.456101	-0.451049	-0.454843	-0.454731	-0.463351	-0.451122	-0.451115	-0.458131	-0.450337	-0.453922	-0.457264	-0.451476	-0.454097	-0.453928
582.0	-0.449608	-0.450939	-0.456350	-0.455879	-0.453802	-0.492492	-0.457263	-0.450057	-0.453105	-0.451831	-0.465252	-0.449787	-0.450117	-0.457650	-0.448359	-0.449685	-0.458368	-0.453903	-0.449999	-0.454073
583.0	-0.448785	-0.449793	-0.452792	-0.455810	-0.450196	-0.494370	-0.457885	-0.449033	-0.453265	-0.449007	-0.463566	-0.448835	-0.449298	-0.456738	-0.448798	-0.449341	-0.458865	-0.455804	-0.447417	-0.450326
584.0	-0.450898	-0.452563	-0.448069	-0.456896	-0.448099	-0.494380	-0.457709	-0.448848	-0.449661	-0.446523	-0.461185	-0.447487	-0.448524	-0.456100	-0.447412	-0.450300	-0.456332	-0.454592	-0.447730	-0.446223
585.0	-0.450939	-0.453258	-0.447294	-0.456213	-0.447975	-0.494889	-0.455624	-0.451159	-0.447402	-0.446529	-0.458875	-0.449762	-0.450460	-0.456254	-0.447557	-0.451242	-0.451769	-0.451108	-0.446083	-0.446969
586.0	-0.448822	-0.455094	-0.447906	-0.455020	-0.446299	-0.495398	-0.456718	-0.453471	-0.445597	-0.447249	-0.457974	-0.452414	-0.453534	-0.456820	-0.450123	-0.452177	-0.449616	-0.451194	-0.448954	-0.448138
587.0	-0.445139	-0.452368	-0.447036	-0.452734	-0.444132	-0.496119	-0.458581	-0.454898	-0.443878	-0.450116	-0.455985	-0.453739	-0.456139	-0.459361	-0.453726	-0.451867	-0.449267	-0.451082	-0.450129	-0.447000
588.0	-0.444405	-0.451086	-0.451176	-0.452638	-0.445287	-0.494367	-0.457497	-0.454476	-0.444529	-0.448966	-0.457656	-0.454566	-0.455206	-0.459087	-0.457528	-0.450819	-0.449343	-0.447969	-0.451487	-0.448712
589.0	-0.443451	-0.449849	-0.454376	-0.454045	-0.449624	-0.493739	-0.456194	-0.455834	-0.443554	-0.451306	-0.456429	-0.454855	-0.453879	-0.455873	-0.456762	-0.451277	-0.445722	-0.446619	-0.453310	-0.450989
590.0	-0.443080	-0.449258	-0.455384	-0.454170	-0.449827	-0.491913	-0.454004	-0.455557	-0.446663	-0.451052	-0.455807	-0.455655	-0.450023	-0.453948	-0.456525	-0.453119	-0.442870	-0.447112	-0.453978	-0.454418
591.0	-0.444738	-0.447963	-0.452186	-0.453934	-0.448348	-0.489705	-0.450646	-0.455748	-0.446391	-0.452822	-0.455883	-0.455022	-0.449356	-0.452838	-0.455656	-0.451631	-0.440614	-0.445372	-0.451507	-0.459003
592.0	-0.444043	-0.446722	-0.450504	-0.453699	-0.450300	-0.487238	-0.448382	-0.457829	-0.445528	-0.452669	-0.457442	-0.452143	-0.449170	-0.454567	-0.454590	-0.450974	-0.440505	-0.446535	-0.449770	-0.460059
593.0	-0.443307	-0.446967	-0.450116	-0.452135	-0.447959	-0.486347	-0.445375	-0.456237	-0.448024	-0.449700	-0.453451	-0.450182	-0.447979	-0.451109	-0.452723	-0.452550	-0.441923	-0.446782	-0.448060	-0.456200
594.0	-0.445320	-0.447321	-0.448989	-0.449409	-0.451845	-0.483844	-0.443991	-0.457251	-0.449513	-0.447058	-0.449185	-0.449009	-0.449355	-0.450961	-0.451289	-0.451078	-0.442674	-0.444980	-0.448579	-0.450882
595.0	-0.445023	-0.447870	-0.449678	-0.447634	-0.453598	-0.482930	-0.442985	-0.458428	-0.449830	-0.445262	-0.449901	-0.450722	-0.452815	-0.453875	-0.450591	-0.449358	-0.445084	-0.445930	-0.448472	-0.448460
596.0	-0.443355	-0.450089	-0.451342	-0.446777	-0.450531	-0.483829	-0.443312	-0.461704	-0.450822	-0.445236	-0.446390	-0.451542	-0.455525	-0.455847	-0.451586	-0.449240	-0.448105	-0.448531	-0.449610	-0.445457
597.0	-0.442174	-0.451187	-0.452660	-0.445037	-0.450400	-0.486527	-0.444689	-0.458513	-0.453394	-0.445368	-0.444374	-0.452656	-0.456182	-0.457289	-0.453512	-0.447144	-0.450228	-0.451600	-0.447753	-0.444468
598.0	-0.443429	-0.452869	-0.456730	-0.442862	-0.452716	-0.492309	-0.444800	-0.454101	-0.454651	-0.443474	-0.444352	-0.455059	-0.451673	-0.456491	-0.455067	-0.449905	-0.451792	-0.455414	-0.447373	-0.445102
599.0	-0.446196	-0.454632	-0.459539	-0.442519	-0.452361	-0.495175	-0.445809	-0.449110	-0.456669	-0.445926	-0.445609	-0.455136	-0.447117	-0.456886	-0.453108	-0.451857	-0.453117	-0.455857	-0.447900	-0.445789
600.0	-0.447950	-0.455386	-0.460541	-0.443400	-0.451367	-0.496218	-0.447549	-0.445843	-0.456965	-0.447278	-0.446951	-0.455612	-0.446045	-0.458177	-0.452828	-0.453616	-0.453726	-0.454720	-0.448098	-0.448654
601.0	-0.449566	-0.454064	-0.459358	-0.444075	-0.451380	-0.494650	-0.449361	-0.444952	-0.455222	-0.452075	-0.451086	-0.457576	-0.447203	-0.457052	-0.451646	-0.453697	-0.453416	-0.452512	-0.450204	-0.453439
602.0	-0.447574	-0.455747	-0.458741	-0.446447	-0.452125	-0.493271	-0.452432	-0.444862	-0.453255	-0.453513	-0.456088	-0.454843	-0.447676	-0.455981	-0.449486	-0.457050	-0.451445	-0.451554	-0.452220	-0.456524
603.0	-0.445226	-0.454086	-0.457683	-0.448078	-0.450716	-0.491009	-0.453070	-0.445894	-0.454130	-0.455114	-0.454865	-0.452079	-0.447850	-0.452920	-0.447666	-0.457546	-0.451714	-0.449713	-0.454579	-0.458582
604.0	-0.443465	-0.452916	-0.457083	-0.449440	-0.452846	-0.490053	-0.453417	-0.449430	-0.452702	-0.451516	-0.455469	-0.450736	-0.450780	-0.452256	-0.448183	-0.454153	-0.452299	-0.447645	-0.455334	-0.458262
605.0	-0.442714	-0.453940	-0.455284	-0.453051	-0.450898	-0.488206	-0.454318	-0.451780	-0.449576	-0.450260	-0.457463	-0.451400	-0.453461	-0.452815	-0.449128	-0.455400	-0.453158	-0.448696	-0.457426	-0.458144
606.0	-0.442057	-0.457047	-0.454541	-0.454529	-0.450298	-0.488807	-0.454558	-0.455717	-0.449683	-0.451096	-0.453207	-0.451537	-0.454457	-0.451067	-0.450950	-0.456103	-0.453680	-0.449538	-0.459649	-0.456896
607.0	-0.442746	-0.458504	-0.452446	-0.455521	-0.453280	-0.490721	-0.454470	-0.454633	-0.449338	-0.450553	-0.454089	-0.454392	-0.454592	-0.454034	-0.454132	-0.455517	-0.453349	-0.455000	-0.460201	-0.457538
608.0	-0.445977	-0.460497	-0.450794	-0.456298	-0.456112	-0.494981	-0.452026	-0.453205	-0.449104	-0.450908	-0.452810	-0.455049	-0.451874	-0.454070	-0.456448	-0.456173	-0.453059	-0.459235	-0.459894	-0.456436
609.0	-0.448760	-0.462181	-0.452851	-0.456630	-0.457175	-0.498163	-0.450387	-0.452256	-0.450561	-0.452244	-0.454550	-0.456723	-0.449420	-0.451672	-0.454985	-0.453543	-0.454075	-0.457002	-0.456624	-0.452675
610.0	-0.451990	-0.460999	-0.456273	-0.456690	-0.460594	-0.501895	-0.452340	-0.453861	-0.450851	-0.454276	-0.455719	-0.459559	-0.450678	-0.452493	-0.455927	-0.453371	-0.454169	-0.455908	-0.456951	-0.450506
611.0	-0.452930	-0.460862	-0.456851	-0.455637	-0.464249	-0.501683	-0.455007	-0.453787	-0.453899	-0.456762	-0.458594	-0.464135	-0.450667	-0.449472	-0.455290	-0.451711	-0.454369	-0.454374	-0.457176	-0.449279
612.0	-0.450390	-0.459118	-0.459104	-0.456329	-0.462732	-0.500225	-0.457352	-0.452303	-0.458808	-0.457930	-0.459714	-0.464371	-0.450153	-0.447355	-0.453291	-0.450732	-0.455641	-0.452440	-0.453137	-0.448153
613.0	-0.450867	-0.453280	-0.460844	-0.456323	-0.459928	-0.497388	-0.457556	-0.453185	-0.462029	-0.458759	-0.458053	-0.461406	-0.449999	-0.448644	-0.451566	-0.450713	-0.458853	-0.451672	-0.452354	-0.447986
614.0	-0.449326	-0.450758	-0.461099	-0.457669	-0.458696	-0.494903	-0.455907	-0.453235	-0.463305	-0.454023	-0.457647	-0.460802	-0.450580	-0.450011	-0.453220	-0.451168	-0.458780	-0.451974	-0.452300	-0.446316
615.0	-0.447275	-0.452263	-0.458320	-0.458311	-0.453684	-0.492445	-0.456408	-0.454273	-0.463351	-0.457160	-0.457904	-0.459858	-0.449701	-0.452558	-0.456632	-0.452894	-0.458875	-0.452023	-0.455173	-0.445728
616.0	-0.447657	-0.455741	-0.457223	-0.458873	-0.450780	-0.490445	-0.453696	-0.455259	-0.462952	-0.458003	-0.454592	-0.457518	-0.449717	-0.453855	-0.457669	-0.455778	-0.458663	-0.455294	-0.458449	-0.445755
617.0	-0.448692	-0.457733	-0.455683	-0.460971	-0.449207	-0.491193	-0.452115	-0.455827	-0.462212	-0.457722	-0.454051	-0.457105	-0.449867	-0.460690	-0.459887	-0.455334	-0.458546	-0.458525	-0.460608	-0.448101
618.0	-0.450485	-0.458380	-0.454771	-0.463031	-0.448295	-0.491958	-0.449424	-0.456228	-0.457059	-0.456941	-0.453208	-0.453808	-0.451757	-0.460598	-0.459677	-0.456759	-0.457144	-0.461194	-0.460350	-0.451557
619.0	-0.451657	-0.459970	-0.451816	-0.463804	-0.448948	-0.494089	-0.448658	-0.457096	-0.451946	-0.455426	-0.454568	-0.455868	-0.453702	-0.458572	-0.456811	-0.458307	-0.456567	-0.461795	-0.459477	-0.452605
620.0	-0.452885	-0.459419	-0.452245	-0.462923	-0.452037	-0.496691	-0.451490	-0.457593	-0.447555	-0.455924	-0.455853	-0.454214	-0.456761	-0.457027	-0.457553	-0.459844	-0.457824	-0.462791	-0.458530	-0.453696
621.0	-0.451768	-0.459490	-0.451408	-0.458896	-0.455763	-0.500858	-0.453717	-0.458836	-0.444714	-0.454899	-0.455910	-0.453043	-0.460236	-0.453219	-0.456351	-0.458864	-0.457475	-0.462332	-0.452996	-0.455342
622.0	-0.452086	-0.455251	-0.454265	-0.455290	-0.455650	-0.502119	-0.453930	-0.458459	-0.443261	-0.454145	-0.450860	-0.453991	-0.465572	-0.451734	-0.452928	-0.457628	-0.456879	-0.459884	-0.446741	-0.455427
623.0	-0.451591	-0.450085	-0.455771	-0.451986	-0.455257	-0.501265	-0.454690	-0.457571	-0.442472	-0.452480	-0.449276	-0.454773	-0.464876	-0.451289	-0.449114	-0.457352	-0.455737	-0.457929	-0.446858	-0.455850
624.0	-0.450918	-0.445790	-0.456339	-0.449286	-0.453903	-0.497735	-0.452110	-0.454402	-0.439052	-0.450417	-0.449067	-0.455508	-0.461471	-0.450902	-0.446986	-0.457330	-0.452232	-0.457194	-0.446449	-0.453887
625.0	-0.446832	-0.445011	-0.454939	-0.446297	-0.448944	-0.495565	-0.450758	-0.452643	-0.436082	-0.452578	-0.447481	-0.455410	-0.454951	-0.447660	-0.448340	-0.458084	-0.450608	-0.454883	-0.447812	-0.453013
626.0	-0.444117	-0.444891	-0.454140	-0.443967	-0.449155	-0.492559	-0.448062	-0.449664	-0.435326	-0.448254	-0.444338	-0.453200	-0.448674	-0.443966	-0.447038	-0.458714	-0.447420	-0.451649	-0.450168	-0.450680
627.0	-0.438583	-0.445472	-0.454060	-0.439996	-0.447807	-0.487348	-0.446615	-0.445629	-0.434865	-0.444736	-0.443914	-0.452561	-0.441572	-0.444950	-0.447715	-0.455987	-0.442934	-0.447380	-0.450812	-0.448910
628.0	-0.434235	-0.443490	-0.453860	-0.438557	-0.444428	-0.480054	-0.443398	-0.442443	-0.431791	-0.446332	-0.441611	-0.449958	-0.436672	-0.443183	-0.446329	-0.451742	-0.436389	-0.447386	-0.447798	-0.444173
629.0	-0.433122	-0.441583	-0.445373	-0.437443	-0.442683	-0.472757	-0.441440	-0.438594	-0.430579	-0.443435	-0.439238	-0.447959	-0.432824	-0.440073	-0.444800	-0.447738	-0.434355	-0.441560	-0.441656	-0.441428
630.0	-0.429947	-0.437955	-0.442295	-0.434577	-0.440987	-0.469163	-0.438868	-0.437486	-0.431007	-0.441041	-0.434952	-0.441731	-0.429404	-0.436340	-0.441297	-0.442133	-0.431593	-0.439099	-0.437647	-0.438495
631.0	-0.429276	-0.432756	-0.436944	-0.432052	-0.438945	-0.467123	-0.434321	-0.434394	-0.429502	-0.436075	-0.431583	-0.434279	-0.427417	-0.435224	-0.436436	-0.437910	-0.428780	-0.433969	-0.430089	-0.436725
632.0	-0.429306	-0.427563	-0.430649	-0.430963	-0.432689	-0.458898	-0.427452	-0.431054	-0.428699	-0.428928	-0.425786	-0.430982	-0.426120	-0.433889	-0.429717	-0.429239	-0.423583	-0.428795	-0.422517	-0.434012
633.0	-0.425448	-0.423155	-0.424924	-0.428666	-0.427686	-0.452945	-0.422411	-0.426302	-0.425967	-0.422480	-0.423575	-0.425742	-0.421699	-0.427940	-0.422085	-0.419768	-0.417779	-0.424413	-0.416354	-0.427445
634.0	-0.421599	-0.415148	-0.419086	-0.424135	-0.417872	-0.447424	-0.416193	-0.419944	-0.418333	-0.416727	-0.418755	-0.422102	-0.415591	-0.420472	-0.411790	-0.413906	-0.419294	-0.419113	-0.409717	-0.420679
635.0	-0.418051	-0.409088	-0.407605	-0.418168	-0.407142	-0.442745	-0.406723	-0.414334	-0.410077	-0.409097	-0.410415	-0.416536	-0.409230	-0.406561	-0.404496	-0.409035	-0.414832	-0.408955	-0.406265	-0.416939
636.0	-0.409612	-0.398387	-0.394265	-0.410491	-0.399580	-0.433030	-0.398977	-0.405761	-0.401097	-0.401130	-0.401721	-0.403900	-0.401955	-0.394169	-0.398579	-0.402468	-0.408393	-0.400416	-0.401098	-0.410390
637.0	-0.400257	-0.390910	-0.386240	-0.397734	-0.389067	-0.420188	-0.390270	-0.394741	-0.392264	-0.394220	-0.395382	-0.394647	-0.390367	-0.383334	-0.393158	-0.394905	-0.398752	-0.390582	-0.393012	-0.396632
638.0	-0.388107	-0.380048	-0.377972	-0.387965	-0.377641	-0.411683	-0.381035	-0.382389	-0.387302	-0.387395	-0.385365	-0.384760	-0.381014	-0.372833	-0.384828	-0.385254	-0.385497	-0.377594	-0.380939	-0.380627
639.0	-0.374104	-0.364479	-0.361020	-0.373966	-0.363444	-0.400859	-0.367830	-0.366861	-0.375995	-0.373087	-0.374628	-0.371269	-0.368678	-0.360102	-0.376293	-0.375861	-0.372848	-0.359089	-0.369130	-0.366432
640.0	-0.360518	-0.342741	-0.346696	-0.361081	-0.348532	-0.385228	-0.354655	-0.350503	-0.361639	-0.353397	-0.359410	-0.353082	-0.351947	-0.347120	-0.365574	-0.361401	-0.355498	-0.348001	-0.356697	-0.353382
641.0	-0.343944	-0.319433	-0.329100	-0.340979	-0.332910	-0.365113	-0.331776	-0.325051	-0.343154	-0.332792	-0.340731	-0.331185	-0.333802	-0.329451	-0.350512	-0.343497	-0.340231	-0.327668	-0.335098	-0.339290
642.0	-0.319143	-0.295241	-0.303750	-0.314733	-0.311793	-0.338676	-0.306489	-0.304594	-0.317149	-0.308317	-0.315088	-0.308642	-0.306730	-0.312244	-0.327649	-0.321385	-0.313071	-0.305612	-0.313290	-0.317899
643.0	-0.287596	-0.272379	-0.282780	-0.286698	-0.292315	-0.311336	-0.281098	-0.275335	-0.284910	-0.277001	-0.286367	-0.280290	-0.281701	-0.290280	-0.297878	-0.296623	-0.288549	-0.278988	-0.286098	-0.289601
644.0	-0.251691	-0.240134	-0.252808	-0.247075	-0.259986	-0.273919	-0.242226	-0.244082	-0.245880	-0.246478	-0.249267	-0.242961	-0.247745	-0.266635	-0.259545	-0.266821	-0.257264	-0.244924	-0.255274	-0.254024
645.0	-0.207642	-0.201366	-0.210733	-0.198925	-0.221379	-0.222407	-0.200527	-0.203190	-0.197623	-0.205165	-0.205671	-0.195630	-0.207259	-0.225575	-0.215104	-0.218754	-0.208480	-0.206168	-0.215137	-0.210521
646.0	-0.159298	-0.149013	-0.155083	-0.154117	-0.174142	-0.158714	-0.153735	-0.153413	-0.140627	-0.155222	-0.154582	-0.141064	-0.157609	-0.173944	-0.165959	-0.156060	-0.153300	-0.160130	-0.169325	-0.159422
647.0	-0.102625	-0.092638	-0.100939	-0.092256	-0.122017	-0.095016	-0.088507	-0.098380	-0.081467	-0.095316	-0.097563	-0.081806	-0.099601	-0.112345	-0.100298	-0.085031	-0.088067	-0.089466	-0.107029	-0.090713
648.0	-0.032881	-0.016421	-0.025610	-0.024022	-0.051612	-0.030613	-0.009263	-0.036904	-0.013275	-0.025440	-0.020869	-0.009597	-0.030151	-0.046721	-0.031928	-0.016359	-0.015924	-0.013959	-0.030040	-0.012393
649.0	0.049174	0.073397	0.061668	0.051141	0.034333	0.043433	0.074056	0.047281	0.067971	0.051692	0.062339	0.069998	0.050230	0.043951	0.051172	0.071865	0.068390	0.074267	0.060468	0.073983
650.0	0.143009	0.169140	0.161046	0.146619	0.128098	0.127852	0.171310	0.141206	0.163293	0.144975	0.159705	0.161328	0.146267	0.145658	0.146455	0.173576	0.160697	0.175113	0.167922	0.159987
651.0	0.246859	0.274890	0.268740	0.268194	0.240679	0.213445	0.284387	0.251116	0.273088	0.246053	0.273329	0.262137	0.258283	0.270705	0.256618	0.280889	0.251930	0.294600	0.279202	0.254207
652.0	0.360508	0.395710	0.390098	0.386894	0.363430	0.300952	0.398463	0.370195	0.390732	0.363168	0.397527	0.370341	0.386067	0.398713	0.390746	0.395518	0.373446	0.410503	0.404990	0.368191
653.0	0.487038	0.524777	0.518313	0.518960	0.499738	0.392861	0.522276	0.518506	0.510276	0.492362	0.523143	0.495269	0.516425	0.536640	0.532473	0.509625	0.501694	0.538574	0.538049	0.489662
654.0	0.644021	0.664770	0.666259	0.676122	0.647944	0.484771	0.653204	0.667325	0.646480	0.631174	0.665754	0.645558	0.655093	0.667585	0.661896	0.640290	0.637183	0.684468	0.677130	0.631049
655.0	0.801226	0.813615	0.819127	0.823241	0.796830	0.581808	0.791532	0.826414	0.793310	0.775048	0.805532	0.800282	0.806392	0.817587	0.802496	0.801033	0.780610	0.835496	0.823274	0.796226
656.0	0.947803	0.965962	0.974928	0.965671	0.958087	0.672874	0.934245	0.974061	0.933738	0.936415	0.956003	0.961411	0.963013	0.967449	0.961667	0.961654	0.938985	0.985332	0.959523	0.960101
657.0	1.098971	1.118749	1.122151	1.123971	1.126249	0.756232	1.108485	1.136462	1.086463	1.102404	1.115552	1.118566	1.114775	1.106630	1.125704	1.123317	1.105691	1.142182	1.101247	1.132182
658.0	1.253478	1.282467	1.276388	1.264069	1.300976	0.846341	1.289185	1.285094	1.252240	1.269066	1.287889	1.305557	1.284185	1.253703	1.286735	1.275507	1.271443	1.284470	1.259096	1.307048
659.0	1.420888	1.452351	1.433812	1.407771	1.476595	0.944883	1.468293	1.452766	1.414398	1.449159	1.446542	1.478544	1.429187	1.413626	1.440866	1.423252	1.430015	1.435077	1.431044	1.484339
660.0	1.608662	1.634567	1.611216	1.575121	1.658691	1.039486	1.643593	1.617905	1.600239	1.626354	1.623855	1.647698	1.594977	1.588090	1.625136	1.593121	1.604632	1.613072	1.601977	1.650008
661.0	1.784776	1.816452	1.776608	1.758285	1.823334	1.138227	1.828762	1.808079	1.794238	1.813877	1.820758	1.813718	1.790341	1.751978	1.825803	1.775254	1.788014	1.789903	1.772993	1.823929
662.0	1.965781	2.007503	1.968545	1.934293	2.008072	1.255539	2.016159	2.011498	1.993240	2.005726	2.024552	1.985344	1.980156	1.946629	2.042369	1.969750	1.994746	1.984205	1.952129	1.999466
663.0	2.168402	2.207943	2.171243	2.141615	2.211729	1.364993	2.212301	2.217917	2.193878	2.194980	2.225402	2.161458	2.182030	2.167941	2.257059	2.169834	2.202130	2.178921	2.153843	2.176472
664.0	2.394813	2.418981	2.389974	2.368698	2.390593	1.488902	2.403851	2.418789	2.415422	2.396110	2.432918	2.359809	2.384384	2.377292	2.431698	2.394084	2.388195	2.387465	2.382593	2.382243
665.0	2.597875	2.635742	2.615505	2.601744	2.597704	1.619512	2.585645	2.629587	2.643369	2.611772	2.650680	2.570319	2.608460	2.598594	2.620925	2.638265	2.587552	2.593291	2.603417	2.606163
666.0	2.803453	2.846927	2.825549	2.847715	2.819458	1.773730	2.793768	2.814970	2.847503	2.826827	2.877576	2.783782	2.832199	2.826024	2.832094	2.869998	2.798466	2.798046	2.814155	2.807111
667.0	3.011776	3.037085	3.027271	3.083839	3.039698	1.960646	3.010938	3.015064	3.069077	3.036957	3.095219	2.984874	3.034733	3.047523	3.040073	3.081213	3.012286	3.001607	3.042381	3.019158
668.0	3.231129	3.240195	3.247314	3.287458	3.251414	2.189012	3.213380	3.185328	3.276604	3.233485	3.314169	3.210314	3.243688	3.257021	3.239549	3.287393	3.217116	3.214654	3.263068	3.227053
669.0	3.436687	3.427517	3.448474	3.471589	3.459977	2.451288	3.415338	3.363601	3.452103	3.435561	3.481986	3.411248	3.433960	3.443726	3.419481	3.464288	3.403771	3.406091	3.483069	3.439091
670.0	3.640764	3.606315	3.630516	3.641084	3.650919	2.717643	3.591566	3.558766	3.615654	3.615491	3.649854	3.596392	3.618671	3.614845	3.604995	3.627120	3.580185	3.611177	3.664774	3.624103
671.0	3.778301	3.736776	3.760572	3.790522	3.781642	3.009147	3.758010	3.744826	3.754619	3.755718	3.768057	3.762594	3.772552	3.745099	3.765633	3.768302	3.730430	3.769902	3.806825	3.781113
672.0	3.902471	3.842175	3.882085	3.893729	3.907822	3.289791	3.884135	3.879341	3.876814	3.886417	3.844389	3.893248	3.897520	3.875803	3.898193	3.874361	3.866524	3.910671	3.907292	3.905676
673.0	3.970475	3.898146	3.944944	3.955251	3.981075	3.512860	3.962417	3.977034	3.941828	3.957393	3.881125	3.974697	3.968304	3.949835	3.970083	3.951902	3.965369	3.979407	3.966053	3.970205
674.0	3.999596	3.912634	3.970954	3.963070	4.001843	3.709037	3.974046	4.018365	3.979194	3.981519	3.901406	4.003353	3.982210	3.952535	3.981882	3.994610	3.991855	3.993689	3.986613	4.001159
675.0	3.956719	3.889472	3.937852	3.925700	3.960431	3.851089	3.930930	4.019100	3.957006	3.969162	3.868844	3.967809	3.938615	3.917522	3.942704	3.966187	3.988165	3.942303	3.919460	3.969660
676.0	3.870473	3.824816	3.836963	3.848137	3.855652	3.949889	3.853308	3.906665	3.867275	3.874269	3.807539	3.874857	3.845026	3.839366	3.835587	3.860537	3.919469	3.855222	3.830051	3.861839
677.0	3.731551	3.709056	3.703133	3.709599	3.681784	3.983936	3.719034	3.740796	3.714090	3.744017	3.690212	3.709892	3.699999	3.706599	3.686964	3.693429	3.792355	3.726726	3.701143	3.720477
678.0	3.553781	3.547829	3.539478	3.524192	3.481164	3.957077	3.534998	3.527007	3.516924	3.546511	3.530884	3.526293	3.520105	3.516140	3.484932	3.504398	3.604185	3.559582	3.502927	3.521753
679.0	3.335149	3.334942	3.325676	3.291723	3.251075	3.878906	3.320518	3.278666	3.267672	3.315067	3.323172	3.306531	3.310887	3.296011	3.263880	3.266665	3.359140	3.315616	3.293608	3.298749
680.0	3.087017	3.098984	3.069895	3.044345	3.003438	3.752189	3.072906	3.021117	3.000736	3.044570	3.083004	3.060435	3.054698	3.059264	3.003305	2.991427	3.063566	3.066048	3.044375	3.025823
681.0	2.798202	2.823493	2.787185	2.783096	2.732790	3.586201	2.808245	2.740060	2.739893	2.749871	2.782905	2.794702	2.783898	2.815931	2.741618	2.722664	2.746725	2.788762	2.772623	2.733801
682.0	2.516715	2.548189	2.499191	2.503382	2.462502	3.378542	2.527000	2.452384	2.478693	2.476031	2.477408	2.509723	2.520408	2.547367	2.484262	2.455076	2.450178	2.507811	2.494104	2.448421
683.0	2.219413	2.243588	2.217115	2.220666	2.196230	3.131760	2.230774	2.200746	2.212158	2.183182	2.187772	2.227335	2.230157	2.268909	2.220185	2.206213	2.169893	2.219305	2.206592	2.158989
684.0	1.948979	1.963037	1.950036	1.944184	1.959084	2.884570	1.946596	1.955724	1.972850	1.912505	1.932882	1.951657	1.958581	1.997846	1.980919	1.963246	1.907969	1.939828	1.939352	1.901740
685.0	1.689864	1.711422	1.708557	1.690357	1.703079	2.623522	1.701744	1.735597	1.749312	1.669368	1.671387	1.696991	1.694246	1.753133	1.742473	1.721154	1.680617	1.679723	1.678912	1.670518
686.0	1.457731	1.494891	1.492959	1.476821	1.487535	2.366531	1.467547	1.503988	1.536843	1.452092	1.468867	1.480179	1.472975	1.519986	1.507195	1.489183	1.471917	1.463991	1.476265	1.464330
687.0	1.240829	1.299366	1.297652	1.279260	1.281217	2.104497	1.269271	1.307484	1.321703	1.284865	1.273579	1.285762	1.285320	1.309877	1.301132	1.289585	1.287625	1.271335	1.281750	1.288252
688.0	1.065335	1.111703	1.125466	1.108418	1.116448	1.849038	1.092602	1.131699	1.133995	1.122872	1.106166	1.119762	1.107857	1.125341	1.108753	1.115771	1.122784	1.099442	1.110735	1.133720
689.0	0.921298	0.957699	0.975947	0.959081	0.961780	1.616671	0.946337	0.965013	0.961671	0.988176	0.976718	0.978069	0.954979	0.974669	0.953588	0.968614	0.974879	0.936483	0.967780	0.993958
690.0	0.794155	0.826134	0.833845	0.825508	0.838807	1.403488	0.822830	0.817648	0.819317	0.851349	0.843701	0.853834	0.820253	0.852271	0.809082	0.837969	0.837745	0.803204	0.845112	0.857920
691.0	0.690474	0.706808	0.701497	0.708406	0.721604	1.219377	0.714876	0.691649	0.694574	0.739674	0.727124	0.738101	0.715540	0.732563	0.696389	0.726981	0.713729	0.696095	0.732268	0.742016
692.0	0.588122	0.607330	0.585726	0.610181	0.613114	1.073294	0.615950	0.581634	0.584411	0.638165	0.612902	0.632267	0.613138	0.620968	0.594193	0.629750	0.611210	0.603821	0.630134	0.642137
693.0	0.502252	0.506555	0.499309	0.526438	0.519439	0.941498	0.516715	0.502298	0.500992	0.545343	0.513947	0.540581	0.524345	0.532000	0.505759	0.547222	0.531937	0.524109	0.541259	0.556108
694.0	0.433764	0.432296	0.418793	0.458224	0.445831	0.843145	0.438841	0.434121	0.430473	0.460130	0.442667	0.464708	0.454822	0.449575	0.436977	0.467890	0.454516	0.459554	0.457906	0.476847
695.0	0.376091	0.368328	0.369577	0.396514	0.386773	0.754251	0.375801	0.375240	0.381366	0.386487	0.370039	0.400694	0.391789	0.383435	0.382298	0.408453	0.390734	0.392499	0.384605	0.412621
696.0	0.329523	0.322502	0.318288	0.344464	0.344915	0.689563	0.314595	0.323919	0.337896	0.326562	0.322805	0.344685	0.342042	0.320571	0.336429	0.344402	0.336516	0.339482	0.328406	0.352704
697.0	0.281578	0.284496	0.271814	0.304488	0.301795	0.635242	0.263488	0.282634	0.290927	0.284345	0.280133	0.293120	0.304438	0.274402	0.291875	0.292387	0.291774	0.294276	0.280778	0.296486
698.0	0.250466	0.251909	0.237808	0.271414	0.270495	0.590308	0.236611	0.248208	0.254027	0.245329	0.247751	0.237243	0.269078	0.241090	0.259248	0.250034	0.251508	0.258740	0.249774	0.251451
699.0	0.219149	0.225338	0.210785	0.244491	0.240467	0.549793	0.218676	0.223866	0.227307	0.216060	0.225443	0.203855	0.242430	0.218418	0.230501	0.217221	0.224643	0.221849	0.223037	0.206666
700.0	0.200334	0.206719	0.201279	0.204855	0.214431	0.513112	0.205920	0.200529	0.204090	0.183426	0.208532	0.178932	0.214600	0.196870	0.209330	0.193981	0.200615	0.187177	0.210768	0.184061
701.0	0.184360	0.188402	0.180780	0.181163	0.186863	0.485632	0.193010	0.175093	0.178162	0.166543	0.195189	0.161774	0.199451	0.171410	0.195870	0.168871	0.187689	0.164735	0.192119	0.167474
702.0	0.158891	0.165042	0.165901	0.161684	0.167786	0.456914	0.178902	0.156606	0.164965	0.156590	0.171304	0.146758	0.173283	0.163874	0.174202	0.147122	0.171056	0.153807	0.172582	0.155544
703.0	0.143498	0.144668	0.156933	0.145602	0.148491	0.428441	0.163549	0.143625	0.153864	0.140243	0.152666	0.133202	0.149427	0.156124	0.156902	0.131367	0.160977	0.143225	0.156514	0.147203
704.0	0.131738	0.123290	0.140143	0.134934	0.130059	0.405306	0.153197	0.134688	0.138345	0.131313	0.138773	0.130586	0.131797	0.141881	0.148797	0.118901	0.143453	0.130858	0.142329	0.130126
705.0	0.119841	0.109752	0.132284	0.117660	0.115917	0.377911	0.139271	0.126238	0.127880	0.121176	0.117139	0.123103	0.110671	0.133552	0.134683	0.111964	0.133054	0.113625	0.125692	0.119088
706.0	0.113587	0.102535	0.117830	0.102708	0.100998	0.356085	0.119594	0.113363	0.116999	0.113572	0.101156	0.112382	0.093360	0.120082	0.116469	0.099169	0.116138	0.103190	0.107280	0.103450
707.0	0.097585	0.095889	0.103047	0.094988	0.079075	0.336634	0.103789	0.104307	0.092800	0.107801	0.085527	0.104257	0.078789	0.110409	0.099240	0.088166	0.102392	0.094574	0.086853	0.096105
708.0	0.087653	0.086769	0.090994	0.084129	0.072336	0.322711	0.091079	0.093267	0.078725	0.098817	0.075021	0.097280	0.064937	0.091259	0.094854	0.079459	0.085083	0.081040	0.073985	0.086661
709.0	0.074589	0.074638	0.079874	0.068241	0.066986	0.310090	0.079795	0.085881	0.060386	0.085160	0.065351	0.084123	0.060779	0.070299	0.076523	0.078164	0.067239	0.067302	0.058599	0.075748
710.0	0.064629	0.068511	0.070317	0.048537	0.056003	0.298124	0.068137	0.067220	0.043171	0.080489	0.056678	0.073435	0.053691	0.047884	0.069228	0.084946	0.048443	0.056522	0.051189	0.069865
711.0	0.052963	0.062197	0.056182	0.040238	0.048792	0.278985	0.051879	0.050503	0.030028	0.071849	0.044152	0.058106	0.049821	0.036915	0.060643	0.078357	0.042863	0.046317	0.041699	0.057693
712.0	0.044633	0.052632	0.038862	0.027392	0.045016	0.262580	0.033718	0.035905	0.023508	0.062518	0.036591	0.039679	0.039370	0.031193	0.051739	0.065202	0.025362	0.040419	0.028662	0.046294
713.0	0.034816	0.038434	0.024367	0.023629	0.039656	0.246334	0.024630	0.023884	0.013759	0.043389	0.032210	0.023247	0.024577	0.017770	0.041250	0.048647	0.012007	0.028544	0.022264	0.030147
714.0	0.020194	0.022764	0.010664	0.017272	0.027268	0.236749	0.015378	0.015074	0.007594	0.024250	0.024574	0.019928	0.012150	0.011821	0.036587	0.033760	0.001336	0.015819	0.017133	0.012030
715.0	0.009609	0.013730	0.007966	0.015031	0.007403	0.232442	0.002725	0.006666	0.003289	-0.003581	0.014676	0.007796	-0.000887	0.008363	0.016683	0.015625	-0.005624	0.001735	0.002711	0.001520
716.0	-0.002876	0.003975	-0.001604	0.007284	-0.010603	0.226297	-0.008562	0.003696	-0.003910	-0.020813	-0.000368	-0.002568	-0.015422	-0.001473	0.001455	-0.005018	-0.014689	-0.015701	-0.010977	-0.011213
717.0	-0.021138	-0.006100	-0.012314	-0.003387	-0.030074	0.215835	-0.016034	-0.006029	-0.019394	-0.036161	-0.012451	-0.006168	-0.028073	-0.013658	-0.015233	-0.024246	-0.023203	-0.030605	-0.027626	-0.014036
718.0	-0.038120	-0.021076	-0.026476	-0.015679	-0.039705	0.203982	-0.029745	-0.017915	-0.033108	-0.049160	-0.022329	-0.014071	-0.045412	-0.024243	-0.024777	-0.044122	-0.036227	-0.049777	-0.041510	-0.023397
719.0	-0.053058	-0.035900	-0.036686	-0.030173	-0.050414	0.187921	-0.043587	-0.026301	-0.045376	-0.061453	-0.036279	-0.027589	-0.054089	-0.031876	-0.043406	-0.050500	-0.049027	-0.060546	-0.051880	-0.038540
720.0	-0.068992	-0.045640	-0.045054	-0.045949	-0.059295	0.164235	-0.060909	-0.049878	-0.058225	-0.066421	-0.055701	-0.039836	-0.064115	-0.043888	-0.056706	-0.055987	-0.057243	-0.064480	-0.058955	-0.050883
721.0	-0.080051	-0.057886	-0.055765	-0.059479	-0.068730	0.141744	-0.077711	-0.062337	-0.069059	-0.074736	-0.066679	-0.057886	-0.074563	-0.053470	-0.067546	-0.063697	-0.058663	-0.070804	-0.062702	-0.064561
722.0	-0.087986	-0.071415	-0.073405	-0.072335	-0.076976	0.111904	-0.089793	-0.079943	-0.081449	-0.076164	-0.077863	-0.076108	-0.085304	-0.062043	-0.077556	-0.075044	-0.075275	-0.075994	-0.070766	-0.080563
723.0	-0.099761	-0.084729	-0.087197	-0.081527	-0.086850	0.084350	-0.100133	-0.089279	-0.091420	-0.079804	-0.084401	-0.093457	-0.099698	-0.072447	-0.093338	-0.084678	-0.090022	-0.084400	-0.078295	-0.089929
724.0	-0.111491	-0.094618	-0.097913	-0.096551	-0.103545	0.067066	-0.109859	-0.108215	-0.099980	-0.092414	-0.095474	-0.106596	-0.110716	-0.081280	-0.109109	-0.093799	-0.099400	-0.096227	-0.093875	-0.096556
725.0	-0.116909	-0.103057	-0.101444	-0.101842	-0.117222	0.051431	-0.112221	-0.118412	-0.105403	-0.107226	-0.106608	-0.119095	-0.116046	-0.092628	-0.125152	-0.103642	-0.106049	-0.104617	-0.114094	-0.106108
726.0	-0.116956	-0.111922	-0.115207	-0.114999	-0.124386	0.033793	-0.110292	-0.121993	-0.110719	-0.113711	-0.116486	-0.129033	-0.125470	-0.109959	-0.133275	-0.121438	-0.120406	-0.115389	-0.124194	-0.115270
727.0	-0.125034	-0.125145	-0.127883	-0.128188	-0.132898	0.022490	-0.117279	-0.132904	-0.124543	-0.122089	-0.128222	-0.132520	-0.130486	-0.126414	-0.143244	-0.133004	-0.134737	-0.126929	-0.136454	-0.121720
728.0	-0.136901	-0.140867	-0.143840	-0.145101	-0.146006	0.006987	-0.126508	-0.136705	-0.136003	-0.131566	-0.139434	-0.141516	-0.139444	-0.136474	-0.150821	-0.146555	-0.149707	-0.141164	-0.148206	-0.134188
729.0	-0.144076	-0.156450	-0.150014	-0.161313	-0.155736	-0.008360	-0.140848	-0.141825	-0.148789	-0.143770	-0.153989	-0.145599	-0.147530	-0.152544	-0.159734	-0.155220	-0.160445	-0.151938	-0.153303	-0.147230
730.0	-0.155882	-0.172374	-0.158212	-0.179433	-0.168879	-0.027314	-0.151090	-0.157147	-0.163841	-0.164689	-0.169468	-0.156339	-0.158701	-0.165400	-0.170844	-0.164579	-0.171356	-0.166934	-0.163419	-0.158918
731.0	-0.169111	-0.185264	-0.169771	-0.193528	-0.183808	-0.040217	-0.162499	-0.168684	-0.181841	-0.182317	-0.180545	-0.166142	-0.171681	-0.177247	-0.174883	-0.181138	-0.176967	-0.182295	-0.166377	-0.177454
732.0	-0.181657	-0.198296	-0.181243	-0.200796	-0.196205	-0.058207	-0.171548	-0.183495	-0.196786	-0.194401	-0.197569	-0.177841	-0.179220	-0.185277	-0.184535	-0.198392	-0.190748	-0.194029	-0.175192	-0.196061
733.0	-0.197491	-0.206447	-0.192410	-0.204322	-0.211394	-0.074370	-0.190039	-0.199313	-0.208393	-0.207375	-0.206884	-0.192449	-0.191689	-0.197752	-0.196377	-0.213360	-0.204652	-0.206028	-0.187486	-0.204543
734.0	-0.214951	-0.219297	-0.203707	-0.213771	-0.225898	-0.095676	-0.204595	-0.213152	-0.218027	-0.222975	-0.222341	-0.209632	-0.205635	-0.211895	-0.209867	-0.226160	-0.214126	-0.220658	-0.203929	-0.219364
735.0	-0.225572	-0.225338	-0.214881	-0.219871	-0.234311	-0.118671	-0.223421	-0.221177	-0.227860	-0.237891	-0.235801	-0.224622	-0.215837	-0.221452	-0.221841	-0.236532	-0.219532	-0.231517	-0.220358	-0.228835
736.0	-0.234436	-0.234964	-0.229997	-0.228453	-0.239455	-0.138156	-0.240287	-0.230216	-0.235722	-0.242461	-0.244657	-0.238993	-0.227793	-0.232294	-0.232919	-0.250218	-0.226960	-0.243748	-0.232058	-0.234429
737.0	-0.249251	-0.245630	-0.244413	-0.240386	-0.248243	-0.158405	-0.255798	-0.239139	-0.247799	-0.250389	-0.252138	-0.247604	-0.244629	-0.243050	-0.240813	-0.250961	-0.236980	-0.254343	-0.243473	-0.243297
738.0	-0.261995	-0.256254	-0.258291	-0.255108	-0.253387	-0.176443	-0.267295	-0.245133	-0.256506	-0.259145	-0.258683	-0.257570	-0.251872	-0.258525	-0.253063	-0.253802	-0.247349	-0.262181	-0.254647	-0.249723
739.0	-0.271441	-0.269648	-0.269386	-0.267074	-0.260871	-0.195727	-0.278956	-0.256707	-0.270062	-0.267999	-0.266240	-0.262869	-0.263817	-0.273142	-0.264289	-0.258465	-0.260653	-0.270520	-0.260715	-0.257773
740.0	-0.280454	-0.280945	-0.280737	-0.279526	-0.270742	-0.216893	-0.282894	-0.273639	-0.275065	-0.279365	-0.272041	-0.273616	-0.279862	-0.284000	-0.278359	-0.266451	-0.276046	-0.281747	-0.266804	-0.268779
741.0	-0.292018	-0.288461	-0.288142	-0.291517	-0.281071	-0.229172	-0.290104	-0.283289	-0.287112	-0.287718	-0.281922	-0.279240	-0.289039	-0.291002	-0.288377	-0.277209	-0.287703	-0.293035	-0.271324	-0.284040
742.0	-0.298676	-0.302483	-0.294574	-0.298732	-0.283991	-0.240496	-0.295893	-0.293554	-0.294589	-0.298420	-0.290561	-0.290751	-0.293399	-0.296731	-0.297807	-0.287700	-0.300259	-0.299606	-0.279250	-0.295407
743.0	-0.309615	-0.312579	-0.301441	-0.303740	-0.292035	-0.250079	-0.305710	-0.307364	-0.304942	-0.308283	-0.295220	-0.303002	-0.301677	-0.307090	-0.307739	-0.300622	-0.310260	-0.303113	-0.293398	-0.304129
744.0	-0.321015	-0.321955	-0.307938	-0.312009	-0.302054	-0.261599	-0.310329	-0.312473	-0.312712	-0.315404	-0.306083	-0.311967	-0.310935	-0.315220	-0.319527	-0.306109	-0.317345	-0.308741	-0.307493	-0.314243
745.0	-0.328216	-0.326090	-0.317680	-0.320496	-0.312700	-0.272954	-0.321714	-0.319187	-0.323799	-0.326278	-0.315654	-0.322574	-0.316538	-0.324297	-0.328699	-0.312881	-0.322350	-0.318550	-0.319762	-0.322523
746.0	-0.339211	-0.333233	-0.325489	-0.328481	-0.322013	-0.283551	-0.329156	-0.327316	-0.332165	-0.336589	-0.321082	-0.336231	-0.325803	-0.330423	-0.333605	-0.321999	-0.326348	-0.324435	-0.332083	-0.332527
747.0	-0.348008	-0.340651	-0.333489	-0.334737	-0.332500	-0.296922	-0.339824	-0.335188	-0.340895	-0.345236	-0.330527	-0.344528	-0.339210	-0.336408	-0.338176	-0.327501	-0.333846	-0.332846	-0.341486	-0.343914
748.0	-0.354807	-0.350575	-0.345215	-0.341737	-0.336745	-0.305165	-0.346571	-0.346038	-0.351137	-0.355576	-0.339834	-0.351858	-0.345146	-0.346937	-0.345274	-0.336869	-0.341070	-0.343790	-0.351421	-0.349855
749.0	-0.358500	-0.357235	-0.355354	-0.345148	-0.344061	-0.317704	-0.355746	-0.359067	-0.359192	-0.359117	-0.352124	-0.358076	-0.355402	-0.357029	-0.350480	-0.348534	-0.349682	-0.352486	-0.356869	-0.362691
750.0	-0.358888	-0.366307	-0.366886	-0.351092	-0.352789	-0.330542	-0.362866	-0.369840	-0.361369	-0.364974	-0.361653	-0.363224	-0.363641	-0.368478	-0.357738	-0.359850	-0.362526	-0.364615	-0.361614	-0.374956
751.0	-0.364603	-0.376921	-0.372850	-0.359444	-0.365155	-0.343883	-0.372237	-0.372862	-0.370092	-0.371291	-0.371603	-0.367446	-0.369343	-0.373744	-0.363004	-0.369451	-0.368639	-0.379900	-0.366598	-0.384338
752.0	-0.369530	-0.387324	-0.378111	-0.370359	-0.370145	-0.356554	-0.379665	-0.382325	-0.377086	-0.378143	-0.379264	-0.377539	-0.375815	-0.382171	-0.370419	-0.382402	-0.372423	-0.387422	-0.377426	-0.392385
753.0	-0.376810	-0.395800	-0.385884	-0.383381	-0.381442	-0.368523	-0.389121	-0.392633	-0.385756	-0.385624	-0.385664	-0.385515	-0.379651	-0.394517	-0.377587	-0.393617	-0.376832	-0.391458	-0.391280	-0.398978
754.0	-0.385476	-0.398515	-0.392374	-0.391847	-0.392713	-0.380327	-0.393784	-0.400106	-0.394624	-0.390355	-0.391614	-0.389536	-0.387155	-0.403348	-0.385919	-0.398465	-0.382980	-0.394839	-0.399906	-0.406770
755.0	-0.394612	-0.402885	-0.398784	-0.399971	-0.404111	-0.390776	-0.398589	-0.404898	-0.404062	-0.398213	-0.395933	-0.397124	-0.395434	-0.410323	-0.394729	-0.406729	-0.391105	-0.400755	-0.407601	-0.413771
756.0	-0.405055	-0.408452	-0.403623	-0.406326	-0.414169	-0.400381	-0.405258	-0.411373	-0.412909	-0.405699	-0.402011	-0.409489	-0.407078	-0.413505	-0.402752	-0.412230	-0.399954	-0.404133	-0.414300	-0.418733
757.0	-0.416096	-0.415397	-0.408229	-0.411570	-0.421999	-0.409763	-0.413235	-0.416893	-0.418928	-0.409570	-0.412124	-0.419522	-0.418318	-0.414646	-0.414485	-0.416695	-0.410758	-0.410445	-0.418500	-0.425363
758.0	-0.424217	-0.420623	-0.416104	-0.419028	-0.427943	-0.416447	-0.418654	-0.422645	-0.422125	-0.416722	-0.418035	-0.426055	-0.426426	-0.417938	-0.425150	-0.421393	-0.420962	-0.419323	-0.425948	-0.429032
759.0	-0.427970	-0.421303	-0.424945	-0.422300	-0.430436	-0.424563	-0.427795	-0.428729	-0.422393	-0.423021	-0.425399	-0.434478	-0.432947	-0.422911	-0.431423	-0.424406	-0.428457	-0.424406	-0.430953	-0.433089
760.0	-0.430891	-0.427532	-0.430977	-0.428527	-0.437120	-0.433320	-0.432689	-0.435365	-0.422764	-0.431113	-0.431589	-0.440439	-0.438447	-0.427743	-0.437883	-0.429119	-0.437753	-0.433066	-0.432890	-0.437519
761.0	-0.437410	-0.434924	-0.437339	-0.431787	-0.439441	-0.444019	-0.438090	-0.439551	-0.425329	-0.436004	-0.438453	-0.446576	-0.442505	-0.434479	-0.445625	-0.433856	-0.440850	-0.441367	-0.437944	-0.438907
762.0	-0.442872	-0.440440	-0.441030	-0.438143	-0.441629	-0.455194	-0.443642	-0.443883	-0.431953	-0.443442	-0.442987	-0.452924	-0.443639	-0.442480	-0.451547	-0.439461	-0.443607	-0.445821	-0.445040	-0.442247
763.0	-0.450045	-0.446396	-0.446019	-0.445104	-0.445478	-0.464809	-0.450888	-0.448146	-0.435003	-0.448963	-0.447080	-0.455517	-0.443780	-0.451105	-0.453336	-0.443520	-0.446462	-0.449111	-0.452226	-0.445259
764.0	-0.455548	-0.451762	-0.449920	-0.447637	-0.446574	-0.472837	-0.453925	-0.452041	-0.441834	-0.450686	-0.450505	-0.456857	-0.447511	-0.460038	-0.453608	-0.448691	-0.447685	-0.453226	-0.455217	-0.449707
765.0	-0.459547	-0.458949	-0.453622	-0.447817	-0.450550	-0.479376	-0.454768	-0.455257	-0.449886	-0.454084	-0.452726	-0.460993	-0.452136	-0.463712	-0.457286	-0.454489	-0.449738	-0.457021	-0.459732	-0.452097
766.0	-0.463321	-0.463256	-0.456949	-0.449061	-0.454341	-0.483270	-0.458147	-0.457359	-0.457100	-0.452482	-0.458009	-0.465157	-0.457499	-0.466894	-0.459696	-0.457975	-0.453377	-0.458703	-0.462797	-0.455470
767.0	-0.466122	-0.464849	-0.460189	-0.452767	-0.459411	-0.488424	-0.461856	-0.457234	-0.462927	-0.451701	-0.464012	-0.468177	-0.462438	-0.467659	-0.463177	-0.460790	-0.457578	-0.463169	-0.463372	-0.462167
768.0	-0.467030	-0.466011	-0.464864	-0.455466	-0.465138	-0.490698	-0.465743	-0.457739	-0.467289	-0.454497	-0.466515	-0.466922	-0.464156	-0.467861	-0.463693	-0.463795	-0.462453	-0.467014	-0.466320	-0.464139
769.0	-0.468341	-0.466375	-0.469581	-0.457930	-0.470246	-0.495037	-0.467418	-0.460381	-0.472573	-0.458718	-0.466901	-0.468712	-0.465919	-0.468993	-0.464675	-0.463907	-0.467876	-0.470825	-0.467737	-0.466047
770.0	-0.468833	-0.470490	-0.470086	-0.463510	-0.473250	-0.500118	-0.467826	-0.463544	-0.475499	-0.460677	-0.469657	-0.471057	-0.468063	-0.471640	-0.466858	-0.466272	-0.472541	-0.474193	-0.468487	-0.467822
771.0	-0.470129	-0.474169	-0.473159	-0.464450	-0.474308	-0.506393	-0.470842	-0.465240	-0.476265	-0.464534	-0.470678	-0.474155	-0.469126	-0.474387	-0.469682	-0.466983	-0.475024	-0.473466	-0.471615	-0.470607
772.0	-0.471875	-0.476616	-0.474788	-0.468069	-0.477024	-0.509849	-0.471765	-0.468413	-0.478127	-0.471170	-0.472513	-0.474008	-0.470388	-0.475731	-0.470940	-0.468352	-0.475363	-0.472908	-0.473547	-0.473641
773.0	-0.475775	-0.477555	-0.476121	-0.471613	-0.477645	-0.510279	-0.473566	-0.471850	-0.474258	-0.473636	-0.473288	-0.474419	-0.472001	-0.476730	-0.469319	-0.469385	-0.475982	-0.472025	-0.476456	-0.475504
774.0	-0.477896	-0.481053	-0.477160	-0.475336	-0.475976	-0.514168	-0.476017	-0.476498	-0.471917	-0.477616	-0.473447	-0.477402	-0.473425	-0.480639	-0.471276	-0.471774	-0.476135	-0.473490	-0.475817	-0.477092
775.0	-0.478864	-0.483401	-0.479406	-0.475584	-0.475801	-0.515804	-0.476727	-0.479387	-0.469983	-0.480871	-0.475701	-0.480896	-0.475180	-0.480280	-0.473270	-0.475011	-0.474832	-0.475631	-0.477206	-0.479215
776.0	-0.480966	-0.483445	-0.482608	-0.477320	-0.474096	-0.515444	-0.479170	-0.482260	-0.470698	-0.479455	-0.478837	-0.482315	-0.478660	-0.481562	-0.475045	-0.477831	-0.476418	-0.476646	-0.479738	-0.481307
777.0	-0.480225	-0.483664	-0.484418	-0.478989	-0.473335	-0.517585	-0.480955	-0.482408	-0.472646	-0.479517	-0.481559	-0.484289	-0.479479	-0.480939	-0.476799	-0.479544	-0.476652	-0.480317	-0.479266	-0.484299
778.0	-0.481688	-0.484979	-0.486510	-0.479750	-0.473771	-0.518523	-0.482678	-0.483644	-0.476336	-0.478611	-0.483195	-0.485177	-0.479356	-0.482941	-0.478993	-0.482606	-0.477940	-0.481197	-0.480501	-0.485816
779.0	-0.483644	-0.486661	-0.486346	-0.481519	-0.475107	-0.520507	-0.481348	-0.484788	-0.479716	-0.479146	-0.485275	-0.486381	-0.479382	-0.484960	-0.480913	-0.483513	-0.480184	-0.484217	-0.482185	-0.486946
780.0	-0.484166	-0.486741	-0.487013	-0.484196	-0.474004	-0.522657	-0.481350	-0.483831	-0.482515	-0.478801	-0.489148	-0.487300	-0.481607	-0.485749	-0.482603	-0.484813	-0.482940	-0.485677	-0.482908	-0.486687
781.0	-0.484674	-0.486617	-0.487458	-0.483406	-0.477265	-0.526024	-0.482034	-0.482728	-0.483722	-0.479450	-0.491330	-0.488439	-0.483176	-0.486497	-0.485685	-0.485660	-0.483034	-0.487288	-0.483819	-0.489212
782.0	-0.485720	-0.488023	-0.487623	-0.483777	-0.479697	-0.527123	-0.482578	-0.484763	-0.484655	-0.480931	-0.492352	-0.487009	-0.486680	-0.487010	-0.489321	-0.486615	-0.484432	-0.485531	-0.484713	-0.490804
783.0	-0.487297	-0.488092	-0.486275	-0.484442	-0.481398	-0.528778	-0.482925	-0.486494	-0.484635	-0.481430	-0.491217	-0.485577	-0.489198	-0.485510	-0.490416	-0.485581	-0.484421	-0.483256	-0.484953	-0.490474
784.0	-0.487743	-0.488276	-0.485042	-0.487039	-0.483838	-0.531079	-0.484269	-0.486722	-0.486125	-0.483583	-0.490649	-0.485124	-0.489670	-0.486402	-0.492227	-0.484541	-0.483872	-0.483515	-0.486730	-0.491487
785.0	-0.488629	-0.487785	-0.484665	-0.488072	-0.486253	-0.531771	-0.484196	-0.489227	-0.487934	-0.485153	-0.490377	-0.484324	-0.491615	-0.486572	-0.491023	-0.484957	-0.485023	-0.482854	-0.488578	-0.492368
786.0	-0.488757	-0.487792	-0.484511	-0.487934	-0.486910	-0.531002	-0.484780	-0.489337	-0.489794	-0.485840	-0.490214	-0.483734	-0.492073	-0.485869	-0.492041	-0.484281	-0.487465	-0.481813	-0.489199	-0.491809
787.0	-0.489357	-0.488840	-0.485395	-0.488620	-0.486325	-0.531624	-0.485392	-0.487409	-0.490717	-0.487873	-0.490746	-0.486337	-0.489582	-0.486375	-0.493924	-0.483439	-0.487083	-0.483662	-0.487809	-0.491113
788.0	-0.488565	-0.490544	-0.484867	-0.488622	-0.486291	-0.532379	-0.486212	-0.486697	-0.491435	-0.490629	-0.491716	-0.489011	-0.487991	-0.488374	-0.493962	-0.484125	-0.489489	-0.484649	-0.487716	-0.491947
789.0	-0.487504	-0.489980	-0.487321	-0.489232	-0.487995	-0.531988	-0.484681	-0.486302	-0.491378	-0.492080	-0.492578	-0.489685	-0.486143	-0.487964	-0.493844	-0.484905	-0.489810	-0.488138	-0.488962	-0.492850
790.0	-0.486225	-0.489299	-0.489968	-0.489444	-0.489065	-0.532100	-0.484835	-0.484657	-0.490417	-0.493119	-0.492904	-0.492753	-0.488097	-0.485758	-0.494255	-0.486454	-0.489662	-0.491812	-0.487737	-0.492021
791.0	-0.485100	-0.488813	-0.490912	-0.487186	-0.493092	-0.532845	-0.485083	-0.483662	-0.489833	-0.492555	-0.492342	-0.495679	-0.487706	-0.485656	-0.495903	-0.487562	-0.488324	-0.493209	-0.487637	-0.489941
792.0	-0.485860	-0.489497	-0.492264	-0.486408	-0.494302	-0.534591	-0.486805	-0.487179	-0.487915	-0.492095	-0.491172	-0.495895	-0.490207	-0.486122	-0.497510	-0.489466	-0.488903	-0.491505	-0.487826	-0.488287
793.0	-0.486393	-0.489627	-0.493137	-0.486844	-0.497246	-0.535410	-0.489253	-0.490710	-0.488290	-0.490528	-0.491195	-0.495578	-0.493179	-0.486955	-0.495755	-0.490254	-0.488271	-0.490226	-0.488929	-0.487545
794.0	-0.485902	-0.489396	-0.492384	-0.488797	-0.498926	-0.536471	-0.489644	-0.491086	-0.489808	-0.490350	-0.492759	-0.494243	-0.494756	-0.488066	-0.493721	-0.492610	-0.487993	-0.488937	-0.491520	-0.488768
795.0	-0.488481	-0.490374	-0.492373	-0.489415	-0.497391	-0.537663	-0.489174	-0.492551	-0.489595	-0.490246	-0.494086	-0.493604	-0.496918	-0.489897	-0.493632	-0.494363	-0.488700	-0.487243	-0.492250	-0.490342
796.0	-0.490574	-0.491951	-0.491726	-0.489739	-0.494448	-0.538242	-0.488958	-0.490409	-0.489206	-0.491059	-0.497330	-0.492977	-0.496246	-0.491992	-0.494222	-0.495066	-0.489198	-0.486922	-0.492551	-0.491842
797.0	-0.492370	-0.493036	-0.490976	-0.490491	-0.491510	-0.538826	-0.488652	-0.488728	-0.489250	-0.491945	-0.499953	-0.492712	-0.495332	-0.494013	-0.495278	-0.494956	-0.490188	-0.487225	-0.492611	-0.492648
798.0	-0.493523	-0.493095	-0.490234	-0.491980	-0.489384	-0.539550	-0.488386	-0.488611	-0.490104	-0.492659	-0.501102	-0.493007	-0.494725	-0.495725	-0.496703	-0.493870	-0.491854	-0.488217	-0.492506	-0.492185
799.0	-0.493688	-0.491598	-0.489606	-0.494517	-0.488875	-0.540552	-0.488290	-0.491159	-0.492148	-0.492956	-0.499923	-0.494060	-0.494973	-0.496893	-0.498398	-0.491643	-0.494382	-0.489959	-0.492309	-0.489878
800.0	-0.492519	-0.488012	-0.489202	-0.498410	-0.490787	-0.541965	-0.488497	-0.497475	-0.495759	-0.492591	-0.495563	-0.496070	-0.496626	-0.497282	-0.500267	-0.488112	-0.497957	-0.492515	-0.492093	-0.485152
