500.0	-0.464102	-0.444288	-0.467573	-0.457335	-0.438494	-0.435949	-0.454411	-0.436566	-0.463977	-0.415842	-0.458643	-0.415613	-0.444223	-0.437903	-0.427670	-0.440998	-0.430418	-0.445708	-0.453990	-0.442543
501.0	-0.444006	-0.448166	-0.449472	-0.447034	-0.439976	-0.430951	-0.450767	-0.441904	-0.445483	-0.430699	-0.447461	-0.421695	-0.443065	-0.437110	-0.437248	-0.439044	-0.433423	-0.447312	-0.447947	-0.439666
502.0	-0.433164	-0.449309	-0.438381	-0.442209	-0.440512	-0.429391	-0.448332	-0.443900	-0.434894	-0.439889	-0.440741	-0.426380	-0.442167	-0.437213	-0.443117	-0.438583	-0.435221	-0.446725	-0.444820	-0.437366
503.0	-0.429371	-0.448318	-0.432953	-0.441447	-0.440323	-0.430277	-0.446745	-0.443475	-0.430606	-0.444573	-0.437462	-0.429842	-0.441439	-0.437950	-0.445956	-0.439263	-0.435999	-0.444677	-0.443982	-0.435591
504.0	-0.430422	-0.445792	-0.431843	-0.443338	-0.439631	-0.432619	-0.445649	-0.441550	-0.431016	-0.445914	-0.436607	-0.432254	-0.440792	-0.439055	-0.446444	-0.440735	-0.435941	-0.441896	-0.444803	-0.434292
505.0	-0.434109	-0.442331	-0.433704	-0.446470	-0.438656	-0.435429	-0.444684	-0.439049	-0.434520	-0.445074	-0.437156	-0.433788	-0.440136	-0.440264	-0.445258	-0.442648	-0.435235	-0.439113	-0.446656	-0.433419
506.0	-0.435633	-0.443864	-0.439895	-0.447386	-0.438584	-0.433251	-0.442414	-0.437990	-0.438378	-0.445261	-0.438152	-0.433055	-0.438417	-0.441526	-0.441216	-0.445018	-0.433575	-0.440679	-0.449595	-0.431363
507.0	-0.435144	-0.435511	-0.438076	-0.446466	-0.436862	-0.433670	-0.441887	-0.440690	-0.441100	-0.445118	-0.435151	-0.436456	-0.437946	-0.442052	-0.439759	-0.447892	-0.431407	-0.440356	-0.451610	-0.433643
508.0	-0.432114	-0.430257	-0.435823	-0.445346	-0.436861	-0.438377	-0.436913	-0.441577	-0.446448	-0.443818	-0.431937	-0.433029	-0.439230	-0.442559	-0.440804	-0.446435	-0.432156	-0.439062	-0.450011	-0.435098
509.0	-0.431120	-0.427317	-0.437622	-0.442890	-0.435895	-0.435921	-0.434569	-0.442877	-0.447530	-0.440380	-0.431717	-0.433658	-0.434143	-0.440663	-0.438464	-0.445321	-0.434555	-0.439565	-0.449424	-0.434923
510.0	-0.427152	-0.427527	-0.438987	-0.440118	-0.435632	-0.436462	-0.431580	-0.440210	-0.448094	-0.439350	-0.429804	-0.433274	-0.432125	-0.439424	-0.438723	-0.440332	-0.434572	-0.437841	-0.445238	-0.434151
511.0	-0.422001	-0.430703	-0.437781	-0.435004	-0.434190	-0.435718	-0.430707	-0.441764	-0.447483	-0.440818	-0.432107	-0.435475	-0.427103	-0.438645	-0.434413	-0.438839	-0.437527	-0.435684	-0.442620	-0.431685
512.0	-0.417717	-0.434764	-0.434031	-0.432616	-0.435949	-0.433141	-0.431210	-0.440362	-0.444476	-0.440456	-0.430054	-0.432322	-0.425755	-0.438691	-0.431111	-0.438045	-0.435992	-0.435807	-0.441796	-0.432670
513.0	-0.415327	-0.438171	-0.431775	-0.434370	-0.434069	-0.432189	-0.431739	-0.438192	-0.441323	-0.443184	-0.428950	-0.427347	-0.424741	-0.439750	-0.432190	-0.435449	-0.436603	-0.433536	-0.438961	-0.429853
514.0	-0.416188	-0.438633	-0.431874	-0.433097	-0.432086	-0.435568	-0.430829	-0.436759	-0.442566	-0.437390	-0.431872	-0.426756	-0.425749	-0.436422	-0.435007	-0.432065	-0.433580	-0.432388	-0.437540	-0.428783
515.0	-0.417837	-0.440715	-0.432444	-0.434207	-0.436712	-0.434780	-0.430440	-0.434543	-0.439629	-0.432008	-0.432037	-0.425005	-0.428639	-0.433402	-0.437310	-0.433250	-0.430438	-0.434451	-0.432472	-0.428247
516.0	-0.420020	-0.444280	-0.433858	-0.428378	-0.431730	-0.431191	-0.432646	-0.431408	-0.434492	-0.430406	-0.428412	-0.421637	-0.426574	-0.432246	-0.436966	-0.434841	-0.428003	-0.435283	-0.426184	-0.427524
517.0	-0.421377	-0.443540	-0.430225	-0.425119	-0.428423	-0.434749	-0.429917	-0.431129	-0.432644	-0.427334	-0.425374	-0.418662	-0.425321	-0.429801	-0.433753	-0.435132	-0.427267	-0.434808	-0.423192	-0.431081
518.0	-0.425207	-0.443330	-0.431702	-0.423233	-0.429112	-0.433142	-0.427337	-0.429640	-0.434689	-0.425081	-0.421405	-0.417563	-0.427545	-0.429935	-0.433644	-0.435875	-0.427969	-0.433029	-0.421354	-0.431902
519.0	-0.429477	-0.438432	-0.432372	-0.420923	-0.428660	-0.429581	-0.426866	-0.424943	-0.433127	-0.425369	-0.419777	-0.422917	-0.422212	-0.428289	-0.431089	-0.435501	-0.427673	-0.432134	-0.422221	-0.430113
520.0	-0.432647	-0.433026	-0.431981	-0.417931	-0.429059	-0.428483	-0.425874	-0.417757	-0.431343	-0.428530	-0.418834	-0.429649	-0.422940	-0.423933	-0.429209	-0.434941	-0.426565	-0.428893	-0.418724	-0.428441
521.0	-0.427877	-0.427742	-0.430672	-0.418103	-0.428204	-0.424428	-0.424783	-0.416391	-0.431165	-0.428079	-0.418527	-0.435707	-0.420357	-0.421997	-0.428966	-0.435226	-0.428797	-0.426211	-0.419985	-0.426091
522.0	-0.424039	-0.425573	-0.429603	-0.421823	-0.430606	-0.422098	-0.424746	-0.412463	-0.428530	-0.427215	-0.414946	-0.436887	-0.417063	-0.419177	-0.425797	-0.435644	-0.426603	-0.426075	-0.421206	-0.427678
523.0	-0.421507	-0.426341	-0.431105	-0.425015	-0.432104	-0.418888	-0.423707	-0.409785	-0.427935	-0.423055	-0.415875	-0.437173	-0.415413	-0.419278	-0.426680	-0.432094	-0.426825	-0.423434	-0.424101	-0.425899
524.0	-0.420005	-0.422375	-0.429387	-0.425049	-0.429066	-0.419341	-0.422136	-0.409975	-0.429047	-0.419426	-0.416712	-0.434890	-0.419833	-0.419257	-0.425514	-0.423981	-0.423203	-0.422364	-0.426699	-0.427676
525.0	-0.420412	-0.421947	-0.424236	-0.426930	-0.426986	-0.419441	-0.423742	-0.408420	-0.421288	-0.416836	-0.413214	-0.430512	-0.417890	-0.417843	-0.422896	-0.422878	-0.418430	-0.420163	-0.422955	-0.425464
526.0	-0.419651	-0.418179	-0.422730	-0.423645	-0.416698	-0.416040	-0.426280	-0.405446	-0.412998	-0.415296	-0.414864	-0.425802	-0.413895	-0.417357	-0.418907	-0.417559	-0.415685	-0.415385	-0.419921	-0.420441
527.0	-0.416068	-0.417194	-0.418922	-0.422365	-0.409570	-0.416954	-0.420566	-0.405307	-0.407353	-0.413943	-0.412964	-0.421341	-0.412669	-0.413256	-0.412370	-0.415125	-0.412774	-0.412641	-0.416532	-0.414747
528.0	-0.414193	-0.415970	-0.413422	-0.415330	-0.408897	-0.413507	-0.416206	-0.406808	-0.402450	-0.412161	-0.413782	-0.418362	-0.415132	-0.412829	-0.409540	-0.414421	-0.408559	-0.412512	-0.417312	-0.409790
529.0	-0.407756	-0.409125	-0.408196	-0.409327	-0.407935	-0.411956	-0.409868	-0.405867	-0.401177	-0.410269	-0.414280	-0.414260	-0.409786	-0.412150	-0.404442	-0.410827	-0.406475	-0.408093	-0.417545	-0.403879
530.0	-0.403129	-0.403825	-0.404116	-0.403805	-0.408796	-0.409985	-0.401206	-0.405300	-0.397065	-0.409535	-0.411043	-0.412008	-0.406985	-0.406723	-0.398828	-0.409661	-0.406089	-0.405687	-0.414076	-0.395099
531.0	-0.395693	-0.401304	-0.402545	-0.403249	-0.409467	-0.406575	-0.393645	-0.405334	-0.398811	-0.405426	-0.409141	-0.409169	-0.404834	-0.404461	-0.394639	-0.407959	-0.409721	-0.404013	-0.412470	-0.390532
532.0	-0.390893	-0.404259	-0.404735	-0.406816	-0.413189	-0.407435	-0.390920	-0.402577	-0.399886	-0.403939	-0.406042	-0.408024	-0.400474	-0.401117	-0.391388	-0.409147	-0.412238	-0.402741	-0.409930	-0.388036
533.0	-0.390836	-0.408818	-0.404709	-0.405037	-0.413025	-0.404125	-0.390344	-0.398768	-0.402202	-0.400490	-0.404661	-0.407099	-0.399424	-0.400819	-0.388514	-0.404025	-0.410807	-0.400177	-0.409815	-0.387567
534.0	-0.396157	-0.404150	-0.401684	-0.403694	-0.413115	-0.406809	-0.393775	-0.396452	-0.404749	-0.401912	-0.402089	-0.403675	-0.398901	-0.403992	-0.390656	-0.399902	-0.407450	-0.395369	-0.408296	-0.391151
535.0	-0.403337	-0.402745	-0.400536	-0.405677	-0.415871	-0.410751	-0.401336	-0.392573	-0.405480	-0.401527	-0.401863	-0.405378	-0.398121	-0.403298	-0.396422	-0.400955	-0.406169	-0.396299	-0.403218	-0.393156
536.0	-0.407411	-0.400324	-0.405909	-0.407443	-0.411624	-0.411602	-0.409919	-0.393860	-0.404799	-0.404200	-0.405167	-0.408775	-0.396843	-0.403818	-0.405739	-0.401373	-0.406490	-0.397893	-0.400368	-0.394255
537.0	-0.409421	-0.402660	-0.411172	-0.408837	-0.410608	-0.413105	-0.416541	-0.395613	-0.407827	-0.404812	-0.405108	-0.413870	-0.398083	-0.405589	-0.413038	-0.408857	-0.408548	-0.397930	-0.397502	-0.397754
538.0	-0.412749	-0.406089	-0.415446	-0.408508	-0.410891	-0.412141	-0.420786	-0.399888	-0.411685	-0.405799	-0.409936	-0.416551	-0.402791	-0.410623	-0.421092	-0.414692	-0.415334	-0.404727	-0.402919	-0.406749
539.0	-0.414688	-0.410032	-0.420631	-0.411779	-0.408205	-0.411005	-0.421357	-0.406382	-0.418044	-0.405789	-0.408918	-0.421910	-0.402756	-0.414326	-0.425653	-0.417264	-0.418291	-0.405591	-0.406179	-0.412647
540.0	-0.416540	-0.414482	-0.424830	-0.418102	-0.407113	-0.408476	-0.419719	-0.414748	-0.420350	-0.407005	-0.409736	-0.425844	-0.403976	-0.416365	-0.426395	-0.420759	-0.419043	-0.409992	-0.407155	-0.416008
541.0	-0.414626	-0.420809	-0.426754	-0.422400	-0.407657	-0.407099	-0.418505	-0.420163	-0.425719	-0.407127	-0.411958	-0.430860	-0.409467	-0.419909	-0.426314	-0.423346	-0.423402	-0.412254	-0.407901	-0.422425
542.0	-0.410419	-0.428063	-0.425686	-0.428327	-0.410182	-0.407048	-0.418397	-0.421902	-0.428836	-0.410471	-0.414002	-0.432081	-0.413807	-0.423142	-0.426950	-0.426512	-0.425359	-0.415403	-0.410837	-0.425029
543.0	-0.409547	-0.435280	-0.419868	-0.428020	-0.411941	-0.407543	-0.416821	-0.421676	-0.429604	-0.415590	-0.418552	-0.430485	-0.419592	-0.424316	-0.424177	-0.421862	-0.421680	-0.417702	-0.414940	-0.425933
544.0	-0.411197	-0.432065	-0.414903	-0.424932	-0.419612	-0.411488	-0.416281	-0.420393	-0.432237	-0.419169	-0.420598	-0.427296	-0.423875	-0.427718	-0.422055	-0.418788	-0.422145	-0.414550	-0.413504	-0.427268
545.0	-0.415685	-0.429370	-0.414952	-0.420921	-0.425344	-0.415903	-0.417028	-0.420797	-0.433148	-0.421388	-0.422949	-0.423243	-0.429303	-0.425629	-0.424167	-0.416629	-0.421664	-0.417065	-0.412743	-0.426462
546.0	-0.417450	-0.427217	-0.420461	-0.418621	-0.427193	-0.422015	-0.422303	-0.420827	-0.429441	-0.426740	-0.424581	-0.420857	-0.429367	-0.425266	-0.424650	-0.415793	-0.420100	-0.419727	-0.418243	-0.424442
547.0	-0.421525	-0.424089	-0.424640	-0.418525	-0.432461	-0.426407	-0.423310	-0.422217	-0.431342	-0.430567	-0.426954	-0.419798	-0.431353	-0.426801	-0.426071	-0.418433	-0.421571	-0.419008	-0.424104	-0.421550
548.0	-0.425199	-0.422037	-0.430106	-0.419904	-0.433369	-0.429939	-0.425661	-0.423169	-0.433149	-0.434452	-0.425853	-0.416455	-0.432343	-0.428861	-0.429866	-0.422887	-0.424837	-0.422474	-0.430294	-0.419518
549.0	-0.429204	-0.421462	-0.431221	-0.423578	-0.430045	-0.432112	-0.428710	-0.428594	-0.432817	-0.435326	-0.421055	-0.422025	-0.430476	-0.427514	-0.433564	-0.425803	-0.425509	-0.426096	-0.431417	-0.416359
550.0	-0.430670	-0.422645	-0.431230	-0.426442	-0.428272	-0.431953	-0.431350	-0.432137	-0.435998	-0.435943	-0.418807	-0.424910	-0.429441	-0.428218	-0.433267	-0.430215	-0.425864	-0.430039	-0.433117	-0.417896
551.0	-0.434053	-0.426394	-0.428586	-0.428582	-0.425773	-0.433563	-0.429658	-0.433209	-0.437801	-0.431226	-0.417692	-0.430097	-0.428042	-0.429895	-0.435011	-0.432454	-0.428036	-0.429134	-0.434871	-0.423187
552.0	-0.431786	-0.431541	-0.426219	-0.433368	-0.426813	-0.434085	-0.430454	-0.433312	-0.438210	-0.427554	-0.419785	-0.430721	-0.428819	-0.432149	-0.436340	-0.436506	-0.426890	-0.430094	-0.436177	-0.426648
553.0	-0.432735	-0.434469	-0.422944	-0.437181	-0.428517	-0.432076	-0.427013	-0.434283	-0.436312	-0.428125	-0.423819	-0.429526	-0.428206	-0.432147	-0.434970	-0.435607	-0.426216	-0.428413	-0.433723	-0.428891
554.0	-0.430178	-0.434407	-0.422669	-0.437496	-0.430668	-0.432034	-0.428112	-0.432281	-0.437168	-0.424083	-0.422694	-0.431586	-0.429749	-0.435720	-0.428766	-0.434670	-0.424091	-0.425481	-0.429040	-0.431231
555.0	-0.431576	-0.434225	-0.420140	-0.433111	-0.433309	-0.430309	-0.430151	-0.429147	-0.433041	-0.422724	-0.425602	-0.430331	-0.427900	-0.435760	-0.426485	-0.433075	-0.419977	-0.428564	-0.426022	-0.432115
556.0	-0.430865	-0.433451	-0.422037	-0.430881	-0.435584	-0.430447	-0.429233	-0.429004	-0.430238	-0.425606	-0.428118	-0.430571	-0.425504	-0.437901	-0.420956	-0.429179	-0.419318	-0.430331	-0.427106	-0.433309
557.0	-0.431717	-0.430165	-0.424112	-0.431159	-0.439135	-0.431487	-0.424656	-0.428485	-0.429425	-0.426151	-0.433980	-0.431243	-0.427506	-0.439854	-0.422718	-0.427694	-0.418192	-0.427883	-0.424222	-0.432184
558.0	-0.429773	-0.426469	-0.428500	-0.430841	-0.438967	-0.434334	-0.425258	-0.428853	-0.429578	-0.428111	-0.434153	-0.429701	-0.428071	-0.438373	-0.423544	-0.427375	-0.422603	-0.426674	-0.427622	-0.427222
559.0	-0.430707	-0.425957	-0.431585	-0.430414	-0.436425	-0.432992	-0.427652	-0.429317	-0.428699	-0.427786	-0.432588	-0.433917	-0.429372	-0.436646	-0.424863	-0.424743	-0.426658	-0.430623	-0.428498	-0.424632
560.0	-0.431972	-0.427767	-0.431533	-0.430015	-0.432684	-0.432157	-0.427724	-0.427068	-0.429072	-0.430358	-0.430233	-0.438350	-0.430700	-0.434610	-0.423488	-0.426424	-0.424511	-0.429284	-0.432505	-0.425547
561.0	-0.435936	-0.426869	-0.434404	-0.432108	-0.426914	-0.432202	-0.423839	-0.425880	-0.430538	-0.427949	-0.431854	-0.443288	-0.431789	-0.432823	-0.429691	-0.427737	-0.422030	-0.429413	-0.436898	-0.429260
562.0	-0.432272	-0.429726	-0.437850	-0.434260	-0.424161	-0.431793	-0.422663	-0.426740	-0.429406	-0.428715	-0.432259	-0.443479	-0.433746	-0.428628	-0.433214	-0.431968	-0.421601	-0.427535	-0.437396	-0.432224
563.0	-0.434825	-0.429631	-0.438274	-0.436266	-0.426136	-0.432208	-0.420857	-0.429458	-0.428655	-0.430273	-0.433350	-0.443519	-0.435778	-0.424488	-0.435055	-0.433030	-0.422496	-0.426007	-0.437274	-0.430881
564.0	-0.435015	-0.430636	-0.437513	-0.435355	-0.427369	-0.434052	-0.424032	-0.430194	-0.428455	-0.432069	-0.430823	-0.444592	-0.435666	-0.425877	-0.432719	-0.435512	-0.420927	-0.427174	-0.437918	-0.430314
565.0	-0.436956	-0.431243	-0.432763	-0.431792	-0.431193	-0.430205	-0.424183	-0.432499	-0.426028	-0.435948	-0.431440	-0.444066	-0.434202	-0.428815	-0.430741	-0.435785	-0.420024	-0.431612	-0.434731	-0.432645
566.0	-0.435015	-0.432503	-0.431104	-0.428764	-0.433640	-0.426752	-0.424011	-0.432371	-0.428200	-0.437663	-0.430506	-0.444713	-0.433264	-0.431919	-0.428164	-0.436465	-0.424768	-0.430750	-0.429755	-0.434161
567.0	-0.435593	-0.431938	-0.429467	-0.430392	-0.437875	-0.425846	-0.426579	-0.429605	-0.429710	-0.436791	-0.431184	-0.444042	-0.435042	-0.434769	-0.427999	-0.435857	-0.431664	-0.431052	-0.427049	-0.434779
568.0	-0.434564	-0.430943	-0.425597	-0.428388	-0.440596	-0.428351	-0.429787	-0.429108	-0.430868	-0.436467	-0.428363	-0.440355	-0.434278	-0.437726	-0.426730	-0.432523	-0.437831	-0.428122	-0.428416	-0.431598
569.0	-0.436154	-0.432309	-0.423233	-0.428797	-0.439963	-0.428456	-0.435048	-0.428554	-0.432472	-0.434278	-0.426753	-0.440106	-0.432639	-0.441652	-0.429767	-0.431658	-0.441715	-0.427928	-0.426940	-0.431028
570.0	-0.436371	-0.431451	-0.421730	-0.429178	-0.437738	-0.432811	-0.437489	-0.425026	-0.430442	-0.436046	-0.424651	-0.440371	-0.431382	-0.443466	-0.429516	-0.433519	-0.443129	-0.427224	-0.426790	-0.434394
571.0	-0.437273	-0.430589	-0.424155	-0.425986	-0.433597	-0.438484	-0.436701	-0.424733	-0.431188	-0.433619	-0.426994	-0.438119	-0.433666	-0.444389	-0.435606	-0.429887	-0.444938	-0.430649	-0.428540	-0.436220
572.0	-0.432988	-0.433346	-0.426371	-0.426922	-0.429788	-0.442107	-0.436412	-0.425717	-0.430193	-0.432031	-0.428334	-0.431567	-0.435718	-0.436519	-0.437211	-0.428907	-0.444398	-0.432389	-0.429397	-0.437815
573.0	-0.433891	-0.431129	-0.427810	-0.425216	-0.429001	-0.445339	-0.434730	-0.430389	-0.430351	-0.433322	-0.429533	-0.428775	-0.436980	-0.432226	-0.438610	-0.426442	-0.442249	-0.433768	-0.434420	-0.436833
574.0	-0.431327	-0.431915	-0.427994	-0.424999	-0.428787	-0.444607	-0.433806	-0.433936	-0.430467	-0.434597	-0.429270	-0.426292	-0.436097	-0.428669	-0.434625	-0.427528	-0.438897	-0.433797	-0.435545	-0.436456
575.0	-0.427331	-0.432173	-0.426911	-0.427857	-0.428716	-0.440312	-0.432751	-0.434926	-0.431425	-0.433632	-0.428507	-0.424254	-0.437445	-0.424465	-0.432731	-0.427055	-0.435128	-0.436213	-0.434027	-0.435942
576.0	-0.421934	-0.430340	-0.424256	-0.428067	-0.432796	-0.436828	-0.432986	-0.431901	-0.432047	-0.430669	-0.425973	-0.427369	-0.436968	-0.419976	-0.433525	-0.429138	-0.435056	-0.436964	-0.431752	-0.433429
577.0	-0.417340	-0.431985	-0.424271	-0.430113	-0.434696	-0.434566	-0.433168	-0.430308	-0.431903	-0.430445	-0.422937	-0.430586	-0.436061	-0.417393	-0.434247	-0.427332	-0.433692	-0.435532	-0.434234	-0.429159
578.0	-0.418032	-0.433507	-0.422990	-0.430772	-0.435354	-0.430591	-0.434344	-0.427038	-0.431209	-0.428205	-0.419913	-0.433338	-0.432483	-0.419152	-0.436423	-0.424624	-0.430530	-0.429909	-0.431140	-0.423246
579.0	-0.419464	-0.436879	-0.422752	-0.435222	-0.432250	-0.428111	-0.436288	-0.426878	-0.433121	-0.426709	-0.416258	-0.434925	-0.428641	-0.419564	-0.438015	-0.427444	-0.429703	-0.425725	-0.427273	-0.423140
580.0	-0.421745	-0.439933	-0.425259	-0.434569	-0.433566	-0.427798	-0.436329	-0.422060	-0.429207	-0.423502	-0.413728	-0.435396	-0.428465	-0.422247	-0.438203	-0.427854	-0.429504	-0.422057	-0.423128	-0.424244
581.0	-0.424113	-0.442077	-0.426710	-0.433918	-0.432044	-0.430626	-0.432022	-0.424142	-0.427337	-0.421582	-0.418684	-0.433758	-0.426875	-0.424512	-0.438930	-0.426424	-0.429577	-0.421470	-0.421109	-0.422101
582.0	-0.424280	-0.444228	-0.425243	-0.435326	-0.428794	-0.428400	-0.430346	-0.424920	-0.424643	-0.423551	-0.419046	-0.428137	-0.428562	-0.426074	-0.440190	-0.426133	-0.423287	-0.420667	-0.415849	-0.421490
583.0	-0.423049	-0.437941	-0.423251	-0.432188	-0.426958	-0.426304	-0.427125	-0.426286	-0.424058	-0.425823	-0.418120	-0.423506	-0.425985	-0.427714	-0.439208	-0.423578	-0.419047	-0.419615	-0.415314	-0.422202
584.0	-0.420462	-0.432203	-0.419087	-0.431780	-0.425455	-0.421231	-0.428008	-0.424417	-0.424998	-0.426426	-0.420090	-0.420563	-0.426588	-0.429597	-0.432840	-0.422779	-0.417270	-0.419161	-0.414607	-0.421748
585.0	-0.418221	-0.425158	-0.415948	-0.432440	-0.423473	-0.418804	-0.426905	-0.421960	-0.423578	-0.429794	-0.421213	-0.416354	-0.425960	-0.426203	-0.431344	-0.423412	-0.418114	-0.425863	-0.416164	-0.420675
586.0	-0.414285	-0.419883	-0.415494	-0.430028	-0.427880	-0.418333	-0.425925	-0.422267	-0.422520	-0.430652	-0.420538	-0.417679	-0.428124	-0.423403	-0.430170	-0.425255	-0.417549	-0.428353	-0.419698	-0.422312
587.0	-0.412115	-0.419085	-0.421054	-0.429289	-0.423907	-0.414360	-0.423954	-0.421455	-0.425669	-0.433069	-0.420267	-0.421537	-0.427214	-0.419928	-0.429102	-0.424694	-0.418674	-0.429268	-0.424519	-0.418485
588.0	-0.410217	-0.422402	-0.424281	-0.430328	-0.421904	-0.411723	-0.428922	-0.422461	-0.429380	-0.433534	-0.419259	-0.422307	-0.427498	-0.418821	-0.426946	-0.425320	-0.421683	-0.430532	-0.426538	-0.416793
589.0	-0.406443	-0.425796	-0.426134	-0.430117	-0.419603	-0.411846	-0.429628	-0.422645	-0.432917	-0.429349	-0.418960	-0.421567	-0.426240	-0.417705	-0.422416	-0.428356	-0.427155	-0.427802	-0.424085	-0.419641
590.0	-0.407616	-0.431016	-0.426328	-0.429884	-0.418947	-0.413553	-0.429555	-0.419424	-0.433010	-0.423182	-0.418808	-0.423304	-0.424980	-0.418702	-0.423896	-0.429311	-0.430168	-0.428833	-0.418667	-0.416960
591.0	-0.410310	-0.432982	-0.426947	-0.429616	-0.416403	-0.417816	-0.424082	-0.421849	-0.433364	-0.422801	-0.420505	-0.426128	-0.422351	-0.418180	-0.422943	-0.431749	-0.430841	-0.429407	-0.418386	-0.417402
592.0	-0.413331	-0.432283	-0.428427	-0.428621	-0.414593	-0.421331	-0.420713	-0.419377	-0.429166	-0.420922	-0.414490	-0.422853	-0.421338	-0.421273	-0.422566	-0.431855	-0.426929	-0.428796	-0.413106	-0.418001
593.0	-0.416095	-0.426538	-0.425935	-0.427958	-0.415259	-0.427044	-0.420328	-0.419738	-0.426934	-0.418496	-0.413537	-0.417799	-0.420932	-0.418917	-0.424369	-0.429670	-0.426887	-0.427173	-0.412596	-0.421178
594.0	-0.421220	-0.422781	-0.422238	-0.428158	-0.418573	-0.431804	-0.422484	-0.417433	-0.424721	-0.422785	-0.416495	-0.416832	-0.420815	-0.419999	-0.420729	-0.431543	-0.427474	-0.427787	-0.413196	-0.421769
595.0	-0.423593	-0.420404	-0.419821	-0.428143	-0.419943	-0.439280	-0.419170	-0.418311	-0.420678	-0.425656	-0.418496	-0.414166	-0.423045	-0.418658	-0.418541	-0.429816	-0.427164	-0.430533	-0.413635	-0.422484
596.0	-0.425061	-0.419343	-0.422630	-0.424341	-0.423553	-0.438199	-0.419255	-0.416626	-0.420870	-0.428417	-0.420596	-0.413469	-0.426822	-0.418300	-0.418341	-0.426637	-0.425587	-0.428366	-0.414124	-0.429795
597.0	-0.424584	-0.420980	-0.424185	-0.421897	-0.423557	-0.432496	-0.419557	-0.418572	-0.421226	-0.430377	-0.424982	-0.414877	-0.427757	-0.420243	-0.422484	-0.426384	-0.426443	-0.428115	-0.417955	-0.429175
598.0	-0.420808	-0.421351	-0.422185	-0.421735	-0.425267	-0.429765	-0.423425	-0.424977	-0.422279	-0.433350	-0.426790	-0.414150	-0.429370	-0.420592	-0.423000	-0.425588	-0.427973	-0.427475	-0.421451	-0.430017
599.0	-0.418941	-0.422545	-0.422016	-0.420334	-0.424093	-0.424145	-0.425992	-0.427859	-0.424975	-0.430682	-0.429601	-0.412942	-0.429240	-0.421620	-0.423974	-0.425144	-0.431059	-0.425084	-0.419503	-0.429485
600.0	-0.418810	-0.428590	-0.418355	-0.420724	-0.423772	-0.419186	-0.427698	-0.427967	-0.428541	-0.427902	-0.426610	-0.417986	-0.426288	-0.423437	-0.429128	-0.424120	-0.429907	-0.427362	-0.419995	-0.427715
601.0	-0.421533	-0.428974	-0.421512	-0.420135	-0.423235	-0.414905	-0.427209	-0.429958	-0.427027	-0.426257	-0.424649	-0.421384	-0.423108	-0.425426	-0.431179	-0.427144	-0.429419	-0.424644	-0.426911	-0.430279
602.0	-0.421240	-0.428553	-0.425796	-0.421364	-0.421507	-0.412657	-0.427753	-0.429837	-0.423852	-0.424486	-0.418058	-0.424352	-0.421404	-0.430048	-0.433787	-0.427380	-0.427988	-0.422061	-0.431033	-0.430098
603.0	-0.421777	-0.427213	-0.425450	-0.424302	-0.424760	-0.412581	-0.434288	-0.432225	-0.422090	-0.424943	-0.418071	-0.425521	-0.421792	-0.426317	-0.435563	-0.426423	-0.427714	-0.421380	-0.434115	-0.432323
604.0	-0.424634	-0.425893	-0.425559	-0.429833	-0.427624	-0.417471	-0.437820	-0.433034	-0.422390	-0.427480	-0.418178	-0.428761	-0.420587	-0.424769	-0.430465	-0.427447	-0.425120	-0.421046	-0.437541	-0.431502
605.0	-0.425512	-0.423647	-0.427110	-0.430035	-0.426719	-0.420161	-0.437372	-0.435360	-0.422391	-0.425898	-0.419074	-0.433274	-0.424389	-0.424875	-0.425833	-0.424233	-0.425928	-0.421721	-0.435519	-0.432626
606.0	-0.424312	-0.425302	-0.431282	-0.427675	-0.426134	-0.420571	-0.440185	-0.432011	-0.424553	-0.428581	-0.422817	-0.434528	-0.429838	-0.424039	-0.423792	-0.422215	-0.426898	-0.422107	-0.432949	-0.437724
607.0	-0.425179	-0.423101	-0.430353	-0.427739	-0.424574	-0.420512	-0.438543	-0.430665	-0.426522	-0.427094	-0.422231	-0.434093	-0.432589	-0.425209	-0.424207	-0.425500	-0.427107	-0.425148	-0.428898	-0.435199
608.0	-0.426553	-0.419298	-0.431124	-0.432142	-0.425557	-0.420123	-0.436320	-0.430006	-0.429947	-0.426280	-0.422137	-0.434015	-0.435146	-0.422830	-0.421026	-0.426266	-0.427383	-0.424925	-0.425310	-0.434225
609.0	-0.427305	-0.421090	-0.431554	-0.430666	-0.427135	-0.420120	-0.433118	-0.428512	-0.434152	-0.424185	-0.425726	-0.431052	-0.437252	-0.422373	-0.422501	-0.429969	-0.427382	-0.423401	-0.420812	-0.434818
610.0	-0.428087	-0.424868	-0.427831	-0.426134	-0.430992	-0.421412	-0.427285	-0.428488	-0.436517	-0.423337	-0.427590	-0.427852	-0.437976	-0.422427	-0.423211	-0.432369	-0.426668	-0.426474	-0.415869	-0.433551
611.0	-0.431660	-0.425991	-0.431984	-0.425340	-0.430105	-0.423355	-0.424623	-0.428664	-0.435942	-0.422674	-0.428902	-0.422030	-0.436281	-0.426875	-0.426611	-0.433361	-0.428672	-0.424670	-0.413127	-0.432078
612.0	-0.431512	-0.429087	-0.432609	-0.424594	-0.429292	-0.424246	-0.420267	-0.428340	-0.434560	-0.424583	-0.428273	-0.419082	-0.432908	-0.426264	-0.431002	-0.431555	-0.427069	-0.426129	-0.413672	-0.430748
613.0	-0.431933	-0.430693	-0.431834	-0.423892	-0.431471	-0.426282	-0.421347	-0.428233	-0.434117	-0.427869	-0.431830	-0.415654	-0.427351	-0.423596	-0.434169	-0.430549	-0.430481	-0.429406	-0.415887	-0.432781
614.0	-0.431402	-0.431558	-0.428749	-0.426926	-0.428692	-0.433232	-0.421890	-0.431058	-0.431195	-0.426230	-0.434450	-0.416026	-0.421077	-0.419182	-0.433279	-0.431221	-0.429918	-0.430734	-0.420845	-0.431048
615.0	-0.427825	-0.430504	-0.428664	-0.429677	-0.428373	-0.432496	-0.424470	-0.431725	-0.430284	-0.424888	-0.436418	-0.418850	-0.418149	-0.413770	-0.432065	-0.434077	-0.431036	-0.431565	-0.421944	-0.432128
616.0	-0.425448	-0.428467	-0.427787	-0.431935	-0.424698	-0.435044	-0.428232	-0.430094	-0.428569	-0.427895	-0.435868	-0.420218	-0.418244	-0.412800	-0.429059	-0.432395	-0.431895	-0.430829	-0.424372	-0.432344
617.0	-0.427327	-0.426736	-0.424558	-0.431745	-0.424174	-0.434371	-0.431514	-0.428031	-0.427382	-0.425915	-0.432230	-0.424883	-0.417744	-0.414610	-0.428193	-0.432177	-0.429292	-0.430910	-0.427130	-0.432147
618.0	-0.426187	-0.428099	-0.424032	-0.432789	-0.427256	-0.434205	-0.431517	-0.426796	-0.424320	-0.426594	-0.432854	-0.434218	-0.419823	-0.417268	-0.428957	-0.431225	-0.426726	-0.428241	-0.431298	-0.432090
619.0	-0.426199	-0.427288	-0.422224	-0.428931	-0.428649	-0.432930	-0.431886	-0.424449	-0.422350	-0.427434	-0.431135	-0.438714	-0.424510	-0.418773	-0.429184	-0.432092	-0.422920	-0.423897	-0.433385	-0.432268
620.0	-0.425975	-0.427755	-0.424897	-0.425306	-0.430428	-0.431634	-0.431480	-0.428889	-0.420803	-0.428543	-0.427159	-0.437245	-0.430710	-0.418428	-0.429707	-0.431726	-0.418816	-0.424367	-0.432914	-0.428325
621.0	-0.427189	-0.428684	-0.430576	-0.424065	-0.429188	-0.431323	-0.433089	-0.430211	-0.418007	-0.429000	-0.424360	-0.435635	-0.433276	-0.423395	-0.429119	-0.428938	-0.420717	-0.424136	-0.430645	-0.427125
622.0	-0.424514	-0.431265	-0.433287	-0.419574	-0.433092	-0.428877	-0.431545	-0.428483	-0.415187	-0.431311	-0.428672	-0.431739	-0.436333	-0.427834	-0.427271	-0.429171	-0.422012	-0.427423	-0.430168	-0.425830
623.0	-0.424751	-0.431604	-0.433545	-0.416603	-0.434866	-0.428874	-0.429727	-0.429476	-0.417607	-0.432345	-0.430283	-0.429248	-0.438945	-0.430757	-0.428605	-0.425929	-0.425891	-0.428322	-0.428074	-0.423949
624.0	-0.419916	-0.429772	-0.431508	-0.416782	-0.430874	-0.429454	-0.428329	-0.430118	-0.418307	-0.428186	-0.431431	-0.427048	-0.436334	-0.427630	-0.425133	-0.426442	-0.422675	-0.429426	-0.425270	-0.421878
625.0	-0.413435	-0.427551	-0.431860	-0.419381	-0.426340	-0.424049	-0.426235	-0.425698	-0.420740	-0.424531	-0.432855	-0.423371	-0.433924	-0.425167	-0.424896	-0.427099	-0.419833	-0.427815	-0.420143	-0.421006
626.0	-0.411593	-0.422558	-0.428292	-0.420528	-0.418313	-0.421607	-0.423582	-0.424019	-0.420504	-0.422026	-0.428700	-0.420123	-0.426573	-0.424314	-0.421924	-0.424810	-0.418614	-0.428679	-0.420030	-0.420070
627.0	-0.408500	-0.423866	-0.423213	-0.422804	-0.414525	-0.421594	-0.424414	-0.421460	-0.421966	-0.418278	-0.427072	-0.417300	-0.417874	-0.423300	-0.425752	-0.421837	-0.415861	-0.427237	-0.421122	-0.420921
628.0	-0.407442	-0.419560	-0.419109	-0.421109	-0.409844	-0.423262	-0.420323	-0.418171	-0.421206	-0.418868	-0.423921	-0.418205	-0.410773	-0.423295	-0.425564	-0.419720	-0.414147	-0.425406	-0.420142	-0.421753
629.0	-0.408735	-0.415046	-0.416305	-0.418020	-0.405759	-0.423391	-0.417460	-0.417156	-0.424481	-0.415805	-0.414750	-0.417286	-0.408684	-0.419710	-0.426711	-0.417997	-0.409223	-0.421516	-0.418899	-0.420999
630.0	-0.408114	-0.414271	-0.413472	-0.414087	-0.402911	-0.425162	-0.411650	-0.416303	-0.422035	-0.410748	-0.409036	-0.416190	-0.405182	-0.414983	-0.425200	-0.417297	-0.405844	-0.420022	-0.418558	-0.418386
631.0	-0.408774	-0.411939	-0.409074	-0.411384	-0.402531	-0.421269	-0.413109	-0.413309	-0.413152	-0.409144	-0.407836	-0.420120	-0.403035	-0.415630	-0.415024	-0.416446	-0.404946	-0.421171	-0.415514	-0.411829
632.0	-0.406101	-0.410438	-0.406224	-0.406489	-0.407714	-0.416697	-0.411616	-0.409392	-0.409707	-0.409681	-0.410556	-0.417785	-0.402804	-0.415530	-0.404255	-0.413491	-0.397482	-0.419337	-0.414769	-0.405282
633.0	-0.406145	-0.407604	-0.400035	-0.401853	-0.407409	-0.408257	-0.405549	-0.404201	-0.407618	-0.404562	-0.406629	-0.417304	-0.403232	-0.411109	-0.397320	-0.400969	-0.390874	-0.412344	-0.406315	-0.398599
634.0	-0.401238	-0.405583	-0.394994	-0.395206	-0.397721	-0.398627	-0.400479	-0.398909	-0.408253	-0.400861	-0.405781	-0.413903	-0.401669	-0.400325	-0.386523	-0.396534	-0.379127	-0.404902	-0.397941	-0.392305
635.0	-0.392540	-0.400517	-0.390258	-0.389833	-0.391072	-0.388512	-0.391327	-0.390083	-0.403725	-0.393653	-0.403630	-0.409186	-0.397469	-0.393171	-0.376733	-0.387343	-0.373297	-0.396165	-0.389303	-0.385890
636.0	-0.383330	-0.391649	-0.383783	-0.386866	-0.389124	-0.381227	-0.383351	-0.381705	-0.391764	-0.381430	-0.397077	-0.399269	-0.387956	-0.386398	-0.370292	-0.379127	-0.370700	-0.387998	-0.385169	-0.383097
637.0	-0.371866	-0.383104	-0.373733	-0.383408	-0.382762	-0.379499	-0.381135	-0.373227	-0.384114	-0.369661	-0.390684	-0.386572	-0.377048	-0.380819	-0.365619	-0.368091	-0.369273	-0.372511	-0.382896	-0.377487
638.0	-0.365092	-0.368472	-0.365348	-0.371314	-0.371818	-0.375653	-0.373295	-0.365625	-0.379103	-0.361671	-0.380439	-0.376572	-0.366518	-0.377363	-0.358964	-0.356429	-0.368301	-0.353027	-0.371885	-0.373617
639.0	-0.356792	-0.351460	-0.350281	-0.356137	-0.360324	-0.371124	-0.363585	-0.363726	-0.375612	-0.350781	-0.365182	-0.358250	-0.358198	-0.368238	-0.354277	-0.345175	-0.362271	-0.337063	-0.355665	-0.361379
640.0	-0.345087	-0.331486	-0.333941	-0.339121	-0.351989	-0.360954	-0.354744	-0.353515	-0.359215	-0.336354	-0.349913	-0.339839	-0.347375	-0.356373	-0.337800	-0.335254	-0.351064	-0.320212	-0.340446	-0.349300
641.0	-0.328520	-0.314657	-0.312319	-0.325148	-0.339703	-0.345760	-0.344505	-0.337595	-0.340407	-0.321796	-0.328273	-0.325081	-0.330802	-0.340923	-0.323558	-0.318217	-0.335353	-0.302392	-0.317357	-0.333157
642.0	-0.312043	-0.294132	-0.296115	-0.301335	-0.317192	-0.320782	-0.323593	-0.317297	-0.323518	-0.302928	-0.304871	-0.302799	-0.304584	-0.319986	-0.302612	-0.298179	-0.315383	-0.286224	-0.293646	-0.316950
643.0	-0.285623	-0.268423	-0.278601	-0.280255	-0.287829	-0.281848	-0.293979	-0.292141	-0.293849	-0.276183	-0.274069	-0.272635	-0.272874	-0.285348	-0.279130	-0.267724	-0.284945	-0.269494	-0.265014	-0.294048
644.0	-0.257658	-0.247373	-0.256583	-0.247951	-0.248723	-0.238709	-0.250543	-0.258829	-0.262004	-0.249421	-0.243499	-0.236046	-0.243598	-0.249305	-0.250408	-0.243861	-0.249933	-0.250290	-0.234658	-0.262597
645.0	-0.216844	-0.216450	-0.227221	-0.203477	-0.210780	-0.193296	-0.202441	-0.215791	-0.217882	-0.209864	-0.210956	-0.200155	-0.198981	-0.207961	-0.215161	-0.212628	-0.216375	-0.229558	-0.197431	-0.217562
646.0	-0.174939	-0.172694	-0.186669	-0.149451	-0.161675	-0.143865	-0.148582	-0.170946	-0.168743	-0.155283	-0.176343	-0.158071	-0.151021	-0.165643	-0.172793	-0.172533	-0.174045	-0.195393	-0.151064	-0.171709
647.0	-0.114635	-0.110735	-0.133213	-0.082265	-0.105327	-0.090308	-0.089458	-0.115961	-0.106385	-0.086945	-0.126629	-0.105597	-0.090603	-0.107260	-0.114428	-0.126604	-0.121873	-0.142311	-0.102129	-0.106399
648.0	-0.036484	-0.038693	-0.062593	-0.016095	-0.032086	-0.021254	-0.014834	-0.045502	-0.035591	-0.016592	-0.067824	-0.038410	-0.028318	-0.034365	-0.052925	-0.058894	-0.057353	-0.073291	-0.033661	-0.035094
649.0	0.046133	0.047440	0.021117	0.063138	0.047747	0.055617	0.069867	0.042621	0.044720	0.075289	0.012718	0.043559	0.042288	0.046546	0.033833	0.022998	0.030418	0.013697	0.055146	0.058561
650.0	0.149728	0.145086	0.127404	0.157139	0.142815	0.147290	0.168502	0.144127	0.143153	0.181359	0.117152	0.131195	0.135402	0.148693	0.142280	0.125301	0.141914	0.123231	0.154143	0.143417
651.0	0.258638	0.252268	0.240636	0.266925	0.252842	0.249534	0.277326	0.263159	0.257142	0.280778	0.241337	0.232667	0.250657	0.265816	0.252474	0.259770	0.265894	0.253742	0.277165	0.249059
652.0	0.393284	0.386725	0.378691	0.404510	0.390371	0.391472	0.419217	0.391371	0.388275	0.411945	0.381317	0.361227	0.379339	0.399082	0.388258	0.409296	0.397193	0.396317	0.414194	0.384323
653.0	0.548342	0.544136	0.534925	0.558100	0.551960	0.542156	0.571541	0.528900	0.546722	0.550578	0.532098	0.529893	0.530242	0.554422	0.549153	0.580869	0.550381	0.548340	0.558947	0.539201
654.0	0.712386	0.695501	0.722649	0.729386	0.732834	0.712456	0.734844	0.685931	0.721385	0.710804	0.702434	0.713247	0.698376	0.717475	0.726548	0.741145	0.715128	0.718441	0.728030	0.704538
655.0	0.898337	0.875729	0.914860	0.928574	0.915146	0.886847	0.913488	0.864500	0.908245	0.888581	0.881698	0.914871	0.891911	0.909028	0.912687	0.916911	0.883420	0.900311	0.908043	0.899204
656.0	1.088576	1.083962	1.122919	1.123356	1.128212	1.063723	1.097972	1.053128	1.087045	1.082028	1.078288	1.116927	1.084239	1.097796	1.098640	1.112870	1.060749	1.087871	1.097879	1.109377
657.0	1.298835	1.288338	1.333818	1.337622	1.324886	1.275805	1.304845	1.254586	1.293729	1.298481	1.297378	1.329880	1.287260	1.309921	1.303788	1.323354	1.265776	1.291631	1.294686	1.332446
658.0	1.505967	1.497893	1.553348	1.536726	1.544725	1.505620	1.502867	1.468010	1.505513	1.522618	1.513084	1.547948	1.497389	1.537288	1.516749	1.551387	1.478258	1.483765	1.504033	1.528727
659.0	1.709132	1.726628	1.774328	1.767894	1.779267	1.735996	1.711504	1.690200	1.715276	1.766489	1.719433	1.760219	1.730829	1.754765	1.760340	1.772137	1.722670	1.699026	1.714684	1.737100
660.0	1.936459	1.963780	1.988087	1.992062	1.995914	1.968633	1.921378	1.920176	1.952957	1.993124	1.932675	1.960657	1.958986	1.976822	1.992935	1.987328	1.962475	1.917319	1.927765	1.935887
661.0	2.142454	2.194671	2.190654	2.219591	2.196457	2.198081	2.143160	2.148109	2.179612	2.208931	2.166172	2.176685	2.201406	2.201380	2.220072	2.210215	2.201066	2.147321	2.156086	2.147190
662.0	2.368203	2.431419	2.442452	2.460366	2.412640	2.427013	2.374960	2.395422	2.420971	2.436540	2.394770	2.398552	2.429320	2.436872	2.448406	2.433760	2.451601	2.357438	2.384742	2.386204
663.0	2.597832	2.679875	2.694937	2.710272	2.640632	2.661155	2.623569	2.643178	2.661046	2.644668	2.611396	2.610420	2.671356	2.647090	2.679281	2.655831	2.709620	2.591375	2.621746	2.619206
664.0	2.839287	2.891607	2.945886	2.945803	2.846751	2.878999	2.882397	2.910139	2.890696	2.886816	2.840240	2.853647	2.907509	2.864304	2.913409	2.878714	2.957257	2.859501	2.867744	2.852296
665.0	3.100672	3.136440	3.190583	3.182275	3.084535	3.090044	3.132631	3.154604	3.085104	3.090494	3.090625	3.095893	3.160347	3.102245	3.122040	3.101525	3.182578	3.130065	3.111029	3.112596
666.0	3.385893	3.344323	3.408625	3.395920	3.320212	3.308445	3.357693	3.380053	3.280083	3.305024	3.332161	3.326365	3.363892	3.304181	3.339164	3.336297	3.375025	3.364395	3.329193	3.342624
667.0	3.636541	3.527132	3.603452	3.593843	3.507004	3.522997	3.589433	3.579134	3.476301	3.509842	3.555675	3.542887	3.543020	3.524803	3.563948	3.553450	3.572782	3.597064	3.548250	3.542021
668.0	3.842188	3.710156	3.759597	3.756165	3.691319	3.735098	3.752393	3.753693	3.665593	3.672380	3.745688	3.744295	3.715336	3.720833	3.739704	3.747758	3.734809	3.774645	3.728284	3.720195
669.0	3.978316	3.878117	3.877884	3.882775	3.856573	3.901945	3.896353	3.895938	3.820788	3.833978	3.867866	3.907954	3.861758	3.872234	3.901436	3.896210	3.877828	3.919412	3.873220	3.873511
670.0	4.095347	3.991938	3.930904	3.952442	3.965005	4.004639	3.986676	3.979738	3.957653	3.958411	3.983443	3.997603	3.941811	4.013986	3.997599	3.966803	3.963087	4.014815	3.975565	3.975536
671.0	4.097370	4.044931	3.940312	3.967646	4.036484	4.059454	4.048569	4.026656	4.031249	4.024314	4.061377	4.050892	4.003447	4.083447	4.044562	3.992519	4.009249	4.035510	4.034642	4.038608
672.0	4.081630	4.048936	3.961972	3.966104	4.033706	4.069855	4.054929	4.043519	4.064645	4.035100	4.054239	4.028901	4.026688	4.077221	4.035621	3.988067	4.020286	4.013448	4.030276	4.073738
673.0	3.996785	4.001386	3.922763	3.925093	3.990319	4.023814	4.014781	4.012688	4.022561	4.002709	3.987250	3.958932	4.008640	4.011950	3.965120	3.919513	3.978922	3.988761	3.977261	4.024005
674.0	3.848258	3.890597	3.844369	3.826982	3.901675	3.899788	3.910570	3.918725	3.923833	3.929340	3.887803	3.871012	3.933623	3.883647	3.839643	3.828015	3.875077	3.904610	3.900157	3.919518
675.0	3.666640	3.754846	3.727188	3.694687	3.795688	3.733090	3.731439	3.765414	3.749288	3.774893	3.738853	3.712251	3.796143	3.732605	3.674017	3.680521	3.707302	3.744981	3.764530	3.762297
676.0	3.483256	3.524649	3.536751	3.512930	3.593424	3.540374	3.503930	3.552073	3.550430	3.577065	3.522362	3.521962	3.576147	3.501191	3.496611	3.500878	3.495812	3.530834	3.564132	3.536424
677.0	3.255125	3.276129	3.316838	3.304627	3.333751	3.280808	3.263920	3.296737	3.328135	3.325948	3.303803	3.306333	3.323154	3.263422	3.273423	3.289044	3.279258	3.299206	3.342525	3.292834
678.0	3.010577	3.027188	3.066612	3.069050	3.054580	3.026944	2.995731	3.033266	3.082975	3.048601	3.066922	3.064007	3.054225	2.998591	3.010622	3.070180	3.012238	3.038322	3.086080	3.043366
679.0	2.745322	2.763845	2.787631	2.794423	2.779988	2.755072	2.735373	2.763792	2.818621	2.790419	2.802769	2.814388	2.768314	2.752173	2.766573	2.827013	2.747332	2.761126	2.828596	2.783052
680.0	2.496752	2.491659	2.495735	2.521061	2.504839	2.473315	2.472158	2.480652	2.552677	2.531379	2.565171	2.532529	2.469681	2.530966	2.503016	2.552330	2.489129	2.488171	2.558181	2.512962
681.0	2.228153	2.236209	2.214514	2.238010	2.227664	2.222705	2.245573	2.222169	2.286403	2.257372	2.295956	2.261995	2.212277	2.266824	2.244049	2.298880	2.236583	2.218053	2.275827	2.258873
682.0	2.021220	1.985915	1.973336	1.996369	1.952671	1.988056	2.016561	1.985756	2.026975	2.010721	2.031316	1.999992	1.976856	2.009092	2.004146	2.063292	1.991258	1.998193	1.982433	2.019493
683.0	1.772643	1.759361	1.732833	1.750507	1.726369	1.745773	1.776299	1.769443	1.781462	1.768805	1.793396	1.767728	1.753768	1.783786	1.762627	1.811554	1.767783	1.798455	1.721364	1.762717
684.0	1.520905	1.556178	1.522790	1.514302	1.525113	1.538795	1.552482	1.544293	1.552895	1.547097	1.570328	1.541625	1.535874	1.556628	1.539795	1.589864	1.544025	1.581218	1.505430	1.531630
685.0	1.290747	1.358973	1.325607	1.302920	1.340825	1.337220	1.347084	1.352371	1.328867	1.340614	1.341531	1.328125	1.308476	1.358994	1.346410	1.369424	1.328082	1.367700	1.295149	1.314673
686.0	1.081171	1.162883	1.142999	1.102372	1.147137	1.167463	1.153436	1.150781	1.129684	1.131195	1.137179	1.137016	1.117299	1.144707	1.158035	1.160716	1.150532	1.174702	1.102169	1.117300
687.0	0.904152	0.981989	0.981715	0.939226	0.971768	0.988318	0.982942	0.963922	0.967256	0.948148	0.975820	0.966140	0.944249	0.948243	0.967849	0.981132	1.001579	0.998835	0.939462	0.948831
688.0	0.756967	0.830286	0.841926	0.784302	0.816062	0.835936	0.837940	0.816040	0.817246	0.802534	0.820690	0.815734	0.789535	0.782523	0.813573	0.818228	0.846901	0.844734	0.801796	0.800401
689.0	0.636547	0.685206	0.701505	0.644490	0.691531	0.701788	0.708751	0.675835	0.700373	0.675208	0.687629	0.700297	0.655231	0.658130	0.694579	0.675758	0.720508	0.690574	0.687986	0.690547
690.0	0.521477	0.565111	0.583075	0.532523	0.571338	0.579759	0.586839	0.560236	0.582079	0.565650	0.575070	0.582756	0.535454	0.552249	0.572214	0.554056	0.613583	0.551081	0.583175	0.583919
691.0	0.436405	0.463445	0.489827	0.443496	0.459403	0.476715	0.499472	0.451920	0.480411	0.456969	0.458497	0.476415	0.444694	0.455991	0.470768	0.463562	0.519816	0.446329	0.485334	0.494417
692.0	0.370535	0.376674	0.407894	0.377820	0.374401	0.384687	0.406008	0.371895	0.392959	0.375504	0.374787	0.393393	0.356950	0.360452	0.395120	0.384193	0.441265	0.358442	0.388774	0.417316
693.0	0.293770	0.315649	0.330171	0.315325	0.298593	0.303807	0.322385	0.300111	0.314846	0.292262	0.306184	0.321133	0.295827	0.293496	0.334108	0.314771	0.368617	0.293143	0.309001	0.342478
694.0	0.230342	0.258226	0.263056	0.262675	0.235076	0.246511	0.258951	0.238835	0.237902	0.239092	0.250757	0.258516	0.236037	0.241059	0.293193	0.263922	0.287092	0.233568	0.244432	0.275655
695.0	0.181472	0.214195	0.210383	0.215902	0.196860	0.191374	0.203632	0.197575	0.174916	0.186760	0.202666	0.204985	0.181059	0.196266	0.254400	0.219539	0.226743	0.190830	0.194653	0.213157
696.0	0.132158	0.172579	0.166505	0.181556	0.161877	0.155330	0.160755	0.171229	0.130558	0.146404	0.159031	0.154281	0.147971	0.157720	0.202474	0.178419	0.177786	0.150230	0.150672	0.158640
697.0	0.109954	0.128920	0.121060	0.142040	0.130110	0.122106	0.121498	0.145724	0.102986	0.108931	0.124743	0.119729	0.122675	0.118588	0.149079	0.146178	0.145032	0.122601	0.119335	0.113855
698.0	0.089587	0.097988	0.090275	0.101999	0.107874	0.097746	0.094443	0.124534	0.086364	0.090011	0.092851	0.106366	0.106363	0.093008	0.118181	0.113129	0.107699	0.099248	0.085332	0.080768
699.0	0.081438	0.068270	0.064902	0.072937	0.095954	0.080300	0.070173	0.096862	0.076007	0.078814	0.082441	0.091942	0.080799	0.074180	0.100976	0.085880	0.073054	0.074970	0.065834	0.064337
700.0	0.063023	0.044529	0.042180	0.054874	0.080300	0.058937	0.042126	0.071103	0.057968	0.062401	0.063434	0.072472	0.056056	0.060404	0.077043	0.062073	0.045889	0.059648	0.046850	0.051064
701.0	0.048002	0.024748	0.032052	0.044436	0.065827	0.046368	0.030085	0.039575	0.050475	0.042106	0.046664	0.055824	0.044168	0.050239	0.060070	0.036278	0.027286	0.050029	0.042710	0.038944
702.0	0.033307	0.018214	0.024613	0.033859	0.048409	0.041773	0.019552	0.018875	0.045894	0.034343	0.029794	0.051726	0.030641	0.024624	0.050531	0.013942	0.023739	0.035263	0.029875	0.025124
703.0	0.020297	0.015352	0.010227	0.020822	0.024295	0.033653	0.010229	0.003179	0.034441	0.015335	0.014023	0.038309	0.030127	0.018541	0.041740	0.000428	0.008112	0.025304	0.013806	0.012563
704.0	0.006813	0.004035	-0.001415	0.003433	0.007677	0.018926	0.001413	-0.008028	0.016792	0.005783	0.001842	0.026719	0.014312	0.006940	0.033013	-0.011604	-0.008776	0.010506	0.009175	-0.003492
705.0	-0.010961	-0.006757	-0.006540	-0.008969	0.002753	0.004547	-0.015332	-0.016719	-0.003320	-0.004002	-0.013083	0.008372	0.000717	0.004318	0.023864	-0.013620	-0.017661	0.002207	0.003218	-0.018075
706.0	-0.023195	-0.018764	-0.009722	-0.017041	-0.001769	-0.007668	-0.017508	-0.023151	-0.014050	-0.014007	-0.032368	-0.011896	-0.006130	0.003652	-0.004229	-0.020227	-0.035907	-0.013429	-0.002110	-0.025988
707.0	-0.029714	-0.024677	-0.016174	-0.024193	-0.017936	-0.019131	-0.026610	-0.030191	-0.021609	-0.028365	-0.043974	-0.022967	-0.008169	-0.005094	-0.024681	-0.024214	-0.047270	-0.022613	-0.013200	-0.039148
708.0	-0.041559	-0.028750	-0.015596	-0.031817	-0.035303	-0.032611	-0.034701	-0.042739	-0.031763	-0.038904	-0.058165	-0.037715	-0.015393	-0.017850	-0.038450	-0.032907	-0.056406	-0.033414	-0.033039	-0.042216
709.0	-0.045839	-0.038694	-0.021990	-0.032118	-0.047341	-0.041669	-0.042719	-0.053726	-0.039760	-0.047188	-0.059677	-0.054376	-0.036135	-0.036450	-0.050303	-0.046985	-0.060926	-0.037448	-0.041430	-0.045913
710.0	-0.060718	-0.048515	-0.035375	-0.036630	-0.057896	-0.058997	-0.051421	-0.072882	-0.039194	-0.060012	-0.072698	-0.061054	-0.053137	-0.048407	-0.068452	-0.059474	-0.067699	-0.043220	-0.051745	-0.056864
711.0	-0.065579	-0.053240	-0.048808	-0.048524	-0.058095	-0.068649	-0.064565	-0.081622	-0.045599	-0.069544	-0.078047	-0.067517	-0.058245	-0.058715	-0.079332	-0.082557	-0.071646	-0.057432	-0.055587	-0.061611
712.0	-0.070504	-0.054856	-0.061292	-0.064794	-0.063186	-0.076254	-0.069373	-0.083749	-0.043258	-0.081959	-0.085582	-0.070822	-0.067802	-0.078092	-0.088336	-0.095327	-0.067548	-0.066655	-0.063475	-0.073639
713.0	-0.070479	-0.064389	-0.078614	-0.078416	-0.065525	-0.084033	-0.075865	-0.084574	-0.053079	-0.092942	-0.090306	-0.079128	-0.074370	-0.081142	-0.094344	-0.111470	-0.069940	-0.082032	-0.070596	-0.080942
714.0	-0.071798	-0.074721	-0.098846	-0.096751	-0.063008	-0.093101	-0.080938	-0.091612	-0.065835	-0.096911	-0.087046	-0.079631	-0.090472	-0.090860	-0.100320	-0.120003	-0.083738	-0.095386	-0.070366	-0.085821
715.0	-0.079755	-0.091047	-0.110169	-0.110824	-0.061489	-0.102401	-0.094083	-0.095280	-0.080377	-0.093441	-0.090620	-0.086705	-0.100866	-0.097145	-0.101276	-0.119152	-0.092416	-0.103134	-0.078612	-0.098253
716.0	-0.087537	-0.095348	-0.118041	-0.125423	-0.065828	-0.108122	-0.101504	-0.096679	-0.088693	-0.094726	-0.102499	-0.096438	-0.108987	-0.108976	-0.113575	-0.120724	-0.101016	-0.103076	-0.086791	-0.106955
717.0	-0.101904	-0.104909	-0.135634	-0.126055	-0.080187	-0.115211	-0.115805	-0.102849	-0.098276	-0.098684	-0.110101	-0.107086	-0.114440	-0.117577	-0.119867	-0.124448	-0.104196	-0.104733	-0.099874	-0.119697
718.0	-0.116353	-0.112638	-0.149029	-0.125377	-0.097388	-0.120237	-0.127673	-0.112264	-0.107267	-0.107522	-0.122330	-0.124788	-0.115764	-0.125567	-0.124122	-0.129387	-0.108523	-0.117488	-0.115093	-0.127775
719.0	-0.126693	-0.125059	-0.158874	-0.121905	-0.116649	-0.121585	-0.131606	-0.124789	-0.114042	-0.119006	-0.132202	-0.132567	-0.118221	-0.133591	-0.134025	-0.131733	-0.118229	-0.117850	-0.123459	-0.139832
720.0	-0.142494	-0.132260	-0.161798	-0.121142	-0.135989	-0.129035	-0.143414	-0.137021	-0.118308	-0.131569	-0.143925	-0.130938	-0.126144	-0.138354	-0.143551	-0.128466	-0.133600	-0.119144	-0.127816	-0.151028
721.0	-0.148898	-0.140929	-0.167612	-0.126387	-0.147536	-0.143562	-0.156729	-0.147454	-0.129067	-0.143679	-0.155527	-0.144403	-0.127046	-0.145768	-0.146478	-0.131648	-0.150296	-0.124052	-0.135025	-0.155589
722.0	-0.165750	-0.146113	-0.170839	-0.130906	-0.159036	-0.157261	-0.168477	-0.156341	-0.134439	-0.157886	-0.165584	-0.153534	-0.132530	-0.153594	-0.152448	-0.137018	-0.165718	-0.131234	-0.146501	-0.170924
723.0	-0.169943	-0.157821	-0.172656	-0.134486	-0.167359	-0.163883	-0.174333	-0.165870	-0.153813	-0.165136	-0.167491	-0.161668	-0.144112	-0.157812	-0.158955	-0.149535	-0.173049	-0.148043	-0.156095	-0.173036
724.0	-0.171051	-0.157118	-0.175185	-0.144474	-0.171278	-0.170310	-0.178469	-0.178753	-0.162748	-0.174376	-0.167245	-0.166722	-0.154915	-0.166751	-0.169397	-0.152816	-0.184859	-0.164573	-0.164561	-0.172461
725.0	-0.173625	-0.163699	-0.170006	-0.159509	-0.178441	-0.186578	-0.187084	-0.185098	-0.165683	-0.179265	-0.170479	-0.172129	-0.165057	-0.173381	-0.176978	-0.164213	-0.186406	-0.180341	-0.175360	-0.180995
726.0	-0.180898	-0.164763	-0.173638	-0.174493	-0.187813	-0.191435	-0.191386	-0.187119	-0.169826	-0.189553	-0.174963	-0.172072	-0.175609	-0.183275	-0.187891	-0.178345	-0.187054	-0.189638	-0.185559	-0.191828
727.0	-0.191408	-0.168058	-0.185335	-0.188264	-0.196128	-0.193360	-0.194721	-0.195557	-0.175212	-0.200963	-0.177869	-0.181759	-0.181034	-0.190336	-0.203711	-0.196581	-0.190530	-0.207393	-0.195822	-0.197699
728.0	-0.199658	-0.174087	-0.191519	-0.199783	-0.203510	-0.192708	-0.202497	-0.201716	-0.184085	-0.206079	-0.186504	-0.191795	-0.185686	-0.196499	-0.212954	-0.211260	-0.197239	-0.224213	-0.205996	-0.202003
729.0	-0.208243	-0.190493	-0.200349	-0.214404	-0.215899	-0.197123	-0.198417	-0.205422	-0.199088	-0.213426	-0.200067	-0.194830	-0.202711	-0.202740	-0.221157	-0.216520	-0.206826	-0.225819	-0.210202	-0.208979
730.0	-0.218549	-0.198719	-0.212051	-0.222894	-0.223922	-0.201799	-0.204628	-0.208034	-0.207218	-0.221180	-0.211190	-0.202494	-0.217128	-0.214743	-0.225399	-0.223107	-0.219275	-0.229336	-0.212149	-0.213757
731.0	-0.220366	-0.215769	-0.231440	-0.237400	-0.231940	-0.209604	-0.209559	-0.217191	-0.219658	-0.232778	-0.223193	-0.219052	-0.229999	-0.224362	-0.229623	-0.232384	-0.233862	-0.232561	-0.221060	-0.223400
732.0	-0.228733	-0.230737	-0.240911	-0.247348	-0.236427	-0.221043	-0.221715	-0.225885	-0.231214	-0.237359	-0.237792	-0.234767	-0.247966	-0.235718	-0.230649	-0.240692	-0.245376	-0.235936	-0.232692	-0.231072
733.0	-0.232167	-0.244490	-0.247096	-0.257097	-0.243988	-0.229679	-0.229949	-0.240024	-0.245743	-0.243139	-0.248788	-0.255222	-0.261227	-0.248514	-0.238858	-0.244978	-0.253048	-0.243493	-0.243190	-0.233976
734.0	-0.240348	-0.254260	-0.256283	-0.266006	-0.248774	-0.240730	-0.235061	-0.251617	-0.246274	-0.254209	-0.263733	-0.271760	-0.273048	-0.253018	-0.250824	-0.249611	-0.259676	-0.252491	-0.256110	-0.240457
735.0	-0.251612	-0.266858	-0.262188	-0.280078	-0.259365	-0.257985	-0.245917	-0.257600	-0.250270	-0.262440	-0.272115	-0.279954	-0.277684	-0.257412	-0.256522	-0.260484	-0.270711	-0.254853	-0.270156	-0.254618
736.0	-0.265007	-0.278183	-0.275542	-0.287644	-0.276058	-0.267022	-0.252080	-0.266729	-0.257001	-0.267177	-0.278799	-0.282773	-0.282142	-0.265963	-0.265280	-0.270634	-0.282914	-0.261119	-0.284259	-0.267678
737.0	-0.282330	-0.286484	-0.281331	-0.290421	-0.287490	-0.278520	-0.258769	-0.278171	-0.264322	-0.273363	-0.284276	-0.295323	-0.280797	-0.276754	-0.278645	-0.280423	-0.294514	-0.273805	-0.292939	-0.274752
738.0	-0.297452	-0.293398	-0.286490	-0.301156	-0.297868	-0.286785	-0.271760	-0.288588	-0.279621	-0.276564	-0.286390	-0.298112	-0.288064	-0.285379	-0.289982	-0.285072	-0.302713	-0.278197	-0.302883	-0.287534
739.0	-0.310453	-0.298718	-0.292577	-0.306678	-0.307178	-0.295368	-0.275667	-0.295112	-0.294770	-0.284884	-0.293302	-0.296942	-0.296191	-0.291432	-0.300098	-0.288965	-0.308399	-0.281195	-0.305922	-0.294841
740.0	-0.315828	-0.300216	-0.299711	-0.315784	-0.311324	-0.296689	-0.289750	-0.306060	-0.303515	-0.295452	-0.295402	-0.298875	-0.300947	-0.295334	-0.309765	-0.299624	-0.313669	-0.291520	-0.310834	-0.301887
741.0	-0.317635	-0.308333	-0.309462	-0.323264	-0.314994	-0.303644	-0.302968	-0.317669	-0.308411	-0.308750	-0.296716	-0.306021	-0.306975	-0.300472	-0.316708	-0.308228	-0.320927	-0.298145	-0.314612	-0.309778
742.0	-0.319681	-0.315916	-0.308690	-0.321865	-0.314602	-0.312645	-0.310778	-0.325534	-0.310830	-0.320814	-0.303796	-0.314250	-0.314078	-0.308677	-0.324331	-0.312426	-0.323343	-0.304166	-0.312752	-0.312732
743.0	-0.324559	-0.318945	-0.312705	-0.323129	-0.319680	-0.321173	-0.323310	-0.336787	-0.314269	-0.334110	-0.310897	-0.323914	-0.317282	-0.316719	-0.332481	-0.314098	-0.331112	-0.316590	-0.315805	-0.317852
744.0	-0.328779	-0.327539	-0.320483	-0.328651	-0.326920	-0.328599	-0.328914	-0.341986	-0.314602	-0.342098	-0.319489	-0.333612	-0.325860	-0.324592	-0.338444	-0.321666	-0.333857	-0.320444	-0.324831	-0.327279
745.0	-0.334512	-0.337883	-0.324304	-0.331272	-0.333412	-0.336738	-0.336756	-0.340718	-0.324871	-0.345347	-0.333447	-0.336246	-0.326409	-0.331387	-0.339368	-0.327477	-0.345915	-0.325208	-0.333924	-0.333140
746.0	-0.339888	-0.348904	-0.330462	-0.332461	-0.345622	-0.343897	-0.339354	-0.347290	-0.332347	-0.347193	-0.342794	-0.341733	-0.335355	-0.341779	-0.345968	-0.335011	-0.355189	-0.339637	-0.340920	-0.337238
747.0	-0.347257	-0.354662	-0.332151	-0.335392	-0.353241	-0.351760	-0.345583	-0.350984	-0.343994	-0.352088	-0.350626	-0.352473	-0.339445	-0.350327	-0.351796	-0.342113	-0.360796	-0.352263	-0.347841	-0.343293
748.0	-0.350184	-0.358085	-0.341018	-0.344136	-0.359994	-0.354801	-0.349185	-0.355029	-0.357544	-0.357626	-0.357264	-0.359434	-0.349960	-0.360838	-0.362013	-0.349357	-0.363876	-0.358136	-0.358507	-0.353790
749.0	-0.354126	-0.361650	-0.346051	-0.351710	-0.368185	-0.362960	-0.354593	-0.359654	-0.367573	-0.360657	-0.364099	-0.365937	-0.359820	-0.371144	-0.367392	-0.357658	-0.366636	-0.361495	-0.364836	-0.356383
750.0	-0.357516	-0.366206	-0.358296	-0.361351	-0.372622	-0.367303	-0.361970	-0.365712	-0.374205	-0.363584	-0.369506	-0.371104	-0.371515	-0.373666	-0.378495	-0.371653	-0.373572	-0.373381	-0.371220	-0.363457
751.0	-0.365354	-0.371347	-0.370703	-0.367578	-0.378017	-0.371011	-0.370753	-0.372269	-0.377924	-0.371927	-0.375727	-0.378613	-0.378195	-0.377233	-0.384832	-0.383753	-0.378086	-0.377121	-0.377895	-0.371606
752.0	-0.372243	-0.377550	-0.377724	-0.372731	-0.383299	-0.374953	-0.378748	-0.378207	-0.385566	-0.378993	-0.381682	-0.382786	-0.383308	-0.377949	-0.389971	-0.392591	-0.382144	-0.378295	-0.381734	-0.376073
753.0	-0.379511	-0.382262	-0.385059	-0.380509	-0.389104	-0.379948	-0.389836	-0.384798	-0.390047	-0.382586	-0.386824	-0.386212	-0.389617	-0.382925	-0.392475	-0.398234	-0.387610	-0.381064	-0.389169	-0.385659
754.0	-0.388212	-0.391593	-0.392358	-0.390703	-0.393506	-0.383330	-0.394434	-0.386851	-0.392781	-0.386501	-0.392880	-0.388128	-0.396558	-0.391410	-0.396328	-0.404723	-0.390640	-0.380943	-0.395756	-0.395054
755.0	-0.393489	-0.401662	-0.396677	-0.395325	-0.397895	-0.390228	-0.401432	-0.389924	-0.400098	-0.393018	-0.398678	-0.390165	-0.397452	-0.391935	-0.401890	-0.403712	-0.395930	-0.387927	-0.399923	-0.397977
756.0	-0.399380	-0.412594	-0.402856	-0.401001	-0.405566	-0.396633	-0.412112	-0.394875	-0.408348	-0.399696	-0.401886	-0.394170	-0.402723	-0.395628	-0.406716	-0.405424	-0.398461	-0.395219	-0.406029	-0.404355
757.0	-0.404756	-0.419523	-0.408925	-0.409699	-0.411483	-0.402445	-0.416168	-0.398139	-0.414339	-0.406399	-0.406955	-0.402327	-0.401262	-0.401085	-0.411906	-0.405952	-0.402421	-0.396361	-0.409408	-0.408246
758.0	-0.407364	-0.426397	-0.416022	-0.412940	-0.419089	-0.408666	-0.417327	-0.400617	-0.416814	-0.413557	-0.411266	-0.406917	-0.403844	-0.411317	-0.417334	-0.408720	-0.403370	-0.400509	-0.412532	-0.411143
759.0	-0.413634	-0.428914	-0.417919	-0.419381	-0.425668	-0.420182	-0.418100	-0.405989	-0.417009	-0.415242	-0.413406	-0.413271	-0.408073	-0.421791	-0.419868	-0.412522	-0.408228	-0.407275	-0.415798	-0.412599
760.0	-0.420660	-0.428764	-0.423687	-0.423791	-0.430673	-0.430296	-0.421247	-0.411657	-0.417126	-0.418555	-0.419809	-0.413049	-0.413296	-0.427516	-0.426657	-0.420391	-0.415851	-0.417196	-0.417398	-0.416642
761.0	-0.424663	-0.430779	-0.427205	-0.428357	-0.434016	-0.437011	-0.424829	-0.419000	-0.422278	-0.424307	-0.429633	-0.418613	-0.417005	-0.428715	-0.426842	-0.424056	-0.419807	-0.423003	-0.423260	-0.422073
762.0	-0.428080	-0.432361	-0.428808	-0.433482	-0.435121	-0.442079	-0.430116	-0.422934	-0.425533	-0.427500	-0.434565	-0.426718	-0.421377	-0.430681	-0.426781	-0.426060	-0.426742	-0.427686	-0.428095	-0.423114
763.0	-0.428752	-0.432967	-0.430666	-0.439646	-0.435124	-0.444230	-0.433947	-0.424462	-0.427104	-0.430472	-0.439053	-0.433144	-0.426277	-0.433881	-0.429776	-0.429179	-0.430998	-0.432501	-0.432869	-0.428904
764.0	-0.432491	-0.434423	-0.434454	-0.444600	-0.432789	-0.445383	-0.435929	-0.424315	-0.429635	-0.435857	-0.440427	-0.437559	-0.428644	-0.440398	-0.433490	-0.431552	-0.436904	-0.436027	-0.436514	-0.432072
765.0	-0.431872	-0.436091	-0.437437	-0.446167	-0.437108	-0.448383	-0.443035	-0.427517	-0.435664	-0.440689	-0.438867	-0.444618	-0.432499	-0.439213	-0.434222	-0.430036	-0.441799	-0.441151	-0.440330	-0.432532
766.0	-0.432377	-0.436034	-0.442709	-0.446363	-0.441346	-0.443834	-0.450498	-0.429731	-0.444392	-0.444776	-0.440095	-0.444987	-0.435097	-0.440943	-0.437239	-0.432960	-0.445886	-0.443201	-0.443154	-0.436379
767.0	-0.434417	-0.434032	-0.446904	-0.449768	-0.444551	-0.441845	-0.450020	-0.430034	-0.447119	-0.448120	-0.442876	-0.445553	-0.434670	-0.441060	-0.440131	-0.435996	-0.446327	-0.444410	-0.445468	-0.437509
768.0	-0.438528	-0.433260	-0.450456	-0.449507	-0.446013	-0.440905	-0.449186	-0.430610	-0.449321	-0.449937	-0.441476	-0.446143	-0.439100	-0.444781	-0.441691	-0.439855	-0.446109	-0.448917	-0.445704	-0.439828
769.0	-0.445385	-0.434205	-0.451268	-0.449782	-0.444395	-0.439425	-0.449618	-0.433751	-0.451228	-0.451653	-0.444844	-0.445244	-0.444780	-0.448544	-0.444312	-0.444442	-0.446908	-0.450340	-0.446745	-0.444871
770.0	-0.452332	-0.435351	-0.451108	-0.450388	-0.446040	-0.441023	-0.452271	-0.434656	-0.453375	-0.453652	-0.448537	-0.439339	-0.449218	-0.453805	-0.446788	-0.451460	-0.447492	-0.449336	-0.446371	-0.449209
771.0	-0.452139	-0.438460	-0.451674	-0.447822	-0.444847	-0.440847	-0.454364	-0.437214	-0.454031	-0.454434	-0.451029	-0.442992	-0.452978	-0.455398	-0.447484	-0.454589	-0.450421	-0.449625	-0.445946	-0.454447
772.0	-0.453188	-0.441718	-0.448928	-0.450567	-0.445435	-0.443594	-0.457122	-0.440750	-0.454458	-0.453752	-0.451604	-0.446223	-0.455839	-0.453227	-0.446626	-0.455453	-0.452441	-0.450888	-0.448449	-0.453560
773.0	-0.452245	-0.448159	-0.449246	-0.452890	-0.445558	-0.447807	-0.459632	-0.445064	-0.454346	-0.453819	-0.449908	-0.447916	-0.456163	-0.449541	-0.448229	-0.456720	-0.453316	-0.452333	-0.451428	-0.453172
774.0	-0.452550	-0.450986	-0.450717	-0.453786	-0.446060	-0.454093	-0.458692	-0.451235	-0.453859	-0.450522	-0.450843	-0.449655	-0.454378	-0.447564	-0.448182	-0.454555	-0.455654	-0.452245	-0.453534	-0.451390
775.0	-0.452567	-0.453033	-0.449782	-0.455231	-0.450705	-0.454349	-0.460196	-0.454143	-0.456034	-0.449199	-0.448806	-0.450877	-0.456048	-0.447073	-0.447113	-0.452334	-0.457914	-0.453832	-0.455732	-0.451157
776.0	-0.453343	-0.454013	-0.450360	-0.456888	-0.453441	-0.452509	-0.459515	-0.456490	-0.455007	-0.448682	-0.449995	-0.450349	-0.454697	-0.445063	-0.450909	-0.451661	-0.458093	-0.455965	-0.454057	-0.451362
777.0	-0.454472	-0.454197	-0.452738	-0.462112	-0.457266	-0.454797	-0.455360	-0.456956	-0.455208	-0.450439	-0.449943	-0.450775	-0.454122	-0.444401	-0.453247	-0.451324	-0.455332	-0.457134	-0.454226	-0.449646
778.0	-0.457789	-0.455094	-0.453602	-0.463408	-0.457053	-0.454082	-0.453456	-0.456120	-0.456755	-0.451517	-0.447475	-0.455382	-0.456767	-0.446411	-0.455983	-0.448971	-0.454615	-0.459354	-0.452489	-0.447312
779.0	-0.459962	-0.456244	-0.455044	-0.463023	-0.459072	-0.454517	-0.453577	-0.454165	-0.456974	-0.455732	-0.449826	-0.455102	-0.457942	-0.449666	-0.457624	-0.451231	-0.452322	-0.459297	-0.452033	-0.448794
780.0	-0.461648	-0.457075	-0.458280	-0.461302	-0.462481	-0.456565	-0.454046	-0.452636	-0.457661	-0.457658	-0.448934	-0.454293	-0.457809	-0.453065	-0.460237	-0.455316	-0.453793	-0.460399	-0.454126	-0.450200
781.0	-0.461015	-0.457322	-0.460031	-0.461267	-0.463029	-0.457058	-0.455849	-0.454012	-0.457089	-0.458797	-0.449079	-0.457621	-0.460970	-0.456294	-0.462129	-0.457535	-0.455924	-0.463490	-0.455098	-0.454902
782.0	-0.460948	-0.458270	-0.460355	-0.461798	-0.464697	-0.461210	-0.458261	-0.456346	-0.455470	-0.457574	-0.450885	-0.459208	-0.460799	-0.458380	-0.460658	-0.461548	-0.457378	-0.469006	-0.461080	-0.455719
783.0	-0.459177	-0.460119	-0.461142	-0.462527	-0.462384	-0.465240	-0.461014	-0.459235	-0.454977	-0.457814	-0.452937	-0.460833	-0.459916	-0.458654	-0.460687	-0.461274	-0.459421	-0.469427	-0.465696	-0.457356
784.0	-0.457130	-0.457340	-0.460414	-0.461289	-0.462147	-0.470514	-0.462112	-0.461950	-0.455549	-0.454931	-0.456219	-0.464023	-0.457928	-0.460796	-0.458192	-0.460833	-0.462995	-0.467843	-0.469839	-0.458171
785.0	-0.458205	-0.458303	-0.459949	-0.463370	-0.461560	-0.467674	-0.465431	-0.458353	-0.456538	-0.456065	-0.455704	-0.465822	-0.459746	-0.466102	-0.456612	-0.461428	-0.466900	-0.463770	-0.469974	-0.459323
786.0	-0.457457	-0.460060	-0.459604	-0.464956	-0.461494	-0.468217	-0.468820	-0.457649	-0.457892	-0.457310	-0.459621	-0.465452	-0.459855	-0.464870	-0.458432	-0.463250	-0.467648	-0.461227	-0.468447	-0.458732
787.0	-0.457491	-0.459546	-0.460285	-0.466714	-0.464289	-0.466525	-0.467013	-0.456387	-0.463414	-0.459146	-0.461384	-0.466492	-0.460881	-0.465761	-0.460198	-0.464621	-0.469131	-0.457158	-0.466374	-0.457634
788.0	-0.461364	-0.459953	-0.461089	-0.466040	-0.463819	-0.466227	-0.467081	-0.455765	-0.468146	-0.461823	-0.462880	-0.468749	-0.464497	-0.463532	-0.461697	-0.462665	-0.466995	-0.459633	-0.464758	-0.456015
789.0	-0.463876	-0.460605	-0.463951	-0.463108	-0.462266	-0.466841	-0.465663	-0.454363	-0.470138	-0.465164	-0.466464	-0.467421	-0.465003	-0.461068	-0.459570	-0.464273	-0.463705	-0.457279	-0.463605	-0.456288
790.0	-0.465497	-0.460034	-0.468084	-0.461897	-0.462136	-0.465912	-0.465078	-0.452458	-0.471698	-0.465657	-0.466641	-0.467293	-0.464267	-0.460932	-0.463825	-0.464302	-0.461468	-0.456594	-0.466825	-0.458268
791.0	-0.467587	-0.459650	-0.469988	-0.463422	-0.464519	-0.463964	-0.463610	-0.451793	-0.470036	-0.466168	-0.467729	-0.467944	-0.466254	-0.463110	-0.467506	-0.464748	-0.458710	-0.458609	-0.466793	-0.463865
792.0	-0.469750	-0.460754	-0.471773	-0.463056	-0.464286	-0.464623	-0.464545	-0.452478	-0.468074	-0.466030	-0.468732	-0.470461	-0.466873	-0.465308	-0.468888	-0.463057	-0.458732	-0.462270	-0.469583	-0.466465
793.0	-0.470315	-0.461520	-0.473471	-0.462556	-0.464301	-0.466479	-0.463108	-0.454049	-0.467469	-0.466150	-0.469660	-0.471733	-0.466471	-0.467339	-0.469364	-0.460129	-0.461086	-0.460695	-0.471159	-0.471241
794.0	-0.469593	-0.462378	-0.475258	-0.460075	-0.465981	-0.467574	-0.460254	-0.457604	-0.466644	-0.469597	-0.469799	-0.471701	-0.465683	-0.471729	-0.467253	-0.459773	-0.464989	-0.460561	-0.473203	-0.473176
795.0	-0.468056	-0.464305	-0.477302	-0.460533	-0.467356	-0.467940	-0.461894	-0.458959	-0.464217	-0.471964	-0.468565	-0.470630	-0.466822	-0.475251	-0.467299	-0.460947	-0.466988	-0.461874	-0.472994	-0.472837
796.0	-0.466056	-0.464297	-0.477669	-0.458365	-0.469304	-0.469961	-0.460807	-0.463174	-0.465052	-0.473723	-0.468184	-0.467646	-0.466736	-0.476376	-0.466971	-0.462517	-0.468527	-0.464449	-0.473226	-0.472176
797.0	-0.464176	-0.464047	-0.476575	-0.457801	-0.471065	-0.471740	-0.460507	-0.466985	-0.465807	-0.473966	-0.466918	-0.465018	-0.466490	-0.476283	-0.466738	-0.464822	-0.469443	-0.466465	-0.473096	-0.470632
798.0	-0.462803	-0.463766	-0.473695	-0.460038	-0.472401	-0.472821	-0.461585	-0.469603	-0.465899	-0.472006	-0.464379	-0.463586	-0.466112	-0.474903	-0.466660	-0.467832	-0.469617	-0.467159	-0.472564	-0.468275
799.0	-0.462327	-0.463667	-0.468704	-0.466275	-0.473073	-0.472748	-0.464635	-0.470240	-0.464746	-0.467159	-0.460176	-0.464193	-0.465631	-0.472161	-0.466797	-0.471516	-0.468929	-0.465773	-0.471591	-0.465170
800.0	-0.463135	-0.463960	-0.461277	-0.477709	-0.472845	-0.471065	-0.470247	-0.468106	-0.461764	-0.458739	-0.453918	-0.467681	-0.465074	-0.467987	-0.467211	-0.475844	-0.467261	-0.461545	-0.470139	-0.461386
