500.0	-0.512178	-0.534322	-0.522004	-0.543421	-0.530722	-0.539876	-0.529922	-0.531980	-0.538329	-0.536537	-0.537989	-0.523822	-0.518211	-0.540021	-0.518011	-0.540823	-0.520575	-0.544152	-0.536309	-0.525093
501.0	-0.522547	-0.536856	-0.526168	-0.537131	-0.533429	-0.534224	-0.530666	-0.531195	-0.539457	-0.532966	-0.537252	-0.530064	-0.526548	-0.537139	-0.525522	-0.532955	-0.523521	-0.538519	-0.531843	-0.535090
502.0	-0.529389	-0.538086	-0.528535	-0.533426	-0.534239	-0.530340	-0.531925	-0.530162	-0.538342	-0.530551	-0.536088	-0.533083	-0.532135	-0.535402	-0.530934	-0.528746	-0.525761	-0.534196	-0.529544	-0.538960
503.0	-0.533238	-0.538132	-0.529406	-0.531640	-0.533514	-0.527948	-0.533306	-0.528889	-0.535620	-0.528981	-0.534603	-0.533577	-0.535289	-0.534364	-0.534414	-0.527329	-0.527334	-0.530988	-0.528854	-0.538273
504.0	-0.534633	-0.537114	-0.529082	-0.531108	-0.531617	-0.526769	-0.534418	-0.527390	-0.531927	-0.527942	-0.532901	-0.532240	-0.536324	-0.533578	-0.536127	-0.527833	-0.528277	-0.528701	-0.529214	-0.534596
505.0	-0.534108	-0.535152	-0.527863	-0.531165	-0.528913	-0.526525	-0.534868	-0.525673	-0.527902	-0.527120	-0.531089	-0.529769	-0.535557	-0.532598	-0.536240	-0.529391	-0.528630	-0.527138	-0.530069	-0.529498
506.0	-0.530794	-0.533174	-0.527013	-0.529484	-0.525858	-0.527137	-0.532704	-0.524082	-0.525219	-0.525386	-0.529542	-0.527582	-0.531686	-0.529089	-0.533422	-0.529138	-0.529076	-0.525700	-0.530768	-0.526959
507.0	-0.529813	-0.528848	-0.524961	-0.529253	-0.523130	-0.529359	-0.529210	-0.520394	-0.524044	-0.523053	-0.527723	-0.524985	-0.528231	-0.524534	-0.531714	-0.530401	-0.527568	-0.524969	-0.529519	-0.526290
508.0	-0.529564	-0.522729	-0.521426	-0.528667	-0.521096	-0.528583	-0.526588	-0.519059	-0.522841	-0.521262	-0.526919	-0.524947	-0.526682	-0.522156	-0.528828	-0.530911	-0.525708	-0.525942	-0.527395	-0.527605
509.0	-0.526991	-0.519554	-0.518666	-0.523813	-0.519207	-0.526973	-0.524141	-0.518053	-0.520927	-0.521057	-0.524699	-0.523728	-0.524195	-0.521174	-0.526040	-0.530175	-0.524075	-0.524584	-0.526588	-0.526080
510.0	-0.522313	-0.516191	-0.517010	-0.521884	-0.517237	-0.523009	-0.521121	-0.516357	-0.518121	-0.521155	-0.520883	-0.523166	-0.522633	-0.518753	-0.521174	-0.527204	-0.524558	-0.524201	-0.524030	-0.525657
511.0	-0.518459	-0.516946	-0.516391	-0.520251	-0.517091	-0.520181	-0.518627	-0.513580	-0.518079	-0.516393	-0.519305	-0.520687	-0.522353	-0.518633	-0.517581	-0.524654	-0.523364	-0.520210	-0.521733	-0.527002
512.0	-0.516421	-0.517112	-0.514219	-0.520390	-0.515432	-0.517570	-0.516708	-0.514309	-0.517780	-0.515661	-0.518424	-0.517759	-0.522293	-0.519198	-0.516501	-0.523232	-0.520784	-0.517849	-0.521069	-0.527361
513.0	-0.517986	-0.514865	-0.512768	-0.521002	-0.516170	-0.515606	-0.516813	-0.514022	-0.515910	-0.515656	-0.516130	-0.516527	-0.522346	-0.518373	-0.516915	-0.523122	-0.516503	-0.515633	-0.520159	-0.525455
514.0	-0.517417	-0.515286	-0.509811	-0.518809	-0.514554	-0.514298	-0.517929	-0.513787	-0.515261	-0.514280	-0.514838	-0.513236	-0.521269	-0.517814	-0.518093	-0.521127	-0.513035	-0.515512	-0.520064	-0.521990
515.0	-0.515059	-0.514767	-0.509412	-0.519679	-0.514770	-0.512352	-0.517855	-0.512665	-0.515788	-0.513506	-0.513208	-0.510771	-0.520815	-0.518477	-0.517669	-0.519855	-0.513533	-0.515443	-0.518085	-0.518425
516.0	-0.512513	-0.513350	-0.509224	-0.517438	-0.515324	-0.512540	-0.516582	-0.511617	-0.515866	-0.513658	-0.513000	-0.509973	-0.517668	-0.515321	-0.518418	-0.517701	-0.514489	-0.513716	-0.514719	-0.515104
517.0	-0.512155	-0.514166	-0.508249	-0.516079	-0.516579	-0.512740	-0.513422	-0.510758	-0.516812	-0.510222	-0.510591	-0.508643	-0.516140	-0.512239	-0.519078	-0.515082	-0.514437	-0.512081	-0.511633	-0.511523
518.0	-0.513987	-0.511321	-0.505750	-0.513142	-0.516667	-0.511119	-0.512252	-0.513628	-0.516009	-0.507018	-0.511440	-0.506186	-0.515426	-0.510654	-0.516576	-0.514569	-0.514015	-0.513642	-0.508737	-0.509399
519.0	-0.512403	-0.508440	-0.503288	-0.510088	-0.516633	-0.510425	-0.511529	-0.510804	-0.514425	-0.507546	-0.510051	-0.507044	-0.513574	-0.509435	-0.515038	-0.513553	-0.515581	-0.511732	-0.507988	-0.506272
520.0	-0.511247	-0.505038	-0.503140	-0.509607	-0.513231	-0.507493	-0.509226	-0.508758	-0.511854	-0.506728	-0.508532	-0.506147	-0.511970	-0.508730	-0.511718	-0.511517	-0.514368	-0.509985	-0.507238	-0.504268
521.0	-0.509861	-0.504258	-0.500141	-0.508364	-0.511813	-0.506467	-0.510116	-0.506198	-0.510451	-0.506442	-0.510371	-0.504915	-0.509311	-0.510170	-0.509177	-0.510277	-0.510244	-0.504128	-0.507656	-0.502047
522.0	-0.511297	-0.503709	-0.498229	-0.508999	-0.509085	-0.503377	-0.509266	-0.504771	-0.510095	-0.509888	-0.510631	-0.502981	-0.508265	-0.509006	-0.509050	-0.508481	-0.505691	-0.503097	-0.508350	-0.501443
523.0	-0.512038	-0.503073	-0.497473	-0.508830	-0.509502	-0.503042	-0.509456	-0.502842	-0.505873	-0.509895	-0.513346	-0.502344	-0.507725	-0.507444	-0.508782	-0.509166	-0.501392	-0.501918	-0.509370	-0.501150
524.0	-0.512373	-0.504813	-0.497608	-0.509016	-0.508528	-0.501633	-0.509185	-0.502675	-0.505589	-0.507695	-0.513103	-0.500768	-0.508493	-0.506169	-0.508375	-0.509308	-0.500013	-0.503169	-0.511920	-0.500518
525.0	-0.509340	-0.506221	-0.499921	-0.509924	-0.508032	-0.501191	-0.507422	-0.500050	-0.506643	-0.507282	-0.513373	-0.499115	-0.508645	-0.505889	-0.506565	-0.509197	-0.499698	-0.506232	-0.510134	-0.498984
526.0	-0.505437	-0.510196	-0.501379	-0.507713	-0.508930	-0.502919	-0.504333	-0.500971	-0.503826	-0.508663	-0.512836	-0.498285	-0.508103	-0.503971	-0.506504	-0.507493	-0.500328	-0.506425	-0.506352	-0.496043
527.0	-0.502923	-0.512546	-0.502724	-0.505699	-0.508935	-0.502884	-0.500734	-0.500481	-0.501967	-0.505130	-0.510314	-0.496277	-0.507293	-0.502262	-0.504691	-0.505952	-0.502265	-0.507734	-0.503867	-0.495902
528.0	-0.502503	-0.511341	-0.502812	-0.502926	-0.506406	-0.502831	-0.500166	-0.500611	-0.502181	-0.502857	-0.509091	-0.495852	-0.506139	-0.502760	-0.501740	-0.506167	-0.503270	-0.511264	-0.502508	-0.497113
529.0	-0.501076	-0.508891	-0.502309	-0.502426	-0.505422	-0.502398	-0.498124	-0.498114	-0.501701	-0.502223	-0.505993	-0.499735	-0.504484	-0.502568	-0.503064	-0.506848	-0.504671	-0.508811	-0.499090	-0.497598
530.0	-0.502285	-0.506832	-0.499357	-0.502751	-0.503200	-0.502822	-0.496567	-0.496245	-0.501541	-0.500756	-0.504408	-0.500834	-0.502585	-0.500597	-0.502042	-0.505800	-0.504337	-0.507012	-0.497341	-0.497878
531.0	-0.502790	-0.505301	-0.496663	-0.503401	-0.501920	-0.502715	-0.496379	-0.495081	-0.502525	-0.500231	-0.504538	-0.501888	-0.499979	-0.499375	-0.503138	-0.502454	-0.503398	-0.504319	-0.496456	-0.495637
532.0	-0.504914	-0.504403	-0.495089	-0.503393	-0.501190	-0.500032	-0.496670	-0.495446	-0.502977	-0.499331	-0.504328	-0.501508	-0.496579	-0.499839	-0.503401	-0.501022	-0.500852	-0.504527	-0.492408	-0.494745
533.0	-0.504501	-0.501026	-0.495222	-0.501428	-0.502979	-0.497275	-0.496821	-0.495316	-0.500350	-0.498499	-0.506746	-0.502421	-0.495744	-0.500096	-0.503097	-0.500961	-0.497344	-0.502951	-0.492362	-0.495569
534.0	-0.506817	-0.500516	-0.494132	-0.501996	-0.501157	-0.496400	-0.495985	-0.496695	-0.500269	-0.497790	-0.507075	-0.501610	-0.496586	-0.500299	-0.503080	-0.501832	-0.495249	-0.502089	-0.493221	-0.494311
535.0	-0.505743	-0.501721	-0.492247	-0.501920	-0.499370	-0.498115	-0.498740	-0.497366	-0.500884	-0.500781	-0.509476	-0.498287	-0.498431	-0.498446	-0.499886	-0.500666	-0.491368	-0.503507	-0.491731	-0.493222
536.0	-0.504768	-0.503259	-0.491969	-0.501807	-0.501604	-0.497722	-0.500934	-0.499337	-0.501574	-0.502245	-0.509455	-0.497041	-0.499393	-0.497780	-0.498181	-0.497966	-0.490988	-0.501049	-0.491306	-0.492776
537.0	-0.503392	-0.500108	-0.492939	-0.503419	-0.501226	-0.496085	-0.505278	-0.498885	-0.501498	-0.502695	-0.508733	-0.497051	-0.499063	-0.499763	-0.497146	-0.497456	-0.495379	-0.499645	-0.493242	-0.495025
538.0	-0.504737	-0.498667	-0.495325	-0.502929	-0.499579	-0.495038	-0.508815	-0.498541	-0.503030	-0.501446	-0.507694	-0.499807	-0.498403	-0.502656	-0.496830	-0.496916	-0.496727	-0.497490	-0.496038	-0.496964
539.0	-0.505397	-0.498222	-0.495331	-0.502995	-0.499280	-0.495182	-0.509413	-0.498897	-0.504674	-0.502044	-0.507149	-0.502858	-0.497197	-0.501676	-0.496917	-0.499626	-0.498571	-0.495257	-0.496837	-0.496375
540.0	-0.507649	-0.497431	-0.494954	-0.503095	-0.499795	-0.497762	-0.508471	-0.499111	-0.507793	-0.503170	-0.506955	-0.505398	-0.498578	-0.501808	-0.498555	-0.499022	-0.501899	-0.495794	-0.497024	-0.496409
541.0	-0.508082	-0.499166	-0.499252	-0.502323	-0.500232	-0.498753	-0.505691	-0.502362	-0.508063	-0.501377	-0.503137	-0.505810	-0.500318	-0.501033	-0.500470	-0.497956	-0.504270	-0.497535	-0.495905	-0.495581
542.0	-0.509134	-0.500115	-0.501328	-0.501581	-0.501474	-0.501052	-0.502673	-0.504774	-0.507101	-0.501647	-0.500657	-0.506825	-0.500952	-0.502664	-0.501215	-0.498793	-0.504396	-0.499089	-0.494889	-0.496331
543.0	-0.509814	-0.501183	-0.503065	-0.501925	-0.503442	-0.502918	-0.500227	-0.505968	-0.505744	-0.502573	-0.499208	-0.506643	-0.504037	-0.503331	-0.502001	-0.499619	-0.504242	-0.501758	-0.495584	-0.498721
544.0	-0.510841	-0.503772	-0.506106	-0.502098	-0.500191	-0.503122	-0.497260	-0.506503	-0.504814	-0.501303	-0.498547	-0.504580	-0.506607	-0.504146	-0.503508	-0.502780	-0.504139	-0.503065	-0.498148	-0.500113
545.0	-0.509688	-0.507465	-0.506054	-0.501805	-0.501845	-0.504488	-0.497051	-0.507269	-0.505064	-0.502114	-0.499097	-0.502204	-0.509104	-0.503625	-0.502249	-0.504085	-0.502301	-0.505241	-0.498852	-0.500399
546.0	-0.508097	-0.508542	-0.507511	-0.502319	-0.504906	-0.502100	-0.496210	-0.507956	-0.503437	-0.500524	-0.500364	-0.502232	-0.507436	-0.505310	-0.503992	-0.505637	-0.502841	-0.504985	-0.500688	-0.502132
547.0	-0.506722	-0.505885	-0.508741	-0.504665	-0.504761	-0.500738	-0.498599	-0.508425	-0.500784	-0.502368	-0.502619	-0.501924	-0.504391	-0.507877	-0.503674	-0.508195	-0.504563	-0.506421	-0.505059	-0.506701
548.0	-0.507787	-0.505824	-0.509697	-0.506954	-0.504066	-0.500479	-0.501556	-0.506431	-0.500180	-0.502328	-0.503882	-0.504307	-0.501439	-0.510292	-0.502791	-0.509621	-0.503154	-0.506950	-0.506872	-0.507919
549.0	-0.506461	-0.506708	-0.507735	-0.508123	-0.501402	-0.500247	-0.502531	-0.505034	-0.499900	-0.506073	-0.507323	-0.506136	-0.497169	-0.507552	-0.501822	-0.512774	-0.503273	-0.507809	-0.508090	-0.506638
550.0	-0.507600	-0.506965	-0.506758	-0.509294	-0.501205	-0.503177	-0.502828	-0.503883	-0.500919	-0.510286	-0.509917	-0.507610	-0.499062	-0.507428	-0.504604	-0.512389	-0.503761	-0.510638	-0.506963	-0.507510
551.0	-0.506076	-0.508407	-0.507274	-0.509338	-0.500564	-0.505113	-0.506267	-0.504811	-0.503002	-0.512816	-0.511095	-0.507374	-0.501286	-0.504330	-0.505524	-0.509372	-0.503290	-0.512844	-0.506217	-0.508725
552.0	-0.507621	-0.508357	-0.504753	-0.510480	-0.501310	-0.510419	-0.508101	-0.504821	-0.504330	-0.515146	-0.514260	-0.508655	-0.502470	-0.504114	-0.506693	-0.507560	-0.504900	-0.513131	-0.507253	-0.509780
553.0	-0.509798	-0.508813	-0.503582	-0.511634	-0.502729	-0.513403	-0.511572	-0.506097	-0.504063	-0.513215	-0.515388	-0.509030	-0.505220	-0.503782	-0.506622	-0.508366	-0.506386	-0.512753	-0.509060	-0.510511
554.0	-0.509556	-0.506964	-0.504262	-0.509098	-0.501814	-0.512770	-0.513199	-0.507120	-0.505348	-0.510243	-0.516436	-0.510987	-0.507568	-0.506749	-0.508428	-0.508693	-0.505793	-0.510620	-0.511144	-0.510735
555.0	-0.509259	-0.508723	-0.504775	-0.507895	-0.504800	-0.512683	-0.512861	-0.508712	-0.505521	-0.508901	-0.515423	-0.512609	-0.508276	-0.508006	-0.509664	-0.510939	-0.504138	-0.510058	-0.511927	-0.508864
556.0	-0.507467	-0.508353	-0.505331	-0.507296	-0.507648	-0.511321	-0.511665	-0.509625	-0.502259	-0.508285	-0.516032	-0.513555	-0.508309	-0.509666	-0.508757	-0.511704	-0.504246	-0.510346	-0.514397	-0.508432
557.0	-0.508484	-0.506684	-0.506885	-0.507138	-0.507810	-0.510956	-0.511988	-0.510890	-0.501804	-0.508304	-0.515385	-0.513107	-0.509656	-0.510600	-0.507346	-0.515116	-0.505938	-0.508461	-0.515352	-0.508246
558.0	-0.511404	-0.507733	-0.509806	-0.507867	-0.509074	-0.511601	-0.509483	-0.509431	-0.501533	-0.508345	-0.512741	-0.513287	-0.509384	-0.511650	-0.507642	-0.515024	-0.508339	-0.506920	-0.514063	-0.507124
559.0	-0.510771	-0.508630	-0.510636	-0.507631	-0.507636	-0.512624	-0.505620	-0.508159	-0.500903	-0.510771	-0.513551	-0.513989	-0.508018	-0.511216	-0.508908	-0.515780	-0.508674	-0.505873	-0.512206	-0.508679
560.0	-0.512203	-0.509874	-0.512162	-0.508201	-0.506673	-0.512190	-0.502294	-0.507603	-0.503130	-0.514815	-0.514169	-0.513947	-0.509868	-0.511576	-0.510808	-0.514112	-0.508104	-0.504567	-0.511487	-0.509325
561.0	-0.512565	-0.511044	-0.512986	-0.507918	-0.506122	-0.511213	-0.504446	-0.508911	-0.507127	-0.515922	-0.514949	-0.514168	-0.511141	-0.510805	-0.511434	-0.510733	-0.507496	-0.504463	-0.508237	-0.509540
562.0	-0.513718	-0.511682	-0.511387	-0.510103	-0.508080	-0.512803	-0.504396	-0.510156	-0.508308	-0.515868	-0.517304	-0.511772	-0.510889	-0.511227	-0.511326	-0.510257	-0.508101	-0.504349	-0.507383	-0.510087
563.0	-0.516312	-0.512902	-0.508803	-0.511099	-0.509345	-0.513010	-0.506744	-0.510018	-0.509808	-0.513851	-0.517167	-0.511544	-0.512729	-0.509735	-0.512157	-0.512063	-0.507389	-0.504582	-0.508028	-0.510583
564.0	-0.514468	-0.511860	-0.506513	-0.512297	-0.508806	-0.512643	-0.509437	-0.509472	-0.512738	-0.512879	-0.516405	-0.512505	-0.514751	-0.508189	-0.513345	-0.510770	-0.506479	-0.505945	-0.508251	-0.513193
565.0	-0.512802	-0.513322	-0.506753	-0.513050	-0.509605	-0.509856	-0.511012	-0.508918	-0.512689	-0.511263	-0.512685	-0.510474	-0.514542	-0.506980	-0.512939	-0.512243	-0.505800	-0.507584	-0.511898	-0.512741
566.0	-0.510287	-0.512061	-0.504793	-0.513070	-0.509063	-0.508902	-0.511696	-0.507685	-0.511392	-0.509779	-0.511290	-0.508182	-0.514909	-0.506117	-0.512099	-0.513079	-0.506768	-0.510119	-0.515365	-0.512406
567.0	-0.508758	-0.510183	-0.504915	-0.511310	-0.506896	-0.508995	-0.511684	-0.510675	-0.511144	-0.509340	-0.508753	-0.506241	-0.513553	-0.504117	-0.512353	-0.514479	-0.509119	-0.509581	-0.514250	-0.513382
568.0	-0.507189	-0.509654	-0.506450	-0.510592	-0.507131	-0.509588	-0.509305	-0.508963	-0.509808	-0.509407	-0.507778	-0.503938	-0.509925	-0.505150	-0.511959	-0.512124	-0.511095	-0.510181	-0.514217	-0.515809
569.0	-0.505384	-0.509595	-0.507905	-0.508512	-0.504198	-0.508797	-0.508159	-0.507324	-0.509164	-0.509636	-0.508029	-0.504285	-0.508014	-0.506273	-0.511456	-0.509859	-0.510864	-0.509521	-0.512509	-0.516379
570.0	-0.504438	-0.508256	-0.510639	-0.506249	-0.502921	-0.505550	-0.506207	-0.506741	-0.509676	-0.512322	-0.508683	-0.504586	-0.507486	-0.505822	-0.510161	-0.506825	-0.509938	-0.508013	-0.511605	-0.513369
571.0	-0.504735	-0.508484	-0.510771	-0.503189	-0.503707	-0.504590	-0.507234	-0.506153	-0.510007	-0.510632	-0.509985	-0.504991	-0.507749	-0.504622	-0.508153	-0.503447	-0.509189	-0.509618	-0.508099	-0.510496
572.0	-0.505698	-0.508625	-0.507904	-0.503809	-0.504402	-0.503895	-0.506683	-0.504906	-0.508413	-0.512752	-0.509681	-0.506128	-0.508138	-0.505449	-0.505491	-0.500166	-0.506170	-0.509037	-0.503808	-0.510119
573.0	-0.507520	-0.508485	-0.504682	-0.504011	-0.504442	-0.503514	-0.507910	-0.503176	-0.509007	-0.512112	-0.509532	-0.509815	-0.510239	-0.506001	-0.503960	-0.500243	-0.505187	-0.511041	-0.500932	-0.511028
574.0	-0.506694	-0.504914	-0.503213	-0.504504	-0.504860	-0.504019	-0.507551	-0.502038	-0.507509	-0.509127	-0.507251	-0.512888	-0.510803	-0.506495	-0.504311	-0.497985	-0.502716	-0.509674	-0.499520	-0.512357
575.0	-0.505668	-0.502341	-0.503075	-0.503239	-0.503590	-0.503022	-0.508343	-0.501345	-0.504806	-0.506143	-0.504527	-0.512315	-0.510157	-0.508042	-0.504545	-0.497767	-0.501156	-0.507463	-0.498933	-0.511888
576.0	-0.506512	-0.498609	-0.500921	-0.502589	-0.501794	-0.503297	-0.508251	-0.501350	-0.504339	-0.505256	-0.502217	-0.512326	-0.508493	-0.507064	-0.505827	-0.498367	-0.500555	-0.506478	-0.497629	-0.512169
577.0	-0.503839	-0.497450	-0.499848	-0.500804	-0.500753	-0.504954	-0.509595	-0.502951	-0.502955	-0.503950	-0.501809	-0.509490	-0.505642	-0.504590	-0.507594	-0.498806	-0.501077	-0.505039	-0.498080	-0.511120
578.0	-0.502324	-0.497234	-0.498639	-0.500827	-0.500858	-0.502871	-0.509942	-0.501749	-0.501911	-0.500456	-0.501894	-0.504146	-0.506715	-0.504043	-0.504687	-0.502114	-0.502027	-0.501545	-0.499605	-0.508244
579.0	-0.501777	-0.496651	-0.499255	-0.499741	-0.499304	-0.497912	-0.509489	-0.500513	-0.501729	-0.496191	-0.500445	-0.500782	-0.504784	-0.501981	-0.503691	-0.504006	-0.502762	-0.499594	-0.500105	-0.506189
580.0	-0.498175	-0.495638	-0.498612	-0.498094	-0.498424	-0.495470	-0.507808	-0.503001	-0.501983	-0.495580	-0.501675	-0.497404	-0.502920	-0.498780	-0.501749	-0.504340	-0.502548	-0.499434	-0.501134	-0.502698
581.0	-0.495495	-0.496453	-0.498813	-0.497410	-0.498904	-0.493672	-0.505764	-0.502938	-0.501219	-0.492475	-0.501773	-0.495673	-0.501792	-0.496135	-0.497922	-0.502822	-0.500416	-0.499393	-0.502290	-0.499608
582.0	-0.494614	-0.497093	-0.500414	-0.497714	-0.498593	-0.492492	-0.503776	-0.502515	-0.499722	-0.494456	-0.499158	-0.497092	-0.500645	-0.495587	-0.493875	-0.500728	-0.497916	-0.498758	-0.500223	-0.499082
583.0	-0.494404	-0.497718	-0.499978	-0.498992	-0.497121	-0.494370	-0.500589	-0.501926	-0.500340	-0.494024	-0.497905	-0.496944	-0.498689	-0.495116	-0.495081	-0.497930	-0.498031	-0.500978	-0.498250	-0.497338
584.0	-0.495256	-0.497079	-0.499001	-0.498094	-0.495812	-0.494380	-0.495602	-0.498783	-0.498305	-0.493890	-0.494704	-0.495646	-0.496736	-0.491525	-0.496257	-0.492439	-0.496312	-0.499529	-0.496214	-0.496008
585.0	-0.495762	-0.496202	-0.497550	-0.495951	-0.493877	-0.494889	-0.493616	-0.493081	-0.496822	-0.496514	-0.495685	-0.495169	-0.495611	-0.487897	-0.494934	-0.488104	-0.493936	-0.499996	-0.493851	-0.496212
586.0	-0.497720	-0.494748	-0.496032	-0.494412	-0.493510	-0.495398	-0.490779	-0.488082	-0.494011	-0.500104	-0.494743	-0.494455	-0.494322	-0.484624	-0.495659	-0.485795	-0.490625	-0.498817	-0.493184	-0.498032
587.0	-0.497376	-0.495318	-0.494974	-0.493853	-0.492992	-0.496119	-0.490931	-0.484736	-0.492628	-0.499776	-0.495164	-0.493487	-0.495068	-0.483178	-0.493763	-0.485532	-0.487311	-0.494226	-0.494188	-0.494804
588.0	-0.497377	-0.495085	-0.493522	-0.495437	-0.493130	-0.494367	-0.489841	-0.482755	-0.491376	-0.498307	-0.494698	-0.492505	-0.497374	-0.484464	-0.489361	-0.487700	-0.485441	-0.491731	-0.492379	-0.495370
589.0	-0.496049	-0.494174	-0.493892	-0.497701	-0.491753	-0.493739	-0.490912	-0.481930	-0.491638	-0.495269	-0.493739	-0.493407	-0.494868	-0.486690	-0.490144	-0.488790	-0.485406	-0.490947	-0.493035	-0.496245
590.0	-0.494324	-0.493174	-0.492179	-0.497830	-0.490208	-0.491913	-0.493142	-0.483646	-0.491626	-0.494816	-0.492988	-0.492175	-0.495648	-0.488394	-0.492038	-0.488734	-0.484454	-0.488390	-0.493194	-0.495408
591.0	-0.490410	-0.492856	-0.494581	-0.499157	-0.491114	-0.489705	-0.493811	-0.484249	-0.491507	-0.492347	-0.491610	-0.492005	-0.496960	-0.492292	-0.492447	-0.488729	-0.485473	-0.485565	-0.493807	-0.496125
592.0	-0.489619	-0.492208	-0.495436	-0.496743	-0.491078	-0.487238	-0.496504	-0.485622	-0.490363	-0.492666	-0.490665	-0.491401	-0.496038	-0.494454	-0.493257	-0.488896	-0.487369	-0.482496	-0.492661	-0.497748
593.0	-0.490805	-0.492935	-0.492575	-0.496789	-0.490326	-0.486347	-0.497111	-0.486117	-0.490486	-0.491997	-0.492146	-0.489657	-0.494543	-0.493659	-0.496742	-0.490207	-0.489930	-0.484071	-0.489939	-0.496673
594.0	-0.491589	-0.492705	-0.491838	-0.494293	-0.491254	-0.483844	-0.497817	-0.486527	-0.490919	-0.492228	-0.492508	-0.486566	-0.494936	-0.491690	-0.496112	-0.492945	-0.493573	-0.486014	-0.487240	-0.496670
595.0	-0.490182	-0.490677	-0.494047	-0.491542	-0.491880	-0.482930	-0.499172	-0.486947	-0.491292	-0.491962	-0.493145	-0.486072	-0.494514	-0.487791	-0.494723	-0.498281	-0.494206	-0.488093	-0.486594	-0.496190
596.0	-0.489898	-0.490992	-0.492754	-0.492132	-0.491047	-0.483829	-0.496201	-0.490786	-0.489451	-0.495485	-0.491846	-0.486647	-0.493558	-0.484651	-0.493834	-0.500162	-0.494036	-0.491425	-0.486084	-0.495694
597.0	-0.489765	-0.490854	-0.493310	-0.492377	-0.491351	-0.486527	-0.496490	-0.491815	-0.490431	-0.495009	-0.493307	-0.488291	-0.491380	-0.486362	-0.491056	-0.500735	-0.493156	-0.493304	-0.486241	-0.491821
598.0	-0.491263	-0.493052	-0.494919	-0.496195	-0.493497	-0.492309	-0.496683	-0.493890	-0.490991	-0.494749	-0.493847	-0.489431	-0.490432	-0.486827	-0.491534	-0.499761	-0.494476	-0.499165	-0.488111	-0.493616
599.0	-0.494342	-0.495172	-0.496559	-0.497779	-0.495063	-0.495175	-0.496018	-0.494326	-0.493963	-0.494092	-0.493523	-0.491807	-0.488530	-0.487626	-0.494081	-0.499847	-0.494710	-0.501127	-0.490072	-0.492010
600.0	-0.496386	-0.496511	-0.497303	-0.499126	-0.495721	-0.496218	-0.495460	-0.495515	-0.494355	-0.492153	-0.490413	-0.493999	-0.490118	-0.488731	-0.496075	-0.498013	-0.496649	-0.501149	-0.491079	-0.491923
601.0	-0.495529	-0.500737	-0.499503	-0.500787	-0.497589	-0.494650	-0.496850	-0.495786	-0.493317	-0.491274	-0.491582	-0.496115	-0.490671	-0.493218	-0.496919	-0.495576	-0.499925	-0.499473	-0.495063	-0.496865
602.0	-0.498307	-0.503263	-0.500568	-0.500352	-0.498218	-0.493271	-0.498132	-0.496129	-0.491581	-0.493448	-0.493642	-0.498119	-0.492305	-0.497447	-0.496239	-0.494028	-0.501595	-0.497307	-0.496216	-0.499033
603.0	-0.499748	-0.505153	-0.500672	-0.501587	-0.499709	-0.491009	-0.497133	-0.494781	-0.492907	-0.493391	-0.496000	-0.499254	-0.495262	-0.499974	-0.497592	-0.492567	-0.503823	-0.498376	-0.495974	-0.500587
604.0	-0.498210	-0.503099	-0.501801	-0.499549	-0.499533	-0.490053	-0.497968	-0.496546	-0.493992	-0.493835	-0.494941	-0.497788	-0.499851	-0.503021	-0.497776	-0.493219	-0.504951	-0.497750	-0.495007	-0.501746
605.0	-0.496180	-0.501075	-0.504007	-0.500434	-0.500352	-0.488206	-0.498568	-0.499849	-0.494352	-0.494684	-0.492796	-0.498576	-0.502713	-0.501595	-0.498439	-0.496683	-0.503764	-0.498079	-0.495021	-0.502439
606.0	-0.494880	-0.501244	-0.500483	-0.501100	-0.499679	-0.488807	-0.499726	-0.503373	-0.491991	-0.499168	-0.493578	-0.497888	-0.503709	-0.500612	-0.500352	-0.496338	-0.501645	-0.501097	-0.496037	-0.502764
607.0	-0.492378	-0.499706	-0.499323	-0.499332	-0.498396	-0.490721	-0.504178	-0.503230	-0.492390	-0.502126	-0.497338	-0.497745	-0.502431	-0.502366	-0.502382	-0.498151	-0.501399	-0.502586	-0.498399	-0.501309
608.0	-0.492109	-0.501269	-0.499537	-0.502153	-0.498260	-0.494981	-0.505444	-0.504728	-0.493269	-0.503406	-0.499287	-0.497998	-0.502072	-0.501141	-0.501300	-0.497283	-0.499461	-0.502901	-0.500402	-0.502067
609.0	-0.493914	-0.503610	-0.500760	-0.501537	-0.495803	-0.498163	-0.504094	-0.503947	-0.494209	-0.503773	-0.503377	-0.498053	-0.499763	-0.499720	-0.500562	-0.498529	-0.494237	-0.502703	-0.501780	-0.499519
610.0	-0.494718	-0.505652	-0.501612	-0.502891	-0.493745	-0.501895	-0.503928	-0.501650	-0.495635	-0.501497	-0.506163	-0.499320	-0.498261	-0.498140	-0.498824	-0.499060	-0.493528	-0.501539	-0.505152	-0.497351
611.0	-0.496318	-0.509272	-0.504418	-0.503490	-0.495687	-0.501683	-0.506268	-0.498281	-0.496511	-0.501566	-0.508876	-0.497463	-0.497221	-0.498476	-0.499170	-0.498352	-0.492997	-0.499420	-0.507291	-0.498846
612.0	-0.499490	-0.509372	-0.504776	-0.504392	-0.494613	-0.500225	-0.502660	-0.497281	-0.496476	-0.503737	-0.508061	-0.497697	-0.498047	-0.498771	-0.497974	-0.500306	-0.494653	-0.499503	-0.507416	-0.498280
613.0	-0.499707	-0.505895	-0.503598	-0.505024	-0.495436	-0.497388	-0.497930	-0.495154	-0.497763	-0.503540	-0.506638	-0.496562	-0.500387	-0.499563	-0.499442	-0.499025	-0.494888	-0.498463	-0.504372	-0.497639
614.0	-0.499361	-0.501745	-0.503512	-0.502591	-0.494777	-0.494903	-0.495597	-0.495756	-0.497339	-0.502409	-0.504804	-0.497821	-0.501269	-0.500270	-0.500543	-0.499463	-0.494066	-0.496047	-0.502154	-0.498429
615.0	-0.499689	-0.498241	-0.503325	-0.503779	-0.496630	-0.492445	-0.493864	-0.496891	-0.495001	-0.500551	-0.501519	-0.500419	-0.503262	-0.500846	-0.502325	-0.499590	-0.494188	-0.497954	-0.499770	-0.500197
616.0	-0.497059	-0.497560	-0.498498	-0.500407	-0.498396	-0.490445	-0.493991	-0.497841	-0.492792	-0.498800	-0.499368	-0.500662	-0.504477	-0.499013	-0.505476	-0.500800	-0.497712	-0.500032	-0.498280	-0.501345
617.0	-0.496482	-0.496528	-0.498046	-0.497990	-0.499557	-0.491193	-0.496213	-0.497808	-0.491111	-0.498176	-0.497975	-0.501844	-0.502960	-0.502196	-0.506569	-0.501528	-0.502368	-0.503138	-0.495417	-0.499929
618.0	-0.498178	-0.496717	-0.498823	-0.497374	-0.499402	-0.491958	-0.494511	-0.498738	-0.489876	-0.497578	-0.496691	-0.502111	-0.501049	-0.502006	-0.504661	-0.499937	-0.502651	-0.502918	-0.495138	-0.500953
619.0	-0.499394	-0.497855	-0.498402	-0.496171	-0.496793	-0.494089	-0.494762	-0.498599	-0.488549	-0.496978	-0.497796	-0.499693	-0.500257	-0.502092	-0.503986	-0.499917	-0.500970	-0.502772	-0.497529	-0.498879
620.0	-0.501481	-0.497563	-0.498342	-0.494444	-0.496194	-0.496691	-0.494637	-0.496745	-0.487931	-0.495596	-0.499328	-0.499889	-0.499454	-0.500757	-0.501792	-0.499245	-0.501778	-0.503094	-0.499273	-0.496763
621.0	-0.504167	-0.498503	-0.499789	-0.492619	-0.494824	-0.500858	-0.492156	-0.494863	-0.488342	-0.495888	-0.499967	-0.497100	-0.497115	-0.499476	-0.499834	-0.497500	-0.501335	-0.500716	-0.498830	-0.498734
622.0	-0.504478	-0.496885	-0.500117	-0.493014	-0.491786	-0.502119	-0.487479	-0.494666	-0.488556	-0.497377	-0.498037	-0.494441	-0.494779	-0.497140	-0.497711	-0.498579	-0.499085	-0.501059	-0.499032	-0.499302
623.0	-0.503274	-0.494415	-0.500919	-0.494434	-0.491134	-0.501265	-0.484873	-0.493164	-0.491235	-0.496729	-0.499941	-0.492940	-0.492557	-0.491992	-0.496012	-0.495652	-0.495093	-0.500269	-0.494670	-0.498728
624.0	-0.497726	-0.493213	-0.500635	-0.493036	-0.489458	-0.497735	-0.485279	-0.491494	-0.492177	-0.496253	-0.498110	-0.492821	-0.490070	-0.487704	-0.490706	-0.492861	-0.493723	-0.496835	-0.493543	-0.497567
625.0	-0.488783	-0.493369	-0.496542	-0.493769	-0.488290	-0.495565	-0.485773	-0.491609	-0.492556	-0.495306	-0.494652	-0.492947	-0.491174	-0.484502	-0.487591	-0.489571	-0.493157	-0.494934	-0.489964	-0.493587
626.0	-0.481647	-0.494207	-0.491211	-0.491333	-0.486378	-0.492559	-0.485825	-0.489545	-0.493498	-0.491078	-0.488998	-0.490329	-0.492357	-0.478955	-0.483667	-0.488796	-0.492389	-0.492915	-0.486247	-0.490788
627.0	-0.477509	-0.492601	-0.489692	-0.490908	-0.484040	-0.487348	-0.487016	-0.486210	-0.490350	-0.488742	-0.482350	-0.486258	-0.492060	-0.479245	-0.480704	-0.484933	-0.489233	-0.489408	-0.484132	-0.486091
628.0	-0.472624	-0.489385	-0.482913	-0.486337	-0.480876	-0.480054	-0.482415	-0.483273	-0.488057	-0.487049	-0.476203	-0.483188	-0.490876	-0.475406	-0.478862	-0.483610	-0.485323	-0.486636	-0.484922	-0.482912
629.0	-0.467104	-0.484045	-0.478354	-0.481461	-0.476555	-0.472757	-0.479717	-0.477294	-0.481848	-0.484706	-0.471125	-0.478685	-0.488841	-0.474035	-0.473668	-0.480109	-0.480210	-0.483283	-0.486003	-0.477611
630.0	-0.464155	-0.477613	-0.475357	-0.473378	-0.472786	-0.469163	-0.474408	-0.472683	-0.475438	-0.480481	-0.468585	-0.475524	-0.483635	-0.472229	-0.471879	-0.473557	-0.476957	-0.480628	-0.484519	-0.474118
631.0	-0.463676	-0.471854	-0.469137	-0.466040	-0.466381	-0.467123	-0.467813	-0.464059	-0.471762	-0.476500	-0.467584	-0.467198	-0.475088	-0.469146	-0.468774	-0.466957	-0.470806	-0.474181	-0.480780	-0.471522
632.0	-0.457638	-0.463120	-0.464663	-0.461476	-0.461483	-0.458898	-0.463295	-0.459933	-0.464199	-0.470613	-0.459613	-0.458842	-0.466753	-0.463894	-0.465494	-0.463034	-0.463658	-0.468115	-0.475358	-0.465289
633.0	-0.451973	-0.456200	-0.455252	-0.457154	-0.456786	-0.452945	-0.458915	-0.452769	-0.457812	-0.463008	-0.455602	-0.453240	-0.458127	-0.456648	-0.457896	-0.458138	-0.457100	-0.462206	-0.469271	-0.458499
634.0	-0.445779	-0.449873	-0.446611	-0.447097	-0.451666	-0.447424	-0.452787	-0.443311	-0.449253	-0.456851	-0.447451	-0.451304	-0.447907	-0.449596	-0.445378	-0.452582	-0.450760	-0.450475	-0.460968	-0.449542
635.0	-0.437782	-0.445477	-0.440187	-0.437078	-0.443462	-0.442745	-0.444932	-0.434064	-0.440287	-0.450803	-0.438830	-0.446392	-0.438626	-0.442811	-0.432924	-0.446356	-0.443238	-0.438124	-0.445966	-0.440814
636.0	-0.431974	-0.438892	-0.431927	-0.424959	-0.430765	-0.433030	-0.432386	-0.423019	-0.430298	-0.443010	-0.429354	-0.436729	-0.427973	-0.432188	-0.420061	-0.440181	-0.430111	-0.429532	-0.432065	-0.431866
637.0	-0.424852	-0.431498	-0.424738	-0.414952	-0.420789	-0.420188	-0.418836	-0.411642	-0.418336	-0.432334	-0.420054	-0.427128	-0.415965	-0.425435	-0.409239	-0.432169	-0.418287	-0.421348	-0.421378	-0.420669
638.0	-0.412233	-0.423028	-0.410906	-0.403450	-0.410136	-0.411683	-0.405214	-0.401404	-0.408613	-0.416669	-0.403056	-0.417002	-0.403152	-0.413788	-0.396512	-0.416674	-0.409410	-0.415990	-0.407077	-0.410958
639.0	-0.397765	-0.407355	-0.398701	-0.391157	-0.393901	-0.400859	-0.392782	-0.387378	-0.396332	-0.397491	-0.386612	-0.401226	-0.386719	-0.399230	-0.380506	-0.399421	-0.395628	-0.403807	-0.397721	-0.397717
640.0	-0.380004	-0.387941	-0.378058	-0.372391	-0.374061	-0.385228	-0.375577	-0.370324	-0.380144	-0.375373	-0.368360	-0.380963	-0.369411	-0.380181	-0.367557	-0.379582	-0.380017	-0.388453	-0.381902	-0.386583
641.0	-0.355770	-0.369350	-0.356411	-0.353681	-0.350986	-0.365113	-0.355597	-0.349686	-0.360916	-0.353493	-0.347103	-0.352679	-0.351120	-0.355925	-0.347477	-0.356677	-0.359440	-0.365924	-0.362337	-0.366885
642.0	-0.321692	-0.340065	-0.328526	-0.328660	-0.323216	-0.338676	-0.337071	-0.337068	-0.333309	-0.323762	-0.318264	-0.321604	-0.325024	-0.330354	-0.323118	-0.332851	-0.333107	-0.335471	-0.338317	-0.342787
643.0	-0.288800	-0.302742	-0.295494	-0.301429	-0.296094	-0.311336	-0.312567	-0.310165	-0.302631	-0.288432	-0.286390	-0.284098	-0.291474	-0.295236	-0.290894	-0.297638	-0.299967	-0.298287	-0.309648	-0.308689
644.0	-0.251197	-0.263873	-0.260630	-0.261236	-0.260744	-0.273919	-0.274769	-0.273107	-0.262255	-0.252272	-0.249838	-0.251732	-0.253896	-0.256023	-0.251396	-0.258452	-0.260810	-0.250444	-0.269581	-0.266843
645.0	-0.204218	-0.218731	-0.218787	-0.215519	-0.222841	-0.222407	-0.224607	-0.232946	-0.213716	-0.211436	-0.210346	-0.206819	-0.208610	-0.217774	-0.210796	-0.214047	-0.218074	-0.200925	-0.215783	-0.218129
646.0	-0.152093	-0.161868	-0.172540	-0.158114	-0.172365	-0.158714	-0.170056	-0.180177	-0.158789	-0.168527	-0.162414	-0.151253	-0.154956	-0.163907	-0.168101	-0.164776	-0.164315	-0.145820	-0.160774	-0.158402
647.0	-0.092241	-0.104232	-0.120489	-0.095501	-0.118465	-0.095016	-0.107971	-0.117563	-0.106270	-0.107969	-0.107501	-0.097952	-0.096912	-0.103667	-0.115099	-0.107146	-0.096624	-0.086766	-0.108259	-0.092209
648.0	-0.027217	-0.034710	-0.057353	-0.028876	-0.048182	-0.030613	-0.039439	-0.047192	-0.041703	-0.047411	-0.036698	-0.040121	-0.034061	-0.033836	-0.049411	-0.033299	-0.032308	-0.029634	-0.040679	-0.021813
649.0	0.038518	0.043586	0.012058	0.054088	0.036101	0.043433	0.037591	0.036310	0.026874	0.027366	0.035965	0.032829	0.037577	0.038513	0.021246	0.041791	0.039649	0.041550	0.029242	0.053475
650.0	0.106192	0.122286	0.102320	0.135991	0.120413	0.127852	0.126302	0.130391	0.109944	0.110165	0.119611	0.114691	0.112349	0.122104	0.104831	0.126712	0.118987	0.122410	0.118386	0.133989
651.0	0.200027	0.209590	0.193524	0.220846	0.211838	0.213445	0.220146	0.216531	0.196044	0.195651	0.202235	0.208315	0.202075	0.212664	0.191081	0.221176	0.207930	0.208990	0.221765	0.211716
652.0	0.294123	0.309142	0.289821	0.314692	0.306414	0.300952	0.305401	0.304735	0.281572	0.293650	0.296986	0.299016	0.300172	0.307019	0.285395	0.314321	0.297013	0.292891	0.321975	0.301075
653.0	0.381894	0.412948	0.383175	0.399234	0.391334	0.392861	0.393720	0.394746	0.370240	0.391671	0.399895	0.396563	0.398325	0.414432	0.385867	0.412671	0.388487	0.388810	0.425160	0.393618
654.0	0.468283	0.505157	0.481056	0.485280	0.490284	0.484771	0.493797	0.481334	0.467276	0.478246	0.497762	0.488753	0.495186	0.510990	0.482127	0.506160	0.493855	0.486134	0.525045	0.481156
655.0	0.559303	0.596143	0.577267	0.570789	0.586579	0.581808	0.598450	0.566968	0.571542	0.576411	0.589673	0.583101	0.591100	0.604239	0.577570	0.592877	0.596589	0.589253	0.615462	0.574448
656.0	0.656337	0.690062	0.662301	0.672595	0.682238	0.672874	0.700217	0.666949	0.668811	0.672230	0.686944	0.674578	0.694452	0.700875	0.678241	0.678213	0.694476	0.693507	0.692785	0.672491
657.0	0.754042	0.778942	0.759333	0.770171	0.776054	0.756232	0.803473	0.757876	0.755887	0.774585	0.784640	0.751385	0.781957	0.792078	0.781235	0.763981	0.788524	0.795204	0.772775	0.761857
658.0	0.853534	0.867480	0.857628	0.856488	0.884019	0.846341	0.895599	0.842385	0.844122	0.867754	0.878869	0.848778	0.861758	0.873543	0.878354	0.856219	0.857295	0.887860	0.858532	0.851024
659.0	0.950199	0.964843	0.959504	0.954760	0.982083	0.944883	0.979996	0.931282	0.928076	0.960615	0.982825	0.949236	0.946131	0.947597	0.970033	0.948888	0.940814	0.972038	0.943345	0.944521
660.0	1.043495	1.046993	1.059953	1.034663	1.057493	1.039486	1.048097	1.033621	1.039204	1.067787	1.083967	1.047974	1.034841	1.022385	1.070108	1.053319	1.021496	1.070235	1.040949	1.045442
661.0	1.151137	1.155993	1.150532	1.133050	1.137854	1.138227	1.132992	1.126851	1.123174	1.165165	1.176016	1.150221	1.126400	1.117725	1.158433	1.161008	1.117300	1.157053	1.154465	1.148307
662.0	1.267652	1.254606	1.242066	1.235380	1.215858	1.255539	1.205717	1.232512	1.219459	1.281250	1.281867	1.249626	1.228486	1.218147	1.247576	1.240452	1.209795	1.242776	1.250010	1.255704
663.0	1.388873	1.364736	1.359754	1.341278	1.309965	1.364993	1.305866	1.341784	1.330495	1.382170	1.390141	1.367800	1.339440	1.346363	1.348177	1.346885	1.327508	1.354381	1.350106	1.380765
664.0	1.517685	1.492563	1.480945	1.475150	1.444709	1.488902	1.446245	1.468192	1.473934	1.471884	1.500171	1.483917	1.486097	1.475177	1.459315	1.465521	1.473328	1.474231	1.476486	1.510919
665.0	1.668447	1.640524	1.622629	1.636911	1.600505	1.619512	1.611598	1.622304	1.631998	1.614182	1.619819	1.625005	1.644689	1.629147	1.604085	1.599079	1.638216	1.618601	1.617488	1.656216
666.0	1.846496	1.796629	1.790530	1.814580	1.771250	1.773730	1.794918	1.805903	1.803235	1.773221	1.777841	1.785068	1.817284	1.791064	1.785139	1.758497	1.819215	1.772919	1.785822	1.823104
667.0	2.027982	1.981002	1.991911	2.009769	1.976454	1.960646	2.011400	1.999048	2.023287	1.973118	1.982971	1.982274	2.004272	1.992924	1.983542	1.949670	2.014702	1.967161	1.977645	1.999348
668.0	2.232451	2.193727	2.232504	2.217215	2.223868	2.189012	2.238101	2.210760	2.255471	2.183735	2.202637	2.221977	2.235320	2.211618	2.187834	2.175571	2.226570	2.189943	2.193981	2.185061
669.0	2.450987	2.435060	2.471669	2.435993	2.465790	2.451288	2.462136	2.440905	2.504350	2.416032	2.457691	2.459423	2.478404	2.444523	2.423760	2.414057	2.477431	2.428425	2.435331	2.397896
670.0	2.685551	2.681118	2.708720	2.664382	2.694088	2.717643	2.716002	2.677676	2.756679	2.678005	2.704895	2.708051	2.731776	2.676443	2.677891	2.683519	2.709193	2.694309	2.702676	2.633567
671.0	2.950688	2.957663	2.964570	2.920181	2.939022	3.009147	2.974291	2.933910	2.968350	2.942077	2.953963	2.961567	2.960993	2.934964	2.935019	2.950675	2.956970	2.968337	2.965367	2.888470
672.0	3.210632	3.202329	3.211802	3.158243	3.178229	3.289791	3.211017	3.185890	3.192919	3.211327	3.202528	3.189593	3.198962	3.174857	3.195109	3.204460	3.203489	3.221269	3.210267	3.135387
673.0	3.434632	3.444984	3.446935	3.386349	3.412747	3.512860	3.432540	3.415082	3.398307	3.437028	3.424122	3.416434	3.423065	3.408392	3.429900	3.454140	3.429872	3.459701	3.433538	3.383282
674.0	3.635492	3.660868	3.650046	3.601208	3.615840	3.709037	3.638504	3.634528	3.602026	3.626874	3.613090	3.606150	3.632277	3.600411	3.638428	3.655662	3.614421	3.645369	3.640726	3.606842
675.0	3.800997	3.817024	3.810427	3.793333	3.779322	3.851089	3.795938	3.832377	3.758704	3.797324	3.759261	3.757868	3.792510	3.782755	3.814157	3.814073	3.774024	3.800851	3.802363	3.791362
676.0	3.904581	3.891317	3.913509	3.926547	3.890106	3.949889	3.907293	3.961982	3.891001	3.909840	3.870869	3.865384	3.877625	3.897033	3.932328	3.935704	3.898211	3.907657	3.906669	3.932319
677.0	3.948678	3.939961	3.973550	3.996470	3.945969	3.983936	3.969264	4.017452	3.995680	3.969222	3.927548	3.945158	3.927207	3.976532	3.973537	3.987568	3.975210	3.977238	3.953693	3.999310
678.0	3.948849	3.924384	3.989294	3.993756	3.958697	3.957077	3.955404	4.002952	4.000001	3.954297	3.941919	3.963103	3.937753	4.000661	3.949820	3.977577	3.974799	3.966366	3.952458	3.995708
679.0	3.875191	3.868940	3.917899	3.922205	3.898751	3.878906	3.876592	3.920458	3.933905	3.900535	3.903201	3.913670	3.878968	3.940786	3.883994	3.903191	3.918725	3.899632	3.921809	3.944420
680.0	3.775397	3.764067	3.797202	3.815991	3.797195	3.752189	3.772960	3.788629	3.802394	3.777245	3.781283	3.814331	3.784676	3.809580	3.764833	3.783805	3.789200	3.783820	3.826161	3.830435
681.0	3.621968	3.617512	3.652707	3.654067	3.653617	3.586201	3.607784	3.624195	3.626321	3.615665	3.630573	3.661802	3.616821	3.650043	3.613759	3.629448	3.630571	3.626140	3.670423	3.669970
682.0	3.412472	3.436958	3.420443	3.433766	3.468127	3.378542	3.408214	3.395855	3.412671	3.418895	3.443996	3.455284	3.424010	3.436572	3.438807	3.430650	3.440943	3.406790	3.448691	3.445636
683.0	3.172545	3.206143	3.162495	3.176014	3.242766	3.131760	3.167809	3.146742	3.169084	3.192099	3.204374	3.222024	3.204778	3.184257	3.208876	3.187767	3.200571	3.160883	3.198868	3.181621
684.0	2.910500	2.941262	2.895291	2.901283	2.964478	2.884570	2.907887	2.907553	2.915037	2.933843	2.935038	2.951349	2.953324	2.922708	2.957048	2.917303	2.932842	2.890229	2.912591	2.915870
685.0	2.638344	2.659298	2.608819	2.638266	2.682705	2.623522	2.637389	2.655596	2.644750	2.664621	2.651062	2.652810	2.683461	2.661161	2.679887	2.637095	2.649367	2.634286	2.623404	2.637044
686.0	2.355084	2.357819	2.317850	2.364102	2.391731	2.366531	2.372372	2.388144	2.378531	2.386065	2.369765	2.373361	2.383639	2.377153	2.400664	2.363784	2.362003	2.375723	2.330168	2.356468
687.0	2.095553	2.087504	2.060352	2.084365	2.096408	2.104497	2.107758	2.117581	2.113451	2.116829	2.098330	2.108027	2.097293	2.109688	2.120294	2.085590	2.089552	2.114018	2.048363	2.093146
688.0	1.854351	1.822284	1.819935	1.839131	1.834968	1.849038	1.844329	1.859846	1.845311	1.859806	1.863131	1.854741	1.834667	1.859170	1.857368	1.826235	1.816987	1.840451	1.800491	1.846111
689.0	1.614191	1.602707	1.598474	1.616542	1.603695	1.616671	1.616105	1.627786	1.601158	1.637979	1.631773	1.621863	1.597344	1.615690	1.615736	1.594069	1.578177	1.608903	1.597588	1.630863
690.0	1.426216	1.396843	1.404550	1.424974	1.411665	1.403488	1.418598	1.429758	1.395750	1.424652	1.416541	1.422893	1.393796	1.410082	1.400652	1.393751	1.371364	1.407249	1.401090	1.434333
691.0	1.248398	1.232754	1.241585	1.244132	1.240100	1.219377	1.259454	1.241542	1.231074	1.248105	1.250870	1.251166	1.212324	1.244466	1.232723	1.229485	1.206267	1.223728	1.238868	1.269248
692.0	1.109135	1.102727	1.078973	1.096300	1.101047	1.073294	1.121326	1.076569	1.089561	1.105820	1.102198	1.110027	1.068552	1.105750	1.097919	1.084846	1.083211	1.077915	1.075573	1.106654
693.0	0.992970	0.975395	0.967078	0.964962	0.971186	0.941498	1.000254	0.951392	0.971220	0.984910	0.969190	0.975419	0.951535	0.977557	0.969806	0.970142	0.983935	0.948745	0.967138	0.971357
694.0	0.888795	0.877671	0.870117	0.858787	0.857943	0.843145	0.895412	0.845862	0.874393	0.873036	0.861241	0.865677	0.848625	0.872251	0.861575	0.867571	0.897272	0.853202	0.868149	0.864734
695.0	0.804831	0.804198	0.791011	0.772729	0.773306	0.754251	0.803083	0.758531	0.777910	0.784320	0.775782	0.774442	0.763319	0.779262	0.771775	0.781213	0.807457	0.783909	0.792494	0.776530
696.0	0.726573	0.722353	0.721927	0.701450	0.701797	0.689563	0.731548	0.694592	0.698214	0.708885	0.715668	0.708649	0.695922	0.700511	0.705650	0.707989	0.721778	0.728685	0.729517	0.696054
697.0	0.652895	0.664637	0.667781	0.648414	0.644645	0.635242	0.663493	0.635096	0.633311	0.651250	0.669986	0.653881	0.647226	0.636696	0.647330	0.653487	0.657124	0.672958	0.663844	0.633931
698.0	0.600885	0.614142	0.621272	0.612433	0.599089	0.590308	0.605094	0.584905	0.582766	0.594237	0.619971	0.608511	0.606741	0.581456	0.595104	0.600922	0.602572	0.621859	0.615846	0.577493
699.0	0.551146	0.572183	0.573741	0.576664	0.562709	0.549793	0.561251	0.547618	0.534284	0.550828	0.576389	0.560034	0.564435	0.541485	0.557679	0.560260	0.549747	0.581440	0.569441	0.534504
700.0	0.510972	0.528544	0.532363	0.540499	0.535943	0.513112	0.517818	0.517114	0.498695	0.509274	0.540464	0.519665	0.529447	0.511739	0.520375	0.526864	0.507725	0.540637	0.526053	0.499231
701.0	0.476946	0.495325	0.491059	0.505050	0.509204	0.485632	0.486536	0.487552	0.478253	0.477602	0.513837	0.482878	0.501088	0.487186	0.498872	0.494125	0.481495	0.505529	0.493465	0.477953
702.0	0.442265	0.465004	0.462119	0.484442	0.482491	0.456914	0.458060	0.461279	0.460275	0.460751	0.481428	0.457161	0.480113	0.471016	0.483148	0.468995	0.472239	0.474075	0.458366	0.447843
703.0	0.417533	0.441441	0.444499	0.456247	0.448300	0.428441	0.435421	0.441212	0.446889	0.449151	0.452165	0.425955	0.458124	0.448274	0.458056	0.452307	0.454024	0.441601	0.438055	0.431058
704.0	0.407753	0.421043	0.423351	0.427304	0.424434	0.405306	0.416434	0.415284	0.433552	0.439859	0.423671	0.402871	0.433977	0.421671	0.432003	0.429762	0.436999	0.417266	0.424048	0.416959
705.0	0.398122	0.405606	0.398664	0.404694	0.399200	0.377911	0.394231	0.387683	0.396914	0.427296	0.394817	0.384020	0.418884	0.405520	0.400297	0.414921	0.419603	0.400645	0.412905	0.400847
706.0	0.385524	0.383563	0.382867	0.385534	0.380431	0.356085	0.384057	0.361561	0.377509	0.419032	0.380662	0.368900	0.409005	0.385985	0.367505	0.392928	0.399908	0.389323	0.400271	0.383593
707.0	0.370460	0.377448	0.363331	0.367257	0.369645	0.336634	0.369421	0.345910	0.355728	0.404289	0.365082	0.357692	0.399424	0.365043	0.343187	0.375051	0.376842	0.372884	0.373809	0.367884
708.0	0.366366	0.359836	0.349557	0.347981	0.348693	0.322711	0.358149	0.323125	0.344737	0.387767	0.342746	0.347409	0.378134	0.347099	0.314904	0.361401	0.353055	0.359864	0.346998	0.358252
709.0	0.351936	0.344178	0.331184	0.333589	0.333323	0.310090	0.336146	0.314377	0.335855	0.363253	0.319489	0.331595	0.351770	0.328034	0.295285	0.347316	0.332661	0.339370	0.315484	0.344933
710.0	0.332634	0.329606	0.316538	0.313247	0.320952	0.298124	0.315405	0.307972	0.323475	0.336114	0.307359	0.314027	0.330438	0.311063	0.276017	0.325904	0.315380	0.324157	0.291088	0.329927
711.0	0.320524	0.315210	0.296711	0.295153	0.300539	0.278985	0.303586	0.295999	0.311307	0.310213	0.297751	0.291254	0.307283	0.294166	0.270229	0.303916	0.303779	0.309575	0.271701	0.317161
712.0	0.290384	0.302410	0.283070	0.283863	0.286955	0.262580	0.294884	0.288435	0.292368	0.287740	0.282029	0.272408	0.293188	0.279607	0.268986	0.284805	0.294720	0.290027	0.250599	0.297788
713.0	0.268367	0.288302	0.270772	0.262200	0.270951	0.246334	0.275614	0.276920	0.286857	0.265684	0.261377	0.245896	0.275052	0.268202	0.265129	0.274624	0.270997	0.273274	0.229335	0.286078
714.0	0.261159	0.273515	0.252371	0.244593	0.253549	0.236749	0.249794	0.258780	0.268935	0.244842	0.252145	0.221231	0.257233	0.253386	0.261619	0.254777	0.255519	0.254332	0.223459	0.264004
715.0	0.243516	0.261828	0.224668	0.237632	0.237187	0.232442	0.237724	0.234884	0.242910	0.221497	0.241740	0.202586	0.252567	0.243362	0.253487	0.240800	0.238500	0.239673	0.218187	0.240280
716.0	0.223039	0.252852	0.201379	0.228223	0.222503	0.226297	0.221456	0.215484	0.226559	0.197434	0.233161	0.186112	0.237963	0.225348	0.240867	0.222448	0.216829	0.231131	0.211063	0.225803
717.0	0.203934	0.236894	0.178433	0.216722	0.209653	0.215835	0.202984	0.199642	0.198586	0.182341	0.209218	0.174237	0.228135	0.203054	0.226130	0.206205	0.192424	0.222986	0.199361	0.209828
718.0	0.188313	0.207555	0.164113	0.208464	0.190651	0.203982	0.185138	0.174668	0.179586	0.171175	0.188773	0.171512	0.206154	0.182940	0.204622	0.192004	0.173236	0.208051	0.188748	0.194470
719.0	0.169498	0.185587	0.149509	0.196089	0.167924	0.187921	0.162911	0.166069	0.161129	0.160289	0.165559	0.164238	0.183793	0.160790	0.180578	0.177875	0.164999	0.178300	0.183989	0.178540
720.0	0.151820	0.162628	0.138519	0.177336	0.143159	0.164235	0.148636	0.150247	0.138825	0.149623	0.154029	0.151423	0.163752	0.143850	0.159231	0.162064	0.142653	0.152862	0.180143	0.156355
721.0	0.137042	0.139510	0.129457	0.160735	0.121221	0.141744	0.135033	0.137413	0.119814	0.135723	0.137129	0.131847	0.142993	0.125355	0.139723	0.147528	0.122841	0.123165	0.169250	0.140982
722.0	0.110202	0.121430	0.115765	0.143541	0.105417	0.111904	0.119253	0.127370	0.098190	0.118132	0.119547	0.118276	0.122536	0.115362	0.119533	0.136135	0.099183	0.100495	0.144776	0.129548
723.0	0.091831	0.096173	0.099998	0.113350	0.094076	0.084350	0.096061	0.108507	0.091827	0.098466	0.094045	0.097076	0.103844	0.103175	0.108118	0.125655	0.080748	0.075850	0.113854	0.117376
724.0	0.083139	0.077326	0.079191	0.087579	0.074478	0.067066	0.068854	0.092225	0.080460	0.075950	0.076569	0.074342	0.082997	0.088036	0.088326	0.108008	0.065902	0.058729	0.088257	0.094280
725.0	0.062541	0.065609	0.062543	0.070164	0.059780	0.051431	0.056757	0.066400	0.062093	0.055814	0.057791	0.061169	0.063866	0.070935	0.069663	0.095434	0.054644	0.049156	0.062718	0.073506
726.0	0.048918	0.053628	0.043187	0.050820	0.046240	0.033793	0.039188	0.049881	0.044499	0.029065	0.038184	0.052590	0.035686	0.048865	0.049146	0.077798	0.038381	0.045269	0.045495	0.053561
727.0	0.031404	0.036224	0.023776	0.030228	0.029752	0.022490	0.022760	0.028413	0.022859	0.012931	0.013510	0.037751	0.024213	0.022619	0.026929	0.052571	0.024537	0.035952	0.022973	0.029326
728.0	0.011926	0.013915	0.006748	0.018740	0.012385	0.006987	0.009555	0.004010	0.008425	-0.005469	0.004228	0.022285	0.003684	-0.006564	0.008264	0.022775	0.011194	0.017850	0.007757	-0.002039
729.0	-0.011052	-0.006593	-0.009380	-0.001527	-0.010862	-0.008360	-0.006489	-0.019092	-0.007296	-0.016950	-0.007871	-0.001566	-0.016258	-0.032695	-0.006656	-0.007273	0.001040	-0.001570	-0.006763	-0.032340
730.0	-0.032557	-0.027893	-0.029164	-0.025015	-0.033118	-0.027314	-0.021160	-0.043164	-0.022999	-0.031704	-0.024075	-0.029111	-0.034260	-0.056359	-0.025157	-0.031255	-0.021900	-0.019721	-0.021521	-0.056761
731.0	-0.052728	-0.050195	-0.049155	-0.045339	-0.054507	-0.040217	-0.045022	-0.053954	-0.040871	-0.049460	-0.041163	-0.055720	-0.056483	-0.077205	-0.045199	-0.056995	-0.043582	-0.040533	-0.042229	-0.074211
732.0	-0.072596	-0.070847	-0.070994	-0.071631	-0.071435	-0.058207	-0.068230	-0.072438	-0.062501	-0.073109	-0.060682	-0.077725	-0.072748	-0.085936	-0.064581	-0.074759	-0.069253	-0.059789	-0.069240	-0.080442
733.0	-0.091580	-0.095652	-0.092076	-0.098857	-0.085525	-0.074370	-0.089924	-0.087869	-0.078221	-0.100012	-0.079876	-0.100524	-0.091657	-0.095982	-0.080535	-0.094682	-0.084476	-0.084438	-0.092653	-0.090774
734.0	-0.108568	-0.109885	-0.113366	-0.118555	-0.107748	-0.095676	-0.112990	-0.102827	-0.095003	-0.126504	-0.099522	-0.116904	-0.107278	-0.108304	-0.104136	-0.109772	-0.105438	-0.103840	-0.114924	-0.108712
735.0	-0.129478	-0.128061	-0.122474	-0.135332	-0.125056	-0.118671	-0.126199	-0.123716	-0.117010	-0.140863	-0.115900	-0.122918	-0.125307	-0.122387	-0.119504	-0.126272	-0.117985	-0.119997	-0.133638	-0.120999
736.0	-0.142756	-0.143117	-0.138397	-0.152631	-0.138535	-0.138156	-0.136112	-0.132557	-0.137983	-0.157308	-0.133479	-0.128596	-0.143708	-0.134048	-0.136286	-0.141660	-0.135063	-0.139014	-0.146065	-0.134941
737.0	-0.161598	-0.156337	-0.151600	-0.162374	-0.160027	-0.158405	-0.144435	-0.148292	-0.155642	-0.171107	-0.153067	-0.138981	-0.152798	-0.154249	-0.159367	-0.162558	-0.154874	-0.158240	-0.161774	-0.152044
738.0	-0.184660	-0.172433	-0.166205	-0.169466	-0.179423	-0.176443	-0.156488	-0.167048	-0.172731	-0.180013	-0.171504	-0.153498	-0.168591	-0.176422	-0.172780	-0.185021	-0.175667	-0.177956	-0.175376	-0.170717
739.0	-0.203536	-0.184887	-0.177624	-0.180688	-0.198731	-0.195727	-0.174863	-0.183428	-0.186104	-0.187826	-0.191819	-0.169843	-0.185135	-0.197829	-0.184380	-0.201884	-0.185647	-0.193590	-0.192774	-0.189296
740.0	-0.225130	-0.200457	-0.194597	-0.195163	-0.209087	-0.216893	-0.193514	-0.197217	-0.199150	-0.198453	-0.215401	-0.188374	-0.198946	-0.216923	-0.203603	-0.217408	-0.197665	-0.212095	-0.204074	-0.202525
741.0	-0.239355	-0.220373	-0.209063	-0.209916	-0.219286	-0.229172	-0.212544	-0.210498	-0.215166	-0.210591	-0.232317	-0.211214	-0.215099	-0.229674	-0.221984	-0.233110	-0.214608	-0.228822	-0.222417	-0.217471
742.0	-0.251371	-0.237097	-0.222424	-0.228829	-0.232213	-0.240496	-0.229810	-0.228922	-0.230225	-0.229208	-0.245058	-0.234206	-0.228134	-0.240295	-0.240341	-0.242370	-0.230908	-0.243485	-0.236543	-0.224742
743.0	-0.258897	-0.251271	-0.240396	-0.244464	-0.244173	-0.250079	-0.246710	-0.243940	-0.245161	-0.248258	-0.257072	-0.250123	-0.246970	-0.249812	-0.249442	-0.256224	-0.247153	-0.252684	-0.246790	-0.237260
744.0	-0.269791	-0.264642	-0.259461	-0.260838	-0.258956	-0.261599	-0.260546	-0.259341	-0.260487	-0.266893	-0.271163	-0.262562	-0.258532	-0.260490	-0.257618	-0.265480	-0.262049	-0.260988	-0.260470	-0.257135
745.0	-0.280449	-0.279598	-0.273963	-0.275593	-0.274672	-0.272954	-0.275664	-0.274310	-0.270649	-0.280121	-0.280003	-0.273319	-0.275497	-0.269117	-0.264576	-0.283685	-0.271846	-0.273918	-0.274229	-0.270415
746.0	-0.291117	-0.288085	-0.290468	-0.285259	-0.289156	-0.283551	-0.289797	-0.286896	-0.288546	-0.292859	-0.288402	-0.287310	-0.294374	-0.279989	-0.276175	-0.298514	-0.285367	-0.286644	-0.283224	-0.287086
747.0	-0.302169	-0.300029	-0.304097	-0.297275	-0.311841	-0.296922	-0.299952	-0.299503	-0.306081	-0.304228	-0.300866	-0.297896	-0.311436	-0.297206	-0.293019	-0.317055	-0.304587	-0.300208	-0.294551	-0.301659
748.0	-0.317389	-0.313526	-0.315939	-0.309403	-0.326054	-0.305165	-0.313631	-0.313007	-0.318694	-0.312744	-0.316059	-0.312060	-0.328676	-0.312457	-0.308878	-0.329338	-0.321467	-0.317883	-0.308897	-0.314376
749.0	-0.331934	-0.326835	-0.325574	-0.325318	-0.338093	-0.317704	-0.329180	-0.325430	-0.325426	-0.323398	-0.329507	-0.322013	-0.340525	-0.326407	-0.325458	-0.335724	-0.332503	-0.336930	-0.323207	-0.329091
750.0	-0.348759	-0.346348	-0.338011	-0.343534	-0.347618	-0.330542	-0.342165	-0.336868	-0.334339	-0.330553	-0.344635	-0.334874	-0.348963	-0.340414	-0.338953	-0.350032	-0.343283	-0.353679	-0.340579	-0.343384
751.0	-0.358966	-0.363422	-0.352098	-0.356204	-0.359426	-0.343883	-0.352038	-0.348458	-0.344752	-0.338451	-0.358744	-0.351380	-0.360085	-0.350689	-0.354001	-0.360269	-0.357350	-0.367715	-0.358414	-0.352914
752.0	-0.369750	-0.374932	-0.361230	-0.368786	-0.375947	-0.356554	-0.362849	-0.360831	-0.355964	-0.347774	-0.368745	-0.363684	-0.369723	-0.366010	-0.372651	-0.364141	-0.370892	-0.375438	-0.369399	-0.363899
753.0	-0.374034	-0.387891	-0.372894	-0.381641	-0.386786	-0.368523	-0.374097	-0.374454	-0.365309	-0.360001	-0.383656	-0.375637	-0.380278	-0.381817	-0.381946	-0.373960	-0.383181	-0.379306	-0.381734	-0.374093
754.0	-0.384578	-0.400756	-0.386278	-0.392865	-0.397693	-0.380327	-0.383696	-0.388924	-0.376320	-0.376617	-0.394267	-0.387803	-0.388244	-0.393622	-0.390722	-0.385683	-0.392662	-0.386918	-0.396431	-0.388320
755.0	-0.395330	-0.408430	-0.395986	-0.398934	-0.408733	-0.390776	-0.397083	-0.401910	-0.386244	-0.391234	-0.401079	-0.396405	-0.398727	-0.403282	-0.398559	-0.396786	-0.403243	-0.396688	-0.408706	-0.399148
756.0	-0.407627	-0.417124	-0.405965	-0.404035	-0.419016	-0.400381	-0.411275	-0.415004	-0.401375	-0.402335	-0.410452	-0.408785	-0.408358	-0.415705	-0.410580	-0.408089	-0.415462	-0.407201	-0.416272	-0.410531
757.0	-0.416000	-0.427106	-0.417096	-0.416128	-0.430825	-0.409763	-0.421239	-0.427134	-0.415755	-0.415741	-0.421117	-0.418906	-0.417486	-0.423509	-0.422357	-0.415982	-0.425539	-0.416618	-0.425506	-0.421099
758.0	-0.425746	-0.436355	-0.423979	-0.425385	-0.435003	-0.416447	-0.433678	-0.436682	-0.426008	-0.426913	-0.430968	-0.427190	-0.427297	-0.428335	-0.432840	-0.422947	-0.432818	-0.429631	-0.434251	-0.430477
759.0	-0.435758	-0.444901	-0.433216	-0.441682	-0.440546	-0.424563	-0.445666	-0.447236	-0.434406	-0.437585	-0.444174	-0.434961	-0.433228	-0.435194	-0.438887	-0.432610	-0.439191	-0.441578	-0.441020	-0.439344
760.0	-0.442804	-0.453183	-0.443683	-0.451926	-0.447008	-0.433320	-0.455879	-0.453639	-0.441330	-0.444262	-0.454000	-0.444415	-0.442082	-0.444323	-0.444919	-0.445014	-0.443548	-0.450375	-0.449910	-0.448481
761.0	-0.451588	-0.459385	-0.453385	-0.456924	-0.453777	-0.444019	-0.463179	-0.460127	-0.446987	-0.452937	-0.461663	-0.451720	-0.454686	-0.449181	-0.453248	-0.453948	-0.452187	-0.456916	-0.458070	-0.451781
762.0	-0.459399	-0.463835	-0.459390	-0.464870	-0.460763	-0.455194	-0.471449	-0.465553	-0.452107	-0.459390	-0.467811	-0.458439	-0.463740	-0.457603	-0.461877	-0.458743	-0.460183	-0.460452	-0.460490	-0.460426
763.0	-0.464595	-0.471878	-0.467103	-0.473262	-0.467462	-0.464809	-0.476051	-0.472543	-0.456799	-0.467728	-0.475434	-0.466840	-0.473274	-0.467784	-0.466804	-0.468465	-0.465246	-0.467370	-0.467047	-0.466166
764.0	-0.471503	-0.480950	-0.472826	-0.479611	-0.471847	-0.472837	-0.479072	-0.478909	-0.463342	-0.476440	-0.479915	-0.473233	-0.481454	-0.473822	-0.471980	-0.476193	-0.472039	-0.473686	-0.474005	-0.471537
765.0	-0.478092	-0.485138	-0.475489	-0.484116	-0.477338	-0.479376	-0.483700	-0.485150	-0.471125	-0.482723	-0.482462	-0.479644	-0.490692	-0.480520	-0.477889	-0.479220	-0.478902	-0.480169	-0.480648	-0.475798
766.0	-0.483050	-0.492277	-0.481659	-0.489299	-0.484424	-0.483270	-0.487392	-0.491193	-0.480563	-0.486210	-0.487276	-0.486605	-0.494026	-0.487433	-0.484773	-0.482334	-0.485949	-0.484524	-0.483590	-0.480231
767.0	-0.488635	-0.494635	-0.489115	-0.495771	-0.491614	-0.488424	-0.490337	-0.494244	-0.488699	-0.490326	-0.492469	-0.491856	-0.495863	-0.489834	-0.489756	-0.486894	-0.490802	-0.487643	-0.488415	-0.486926
768.0	-0.493147	-0.496359	-0.493534	-0.499699	-0.494643	-0.490698	-0.496074	-0.497413	-0.495055	-0.492561	-0.496438	-0.494832	-0.497434	-0.493163	-0.493650	-0.491810	-0.499318	-0.494587	-0.492789	-0.490585
769.0	-0.497887	-0.499618	-0.496476	-0.506258	-0.497880	-0.495037	-0.502303	-0.502445	-0.499108	-0.497034	-0.501106	-0.499553	-0.498410	-0.497628	-0.498208	-0.496433	-0.506136	-0.497696	-0.495969	-0.492865
770.0	-0.502691	-0.500494	-0.501941	-0.507673	-0.501732	-0.500118	-0.506763	-0.506406	-0.503561	-0.500841	-0.502983	-0.502994	-0.500845	-0.501571	-0.503518	-0.500330	-0.512551	-0.500481	-0.500034	-0.496282
771.0	-0.508794	-0.502241	-0.503444	-0.508192	-0.505930	-0.506393	-0.513423	-0.509591	-0.507846	-0.506037	-0.504995	-0.503944	-0.502364	-0.503429	-0.507428	-0.502520	-0.515967	-0.503068	-0.501645	-0.496743
772.0	-0.512622	-0.505176	-0.506410	-0.512917	-0.510040	-0.509849	-0.517024	-0.510478	-0.510543	-0.510747	-0.509930	-0.506900	-0.504006	-0.505598	-0.510274	-0.505179	-0.515477	-0.506426	-0.502485	-0.500164
773.0	-0.515626	-0.508563	-0.508907	-0.514727	-0.512850	-0.510279	-0.518490	-0.512781	-0.513635	-0.516320	-0.512999	-0.509983	-0.505849	-0.509906	-0.512598	-0.506240	-0.514416	-0.509946	-0.505191	-0.504137
774.0	-0.516722	-0.512965	-0.511657	-0.516510	-0.513895	-0.514168	-0.519444	-0.516278	-0.516431	-0.519170	-0.515713	-0.513827	-0.510786	-0.513032	-0.515800	-0.508166	-0.516027	-0.513766	-0.507922	-0.510156
775.0	-0.517431	-0.514943	-0.515177	-0.518255	-0.515974	-0.515804	-0.521495	-0.516709	-0.518056	-0.520217	-0.516669	-0.517129	-0.517100	-0.515936	-0.518876	-0.509823	-0.516766	-0.514971	-0.511509	-0.511917
776.0	-0.516957	-0.520411	-0.517443	-0.521229	-0.517835	-0.515444	-0.519262	-0.516062	-0.520055	-0.519781	-0.518518	-0.519630	-0.521761	-0.519494	-0.521872	-0.511900	-0.517906	-0.514635	-0.512885	-0.514906
777.0	-0.517981	-0.521376	-0.521119	-0.523488	-0.515591	-0.517585	-0.519326	-0.513678	-0.521147	-0.518557	-0.519988	-0.519731	-0.523208	-0.520430	-0.522953	-0.516441	-0.519384	-0.514710	-0.514902	-0.518765
778.0	-0.517893	-0.522266	-0.522373	-0.525108	-0.515234	-0.518523	-0.520371	-0.514606	-0.521422	-0.518285	-0.521045	-0.521779	-0.527039	-0.522850	-0.524249	-0.518292	-0.523286	-0.517397	-0.519220	-0.521888
779.0	-0.519282	-0.524515	-0.524489	-0.525865	-0.516110	-0.520507	-0.522953	-0.515868	-0.521597	-0.519133	-0.523277	-0.522815	-0.529079	-0.524941	-0.526037	-0.519924	-0.525885	-0.520145	-0.522442	-0.523505
780.0	-0.522527	-0.526046	-0.526788	-0.525226	-0.518959	-0.522657	-0.524013	-0.516876	-0.523772	-0.521381	-0.525576	-0.523025	-0.531426	-0.525566	-0.526658	-0.523251	-0.526543	-0.523333	-0.525945	-0.525936
781.0	-0.524094	-0.528889	-0.526269	-0.525119	-0.521352	-0.526024	-0.525178	-0.520448	-0.526242	-0.522811	-0.526069	-0.524766	-0.531503	-0.526489	-0.528325	-0.524755	-0.527284	-0.526554	-0.528096	-0.526012
782.0	-0.525805	-0.531454	-0.527640	-0.525850	-0.526579	-0.527123	-0.525605	-0.523348	-0.529094	-0.525818	-0.527063	-0.526591	-0.532409	-0.526040	-0.529488	-0.526818	-0.527153	-0.529400	-0.530860	-0.528096
783.0	-0.528314	-0.532796	-0.528310	-0.526108	-0.528901	-0.528778	-0.527138	-0.526189	-0.530366	-0.529732	-0.526805	-0.528975	-0.533451	-0.527369	-0.528980	-0.527208	-0.526749	-0.532898	-0.533110	-0.531258
784.0	-0.531647	-0.534458	-0.529233	-0.528998	-0.531201	-0.531079	-0.530650	-0.530489	-0.532169	-0.530685	-0.526912	-0.529456	-0.535325	-0.528188	-0.528748	-0.529817	-0.529672	-0.534969	-0.534180	-0.534260
785.0	-0.533546	-0.536836	-0.530634	-0.529939	-0.533025	-0.531771	-0.533554	-0.532220	-0.533520	-0.531952	-0.527108	-0.532031	-0.538221	-0.529688	-0.529019	-0.532161	-0.530141	-0.535489	-0.531343	-0.531605
786.0	-0.534574	-0.540701	-0.529466	-0.532873	-0.532570	-0.531002	-0.534485	-0.533007	-0.534846	-0.532173	-0.528597	-0.535032	-0.540636	-0.528980	-0.530385	-0.532467	-0.529136	-0.534479	-0.528413	-0.531714
787.0	-0.534667	-0.540517	-0.529798	-0.536065	-0.531277	-0.531624	-0.537813	-0.533706	-0.536204	-0.531104	-0.530275	-0.536107	-0.540724	-0.527820	-0.529515	-0.533746	-0.530334	-0.535587	-0.527087	-0.532617
788.0	-0.534782	-0.539056	-0.532722	-0.536614	-0.532041	-0.532379	-0.539854	-0.533484	-0.538489	-0.530085	-0.533876	-0.536656	-0.541707	-0.527791	-0.531627	-0.534653	-0.532783	-0.536105	-0.526580	-0.533245
789.0	-0.535377	-0.540093	-0.534382	-0.537322	-0.533886	-0.531988	-0.540263	-0.532636	-0.538983	-0.530276	-0.536337	-0.535984	-0.542526	-0.529227	-0.532609	-0.535084	-0.534059	-0.535800	-0.527326	-0.533718
790.0	-0.536776	-0.539731	-0.535194	-0.538794	-0.536466	-0.532100	-0.540281	-0.531704	-0.539679	-0.530758	-0.537611	-0.536886	-0.542815	-0.530943	-0.534913	-0.536860	-0.536041	-0.536789	-0.527903	-0.534399
791.0	-0.534614	-0.540372	-0.537482	-0.538897	-0.536518	-0.532845	-0.538449	-0.532889	-0.542138	-0.531623	-0.536739	-0.537827	-0.540609	-0.533970	-0.538407	-0.536551	-0.540207	-0.536770	-0.529768	-0.534938
792.0	-0.535732	-0.539451	-0.539047	-0.537934	-0.538540	-0.534591	-0.538061	-0.532635	-0.543560	-0.531230	-0.534492	-0.538050	-0.539239	-0.536285	-0.541870	-0.536683	-0.540451	-0.536177	-0.531097	-0.536269
793.0	-0.537235	-0.538356	-0.539850	-0.538458	-0.540009	-0.535410	-0.538404	-0.530904	-0.542069	-0.533464	-0.533717	-0.540391	-0.537381	-0.539949	-0.541165	-0.536411	-0.541403	-0.536367	-0.534960	-0.538215
794.0	-0.540295	-0.538180	-0.540833	-0.539895	-0.541341	-0.536471	-0.538676	-0.532422	-0.542445	-0.535149	-0.534165	-0.539226	-0.534807	-0.541592	-0.541648	-0.537682	-0.542393	-0.536475	-0.537121	-0.539863
795.0	-0.541950	-0.538325	-0.541498	-0.539315	-0.541491	-0.537663	-0.539855	-0.533615	-0.543292	-0.535543	-0.536020	-0.540421	-0.533731	-0.543658	-0.541910	-0.538599	-0.542063	-0.538058	-0.538273	-0.539758
796.0	-0.543420	-0.537829	-0.540402	-0.540116	-0.541233	-0.538242	-0.541505	-0.534912	-0.543051	-0.536543	-0.538190	-0.540143	-0.533488	-0.541915	-0.540837	-0.539037	-0.540722	-0.538998	-0.541279	-0.540572
797.0	-0.543909	-0.537288	-0.539267	-0.541069	-0.541050	-0.538826	-0.543035	-0.536445	-0.542572	-0.537454	-0.540402	-0.539698	-0.534975	-0.539813	-0.539072	-0.539706	-0.539763	-0.539829	-0.543556	-0.541057
798.0	-0.543034	-0.536747	-0.538544	-0.542086	-0.541216	-0.539550	-0.544123	-0.538204	-0.541896	-0.538213	-0.542317	-0.539257	-0.538710	-0.538108	-0.536642	-0.540786	-0.539783	-0.540443	-0.544431	-0.541032
799.0	-0.540415	-0.536252	-0.538684	-0.543080	-0.542007	-0.540552	-0.544447	-0.540176	-0.541062	-0.538756	-0.543597	-0.538993	-0.545206	-0.537555	-0.533576	-0.542457	-0.541379	-0.540731	-0.543230	-0.540317
800.0	-0.535670	-0.535846	-0.540138	-0.543961	-0.543696	-0.541965	-0.543686	-0.542348	-0.540111	-0.539019	-0.543904	-0.539076	-0.554979	-0.538911	-0.529900	-0.544900	-0.545147	-0.540586	-0.539278	-0.538730
