500.0	-0.587967	-0.611186	-0.605326	-0.596408	-0.587146	-0.600895	-0.591890	-0.618782	-0.605477	-0.586010	-0.598447	-0.589248	-0.599429	-0.591486	-0.607996	-0.612007	-0.599754	-0.611709	-0.615419	-0.598031
501.0	-0.596066	-0.603661	-0.603890	-0.600662	-0.595301	-0.599599	-0.595872	-0.606176	-0.605851	-0.594163	-0.599929	-0.600116	-0.600418	-0.595510	-0.604376	-0.609733	-0.600473	-0.610527	-0.606999	-0.597598
502.0	-0.600975	-0.599438	-0.602875	-0.602793	-0.600802	-0.598846	-0.598944	-0.598582	-0.604621	-0.599247	-0.601182	-0.605272	-0.601085	-0.597881	-0.602533	-0.607603	-0.600638	-0.607862	-0.601443	-0.597071
503.0	-0.603175	-0.597658	-0.602098	-0.603169	-0.604015	-0.598453	-0.601134	-0.594938	-0.602224	-0.601731	-0.602068	-0.605995	-0.601374	-0.598904	-0.601920	-0.605610	-0.600423	-0.604267	-0.598138	-0.596492
504.0	-0.603145	-0.597465	-0.601377	-0.602162	-0.605305	-0.598236	-0.602471	-0.594181	-0.599096	-0.602085	-0.602450	-0.603562	-0.601230	-0.598882	-0.601990	-0.603748	-0.600003	-0.600294	-0.596473	-0.595901
505.0	-0.601365	-0.598002	-0.600529	-0.600144	-0.605038	-0.598011	-0.602984	-0.595248	-0.595675	-0.600780	-0.602190	-0.599252	-0.600598	-0.598119	-0.602196	-0.602013	-0.599550	-0.596496	-0.595834	-0.595339
506.0	-0.596833	-0.596030	-0.598853	-0.597340	-0.602986	-0.597535	-0.602875	-0.595677	-0.593389	-0.599529	-0.600766	-0.595508	-0.598389	-0.597426	-0.601364	-0.600934	-0.600878	-0.594021	-0.595403	-0.595867
507.0	-0.594365	-0.594983	-0.595749	-0.594246	-0.600469	-0.595542	-0.602002	-0.597780	-0.591500	-0.596059	-0.598416	-0.592616	-0.596399	-0.595694	-0.598982	-0.599840	-0.600726	-0.594547	-0.594575	-0.595545
508.0	-0.591954	-0.594681	-0.594937	-0.592636	-0.599538	-0.594143	-0.600053	-0.596776	-0.589750	-0.590578	-0.595154	-0.591597	-0.595863	-0.596047	-0.597262	-0.597858	-0.600657	-0.594251	-0.591925	-0.595213
509.0	-0.589037	-0.591490	-0.594266	-0.591145	-0.596303	-0.593404	-0.596946	-0.594885	-0.588011	-0.586879	-0.591749	-0.589667	-0.595001	-0.595146	-0.593238	-0.595740	-0.598561	-0.593990	-0.588245	-0.592283
510.0	-0.587503	-0.588569	-0.593234	-0.590635	-0.593991	-0.592274	-0.593455	-0.592562	-0.585695	-0.585204	-0.587847	-0.588783	-0.591840	-0.592916	-0.589448	-0.592211	-0.595240	-0.595226	-0.584795	-0.589413
511.0	-0.586435	-0.588361	-0.590530	-0.591147	-0.591400	-0.590610	-0.590113	-0.591376	-0.584584	-0.583864	-0.585097	-0.588752	-0.588280	-0.592249	-0.585831	-0.588468	-0.592878	-0.593325	-0.582137	-0.586792
512.0	-0.583940	-0.585114	-0.585747	-0.590013	-0.586868	-0.583993	-0.588663	-0.588060	-0.583230	-0.584959	-0.582366	-0.587457	-0.586045	-0.590541	-0.581532	-0.586101	-0.588772	-0.590409	-0.579483	-0.584214
513.0	-0.583460	-0.582732	-0.582983	-0.589558	-0.584685	-0.581045	-0.585636	-0.586090	-0.582669	-0.583014	-0.578760	-0.587983	-0.585983	-0.588251	-0.578083	-0.583086	-0.587210	-0.587149	-0.578742	-0.583236
514.0	-0.581180	-0.582157	-0.580205	-0.586787	-0.581861	-0.578218	-0.583114	-0.583110	-0.581263	-0.581012	-0.578420	-0.587293	-0.585730	-0.584975	-0.577945	-0.582354	-0.581275	-0.583942	-0.578741	-0.581733
515.0	-0.579013	-0.577167	-0.578790	-0.583498	-0.581010	-0.575383	-0.582152	-0.582322	-0.578690	-0.581526	-0.575605	-0.587309	-0.583073	-0.580429	-0.578229	-0.580308	-0.576813	-0.581750	-0.580233	-0.580901
516.0	-0.576822	-0.570929	-0.577831	-0.579667	-0.580900	-0.574128	-0.579697	-0.580514	-0.577658	-0.578660	-0.572457	-0.587175	-0.579852	-0.576764	-0.575759	-0.580418	-0.575310	-0.580848	-0.579174	-0.579300
517.0	-0.573496	-0.568064	-0.572808	-0.575777	-0.581060	-0.570625	-0.579938	-0.578475	-0.576049	-0.576563	-0.569110	-0.586262	-0.576996	-0.574103	-0.575783	-0.579582	-0.574102	-0.579156	-0.576295	-0.578074
518.0	-0.572431	-0.566740	-0.569971	-0.574308	-0.579119	-0.569465	-0.578269	-0.575150	-0.574723	-0.572415	-0.567891	-0.583280	-0.577250	-0.572785	-0.577053	-0.579175	-0.571451	-0.577498	-0.572309	-0.579388
519.0	-0.569823	-0.566448	-0.567753	-0.574039	-0.577209	-0.568975	-0.577476	-0.572188	-0.570374	-0.571175	-0.567900	-0.578192	-0.575790	-0.572633	-0.576987	-0.578964	-0.571609	-0.576608	-0.567955	-0.575992
520.0	-0.569622	-0.570296	-0.567380	-0.570602	-0.576691	-0.567127	-0.577176	-0.570886	-0.565985	-0.569149	-0.567804	-0.575497	-0.573554	-0.571789	-0.577738	-0.577465	-0.569822	-0.576043	-0.566928	-0.574962
521.0	-0.570046	-0.570685	-0.568730	-0.569270	-0.574251	-0.567505	-0.574946	-0.570034	-0.565561	-0.565804	-0.566810	-0.572171	-0.571957	-0.571571	-0.574325	-0.574901	-0.568427	-0.573451	-0.565322	-0.574722
522.0	-0.567526	-0.567467	-0.568054	-0.569125	-0.571709	-0.567855	-0.573941	-0.570376	-0.566220	-0.566862	-0.566925	-0.568689	-0.571524	-0.570083	-0.571223	-0.574504	-0.567055	-0.569713	-0.564219	-0.575192
523.0	-0.568210	-0.567192	-0.568693	-0.571492	-0.572711	-0.570369	-0.572010	-0.569550	-0.565132	-0.565798	-0.566909	-0.568029	-0.573488	-0.569547	-0.568115	-0.575774	-0.568796	-0.567618	-0.564388	-0.576953
524.0	-0.567657	-0.567479	-0.568146	-0.571326	-0.572338	-0.572984	-0.569814	-0.570387	-0.565747	-0.565294	-0.567981	-0.568102	-0.574049	-0.568455	-0.568428	-0.577508	-0.565193	-0.567603	-0.566897	-0.577685
525.0	-0.569438	-0.565416	-0.569292	-0.572363	-0.574619	-0.573977	-0.568255	-0.572391	-0.567132	-0.565891	-0.567866	-0.570566	-0.573888	-0.564191	-0.567229	-0.576161	-0.565795	-0.568504	-0.568328	-0.576401
526.0	-0.571338	-0.565225	-0.570605	-0.574122	-0.575777	-0.575140	-0.564877	-0.572987	-0.569603	-0.564775	-0.567492	-0.572351	-0.571869	-0.560753	-0.562881	-0.573221	-0.567745	-0.569542	-0.569738	-0.573953
527.0	-0.570596	-0.568976	-0.566680	-0.570981	-0.576337	-0.574454	-0.563921	-0.573376	-0.571965	-0.564826	-0.566484	-0.572688	-0.570858	-0.558093	-0.564440	-0.573250	-0.569582	-0.568666	-0.569952	-0.571518
528.0	-0.573932	-0.572252	-0.566438	-0.569303	-0.573419	-0.572568	-0.564122	-0.573577	-0.573689	-0.565876	-0.570220	-0.572340	-0.571138	-0.559178	-0.567683	-0.572421	-0.573000	-0.570152	-0.569730	-0.569174
529.0	-0.574004	-0.577119	-0.565304	-0.569216	-0.572496	-0.568070	-0.568037	-0.570452	-0.572953	-0.566741	-0.572198	-0.571482	-0.572317	-0.562087	-0.569534	-0.571447	-0.575526	-0.572386	-0.569790	-0.565443
530.0	-0.575743	-0.579561	-0.567804	-0.566070	-0.571845	-0.564553	-0.569018	-0.568046	-0.573279	-0.566847	-0.570733	-0.571125	-0.571196	-0.564038	-0.569088	-0.570236	-0.574626	-0.572085	-0.571911	-0.565766
531.0	-0.576865	-0.577282	-0.571325	-0.564993	-0.571583	-0.561694	-0.569078	-0.564869	-0.572834	-0.565073	-0.568262	-0.570949	-0.570415	-0.564227	-0.568992	-0.568407	-0.572849	-0.572212	-0.571693	-0.564681
532.0	-0.574285	-0.574158	-0.569685	-0.563546	-0.571982	-0.563354	-0.570342	-0.562456	-0.573006	-0.568444	-0.567893	-0.570101	-0.568882	-0.563152	-0.569263	-0.567197	-0.573387	-0.572560	-0.570867	-0.564449
533.0	-0.572922	-0.572130	-0.568360	-0.563738	-0.575598	-0.563487	-0.573240	-0.558424	-0.570931	-0.569491	-0.565592	-0.571198	-0.567776	-0.563196	-0.568195	-0.567989	-0.572986	-0.570901	-0.570381	-0.566964
534.0	-0.568538	-0.566964	-0.565419	-0.560730	-0.575645	-0.564203	-0.573604	-0.556812	-0.570613	-0.565991	-0.565499	-0.572393	-0.567249	-0.562452	-0.571464	-0.567964	-0.571459	-0.570974	-0.570160	-0.567973
535.0	-0.565574	-0.564451	-0.565052	-0.561531	-0.575546	-0.565145	-0.573585	-0.559064	-0.569023	-0.565149	-0.565330	-0.572149	-0.565119	-0.560162	-0.570710	-0.564517	-0.572437	-0.570665	-0.568454	-0.568472
536.0	-0.561497	-0.563128	-0.564901	-0.561321	-0.570655	-0.563189	-0.571433	-0.560777	-0.568274	-0.563842	-0.562913	-0.570153	-0.565044	-0.558495	-0.566554	-0.563850	-0.571565	-0.569532	-0.566778	-0.569829
537.0	-0.557320	-0.561031	-0.563114	-0.557068	-0.565480	-0.562214	-0.568989	-0.563323	-0.568193	-0.561756	-0.561099	-0.567642	-0.564352	-0.559481	-0.566522	-0.566118	-0.570121	-0.568986	-0.565908	-0.566835
538.0	-0.556732	-0.558984	-0.564386	-0.555875	-0.561687	-0.560328	-0.566133	-0.565982	-0.568431	-0.562899	-0.562377	-0.565601	-0.566426	-0.561699	-0.565755	-0.567562	-0.570641	-0.568573	-0.568634	-0.564909
539.0	-0.555435	-0.559536	-0.562765	-0.557021	-0.560362	-0.557638	-0.563457	-0.566636	-0.568449	-0.562267	-0.561912	-0.563739	-0.566033	-0.560085	-0.562487	-0.567769	-0.568199	-0.569574	-0.569603	-0.562049
540.0	-0.557284	-0.559387	-0.563360	-0.558407	-0.558069	-0.556179	-0.559896	-0.565922	-0.568160	-0.562420	-0.560085	-0.562947	-0.567091	-0.560623	-0.558643	-0.568005	-0.566205	-0.566247	-0.570591	-0.560459
541.0	-0.557042	-0.559894	-0.563581	-0.559577	-0.559410	-0.556273	-0.558426	-0.563994	-0.566269	-0.559985	-0.558620	-0.561843	-0.566165	-0.559324	-0.555200	-0.567275	-0.563943	-0.564139	-0.570997	-0.558220
542.0	-0.556031	-0.559215	-0.561761	-0.560648	-0.561822	-0.559019	-0.558465	-0.562199	-0.566576	-0.562092	-0.557348	-0.560166	-0.564707	-0.557060	-0.553724	-0.563581	-0.563622	-0.562721	-0.570915	-0.556728
543.0	-0.557629	-0.559365	-0.561409	-0.559478	-0.563147	-0.561001	-0.560163	-0.560824	-0.565181	-0.560408	-0.557882	-0.560706	-0.565550	-0.556006	-0.553770	-0.563178	-0.562149	-0.559539	-0.567811	-0.556663
544.0	-0.558309	-0.558236	-0.561544	-0.558342	-0.561293	-0.564737	-0.561727	-0.559118	-0.564409	-0.558496	-0.558528	-0.561781	-0.566699	-0.555733	-0.555511	-0.563661	-0.564127	-0.556143	-0.563861	-0.556427
545.0	-0.559123	-0.559523	-0.559923	-0.561351	-0.559956	-0.567818	-0.561063	-0.559933	-0.561965	-0.557272	-0.557536	-0.560771	-0.566056	-0.556160	-0.556184	-0.563879	-0.566924	-0.555221	-0.557382	-0.556153
546.0	-0.558807	-0.559866	-0.559061	-0.560810	-0.557929	-0.565727	-0.560313	-0.558309	-0.561264	-0.556941	-0.555556	-0.559239	-0.565867	-0.559881	-0.555338	-0.562803	-0.567765	-0.554171	-0.551742	-0.554970
547.0	-0.557976	-0.559957	-0.556558	-0.562392	-0.556833	-0.564593	-0.558558	-0.557070	-0.559123	-0.555837	-0.555461	-0.559695	-0.562983	-0.562697	-0.557575	-0.562914	-0.567385	-0.556607	-0.553020	-0.552610
548.0	-0.557515	-0.560170	-0.556688	-0.563565	-0.556389	-0.561702	-0.556560	-0.559525	-0.560307	-0.560153	-0.558196	-0.560175	-0.560291	-0.564237	-0.558513	-0.563812	-0.566791	-0.559959	-0.557781	-0.554030
549.0	-0.558556	-0.561026	-0.556933	-0.564584	-0.557002	-0.559563	-0.555949	-0.560766	-0.557711	-0.560548	-0.560373	-0.560973	-0.556344	-0.563275	-0.559277	-0.561524	-0.566083	-0.562490	-0.560348	-0.553098
550.0	-0.558657	-0.558277	-0.557985	-0.565294	-0.557940	-0.557787	-0.556524	-0.562139	-0.557574	-0.560505	-0.559312	-0.561500	-0.556099	-0.564858	-0.559497	-0.561764	-0.564828	-0.559860	-0.562957	-0.552823
551.0	-0.559453	-0.555118	-0.557947	-0.565547	-0.562944	-0.558953	-0.557095	-0.565066	-0.556120	-0.561469	-0.559335	-0.560682	-0.553086	-0.565422	-0.557993	-0.560723	-0.562747	-0.558360	-0.568246	-0.553639
552.0	-0.560537	-0.553815	-0.558756	-0.567438	-0.565765	-0.558979	-0.558402	-0.565854	-0.555262	-0.564916	-0.561545	-0.559478	-0.554406	-0.562880	-0.558173	-0.559639	-0.561480	-0.558568	-0.571519	-0.558176
553.0	-0.562996	-0.556006	-0.561200	-0.566937	-0.564312	-0.560765	-0.557820	-0.566548	-0.556464	-0.567220	-0.566192	-0.559155	-0.557309	-0.564011	-0.557348	-0.562101	-0.562324	-0.559870	-0.571163	-0.560202
554.0	-0.564830	-0.558109	-0.564309	-0.564722	-0.563507	-0.562060	-0.558003	-0.564696	-0.557131	-0.569537	-0.568568	-0.560331	-0.561573	-0.563353	-0.557825	-0.564165	-0.563941	-0.559414	-0.572115	-0.562161
555.0	-0.563882	-0.560749	-0.562255	-0.563984	-0.563286	-0.563573	-0.557198	-0.563149	-0.560622	-0.568163	-0.570503	-0.562099	-0.566211	-0.562083	-0.559500	-0.566544	-0.564694	-0.562923	-0.570711	-0.561138
556.0	-0.562722	-0.564343	-0.563165	-0.561509	-0.562092	-0.562779	-0.557257	-0.560543	-0.563204	-0.566537	-0.570775	-0.563245	-0.568605	-0.562273	-0.559379	-0.566709	-0.562901	-0.563826	-0.570961	-0.561023
557.0	-0.560079	-0.566133	-0.562218	-0.563585	-0.560132	-0.562671	-0.558919	-0.558725	-0.565481	-0.565209	-0.571769	-0.564189	-0.570849	-0.562620	-0.563150	-0.567892	-0.563499	-0.567390	-0.573614	-0.559713
558.0	-0.556959	-0.566717	-0.560436	-0.562124	-0.561013	-0.562581	-0.559984	-0.559760	-0.568746	-0.566100	-0.570832	-0.566733	-0.570551	-0.562662	-0.563200	-0.568690	-0.564455	-0.570575	-0.574450	-0.560986
559.0	-0.556433	-0.567414	-0.559940	-0.560162	-0.562929	-0.563006	-0.559097	-0.560981	-0.567603	-0.564399	-0.568316	-0.568492	-0.568412	-0.563748	-0.563805	-0.567870	-0.565176	-0.568387	-0.573756	-0.559298
560.0	-0.554821	-0.564550	-0.559499	-0.558066	-0.565403	-0.559710	-0.558523	-0.563437	-0.568338	-0.563482	-0.563668	-0.568009	-0.565010	-0.565979	-0.564082	-0.564784	-0.563181	-0.564583	-0.570300	-0.558406
561.0	-0.557458	-0.562143	-0.558614	-0.558535	-0.568834	-0.560440	-0.558233	-0.564931	-0.565586	-0.563612	-0.560096	-0.568428	-0.561195	-0.566411	-0.563706	-0.561860	-0.559811	-0.564347	-0.569673	-0.557494
562.0	-0.558014	-0.560735	-0.558443	-0.558540	-0.570836	-0.558813	-0.558886	-0.563499	-0.564256	-0.562832	-0.560335	-0.568109	-0.558759	-0.564929	-0.560937	-0.562752	-0.560996	-0.562888	-0.564912	-0.561126
563.0	-0.558456	-0.561490	-0.561463	-0.557815	-0.569779	-0.558568	-0.558104	-0.560532	-0.565801	-0.562830	-0.562885	-0.566772	-0.554474	-0.565886	-0.559355	-0.562656	-0.563691	-0.561246	-0.561466	-0.558752
564.0	-0.559357	-0.560952	-0.563706	-0.554397	-0.567469	-0.557420	-0.556809	-0.558322	-0.564384	-0.562191	-0.563007	-0.567274	-0.552640	-0.565947	-0.558479	-0.559628	-0.564259	-0.561123	-0.559604	-0.557281
565.0	-0.560057	-0.561007	-0.564601	-0.555788	-0.564534	-0.558060	-0.556326	-0.556583	-0.566920	-0.557300	-0.564124	-0.567703	-0.552463	-0.564973	-0.555661	-0.558555	-0.561145	-0.560063	-0.555889	-0.554021
566.0	-0.558674	-0.559111	-0.568592	-0.556484	-0.558532	-0.557496	-0.555365	-0.552620	-0.567265	-0.553634	-0.563989	-0.565068	-0.553177	-0.561813	-0.551146	-0.557165	-0.559736	-0.555851	-0.554493	-0.553412
567.0	-0.557694	-0.557005	-0.568944	-0.556498	-0.553948	-0.557646	-0.554704	-0.550744	-0.566919	-0.552355	-0.564845	-0.565662	-0.554782	-0.560512	-0.549094	-0.554926	-0.560295	-0.554709	-0.557287	-0.551199
568.0	-0.556918	-0.556515	-0.564066	-0.553770	-0.556328	-0.557804	-0.552580	-0.552932	-0.562653	-0.549983	-0.559735	-0.563313	-0.554905	-0.557428	-0.544634	-0.554939	-0.558167	-0.555473	-0.557552	-0.550153
569.0	-0.554313	-0.555210	-0.559959	-0.552180	-0.556399	-0.556596	-0.553183	-0.552630	-0.556862	-0.547461	-0.555342	-0.559950	-0.553027	-0.554647	-0.542313	-0.555085	-0.554341	-0.553361	-0.559193	-0.548347
570.0	-0.553513	-0.552510	-0.555928	-0.550015	-0.555974	-0.552910	-0.552041	-0.551053	-0.551158	-0.545618	-0.549042	-0.552898	-0.554537	-0.553099	-0.540741	-0.551841	-0.549563	-0.551450	-0.558307	-0.547589
571.0	-0.552693	-0.553001	-0.552533	-0.549837	-0.556849	-0.550944	-0.550397	-0.548792	-0.546840	-0.544007	-0.542079	-0.550470	-0.553733	-0.550140	-0.541499	-0.552593	-0.545830	-0.552897	-0.560080	-0.548358
572.0	-0.550031	-0.552097	-0.546402	-0.547440	-0.559676	-0.547243	-0.548212	-0.545565	-0.545677	-0.542783	-0.539140	-0.546882	-0.549798	-0.546751	-0.544292	-0.553846	-0.547621	-0.551178	-0.555279	-0.552507
573.0	-0.546421	-0.551419	-0.542807	-0.547757	-0.556693	-0.547724	-0.544007	-0.540399	-0.544797	-0.543306	-0.539604	-0.544655	-0.547867	-0.544031	-0.549698	-0.552432	-0.547109	-0.548043	-0.552468	-0.552800
574.0	-0.545843	-0.548796	-0.540233	-0.547532	-0.553208	-0.545954	-0.539142	-0.540226	-0.541130	-0.541921	-0.536661	-0.544325	-0.545943	-0.542797	-0.553015	-0.550650	-0.545628	-0.545069	-0.549971	-0.550949
575.0	-0.545474	-0.546326	-0.541961	-0.547702	-0.550592	-0.544017	-0.535534	-0.540176	-0.540508	-0.538904	-0.539153	-0.543975	-0.544142	-0.540057	-0.551762	-0.549578	-0.543663	-0.539933	-0.544860	-0.547988
576.0	-0.539922	-0.541983	-0.543128	-0.545461	-0.546400	-0.543473	-0.533151	-0.538518	-0.541361	-0.538027	-0.541865	-0.542558	-0.543123	-0.534847	-0.549418	-0.547271	-0.546552	-0.535992	-0.543720	-0.545510
577.0	-0.539638	-0.540252	-0.540011	-0.542798	-0.545144	-0.541052	-0.533773	-0.542162	-0.540953	-0.536077	-0.542717	-0.542799	-0.542888	-0.534391	-0.547905	-0.542240	-0.545157	-0.537178	-0.545148	-0.542943
578.0	-0.538339	-0.537894	-0.536687	-0.540580	-0.545682	-0.538852	-0.535134	-0.546518	-0.537076	-0.534168	-0.540584	-0.538191	-0.541711	-0.533129	-0.544014	-0.538525	-0.540931	-0.540681	-0.545811	-0.538805
579.0	-0.537835	-0.535497	-0.534214	-0.538131	-0.548792	-0.538822	-0.538336	-0.545481	-0.532582	-0.532776	-0.539498	-0.535899	-0.538485	-0.533902	-0.541155	-0.535378	-0.537515	-0.538334	-0.546910	-0.536057
580.0	-0.535545	-0.536062	-0.529656	-0.534902	-0.547892	-0.535836	-0.538996	-0.543623	-0.528736	-0.533400	-0.534918	-0.527877	-0.540557	-0.534758	-0.537942	-0.532815	-0.536291	-0.536239	-0.546059	-0.534652
581.0	-0.530448	-0.539230	-0.527094	-0.532898	-0.546618	-0.533556	-0.535625	-0.540272	-0.526390	-0.534140	-0.531863	-0.525974	-0.538829	-0.534694	-0.538255	-0.532199	-0.534549	-0.538714	-0.543922	-0.532712
582.0	-0.528000	-0.536876	-0.523896	-0.531198	-0.546605	-0.529956	-0.532660	-0.535635	-0.525271	-0.532263	-0.530291	-0.523326	-0.536155	-0.534230	-0.539254	-0.529957	-0.532605	-0.538664	-0.539529	-0.530202
583.0	-0.528206	-0.536937	-0.521432	-0.531238	-0.542066	-0.531075	-0.526290	-0.529533	-0.525060	-0.535611	-0.527513	-0.524285	-0.537325	-0.530661	-0.539199	-0.530349	-0.526362	-0.536113	-0.536647	-0.526410
584.0	-0.528270	-0.535778	-0.519929	-0.527903	-0.538095	-0.528423	-0.519839	-0.527725	-0.522864	-0.533982	-0.524465	-0.524696	-0.535909	-0.525321	-0.537331	-0.530714	-0.524603	-0.534124	-0.533894	-0.521178
585.0	-0.526625	-0.532819	-0.521913	-0.526009	-0.535749	-0.524697	-0.516868	-0.525463	-0.526121	-0.531792	-0.524362	-0.526479	-0.534114	-0.522879	-0.532561	-0.531277	-0.523861	-0.531059	-0.529808	-0.518031
586.0	-0.522024	-0.530431	-0.523509	-0.523186	-0.532481	-0.523214	-0.516539	-0.522006	-0.531922	-0.528546	-0.523953	-0.524974	-0.531132	-0.518321	-0.527224	-0.529337	-0.526073	-0.528903	-0.528657	-0.512935
587.0	-0.524890	-0.529920	-0.520783	-0.523138	-0.529768	-0.520607	-0.519488	-0.523526	-0.533460	-0.524810	-0.520646	-0.525221	-0.526980	-0.515095	-0.523120	-0.526559	-0.525908	-0.526138	-0.526266	-0.511096
588.0	-0.525705	-0.526725	-0.522348	-0.525139	-0.528598	-0.519934	-0.521249	-0.524470	-0.534036	-0.523023	-0.518803	-0.525284	-0.523257	-0.514008	-0.517154	-0.526306	-0.526063	-0.523733	-0.522843	-0.510108
589.0	-0.525737	-0.524756	-0.525889	-0.525723	-0.529132	-0.519245	-0.524956	-0.525911	-0.534243	-0.522868	-0.518233	-0.528158	-0.519342	-0.516118	-0.515000	-0.526018	-0.526760	-0.519438	-0.519367	-0.515173
590.0	-0.521356	-0.524400	-0.523395	-0.525966	-0.524209	-0.519437	-0.528198	-0.527034	-0.534832	-0.522413	-0.516991	-0.527140	-0.522027	-0.515099	-0.511961	-0.528059	-0.529627	-0.516738	-0.517138	-0.518585
591.0	-0.518214	-0.523727	-0.523265	-0.528405	-0.523760	-0.524506	-0.526187	-0.529018	-0.532749	-0.522365	-0.521668	-0.529281	-0.523868	-0.518412	-0.514123	-0.528249	-0.528028	-0.516778	-0.515139	-0.521940
592.0	-0.519925	-0.522423	-0.525968	-0.530010	-0.523964	-0.527416	-0.526741	-0.527362	-0.531473	-0.519722	-0.523801	-0.530866	-0.530018	-0.522139	-0.516344	-0.526262	-0.527088	-0.518064	-0.516062	-0.524775
593.0	-0.524683	-0.525836	-0.522874	-0.531131	-0.523606	-0.532521	-0.525832	-0.528243	-0.532127	-0.521754	-0.524276	-0.531740	-0.534706	-0.523840	-0.519521	-0.527072	-0.526187	-0.519835	-0.517014	-0.528260
594.0	-0.526749	-0.527234	-0.524672	-0.529895	-0.525728	-0.535878	-0.526186	-0.526875	-0.530993	-0.522530	-0.525990	-0.531939	-0.539925	-0.527782	-0.522943	-0.527479	-0.527089	-0.520579	-0.518637	-0.529508
595.0	-0.526553	-0.527924	-0.524567	-0.529898	-0.525633	-0.537307	-0.527890	-0.525458	-0.533202	-0.523802	-0.527422	-0.532705	-0.542156	-0.534215	-0.524978	-0.528983	-0.526007	-0.522089	-0.520762	-0.529274
596.0	-0.527237	-0.530361	-0.526890	-0.527554	-0.523632	-0.536984	-0.527863	-0.522622	-0.533664	-0.524211	-0.528655	-0.530608	-0.539721	-0.538020	-0.527437	-0.529863	-0.526323	-0.523881	-0.523923	-0.525770
597.0	-0.533530	-0.531109	-0.525092	-0.526684	-0.523127	-0.536678	-0.529484	-0.524878	-0.532676	-0.523328	-0.527615	-0.530767	-0.535801	-0.539810	-0.528693	-0.529671	-0.528800	-0.525765	-0.522612	-0.521666
598.0	-0.533590	-0.529942	-0.528770	-0.526677	-0.527073	-0.531984	-0.530181	-0.525826	-0.532714	-0.525343	-0.527743	-0.532539	-0.534547	-0.541637	-0.529758	-0.530426	-0.530526	-0.531226	-0.519589	-0.519732
599.0	-0.532125	-0.530363	-0.529829	-0.525399	-0.529236	-0.526735	-0.532370	-0.526359	-0.533446	-0.527949	-0.528485	-0.537128	-0.530131	-0.539856	-0.531373	-0.528106	-0.534333	-0.534942	-0.520229	-0.522942
600.0	-0.531092	-0.529473	-0.528531	-0.524412	-0.530708	-0.524769	-0.533981	-0.531167	-0.534813	-0.529688	-0.529840	-0.539938	-0.530277	-0.536248	-0.531632	-0.528147	-0.538569	-0.536481	-0.522367	-0.525913
601.0	-0.528576	-0.530505	-0.531873	-0.526661	-0.536695	-0.524350	-0.534098	-0.535182	-0.535217	-0.531672	-0.537754	-0.543086	-0.531802	-0.534723	-0.531551	-0.526282	-0.537170	-0.538849	-0.526638	-0.531770
602.0	-0.528001	-0.529841	-0.536224	-0.526242	-0.541102	-0.524332	-0.536768	-0.537104	-0.535432	-0.531457	-0.538555	-0.544568	-0.535678	-0.535422	-0.529557	-0.525897	-0.539086	-0.542832	-0.530627	-0.535117
603.0	-0.530904	-0.533010	-0.537459	-0.529587	-0.544069	-0.525029	-0.541844	-0.540788	-0.538266	-0.532614	-0.539662	-0.545299	-0.537291	-0.533447	-0.529566	-0.527807	-0.540077	-0.543500	-0.536359	-0.540528
604.0	-0.530814	-0.536236	-0.542261	-0.531276	-0.547163	-0.527193	-0.546934	-0.537945	-0.538617	-0.535036	-0.540401	-0.546930	-0.543982	-0.533490	-0.528328	-0.531433	-0.538787	-0.541747	-0.541507	-0.542238
605.0	-0.530638	-0.540184	-0.539086	-0.534482	-0.544320	-0.529247	-0.549888	-0.537841	-0.540576	-0.539224	-0.541170	-0.547460	-0.544259	-0.534243	-0.531346	-0.533778	-0.537721	-0.542849	-0.545239	-0.542915
606.0	-0.534259	-0.541433	-0.541430	-0.537668	-0.541937	-0.530952	-0.548689	-0.535835	-0.542964	-0.538154	-0.540833	-0.545970	-0.541913	-0.537861	-0.533236	-0.539308	-0.539249	-0.543235	-0.546762	-0.542031
607.0	-0.538456	-0.543303	-0.541291	-0.539311	-0.541020	-0.535283	-0.547247	-0.535735	-0.546565	-0.534732	-0.541549	-0.545770	-0.540311	-0.539724	-0.534609	-0.540244	-0.540872	-0.546290	-0.546196	-0.539628
608.0	-0.540507	-0.546009	-0.540030	-0.541138	-0.542638	-0.536127	-0.546153	-0.533583	-0.547065	-0.535237	-0.542359	-0.544093	-0.538948	-0.540702	-0.538309	-0.541374	-0.540365	-0.547614	-0.544519	-0.538954
609.0	-0.540286	-0.549832	-0.533779	-0.543450	-0.542750	-0.537000	-0.547565	-0.532808	-0.546822	-0.535276	-0.541828	-0.542282	-0.533897	-0.541755	-0.539045	-0.541245	-0.544190	-0.547414	-0.543791	-0.539193
610.0	-0.540247	-0.548748	-0.532680	-0.545943	-0.541207	-0.539388	-0.544823	-0.536220	-0.547756	-0.536640	-0.543281	-0.539346	-0.533314	-0.541744	-0.539571	-0.543863	-0.544200	-0.548716	-0.541433	-0.540967
611.0	-0.539832	-0.548417	-0.536161	-0.549553	-0.543652	-0.539732	-0.540612	-0.538826	-0.550071	-0.540641	-0.545162	-0.538098	-0.530967	-0.539974	-0.537711	-0.543198	-0.542800	-0.549702	-0.542957	-0.541864
612.0	-0.538112	-0.547128	-0.537304	-0.546615	-0.546801	-0.541691	-0.540531	-0.543602	-0.550762	-0.541351	-0.542905	-0.534852	-0.532758	-0.539598	-0.532942	-0.541650	-0.542029	-0.551805	-0.545822	-0.538425
613.0	-0.539855	-0.547721	-0.537163	-0.546158	-0.546431	-0.542665	-0.540929	-0.546053	-0.550027	-0.540178	-0.540562	-0.536083	-0.535199	-0.536206	-0.531576	-0.540811	-0.537955	-0.550671	-0.547215	-0.537999
614.0	-0.539249	-0.546990	-0.536297	-0.542151	-0.545238	-0.544085	-0.543321	-0.546939	-0.543594	-0.538037	-0.539263	-0.536617	-0.541075	-0.535318	-0.531118	-0.538032	-0.536510	-0.549006	-0.546953	-0.534733
615.0	-0.542054	-0.543522	-0.532607	-0.542326	-0.545010	-0.542272	-0.543912	-0.546616	-0.542356	-0.538936	-0.537599	-0.537772	-0.541266	-0.533079	-0.535031	-0.536856	-0.536600	-0.546826	-0.546905	-0.534566
616.0	-0.544066	-0.536461	-0.532932	-0.542183	-0.546748	-0.540276	-0.542402	-0.544958	-0.542287	-0.535432	-0.537150	-0.538223	-0.540363	-0.535310	-0.534357	-0.538909	-0.538191	-0.545287	-0.546884	-0.535544
617.0	-0.543011	-0.534076	-0.532363	-0.539780	-0.544909	-0.541441	-0.540398	-0.541985	-0.540980	-0.533020	-0.536855	-0.540205	-0.539554	-0.538334	-0.538370	-0.539408	-0.540102	-0.542366	-0.546782	-0.534407
618.0	-0.544720	-0.535053	-0.531021	-0.540484	-0.545549	-0.539138	-0.541449	-0.542081	-0.539185	-0.532463	-0.535324	-0.539253	-0.537705	-0.542518	-0.540832	-0.539274	-0.540625	-0.540593	-0.546579	-0.533761
619.0	-0.542254	-0.535844	-0.531509	-0.540092	-0.544766	-0.536878	-0.541616	-0.542263	-0.538110	-0.533484	-0.534149	-0.538827	-0.534605	-0.543639	-0.541146	-0.538639	-0.540194	-0.537106	-0.545587	-0.532995
620.0	-0.541042	-0.535612	-0.534801	-0.540567	-0.543503	-0.536489	-0.537067	-0.542320	-0.538283	-0.536710	-0.536287	-0.536047	-0.532525	-0.543244	-0.542638	-0.537591	-0.538589	-0.535746	-0.541663	-0.533478
621.0	-0.537991	-0.537282	-0.540682	-0.540054	-0.545715	-0.536195	-0.534771	-0.542390	-0.539328	-0.539286	-0.533803	-0.534045	-0.531170	-0.540407	-0.540766	-0.534425	-0.535156	-0.533973	-0.537344	-0.534456
622.0	-0.531617	-0.539145	-0.543402	-0.534541	-0.542972	-0.537482	-0.534856	-0.540526	-0.539817	-0.540292	-0.532420	-0.529728	-0.531341	-0.536126	-0.535099	-0.531771	-0.530171	-0.534921	-0.531976	-0.531180
623.0	-0.531277	-0.537604	-0.542393	-0.531770	-0.539759	-0.537335	-0.534491	-0.536570	-0.538218	-0.535801	-0.528966	-0.532483	-0.529386	-0.531219	-0.533270	-0.529617	-0.526993	-0.535170	-0.523481	-0.529760
624.0	-0.528161	-0.538196	-0.538378	-0.526379	-0.536418	-0.536905	-0.531414	-0.530752	-0.535663	-0.530533	-0.528944	-0.529999	-0.527996	-0.527428	-0.528831	-0.524660	-0.522052	-0.535170	-0.521256	-0.527246
625.0	-0.527541	-0.534275	-0.532193	-0.526278	-0.532053	-0.531949	-0.526534	-0.523163	-0.534299	-0.525426	-0.528180	-0.529066	-0.525699	-0.523221	-0.524082	-0.525499	-0.516458	-0.533700	-0.519193	-0.526170
626.0	-0.522670	-0.526502	-0.525962	-0.524227	-0.528253	-0.526710	-0.522858	-0.517119	-0.532924	-0.520640	-0.525901	-0.524840	-0.521340	-0.520194	-0.519137	-0.524688	-0.511898	-0.529554	-0.519146	-0.523190
627.0	-0.519121	-0.517817	-0.519417	-0.520272	-0.521977	-0.523251	-0.517092	-0.512990	-0.528526	-0.514283	-0.523505	-0.523774	-0.518863	-0.519808	-0.516757	-0.520915	-0.511333	-0.525806	-0.521522	-0.515707
628.0	-0.519339	-0.514748	-0.513910	-0.517424	-0.521083	-0.517347	-0.514196	-0.510365	-0.521923	-0.511380	-0.520510	-0.520734	-0.516019	-0.519761	-0.514412	-0.514421	-0.510193	-0.520947	-0.526509	-0.511589
629.0	-0.516953	-0.510552	-0.510706	-0.511251	-0.515067	-0.512810	-0.510341	-0.507152	-0.513700	-0.510432	-0.517796	-0.516261	-0.512982	-0.515747	-0.512319	-0.505683	-0.507022	-0.515432	-0.526547	-0.507677
630.0	-0.515182	-0.506912	-0.507681	-0.501881	-0.508608	-0.509111	-0.506716	-0.501431	-0.504436	-0.507300	-0.514842	-0.510416	-0.512307	-0.509475	-0.510267	-0.499324	-0.504426	-0.508833	-0.522309	-0.503827
631.0	-0.512494	-0.504997	-0.505570	-0.494118	-0.501260	-0.505312	-0.503671	-0.496350	-0.492352	-0.502469	-0.507773	-0.503894	-0.510409	-0.501661	-0.501691	-0.495761	-0.499394	-0.502512	-0.513354	-0.501553
632.0	-0.506901	-0.497922	-0.503432	-0.487622	-0.491703	-0.498533	-0.501009	-0.488344	-0.484747	-0.496328	-0.499480	-0.495419	-0.502973	-0.493560	-0.495167	-0.489212	-0.493777	-0.500788	-0.504232	-0.499663
633.0	-0.501984	-0.495024	-0.498041	-0.479627	-0.485118	-0.489753	-0.498802	-0.484479	-0.477760	-0.488291	-0.492692	-0.489564	-0.493473	-0.489487	-0.486523	-0.481032	-0.489229	-0.493092	-0.492679	-0.496203
634.0	-0.493269	-0.495620	-0.491596	-0.467682	-0.476824	-0.481182	-0.492756	-0.475601	-0.471694	-0.482195	-0.485760	-0.480014	-0.483196	-0.484061	-0.476070	-0.476142	-0.481025	-0.483460	-0.488398	-0.491347
635.0	-0.485863	-0.485245	-0.482682	-0.463211	-0.465699	-0.470895	-0.480434	-0.469517	-0.464300	-0.474256	-0.472519	-0.472939	-0.473505	-0.477410	-0.467861	-0.474358	-0.473615	-0.472299	-0.478148	-0.484652
636.0	-0.475397	-0.469823	-0.473013	-0.453766	-0.460558	-0.461525	-0.463425	-0.463564	-0.459957	-0.465133	-0.460294	-0.460632	-0.462767	-0.469832	-0.459420	-0.465292	-0.461997	-0.462651	-0.469837	-0.471289
637.0	-0.464181	-0.450147	-0.457327	-0.445570	-0.456433	-0.451889	-0.448951	-0.455993	-0.447845	-0.452050	-0.446762	-0.448859	-0.454949	-0.462095	-0.448867	-0.448625	-0.451211	-0.443925	-0.461704	-0.459466
638.0	-0.443554	-0.431504	-0.442775	-0.437246	-0.449785	-0.438948	-0.437174	-0.445997	-0.435478	-0.437765	-0.437590	-0.438984	-0.444579	-0.444581	-0.437018	-0.433382	-0.444258	-0.430054	-0.452025	-0.448830
639.0	-0.423328	-0.411627	-0.427777	-0.424937	-0.433135	-0.425016	-0.422966	-0.432789	-0.421076	-0.421572	-0.422424	-0.424939	-0.430768	-0.425493	-0.423585	-0.418410	-0.429907	-0.416545	-0.436958	-0.430447
640.0	-0.402659	-0.397329	-0.411149	-0.408282	-0.413426	-0.408702	-0.411629	-0.409244	-0.405865	-0.404033	-0.405441	-0.409192	-0.420232	-0.403723	-0.406612	-0.400582	-0.410845	-0.396950	-0.419544	-0.410384
641.0	-0.382935	-0.380940	-0.390606	-0.392429	-0.392621	-0.388404	-0.390781	-0.386566	-0.389145	-0.387132	-0.386811	-0.387413	-0.402962	-0.378728	-0.383425	-0.382507	-0.389827	-0.378420	-0.400373	-0.392914
642.0	-0.361415	-0.358812	-0.374631	-0.370617	-0.372729	-0.366110	-0.369725	-0.361544	-0.370231	-0.370047	-0.369016	-0.361880	-0.380637	-0.355705	-0.358944	-0.355955	-0.360446	-0.359290	-0.377850	-0.375570
643.0	-0.328592	-0.340961	-0.349811	-0.341882	-0.345407	-0.341695	-0.350203	-0.334888	-0.345834	-0.348065	-0.351654	-0.334483	-0.354601	-0.335341	-0.335294	-0.332086	-0.333061	-0.331069	-0.347917	-0.349552
644.0	-0.301885	-0.313524	-0.321471	-0.309552	-0.313262	-0.314018	-0.327138	-0.306027	-0.318785	-0.320946	-0.324059	-0.306250	-0.322859	-0.313718	-0.314099	-0.309817	-0.303918	-0.304610	-0.318880	-0.318081
645.0	-0.272900	-0.280808	-0.289205	-0.277176	-0.281699	-0.278721	-0.292673	-0.281299	-0.289715	-0.284676	-0.290539	-0.274275	-0.289196	-0.289152	-0.289941	-0.278101	-0.274855	-0.272687	-0.278219	-0.279739
646.0	-0.240231	-0.246043	-0.252748	-0.242093	-0.250529	-0.242127	-0.257384	-0.253316	-0.257940	-0.245844	-0.257561	-0.236711	-0.251723	-0.259646	-0.258075	-0.239795	-0.239771	-0.242434	-0.237101	-0.237814
647.0	-0.206040	-0.201491	-0.210119	-0.200899	-0.214545	-0.204707	-0.219943	-0.224512	-0.218866	-0.207082	-0.220762	-0.204432	-0.208570	-0.219832	-0.219226	-0.196125	-0.206771	-0.202211	-0.196178	-0.200411
648.0	-0.160823	-0.158561	-0.167898	-0.161929	-0.177805	-0.159840	-0.179713	-0.192476	-0.179546	-0.170438	-0.185330	-0.177262	-0.162621	-0.173821	-0.182499	-0.158899	-0.169801	-0.173712	-0.155528	-0.158456
649.0	-0.119932	-0.116767	-0.128746	-0.123619	-0.131368	-0.124680	-0.139533	-0.157491	-0.138880	-0.131241	-0.139372	-0.133033	-0.116828	-0.135675	-0.140808	-0.121385	-0.135561	-0.132025	-0.115462	-0.113968
650.0	-0.082846	-0.087015	-0.094102	-0.091656	-0.088069	-0.093972	-0.103838	-0.119356	-0.099600	-0.094968	-0.092264	-0.096193	-0.080145	-0.101690	-0.100705	-0.086100	-0.102661	-0.095585	-0.079804	-0.083136
651.0	-0.050943	-0.054116	-0.058838	-0.059849	-0.055514	-0.063952	-0.058704	-0.079153	-0.064021	-0.062954	-0.049347	-0.058952	-0.045951	-0.064478	-0.058859	-0.050087	-0.061783	-0.056332	-0.052685	-0.059156
652.0	-0.022084	-0.017105	-0.030213	-0.036741	-0.026472	-0.038474	-0.026338	-0.040731	-0.025420	-0.032905	-0.013350	-0.025633	-0.022734	-0.038097	-0.023410	-0.018288	-0.028017	-0.023275	-0.030839	-0.026569
653.0	0.008401	0.018859	-0.000056	-0.013273	0.004895	-0.011776	0.001172	-0.009596	-0.003243	0.002420	0.016621	0.004519	-0.002028	-0.013552	0.000702	0.003110	0.004645	0.008583	-0.002315	-0.000378
654.0	0.032863	0.049453	0.023376	0.005866	0.026791	0.010326	0.019019	0.016654	0.016885	0.038366	0.041572	0.033031	0.018296	0.001854	0.017987	0.016557	0.034329	0.043809	0.019814	0.020052
655.0	0.051706	0.074884	0.045131	0.021449	0.049672	0.032777	0.041199	0.035279	0.037511	0.066874	0.059722	0.058542	0.035571	0.027827	0.042308	0.029723	0.053170	0.076632	0.046508	0.038256
656.0	0.061302	0.091879	0.064059	0.037856	0.069632	0.057352	0.058142	0.054152	0.052529	0.090935	0.068372	0.078416	0.054085	0.055588	0.060573	0.043443	0.063521	0.095202	0.072742	0.054293
657.0	0.066148	0.112791	0.084441	0.062479	0.078438	0.074380	0.079892	0.066770	0.067967	0.097945	0.077792	0.093616	0.072856	0.081499	0.076107	0.064593	0.078875	0.112329	0.097048	0.072792
658.0	0.078364	0.117792	0.101457	0.080599	0.092951	0.090644	0.096754	0.082555	0.090798	0.100536	0.081189	0.106711	0.086034	0.101404	0.093304	0.080408	0.097072	0.122160	0.109600	0.092973
659.0	0.089307	0.128244	0.117576	0.102804	0.118812	0.101719	0.110323	0.099332	0.113740	0.114152	0.090398	0.128790	0.108251	0.115924	0.112867	0.104406	0.107152	0.136283	0.122850	0.098927
660.0	0.098459	0.134820	0.134364	0.121045	0.140506	0.114924	0.127808	0.118435	0.134234	0.131045	0.109638	0.138718	0.130636	0.130917	0.134476	0.134543	0.128523	0.149530	0.139788	0.104684
661.0	0.115907	0.141969	0.158447	0.136502	0.162238	0.138548	0.147723	0.149258	0.153615	0.150959	0.132875	0.153200	0.155828	0.157128	0.162098	0.169086	0.156741	0.172929	0.148427	0.124850
662.0	0.146982	0.166105	0.186668	0.160351	0.191822	0.170599	0.168812	0.186455	0.184161	0.172399	0.164826	0.181006	0.172200	0.191286	0.193207	0.204862	0.188807	0.201884	0.173808	0.157582
663.0	0.183355	0.203098	0.218926	0.199355	0.229934	0.214722	0.206884	0.228286	0.218844	0.211273	0.203738	0.209617	0.197201	0.228890	0.234014	0.243029	0.240250	0.238556	0.214379	0.195180
664.0	0.239471	0.249450	0.269458	0.247659	0.279288	0.263026	0.260401	0.273368	0.263950	0.268868	0.263086	0.254093	0.237137	0.270840	0.276682	0.268742	0.295621	0.275530	0.261159	0.249459
665.0	0.291399	0.321041	0.328123	0.317164	0.349916	0.326172	0.327354	0.330595	0.320985	0.323291	0.328818	0.309232	0.289437	0.332177	0.335754	0.313573	0.356316	0.332641	0.322237	0.313324
666.0	0.360879	0.401181	0.392400	0.401560	0.433710	0.408216	0.404254	0.407026	0.391609	0.395316	0.400053	0.378171	0.364476	0.401609	0.404020	0.374972	0.422136	0.394096	0.398072	0.394384
667.0	0.455810	0.500986	0.475422	0.505761	0.520654	0.487509	0.501332	0.494738	0.474666	0.486727	0.494108	0.468989	0.459225	0.482785	0.488397	0.463881	0.506638	0.482959	0.488678	0.489200
668.0	0.576076	0.600109	0.561503	0.623584	0.626530	0.579447	0.614934	0.597781	0.585774	0.593294	0.596832	0.589549	0.569214	0.590962	0.590387	0.571077	0.610396	0.588512	0.599089	0.606152
669.0	0.716574	0.735790	0.691035	0.749015	0.753174	0.711594	0.745271	0.727954	0.705003	0.722847	0.735523	0.724118	0.714843	0.712228	0.710198	0.712805	0.724060	0.715690	0.738555	0.724379
670.0	0.882687	0.891576	0.850435	0.895772	0.898911	0.875473	0.898065	0.879002	0.849532	0.877238	0.893121	0.889763	0.879388	0.856726	0.851200	0.885242	0.881958	0.887688	0.929760	0.876705
671.0	1.075204	1.076056	1.054284	1.060031	1.086333	1.060741	1.075786	1.076504	1.042194	1.046408	1.085576	1.087537	1.091268	1.026351	1.038975	1.077963	1.068003	1.078655	1.125221	1.054586
672.0	1.310619	1.295716	1.291904	1.279285	1.308352	1.288901	1.299701	1.320308	1.284340	1.244539	1.305011	1.321033	1.327743	1.243823	1.274808	1.320271	1.310877	1.323531	1.347912	1.277295
673.0	1.585034	1.547396	1.572473	1.545895	1.574364	1.573616	1.574483	1.580348	1.577859	1.505848	1.581869	1.590654	1.593875	1.501039	1.561855	1.588056	1.582096	1.581390	1.603664	1.546144
674.0	1.889752	1.853209	1.897583	1.858030	1.880508	1.882021	1.881412	1.864565	1.904566	1.823369	1.896401	1.897795	1.893377	1.796257	1.864772	1.882557	1.893548	1.866568	1.888766	1.862538
675.0	2.209860	2.199735	2.233995	2.215596	2.215294	2.219896	2.219559	2.172198	2.245987	2.160449	2.236170	2.222340	2.221363	2.136842	2.212606	2.230850	2.237345	2.198692	2.216444	2.187216
676.0	2.542793	2.551193	2.575715	2.579983	2.571083	2.554098	2.566780	2.502606	2.593601	2.525268	2.583983	2.558622	2.569828	2.495979	2.572012	2.580114	2.588961	2.549788	2.552634	2.529064
677.0	2.887926	2.899742	2.909208	2.944213	2.911153	2.901448	2.909711	2.837464	2.932740	2.897975	2.928302	2.884595	2.901165	2.851564	2.928692	2.929030	2.920524	2.907231	2.874369	2.866618
678.0	3.214479	3.210745	3.229016	3.269167	3.221893	3.224040	3.221324	3.156774	3.235517	3.240285	3.276317	3.194280	3.207950	3.187823	3.265390	3.239663	3.239846	3.223184	3.188813	3.203645
679.0	3.512934	3.499465	3.521073	3.542775	3.499800	3.512846	3.506245	3.446801	3.495113	3.533303	3.573473	3.452539	3.459868	3.482382	3.524455	3.523798	3.502263	3.488180	3.490059	3.487141
680.0	3.753904	3.719755	3.727323	3.746322	3.731877	3.734905	3.739778	3.683211	3.718664	3.756750	3.789616	3.692947	3.670455	3.710174	3.745854	3.734871	3.719465	3.712697	3.744559	3.717509
681.0	3.899677	3.880336	3.884575	3.891465	3.891956	3.890050	3.873166	3.877501	3.869832	3.903153	3.941717	3.862173	3.830028	3.862383	3.885073	3.885286	3.863423	3.853221	3.886255	3.856317
682.0	3.994848	3.958074	3.950411	3.973160	3.969101	3.976745	3.937075	3.987053	3.948843	3.965350	3.993161	3.955162	3.924002	3.947304	3.948080	3.961635	3.935378	3.930802	3.948492	3.952367
683.0	3.994920	3.955071	3.939069	3.958900	3.956280	3.981346	3.928984	3.991194	3.976660	3.950570	3.973245	3.965752	3.938181	3.952198	3.943321	3.949694	3.921721	3.934197	3.939888	3.978575
684.0	3.913573	3.897403	3.871569	3.897944	3.859695	3.907997	3.868215	3.918878	3.926822	3.900644	3.876094	3.900534	3.881268	3.900870	3.870109	3.878729	3.878820	3.864350	3.876891	3.933747
685.0	3.756287	3.777331	3.753613	3.766910	3.725231	3.768597	3.759695	3.773856	3.786660	3.779859	3.739619	3.781187	3.779240	3.807077	3.756773	3.742755	3.745070	3.737967	3.753069	3.806990
686.0	3.558807	3.609394	3.588279	3.586614	3.537804	3.578515	3.585637	3.600100	3.603983	3.611663	3.525528	3.597827	3.615401	3.643740	3.582184	3.559813	3.576148	3.588074	3.576928	3.631107
687.0	3.342723	3.406814	3.384579	3.366718	3.312986	3.393622	3.371243	3.399629	3.380627	3.405520	3.299481	3.380312	3.404630	3.440934	3.387352	3.354824	3.362667	3.388445	3.364205	3.411580
688.0	3.093819	3.161648	3.170417	3.128504	3.084624	3.153182	3.160686	3.182348	3.125375	3.178229	3.084046	3.147152	3.159732	3.206060	3.166107	3.116237	3.149925	3.152479	3.144238	3.180280
689.0	2.865687	2.918404	2.933720	2.866504	2.871858	2.908296	2.939897	2.942941	2.858201	2.945225	2.852918	2.900246	2.915765	2.974126	2.905155	2.896267	2.903633	2.919366	2.919567	2.934633
690.0	2.643389	2.666846	2.674649	2.611749	2.663839	2.661582	2.705044	2.690633	2.610416	2.689694	2.615761	2.668499	2.669922	2.720341	2.680489	2.660016	2.671418	2.690835	2.674265	2.682618
691.0	2.428710	2.429633	2.434636	2.400251	2.442048	2.426390	2.450388	2.466091	2.359558	2.460084	2.401291	2.437162	2.438330	2.476980	2.419464	2.442540	2.443968	2.459289	2.438829	2.426477
692.0	2.239103	2.208802	2.205694	2.192880	2.234285	2.197464	2.219153	2.236273	2.153117	2.217683	2.177928	2.212975	2.233172	2.236808	2.196376	2.217415	2.228105	2.243655	2.220381	2.196595
693.0	2.041745	1.993914	1.995225	1.988540	2.023314	1.975985	2.009952	2.011341	1.978639	1.997235	1.981542	2.001735	2.039769	2.008429	2.003960	2.008001	2.030327	2.052967	2.007981	1.989455
694.0	1.879364	1.803512	1.837641	1.817357	1.836184	1.798702	1.850271	1.823317	1.819040	1.829149	1.818320	1.826930	1.866231	1.819916	1.832739	1.823808	1.861306	1.854925	1.835077	1.806924
695.0	1.733275	1.657041	1.696949	1.654495	1.695787	1.640873	1.699479	1.667523	1.677899	1.673194	1.685326	1.681917	1.722974	1.660586	1.686621	1.660777	1.677162	1.680126	1.665605	1.668222
696.0	1.610899	1.547217	1.567352	1.530471	1.556272	1.513125	1.561196	1.541378	1.569729	1.532862	1.547532	1.556153	1.582625	1.530043	1.557514	1.533364	1.549253	1.559801	1.534108	1.543960
697.0	1.491865	1.439018	1.453911	1.431410	1.443427	1.426453	1.452528	1.440258	1.466975	1.418158	1.449298	1.465132	1.464240	1.434901	1.452641	1.438709	1.438243	1.443999	1.428350	1.446679
698.0	1.374666	1.343280	1.363197	1.358211	1.363520	1.340048	1.377061	1.371615	1.371962	1.326044	1.365186	1.395001	1.366421	1.356592	1.363817	1.357162	1.358319	1.356038	1.343110	1.360192
699.0	1.289769	1.277149	1.288762	1.277259	1.302531	1.294285	1.288646	1.294142	1.278398	1.263303	1.308091	1.320756	1.303422	1.295307	1.295583	1.313922	1.281889	1.294719	1.261397	1.300556
700.0	1.230834	1.219446	1.228766	1.225339	1.241974	1.248073	1.222285	1.225195	1.218330	1.191965	1.244245	1.253421	1.234543	1.245806	1.237995	1.264405	1.233306	1.237178	1.196019	1.241743
701.0	1.178634	1.169244	1.190262	1.188115	1.188911	1.199016	1.171527	1.192535	1.182661	1.156935	1.196692	1.190745	1.190359	1.215777	1.180167	1.217576	1.184090	1.190239	1.163497	1.195731
702.0	1.130381	1.132675	1.162790	1.160949	1.143890	1.160133	1.126846	1.154793	1.158809	1.122531	1.152498	1.134153	1.153659	1.179002	1.149695	1.177881	1.145909	1.148346	1.141540	1.147377
703.0	1.089007	1.093600	1.133493	1.126249	1.099450	1.116838	1.088872	1.118709	1.133062	1.103936	1.117242	1.089785	1.120732	1.136733	1.118461	1.132602	1.116993	1.116354	1.114709	1.114703
704.0	1.064380	1.073790	1.111567	1.090347	1.080070	1.082871	1.068775	1.099931	1.110866	1.085431	1.093723	1.045530	1.092413	1.094307	1.082391	1.098038	1.088219	1.077492	1.109460	1.089318
705.0	1.045947	1.070433	1.076912	1.067671	1.059287	1.048339	1.042145	1.074770	1.093459	1.057590	1.066530	1.013096	1.069219	1.053439	1.053514	1.075602	1.063679	1.043418	1.087720	1.081335
706.0	1.019400	1.061031	1.044431	1.047775	1.037462	1.014991	1.013493	1.045970	1.064429	1.017186	1.034116	0.992948	1.040668	1.029470	1.027847	1.037212	1.048581	1.032441	1.061366	1.052940
707.0	0.995299	1.033029	1.013165	1.029894	1.025327	0.990352	0.998624	1.014670	1.026701	0.991795	1.006136	0.983493	1.018983	1.001187	0.997422	1.006823	1.034526	1.008169	1.040202	1.027126
708.0	0.969319	0.999137	0.986638	1.007502	1.004376	0.960948	0.975435	0.986780	0.987588	0.964107	0.984320	0.988142	1.000055	0.977336	0.978224	0.982197	1.005460	0.992471	1.010391	0.993841
709.0	0.947794	0.971742	0.950008	0.985244	0.985022	0.949504	0.954625	0.953060	0.961789	0.937090	0.960590	0.989429	0.967934	0.952784	0.961530	0.961815	0.973662	0.966627	0.974896	0.971905
710.0	0.931060	0.942422	0.928176	0.957869	0.966803	0.935280	0.927198	0.920375	0.943478	0.917943	0.933403	0.968633	0.945450	0.942671	0.935011	0.931221	0.942824	0.939588	0.938930	0.945319
711.0	0.910971	0.919264	0.909741	0.928561	0.941556	0.913662	0.903953	0.898877	0.929867	0.909715	0.914326	0.938624	0.913866	0.925721	0.916587	0.908586	0.907663	0.915650	0.921088	0.922833
712.0	0.893109	0.893453	0.869480	0.902090	0.917056	0.893485	0.881744	0.877430	0.909083	0.910321	0.897278	0.918262	0.886670	0.908948	0.900096	0.884348	0.884222	0.892642	0.902942	0.905257
713.0	0.867845	0.866356	0.835086	0.871200	0.899280	0.872532	0.859087	0.858056	0.887218	0.899848	0.875649	0.885576	0.850352	0.879682	0.880080	0.850174	0.864098	0.876164	0.877922	0.883475
714.0	0.854808	0.851209	0.803957	0.850786	0.886085	0.847370	0.845320	0.839800	0.870893	0.879765	0.854936	0.845009	0.825473	0.853375	0.848178	0.829106	0.840793	0.855183	0.861591	0.871760
715.0	0.840434	0.839085	0.781751	0.832646	0.853366	0.835446	0.829803	0.825201	0.855683	0.850595	0.823123	0.816911	0.800114	0.831725	0.813923	0.810578	0.822558	0.832425	0.828481	0.852956
716.0	0.810196	0.818878	0.762954	0.800369	0.824278	0.814794	0.804825	0.815164	0.814942	0.809580	0.803130	0.792528	0.782134	0.808971	0.784729	0.784493	0.806437	0.812173	0.795337	0.820245
717.0	0.776714	0.789589	0.742782	0.769632	0.795067	0.784570	0.781975	0.796835	0.777925	0.773171	0.769846	0.767545	0.762066	0.788280	0.755188	0.761136	0.781431	0.784503	0.772064	0.777785
718.0	0.741306	0.752419	0.734948	0.741359	0.759188	0.754654	0.750678	0.774390	0.749162	0.727413	0.739164	0.752134	0.744693	0.760244	0.735712	0.746776	0.741209	0.754745	0.736320	0.740629
719.0	0.706084	0.724180	0.720375	0.721779	0.727566	0.736387	0.721032	0.751910	0.724568	0.681641	0.701837	0.733990	0.716081	0.727141	0.711948	0.722632	0.712687	0.711535	0.715073	0.707366
720.0	0.670877	0.695918	0.701551	0.697073	0.694627	0.702758	0.681783	0.714887	0.694781	0.661730	0.670515	0.692416	0.698367	0.686290	0.694223	0.695644	0.682969	0.676999	0.690155	0.673910
721.0	0.644736	0.672733	0.676060	0.668675	0.663273	0.668214	0.649590	0.680167	0.660205	0.638902	0.644284	0.669833	0.673414	0.645713	0.671487	0.662199	0.645618	0.647798	0.665793	0.637218
722.0	0.611474	0.636205	0.638521	0.630249	0.637306	0.634835	0.619317	0.641513	0.627501	0.619364	0.613984	0.649447	0.641849	0.615313	0.647558	0.629339	0.621152	0.621641	0.636484	0.603896
723.0	0.584126	0.598939	0.602524	0.594317	0.611303	0.603334	0.585649	0.601075	0.593387	0.590733	0.583236	0.614677	0.599488	0.581163	0.613599	0.600829	0.586338	0.596204	0.609701	0.569926
724.0	0.557054	0.565738	0.567078	0.556050	0.569883	0.571872	0.555437	0.562110	0.557850	0.561091	0.548399	0.576762	0.565898	0.556226	0.563144	0.569532	0.551484	0.577466	0.576245	0.545587
725.0	0.521553	0.528091	0.531240	0.524090	0.532596	0.552061	0.526326	0.530461	0.520098	0.540062	0.515844	0.533876	0.523725	0.534873	0.517812	0.540355	0.521477	0.544179	0.530790	0.510245
726.0	0.483941	0.492329	0.496208	0.481449	0.498633	0.517482	0.487799	0.497447	0.476377	0.509159	0.486493	0.493942	0.494438	0.501366	0.481787	0.498573	0.482711	0.507385	0.484455	0.471090
727.0	0.452575	0.449440	0.458850	0.449638	0.461673	0.482702	0.450746	0.456599	0.440573	0.470900	0.447861	0.454706	0.454758	0.474258	0.450175	0.455998	0.443558	0.458124	0.449640	0.429634
728.0	0.425633	0.413253	0.429587	0.415828	0.422374	0.447613	0.419525	0.423514	0.410526	0.433679	0.414207	0.420475	0.420341	0.436319	0.422465	0.422776	0.408811	0.411533	0.412091	0.392392
729.0	0.397967	0.382381	0.392679	0.384304	0.384310	0.414779	0.393295	0.383012	0.378070	0.394006	0.385934	0.386993	0.386534	0.386674	0.388519	0.387976	0.381333	0.368840	0.379407	0.362733
730.0	0.368939	0.341023	0.341868	0.353927	0.344405	0.371391	0.361429	0.345534	0.348488	0.364769	0.355830	0.351743	0.361955	0.340104	0.357141	0.350203	0.342317	0.333529	0.346366	0.333781
731.0	0.339634	0.305532	0.300167	0.319641	0.315555	0.332596	0.333428	0.309291	0.317609	0.327964	0.321293	0.325067	0.327749	0.300077	0.317369	0.314730	0.308169	0.307976	0.308006	0.298706
732.0	0.298251	0.270763	0.267624	0.277894	0.285608	0.284319	0.302072	0.275207	0.281067	0.295610	0.291295	0.295359	0.291271	0.266898	0.281033	0.287006	0.281326	0.285286	0.283345	0.261500
733.0	0.261213	0.240684	0.229816	0.244256	0.254590	0.243847	0.263925	0.245125	0.249099	0.258665	0.262788	0.254347	0.252829	0.240162	0.238043	0.256421	0.251380	0.260731	0.257094	0.233758
734.0	0.217540	0.210492	0.197907	0.205630	0.220854	0.199501	0.225209	0.216432	0.209338	0.223255	0.229970	0.214730	0.222683	0.213068	0.196018	0.221636	0.218564	0.230965	0.221046	0.203269
735.0	0.172879	0.173762	0.166067	0.173459	0.195277	0.163706	0.188206	0.186233	0.176020	0.195337	0.193561	0.179331	0.191752	0.183310	0.157927	0.191300	0.180567	0.190317	0.185868	0.177129
736.0	0.137616	0.143108	0.140740	0.141191	0.160106	0.126082	0.149050	0.153302	0.146592	0.159497	0.150798	0.145793	0.166017	0.147765	0.127295	0.147938	0.138985	0.155293	0.143526	0.145343
737.0	0.106107	0.105073	0.115048	0.118126	0.120099	0.093641	0.110530	0.118547	0.118312	0.119152	0.116680	0.121432	0.132505	0.113801	0.100366	0.111317	0.103064	0.106526	0.110563	0.119923
738.0	0.076680	0.079323	0.088534	0.089184	0.077646	0.062279	0.078917	0.095064	0.088843	0.081825	0.080456	0.092018	0.100998	0.082315	0.075602	0.079366	0.077141	0.067487	0.076114	0.094754
739.0	0.050916	0.048299	0.055002	0.062423	0.042837	0.042879	0.047602	0.060684	0.060367	0.044963	0.052006	0.067134	0.073854	0.047434	0.047799	0.047827	0.050441	0.036145	0.045636	0.060203
740.0	0.019139	0.003677	0.019488	0.033312	0.004954	0.028333	0.014058	0.027287	0.039418	0.013913	0.014392	0.042729	0.041089	0.022889	0.020342	0.021528	0.019520	0.003262	0.017473	0.030309
741.0	-0.009279	-0.022789	-0.004708	-0.000759	-0.022378	0.009524	-0.006936	-0.005876	0.008329	-0.012687	-0.015537	0.013779	0.000456	-0.005221	-0.005842	-0.001156	-0.000649	-0.019740	-0.011175	-0.006099
742.0	-0.039615	-0.047637	-0.028898	-0.034910	-0.049990	-0.020592	-0.034010	-0.037709	-0.025650	-0.032059	-0.035821	-0.014527	-0.027948	-0.023644	-0.029630	-0.033975	-0.024623	-0.040863	-0.030123	-0.039515
743.0	-0.063404	-0.073229	-0.058361	-0.063900	-0.072048	-0.047038	-0.058970	-0.066031	-0.053439	-0.057388	-0.055798	-0.051230	-0.061226	-0.047105	-0.052954	-0.070509	-0.050846	-0.066086	-0.053339	-0.059905
744.0	-0.089202	-0.093718	-0.085024	-0.093129	-0.088421	-0.081010	-0.081307	-0.098551	-0.083565	-0.080908	-0.077087	-0.078465	-0.086981	-0.070084	-0.078104	-0.102308	-0.078877	-0.088559	-0.073122	-0.087314
745.0	-0.117515	-0.116186	-0.110139	-0.119092	-0.107280	-0.109167	-0.102907	-0.124149	-0.110052	-0.107118	-0.095178	-0.104472	-0.115188	-0.095498	-0.109200	-0.123864	-0.108562	-0.110022	-0.099824	-0.103775
746.0	-0.141563	-0.133889	-0.131119	-0.142112	-0.132282	-0.145441	-0.126005	-0.145932	-0.134489	-0.134710	-0.121876	-0.135919	-0.141321	-0.121868	-0.134937	-0.144718	-0.135970	-0.132160	-0.128428	-0.127510
747.0	-0.160577	-0.151990	-0.153526	-0.162249	-0.155695	-0.172475	-0.147397	-0.165994	-0.153108	-0.161487	-0.144728	-0.154920	-0.165017	-0.154355	-0.156296	-0.163415	-0.163554	-0.161288	-0.149154	-0.147076
748.0	-0.181665	-0.164390	-0.174498	-0.179395	-0.176377	-0.199353	-0.168452	-0.184977	-0.176327	-0.188527	-0.171979	-0.175839	-0.185220	-0.183637	-0.177143	-0.183561	-0.186434	-0.186569	-0.168188	-0.170195
749.0	-0.202746	-0.189048	-0.196335	-0.194727	-0.203851	-0.218537	-0.192128	-0.200415	-0.193638	-0.207933	-0.196797	-0.196246	-0.207782	-0.209881	-0.204365	-0.205185	-0.218415	-0.211894	-0.184702	-0.202398
750.0	-0.225941	-0.213866	-0.218835	-0.211971	-0.227679	-0.232700	-0.218217	-0.214209	-0.206550	-0.230956	-0.229439	-0.214320	-0.228905	-0.234820	-0.231402	-0.219219	-0.240614	-0.238778	-0.208546	-0.224097
751.0	-0.244769	-0.232155	-0.236885	-0.240142	-0.246461	-0.248208	-0.241543	-0.232475	-0.228317	-0.250207	-0.248848	-0.235128	-0.249446	-0.254139	-0.252863	-0.239071	-0.261553	-0.258782	-0.230609	-0.250269
752.0	-0.266571	-0.260688	-0.260330	-0.266872	-0.270155	-0.268132	-0.266485	-0.259359	-0.250972	-0.268071	-0.271820	-0.255083	-0.265447	-0.268309	-0.269764	-0.267648	-0.284247	-0.273120	-0.255474	-0.279711
753.0	-0.286978	-0.292746	-0.278344	-0.287797	-0.288096	-0.285505	-0.293143	-0.280222	-0.273415	-0.290863	-0.291496	-0.279446	-0.284600	-0.290106	-0.287879	-0.296299	-0.302240	-0.291917	-0.279183	-0.297033
754.0	-0.309061	-0.318491	-0.299959	-0.311439	-0.305023	-0.303428	-0.316026	-0.306411	-0.296704	-0.312044	-0.308778	-0.301243	-0.304330	-0.307816	-0.311865	-0.318371	-0.314672	-0.304999	-0.300848	-0.319396
755.0	-0.329736	-0.343521	-0.318394	-0.334132	-0.323562	-0.325917	-0.337369	-0.325806	-0.318635	-0.338454	-0.324221	-0.324658	-0.326237	-0.323154	-0.335613	-0.339499	-0.326469	-0.320560	-0.331615	-0.330367
756.0	-0.348984	-0.364926	-0.337980	-0.356570	-0.343301	-0.349746	-0.354380	-0.347415	-0.344726	-0.357889	-0.346093	-0.346062	-0.346666	-0.342953	-0.351546	-0.358580	-0.337054	-0.337824	-0.346332	-0.347789
757.0	-0.360293	-0.382696	-0.358371	-0.375139	-0.361895	-0.365955	-0.366545	-0.371350	-0.365602	-0.376424	-0.370445	-0.367001	-0.360520	-0.364944	-0.367553	-0.372174	-0.351190	-0.355468	-0.360212	-0.364971
758.0	-0.376703	-0.394406	-0.377523	-0.387944	-0.377213	-0.385879	-0.376482	-0.391258	-0.386352	-0.394141	-0.391231	-0.388202	-0.375944	-0.382562	-0.383899	-0.386822	-0.370425	-0.377345	-0.373350	-0.384234
759.0	-0.394997	-0.407925	-0.395597	-0.403158	-0.400982	-0.404254	-0.385601	-0.403000	-0.405366	-0.406090	-0.410590	-0.409150	-0.393868	-0.399204	-0.404910	-0.396151	-0.395510	-0.396262	-0.387603	-0.401810
760.0	-0.409270	-0.416920	-0.413038	-0.412270	-0.413080	-0.417236	-0.402513	-0.413157	-0.418897	-0.421362	-0.427638	-0.424740	-0.408001	-0.416281	-0.418845	-0.405167	-0.413108	-0.411915	-0.401392	-0.416734
761.0	-0.421489	-0.422877	-0.426208	-0.430204	-0.426443	-0.431739	-0.416176	-0.426846	-0.426898	-0.427990	-0.437353	-0.439694	-0.424729	-0.427483	-0.432387	-0.414886	-0.433046	-0.425819	-0.418574	-0.429443
762.0	-0.434885	-0.431040	-0.439382	-0.443480	-0.441232	-0.446917	-0.430895	-0.442494	-0.439211	-0.435507	-0.444686	-0.451369	-0.439216	-0.440684	-0.441471	-0.428670	-0.450373	-0.436419	-0.436982	-0.442179
763.0	-0.446718	-0.444469	-0.454084	-0.454402	-0.454556	-0.458126	-0.450637	-0.452531	-0.451794	-0.448345	-0.452406	-0.463638	-0.453305	-0.455888	-0.450056	-0.440886	-0.458072	-0.452140	-0.453606	-0.448423
764.0	-0.459775	-0.459536	-0.468927	-0.468799	-0.465105	-0.467374	-0.465387	-0.463238	-0.462802	-0.460304	-0.463540	-0.471697	-0.464629	-0.473165	-0.463276	-0.456098	-0.467238	-0.462306	-0.470802	-0.456629
765.0	-0.470924	-0.475320	-0.479448	-0.477869	-0.476135	-0.477029	-0.479053	-0.472989	-0.475529	-0.475540	-0.473313	-0.482102	-0.474726	-0.487616	-0.473152	-0.472576	-0.475042	-0.476797	-0.486426	-0.461661
766.0	-0.482633	-0.492111	-0.489153	-0.486284	-0.485009	-0.484636	-0.488888	-0.484228	-0.487410	-0.485172	-0.482737	-0.488525	-0.484904	-0.500907	-0.485244	-0.482583	-0.480257	-0.491231	-0.491935	-0.472780
767.0	-0.487300	-0.500162	-0.499573	-0.494836	-0.493728	-0.491682	-0.502113	-0.497652	-0.496762	-0.496517	-0.495648	-0.498689	-0.490754	-0.509237	-0.498981	-0.493399	-0.486477	-0.506409	-0.499409	-0.486079
768.0	-0.495778	-0.508157	-0.508323	-0.502431	-0.500082	-0.498429	-0.509280	-0.506840	-0.506910	-0.508294	-0.503647	-0.509177	-0.501369	-0.513580	-0.509830	-0.503920	-0.495153	-0.518634	-0.504186	-0.496659
769.0	-0.507041	-0.513442	-0.514199	-0.510459	-0.510225	-0.507800	-0.516358	-0.513104	-0.516417	-0.517565	-0.514332	-0.517778	-0.509393	-0.515743	-0.516099	-0.512281	-0.502208	-0.524328	-0.510363	-0.505044
770.0	-0.514684	-0.518216	-0.518603	-0.517641	-0.518395	-0.515361	-0.524650	-0.517133	-0.521278	-0.527732	-0.521593	-0.523854	-0.516888	-0.519432	-0.520485	-0.521859	-0.508099	-0.532262	-0.516314	-0.515416
771.0	-0.522427	-0.518997	-0.522020	-0.527407	-0.527538	-0.525591	-0.528773	-0.521860	-0.522418	-0.530970	-0.528173	-0.528899	-0.523821	-0.523170	-0.527879	-0.527028	-0.517221	-0.534669	-0.525966	-0.520952
772.0	-0.529426	-0.521426	-0.525183	-0.534061	-0.533994	-0.536208	-0.532734	-0.527565	-0.527065	-0.534980	-0.534520	-0.530609	-0.528412	-0.530876	-0.533253	-0.534677	-0.527777	-0.535769	-0.531449	-0.526192
773.0	-0.536193	-0.528286	-0.530244	-0.537662	-0.540745	-0.541719	-0.537861	-0.533316	-0.529093	-0.538920	-0.538819	-0.533835	-0.533586	-0.537197	-0.538594	-0.539592	-0.535175	-0.540977	-0.539190	-0.532192
774.0	-0.542842	-0.534972	-0.535598	-0.539476	-0.547797	-0.546011	-0.541954	-0.538131	-0.532752	-0.542617	-0.543156	-0.538011	-0.535100	-0.544905	-0.544299	-0.543884	-0.544820	-0.543495	-0.549615	-0.537489
775.0	-0.546538	-0.542450	-0.541777	-0.542721	-0.553114	-0.549195	-0.545697	-0.545286	-0.537914	-0.545441	-0.544061	-0.543974	-0.540418	-0.549418	-0.549556	-0.547984	-0.549809	-0.549017	-0.557307	-0.544667
776.0	-0.551548	-0.548772	-0.545544	-0.545350	-0.556047	-0.552472	-0.548775	-0.548810	-0.541828	-0.549284	-0.543453	-0.546965	-0.546950	-0.553644	-0.555758	-0.548034	-0.552477	-0.554270	-0.558864	-0.554231
777.0	-0.551865	-0.552429	-0.550623	-0.549934	-0.559566	-0.553690	-0.554933	-0.554973	-0.547157	-0.553167	-0.547361	-0.552221	-0.551763	-0.556032	-0.560724	-0.551126	-0.555903	-0.558517	-0.561331	-0.560591
778.0	-0.552707	-0.558088	-0.555565	-0.553384	-0.562073	-0.554344	-0.558851	-0.557870	-0.555136	-0.556190	-0.550978	-0.558417	-0.557102	-0.556358	-0.563390	-0.552824	-0.562647	-0.561150	-0.561605	-0.564343
779.0	-0.556137	-0.560581	-0.560102	-0.557160	-0.563837	-0.557697	-0.560790	-0.559131	-0.561594	-0.559926	-0.553673	-0.562455	-0.560424	-0.555659	-0.563205	-0.556298	-0.565678	-0.564306	-0.563273	-0.565995
780.0	-0.559680	-0.563830	-0.562083	-0.562937	-0.564864	-0.559607	-0.561844	-0.561947	-0.566556	-0.562447	-0.559038	-0.568644	-0.566150	-0.558647	-0.563548	-0.559256	-0.570842	-0.569800	-0.565305	-0.567784
781.0	-0.566259	-0.567818	-0.565048	-0.567945	-0.565170	-0.561221	-0.563147	-0.564614	-0.569647	-0.563918	-0.563604	-0.570920	-0.570217	-0.562910	-0.564487	-0.562469	-0.574749	-0.569914	-0.567097	-0.568934
782.0	-0.569798	-0.569312	-0.567014	-0.571354	-0.565886	-0.562745	-0.561800	-0.566728	-0.570503	-0.565756	-0.570488	-0.572504	-0.571845	-0.565872	-0.566044	-0.565176	-0.579488	-0.572837	-0.569479	-0.571972
783.0	-0.571308	-0.572699	-0.568536	-0.572272	-0.567896	-0.565719	-0.563735	-0.569558	-0.571005	-0.568897	-0.573516	-0.577538	-0.572726	-0.566501	-0.565859	-0.566117	-0.581205	-0.574987	-0.572647	-0.576367
784.0	-0.574241	-0.573790	-0.572303	-0.573168	-0.570022	-0.567805	-0.566593	-0.572303	-0.570422	-0.572057	-0.576473	-0.578658	-0.572759	-0.568207	-0.567022	-0.568308	-0.581888	-0.575207	-0.575317	-0.576849
785.0	-0.575825	-0.576874	-0.575734	-0.576420	-0.571400	-0.572024	-0.570054	-0.574325	-0.570343	-0.573513	-0.579276	-0.577957	-0.573359	-0.569563	-0.569358	-0.572564	-0.579607	-0.577017	-0.577412	-0.576851
786.0	-0.577673	-0.579718	-0.576966	-0.577892	-0.575391	-0.575973	-0.574615	-0.573776	-0.569058	-0.575436	-0.579400	-0.578763	-0.575202	-0.570038	-0.572227	-0.573301	-0.577217	-0.578923	-0.577823	-0.575255
787.0	-0.579233	-0.582868	-0.579074	-0.580325	-0.577431	-0.577847	-0.577704	-0.577951	-0.569409	-0.577510	-0.581443	-0.579212	-0.575100	-0.572208	-0.576491	-0.575718	-0.578602	-0.577876	-0.580537	-0.573947
788.0	-0.578752	-0.584135	-0.581993	-0.580735	-0.580193	-0.580244	-0.579747	-0.579055	-0.571829	-0.580003	-0.581733	-0.580378	-0.577521	-0.574281	-0.578915	-0.576861	-0.580039	-0.578028	-0.580905	-0.575543
789.0	-0.580641	-0.585205	-0.583835	-0.581950	-0.582717	-0.585576	-0.579818	-0.584004	-0.576093	-0.582833	-0.581613	-0.582437	-0.580008	-0.578319	-0.581618	-0.577281	-0.582450	-0.579674	-0.580888	-0.575895
790.0	-0.581711	-0.587575	-0.583078	-0.583372	-0.585475	-0.588403	-0.582377	-0.587824	-0.580114	-0.584011	-0.582465	-0.584773	-0.584005	-0.580880	-0.584274	-0.579628	-0.585231	-0.581777	-0.583185	-0.576861
791.0	-0.583914	-0.590424	-0.584164	-0.586052	-0.588432	-0.587873	-0.584459	-0.586605	-0.584380	-0.585477	-0.583784	-0.585682	-0.586489	-0.582205	-0.587958	-0.583666	-0.586176	-0.582578	-0.585981	-0.580158
792.0	-0.582620	-0.587976	-0.585639	-0.586046	-0.590712	-0.587915	-0.585307	-0.585827	-0.586984	-0.587416	-0.586932	-0.587328	-0.587827	-0.584219	-0.589411	-0.585026	-0.587180	-0.584811	-0.590650	-0.583834
793.0	-0.583235	-0.588584	-0.587692	-0.585070	-0.591922	-0.587558	-0.586837	-0.586203	-0.589901	-0.589324	-0.589121	-0.591050	-0.585779	-0.583264	-0.590988	-0.587671	-0.585942	-0.586475	-0.591818	-0.585690
794.0	-0.582922	-0.589832	-0.589419	-0.585022	-0.589930	-0.586925	-0.587897	-0.586695	-0.587236	-0.590614	-0.590872	-0.589621	-0.584038	-0.583994	-0.592082	-0.591878	-0.586356	-0.591273	-0.593474	-0.585446
795.0	-0.583255	-0.592351	-0.592261	-0.583992	-0.589213	-0.586227	-0.591464	-0.586404	-0.585612	-0.590292	-0.594713	-0.589322	-0.582900	-0.585354	-0.593485	-0.595502	-0.586766	-0.595050	-0.595549	-0.585347
796.0	-0.584886	-0.593615	-0.594347	-0.582120	-0.588448	-0.585390	-0.591871	-0.587603	-0.582730	-0.590559	-0.594687	-0.590175	-0.582916	-0.586598	-0.594221	-0.596910	-0.587124	-0.596576	-0.596554	-0.586318
797.0	-0.586628	-0.594208	-0.595527	-0.581567	-0.587937	-0.585433	-0.591889	-0.589859	-0.581912	-0.590839	-0.593648	-0.591822	-0.584292	-0.588050	-0.595059	-0.597273	-0.588236	-0.596905	-0.596694	-0.588129
798.0	-0.588203	-0.593873	-0.595398	-0.583332	-0.587937	-0.586859	-0.591789	-0.593350	-0.584682	-0.591207	-0.591756	-0.594497	-0.587434	-0.589724	-0.596240	-0.596563	-0.590404	-0.595945	-0.595828	-0.591066
799.0	-0.589336	-0.592355	-0.593556	-0.588413	-0.588705	-0.590175	-0.591842	-0.598256	-0.592563	-0.591738	-0.589172	-0.598434	-0.592746	-0.591632	-0.598005	-0.594754	-0.593930	-0.593603	-0.593814	-0.595417
800.0	-0.589750	-0.589398	-0.589598	-0.597809	-0.590497	-0.595883	-0.592318	-0.604754	-0.607077	-0.592506	-0.586059	-0.603866	-0.600633	-0.593790	-0.600594	-0.591819	-0.599117	-0.589783	-0.590512	-0.601468
