500.0	-0.826121	-0.825098	-0.818535	-0.827594	-0.821221	-0.817821	-0.822241	-0.820507	-0.819838	-0.819414	-0.815822	-0.821679	-0.825111	-0.818966	-0.820733	-0.823767	-0.818428	-0.820267	-0.821277	-0.814257
501.0	-0.824849	-0.823836	-0.820130	-0.823062	-0.816888	-0.818418	-0.822011	-0.817844	-0.820101	-0.821166	-0.812476	-0.820969	-0.821266	-0.820813	-0.822425	-0.822337	-0.820895	-0.814593	-0.821570	-0.818775
502.0	-0.823434	-0.822878	-0.821031	-0.819780	-0.815052	-0.818867	-0.820946	-0.816473	-0.819418	-0.821810	-0.811145	-0.820505	-0.819170	-0.822021	-0.823009	-0.820938	-0.821841	-0.811625	-0.821287	-0.821002
503.0	-0.821900	-0.822110	-0.821378	-0.817534	-0.815052	-0.819172	-0.819362	-0.816139	-0.818133	-0.821570	-0.811383	-0.820199	-0.818377	-0.822602	-0.822722	-0.819637	-0.821683	-0.810730	-0.820615	-0.821417
504.0	-0.820270	-0.821415	-0.821310	-0.816114	-0.816232	-0.819339	-0.817578	-0.816584	-0.816590	-0.820669	-0.812743	-0.819962	-0.818442	-0.822569	-0.821796	-0.818503	-0.820837	-0.811271	-0.819737	-0.820500
505.0	-0.818566	-0.820678	-0.820968	-0.815307	-0.817931	-0.819371	-0.815911	-0.817550	-0.815134	-0.819328	-0.814781	-0.819706	-0.818920	-0.821936	-0.820469	-0.817605	-0.819721	-0.812614	-0.818839	-0.818731
506.0	-0.816309	-0.818356	-0.821522	-0.813967	-0.818630	-0.819602	-0.815715	-0.820326	-0.816218	-0.817931	-0.816903	-0.819386	-0.818502	-0.819585	-0.819243	-0.817253	-0.821048	-0.813459	-0.817904	-0.817260
507.0	-0.815029	-0.817992	-0.820157	-0.813575	-0.818488	-0.819066	-0.815347	-0.820433	-0.815820	-0.816129	-0.819235	-0.818734	-0.818571	-0.818037	-0.817657	-0.817463	-0.819858	-0.814165	-0.818166	-0.815173
508.0	-0.812735	-0.817585	-0.819586	-0.813922	-0.817583	-0.818199	-0.816547	-0.820004	-0.815118	-0.815136	-0.819427	-0.817481	-0.817502	-0.816553	-0.817034	-0.817047	-0.819737	-0.812848	-0.818787	-0.814482
509.0	-0.812081	-0.817270	-0.819448	-0.814116	-0.816460	-0.818673	-0.815719	-0.817963	-0.813497	-0.814906	-0.820658	-0.814806	-0.816142	-0.815389	-0.815746	-0.817544	-0.819127	-0.811464	-0.819673	-0.812794
510.0	-0.813530	-0.815845	-0.818360	-0.815736	-0.814649	-0.819434	-0.815741	-0.815445	-0.813881	-0.815603	-0.817589	-0.811833	-0.813686	-0.814721	-0.815799	-0.817246	-0.819531	-0.810910	-0.820881	-0.812441
511.0	-0.813662	-0.817049	-0.816281	-0.817284	-0.812901	-0.819405	-0.815718	-0.811782	-0.812754	-0.816025	-0.816323	-0.811156	-0.811779	-0.814750	-0.817119	-0.816572	-0.819842	-0.810873	-0.819132	-0.812478
512.0	-0.814071	-0.816725	-0.815869	-0.817116	-0.810157	-0.819493	-0.813172	-0.809858	-0.813386	-0.815874	-0.815403	-0.811832	-0.810147	-0.814961	-0.816679	-0.815486	-0.819589	-0.811587	-0.818898	-0.812035
513.0	-0.813285	-0.816048	-0.815005	-0.816943	-0.808361	-0.817862	-0.812559	-0.809154	-0.812247	-0.815083	-0.815077	-0.812977	-0.808281	-0.813919	-0.815486	-0.814304	-0.815645	-0.812603	-0.817309	-0.811049
514.0	-0.814750	-0.816862	-0.813653	-0.817499	-0.808152	-0.817581	-0.812158	-0.807546	-0.811551	-0.814279	-0.812647	-0.812538	-0.805443	-0.813382	-0.815430	-0.813585	-0.813788	-0.812448	-0.814631	-0.810469
515.0	-0.814427	-0.816052	-0.812183	-0.815658	-0.809560	-0.814706	-0.810037	-0.807454	-0.811341	-0.811647	-0.810259	-0.812421	-0.806330	-0.812109	-0.815138	-0.813449	-0.811577	-0.811038	-0.813647	-0.810798
516.0	-0.813266	-0.813200	-0.810991	-0.814887	-0.808951	-0.812851	-0.810159	-0.808324	-0.812816	-0.811261	-0.809717	-0.812528	-0.805279	-0.809999	-0.815070	-0.812982	-0.811388	-0.809740	-0.811972	-0.810722
517.0	-0.813022	-0.812062	-0.811251	-0.813502	-0.808448	-0.809631	-0.809383	-0.808810	-0.810528	-0.810230	-0.808843	-0.809967	-0.806055	-0.808872	-0.813843	-0.812605	-0.810448	-0.807049	-0.811317	-0.808687
518.0	-0.811941	-0.810165	-0.812033	-0.810334	-0.807166	-0.806707	-0.809187	-0.809045	-0.809102	-0.809022	-0.808774	-0.808660	-0.806993	-0.806949	-0.812526	-0.809426	-0.811684	-0.804120	-0.810955	-0.806719
519.0	-0.811723	-0.808172	-0.812825	-0.808690	-0.807345	-0.805948	-0.806788	-0.806563	-0.807217	-0.808531	-0.808229	-0.806946	-0.807872	-0.805653	-0.810312	-0.807770	-0.813034	-0.801212	-0.810045	-0.804519
520.0	-0.811685	-0.806621	-0.811782	-0.808020	-0.805024	-0.803058	-0.804818	-0.805352	-0.808048	-0.809118	-0.804511	-0.807119	-0.807280	-0.804886	-0.809026	-0.807999	-0.813269	-0.800582	-0.808738	-0.803273
521.0	-0.809027	-0.807349	-0.810743	-0.806138	-0.802361	-0.800767	-0.804247	-0.803392	-0.805862	-0.808694	-0.803194	-0.807242	-0.807106	-0.805212	-0.807199	-0.804848	-0.812814	-0.800979	-0.806218	-0.801348
522.0	-0.807892	-0.805369	-0.808853	-0.803865	-0.800541	-0.800091	-0.801770	-0.800339	-0.805214	-0.807045	-0.802759	-0.808530	-0.804904	-0.804015	-0.804434	-0.803749	-0.812396	-0.800639	-0.805547	-0.796586
523.0	-0.805663	-0.804469	-0.806830	-0.801446	-0.798097	-0.801014	-0.799481	-0.797694	-0.805731	-0.803421	-0.799915	-0.805999	-0.800364	-0.800819	-0.802683	-0.802136	-0.808570	-0.798919	-0.804281	-0.793167
524.0	-0.805396	-0.802855	-0.804312	-0.800195	-0.795398	-0.800731	-0.796396	-0.794043	-0.804320	-0.800433	-0.794290	-0.800169	-0.795819	-0.801104	-0.799748	-0.801963	-0.805521	-0.797334	-0.802093	-0.792133
525.0	-0.800664	-0.797895	-0.800070	-0.797786	-0.793445	-0.797574	-0.794032	-0.792472	-0.802747	-0.797304	-0.790441	-0.794613	-0.795091	-0.799337	-0.799429	-0.802037	-0.801482	-0.794367	-0.799875	-0.791714
526.0	-0.797532	-0.792489	-0.797578	-0.795093	-0.789223	-0.795242	-0.791269	-0.789607	-0.796113	-0.793580	-0.788834	-0.788581	-0.792797	-0.795330	-0.799700	-0.799153	-0.795343	-0.791538	-0.796348	-0.789502
527.0	-0.794808	-0.787225	-0.795547	-0.792824	-0.786134	-0.790441	-0.787026	-0.786549	-0.788549	-0.787934	-0.787398	-0.782762	-0.792515	-0.791612	-0.795902	-0.794594	-0.790271	-0.789693	-0.793420	-0.786933
528.0	-0.789674	-0.779840	-0.793097	-0.787745	-0.784692	-0.786947	-0.783436	-0.783252	-0.781617	-0.783839	-0.785989	-0.776271	-0.789939	-0.786151	-0.792830	-0.787270	-0.786699	-0.783893	-0.791010	-0.783882
529.0	-0.784023	-0.774040	-0.789535	-0.784081	-0.783449	-0.782713	-0.780705	-0.776474	-0.776738	-0.780432	-0.783719	-0.774030	-0.784328	-0.781764	-0.789278	-0.779918	-0.780985	-0.776113	-0.786498	-0.781934
530.0	-0.776981	-0.769767	-0.785392	-0.778833	-0.778354	-0.777035	-0.778048	-0.772599	-0.772141	-0.776470	-0.780178	-0.773585	-0.779843	-0.777378	-0.783671	-0.771277	-0.776994	-0.769406	-0.779453	-0.779830
531.0	-0.769830	-0.768479	-0.781054	-0.772501	-0.772045	-0.770731	-0.775119	-0.766492	-0.767569	-0.772025	-0.773329	-0.772352	-0.774371	-0.772356	-0.777228	-0.762472	-0.771240	-0.765013	-0.774903	-0.775634
532.0	-0.765633	-0.764894	-0.774058	-0.764383	-0.766333	-0.765842	-0.769460	-0.759854	-0.763929	-0.766865	-0.769259	-0.772115	-0.767073	-0.766521	-0.769872	-0.756972	-0.767028	-0.764214	-0.771686	-0.769264
533.0	-0.763963	-0.764807	-0.768176	-0.758549	-0.760514	-0.760758	-0.764048	-0.756675	-0.763931	-0.763942	-0.764386	-0.767555	-0.759414	-0.761303	-0.761792	-0.753340	-0.759328	-0.760436	-0.766514	-0.762673
534.0	-0.762484	-0.764261	-0.762958	-0.754646	-0.755216	-0.756144	-0.756507	-0.753280	-0.761536	-0.761120	-0.756202	-0.761731	-0.753002	-0.761168	-0.751550	-0.751286	-0.751889	-0.757375	-0.759708	-0.755710
535.0	-0.758313	-0.759846	-0.755751	-0.751412	-0.749499	-0.751246	-0.751586	-0.752207	-0.757386	-0.756894	-0.749919	-0.757153	-0.747810	-0.759681	-0.746003	-0.748037	-0.746624	-0.754776	-0.752807	-0.748813
536.0	-0.758051	-0.754984	-0.750209	-0.745161	-0.744795	-0.747870	-0.744877	-0.750161	-0.749868	-0.748588	-0.747731	-0.752442	-0.742744	-0.753615	-0.741597	-0.741792	-0.740567	-0.750894	-0.744772	-0.742072
537.0	-0.757951	-0.749872	-0.744647	-0.744374	-0.742536	-0.742813	-0.738206	-0.746177	-0.745670	-0.743815	-0.743091	-0.748049	-0.740281	-0.750034	-0.736423	-0.736853	-0.733558	-0.748358	-0.740803	-0.737597
538.0	-0.752941	-0.741241	-0.740948	-0.740528	-0.741407	-0.738200	-0.734182	-0.737618	-0.738208	-0.742342	-0.738920	-0.740761	-0.732526	-0.743499	-0.736037	-0.733255	-0.727074	-0.739910	-0.733986	-0.733639
539.0	-0.745289	-0.734516	-0.733421	-0.738022	-0.736952	-0.730232	-0.728845	-0.729581	-0.733468	-0.735948	-0.735830	-0.736549	-0.725993	-0.735779	-0.735036	-0.726470	-0.719212	-0.729039	-0.724739	-0.731600
540.0	-0.736944	-0.727329	-0.726639	-0.733103	-0.731132	-0.720925	-0.720589	-0.724131	-0.726440	-0.728079	-0.727820	-0.729982	-0.721292	-0.726669	-0.729376	-0.716931	-0.714631	-0.720333	-0.716471	-0.728338
541.0	-0.728550	-0.720280	-0.719064	-0.722140	-0.720940	-0.712497	-0.713222	-0.712291	-0.719152	-0.718924	-0.719757	-0.722136	-0.713746	-0.715169	-0.718071	-0.712162	-0.708417	-0.712135	-0.710076	-0.724167
542.0	-0.719926	-0.711675	-0.710129	-0.709722	-0.715086	-0.699704	-0.705972	-0.701404	-0.708139	-0.708646	-0.714040	-0.710911	-0.705275	-0.702311	-0.702915	-0.703678	-0.700414	-0.705168	-0.701821	-0.717212
543.0	-0.713207	-0.703770	-0.702110	-0.698985	-0.705917	-0.687110	-0.694388	-0.693296	-0.699961	-0.697123	-0.701792	-0.699136	-0.695878	-0.691375	-0.691286	-0.694352	-0.689612	-0.694321	-0.693614	-0.705306
544.0	-0.696989	-0.694577	-0.689665	-0.688189	-0.688719	-0.679563	-0.680898	-0.682465	-0.683357	-0.683684	-0.687473	-0.685127	-0.682486	-0.681146	-0.675578	-0.682550	-0.680277	-0.684692	-0.683295	-0.693406
545.0	-0.684456	-0.676523	-0.676021	-0.672507	-0.672414	-0.669312	-0.671005	-0.669456	-0.665341	-0.665354	-0.674887	-0.669770	-0.670583	-0.669433	-0.665408	-0.669125	-0.670875	-0.676613	-0.670520	-0.679195
546.0	-0.674384	-0.660923	-0.662417	-0.659795	-0.658058	-0.657550	-0.659120	-0.655242	-0.652644	-0.642908	-0.658443	-0.656404	-0.658567	-0.658998	-0.652540	-0.655668	-0.657333	-0.666177	-0.659036	-0.662919
547.0	-0.659498	-0.643403	-0.645377	-0.648735	-0.642339	-0.645580	-0.645548	-0.640546	-0.638119	-0.625566	-0.639696	-0.643056	-0.643347	-0.646355	-0.636724	-0.643088	-0.639598	-0.653344	-0.648248	-0.646603
548.0	-0.639805	-0.623075	-0.626587	-0.628635	-0.623453	-0.630493	-0.628333	-0.624842	-0.620828	-0.606878	-0.622611	-0.630261	-0.617934	-0.627507	-0.621825	-0.628369	-0.620553	-0.633961	-0.629195	-0.628478
549.0	-0.621452	-0.603907	-0.604327	-0.609972	-0.602895	-0.612871	-0.609021	-0.611492	-0.605550	-0.585788	-0.604349	-0.613943	-0.598437	-0.606591	-0.603257	-0.608331	-0.603044	-0.611147	-0.607405	-0.609271
550.0	-0.597512	-0.585184	-0.580626	-0.591734	-0.582834	-0.594473	-0.584666	-0.592555	-0.590898	-0.572964	-0.584986	-0.594213	-0.574282	-0.580983	-0.578618	-0.585951	-0.579550	-0.588690	-0.587241	-0.589870
551.0	-0.573025	-0.564662	-0.557316	-0.565273	-0.563930	-0.576637	-0.563383	-0.569407	-0.572624	-0.553125	-0.567060	-0.572891	-0.551376	-0.556381	-0.555175	-0.564966	-0.559777	-0.558143	-0.564849	-0.570372
552.0	-0.548656	-0.544835	-0.531662	-0.540878	-0.544727	-0.553322	-0.540762	-0.544574	-0.550043	-0.537674	-0.548570	-0.546390	-0.530179	-0.531676	-0.532742	-0.539314	-0.534880	-0.530937	-0.546469	-0.549316
553.0	-0.524030	-0.520193	-0.506343	-0.513593	-0.520224	-0.525645	-0.517393	-0.520902	-0.524044	-0.520263	-0.522318	-0.522582	-0.511457	-0.512679	-0.511140	-0.510778	-0.507130	-0.502426	-0.526446	-0.520875
554.0	-0.492695	-0.496882	-0.477577	-0.487120	-0.488088	-0.499119	-0.490764	-0.494104	-0.491983	-0.499545	-0.499786	-0.489023	-0.486732	-0.489025	-0.491875	-0.479528	-0.479889	-0.480557	-0.500830	-0.498831
555.0	-0.470995	-0.466326	-0.453828	-0.457231	-0.460039	-0.466277	-0.467663	-0.464561	-0.461524	-0.468272	-0.468430	-0.456808	-0.456745	-0.461262	-0.467349	-0.453499	-0.448892	-0.456525	-0.469976	-0.475269
556.0	-0.447786	-0.431972	-0.428550	-0.434725	-0.433558	-0.428391	-0.440467	-0.432968	-0.432501	-0.432376	-0.425340	-0.426450	-0.427495	-0.437250	-0.433947	-0.426017	-0.415524	-0.429841	-0.435787	-0.442658
557.0	-0.416573	-0.394555	-0.396357	-0.407357	-0.404394	-0.390770	-0.405130	-0.399144	-0.401689	-0.392343	-0.383624	-0.390171	-0.393376	-0.408482	-0.396938	-0.393803	-0.385289	-0.402972	-0.392656	-0.402238
558.0	-0.382624	-0.356780	-0.368118	-0.367103	-0.363732	-0.351821	-0.364849	-0.370395	-0.371465	-0.352179	-0.347651	-0.353678	-0.353214	-0.368805	-0.361071	-0.354066	-0.352762	-0.370852	-0.348528	-0.360135
559.0	-0.347508	-0.317786	-0.339070	-0.323517	-0.326844	-0.314413	-0.326588	-0.336655	-0.333044	-0.310555	-0.301560	-0.314177	-0.316259	-0.326847	-0.314253	-0.310544	-0.317968	-0.339466	-0.306205	-0.317125
560.0	-0.303591	-0.272320	-0.296446	-0.280468	-0.288986	-0.281155	-0.283631	-0.293096	-0.288485	-0.272420	-0.259930	-0.276280	-0.277658	-0.277595	-0.266135	-0.264949	-0.279270	-0.300451	-0.264668	-0.270441
561.0	-0.259077	-0.225195	-0.254826	-0.230810	-0.252924	-0.247278	-0.237139	-0.247033	-0.247609	-0.229308	-0.219716	-0.237424	-0.236513	-0.229699	-0.225462	-0.222241	-0.246419	-0.252443	-0.222499	-0.220477
562.0	-0.215464	-0.181094	-0.206534	-0.182001	-0.208126	-0.209316	-0.188655	-0.194694	-0.200990	-0.187975	-0.176822	-0.199195	-0.193568	-0.181787	-0.183092	-0.176489	-0.205094	-0.203049	-0.180785	-0.177854
563.0	-0.169651	-0.139389	-0.156307	-0.126403	-0.165643	-0.165969	-0.142067	-0.151269	-0.158511	-0.145746	-0.133012	-0.159856	-0.151022	-0.137388	-0.136390	-0.136409	-0.156783	-0.156563	-0.134322	-0.131573
564.0	-0.122591	-0.097956	-0.104769	-0.066327	-0.119402	-0.126054	-0.086276	-0.100286	-0.111972	-0.088320	-0.090932	-0.112776	-0.098375	-0.095065	-0.093196	-0.096193	-0.102865	-0.109492	-0.090909	-0.091617
565.0	-0.076678	-0.054385	-0.053329	-0.012711	-0.061939	-0.077800	-0.038964	-0.051620	-0.056117	-0.037322	-0.045787	-0.065260	-0.041390	-0.046270	-0.039587	-0.058417	-0.041155	-0.050076	-0.037000	-0.049711
566.0	-0.024043	-0.003576	-0.003162	0.038910	-0.010182	-0.024605	0.015474	0.001494	0.001225	0.013753	0.006813	-0.005962	0.021441	0.008300	0.016166	-0.011433	0.024732	-0.000358	0.021562	0.010956
567.0	0.034442	0.049813	0.052639	0.087872	0.050090	0.027068	0.073534	0.068159	0.058604	0.066366	0.056368	0.055100	0.082563	0.063391	0.073850	0.043705	0.080439	0.055576	0.084510	0.067792
568.0	0.096579	0.100311	0.109075	0.141198	0.123220	0.090809	0.132289	0.119970	0.120735	0.117137	0.107727	0.113272	0.141369	0.120367	0.129922	0.102959	0.138126	0.112937	0.137265	0.131281
569.0	0.154565	0.163388	0.169882	0.202070	0.190485	0.157633	0.187141	0.181948	0.191092	0.179498	0.167555	0.181548	0.191835	0.178587	0.189416	0.164169	0.199722	0.170673	0.188952	0.189900
570.0	0.212202	0.222454	0.234274	0.258976	0.254904	0.223702	0.247703	0.241927	0.254996	0.247880	0.222372	0.244815	0.241613	0.241805	0.247832	0.231051	0.246358	0.241388	0.246819	0.259639
571.0	0.280686	0.290867	0.290922	0.313869	0.316596	0.295868	0.312095	0.305733	0.319546	0.312375	0.284906	0.317704	0.303586	0.306940	0.300149	0.298623	0.295941	0.308845	0.305835	0.329914
572.0	0.350531	0.361670	0.350082	0.363471	0.380149	0.365178	0.381006	0.368682	0.390947	0.382842	0.350065	0.378649	0.356000	0.372234	0.357552	0.375766	0.352631	0.375518	0.366212	0.385881
573.0	0.419506	0.431918	0.414644	0.428025	0.431154	0.435327	0.437262	0.426905	0.444665	0.447487	0.423129	0.440888	0.417159	0.434251	0.415767	0.442804	0.429355	0.440218	0.433250	0.442655
574.0	0.488790	0.506683	0.486036	0.498057	0.487672	0.502321	0.510451	0.492100	0.514079	0.521960	0.489603	0.513038	0.482551	0.490840	0.486949	0.510871	0.503547	0.509453	0.492871	0.507871
575.0	0.566452	0.571133	0.549920	0.565514	0.555030	0.572085	0.566791	0.561907	0.582608	0.583184	0.547689	0.571516	0.555901	0.568255	0.560175	0.587294	0.577769	0.578188	0.566057	0.573005
576.0	0.640035	0.661034	0.615641	0.642534	0.617265	0.641673	0.637278	0.632748	0.638921	0.652077	0.619766	0.643590	0.645692	0.654285	0.639300	0.656541	0.663097	0.630868	0.635022	0.637702
577.0	0.713908	0.739921	0.689651	0.715804	0.692353	0.712978	0.702082	0.722975	0.708310	0.724580	0.702283	0.711603	0.727059	0.728702	0.710831	0.720033	0.742237	0.705502	0.715801	0.699076
578.0	0.771390	0.810229	0.773815	0.783680	0.770891	0.792239	0.769054	0.802367	0.781192	0.804213	0.780889	0.785952	0.802682	0.805212	0.778186	0.782272	0.820564	0.779996	0.786701	0.765382
579.0	0.821303	0.883352	0.859090	0.861699	0.844964	0.875407	0.845453	0.879985	0.850770	0.885094	0.859650	0.872326	0.866513	0.885573	0.859016	0.840937	0.890297	0.863185	0.859558	0.830925
580.0	0.902560	0.936009	0.946138	0.936170	0.921275	0.953707	0.930101	0.956679	0.925431	0.960199	0.939111	0.955039	0.935768	0.969850	0.950135	0.910696	0.960546	0.947304	0.940041	0.925605
581.0	0.990781	1.015312	1.016867	1.002412	0.988722	1.025028	1.012210	1.039375	1.016720	1.033384	1.023677	1.038974	1.012830	1.032628	1.038347	0.998669	1.030512	1.033394	1.011214	1.010600
582.0	1.073981	1.088646	1.084719	1.076067	1.083024	1.101905	1.095198	1.108608	1.105801	1.102896	1.094287	1.114254	1.094198	1.103000	1.126730	1.090050	1.100424	1.116719	1.088678	1.090876
583.0	1.150217	1.176167	1.164293	1.155942	1.178632	1.184440	1.169843	1.174618	1.180849	1.167310	1.182587	1.194703	1.193249	1.166686	1.199343	1.185763	1.162287	1.207476	1.170810	1.170326
584.0	1.227894	1.248917	1.251046	1.237030	1.271262	1.264742	1.256323	1.244219	1.269572	1.233431	1.271203	1.263213	1.272953	1.240525	1.295278	1.276319	1.229747	1.286390	1.242760	1.261340
585.0	1.296417	1.315116	1.315668	1.338000	1.346875	1.355461	1.330112	1.317932	1.346096	1.292455	1.349016	1.316405	1.357854	1.329474	1.372150	1.369349	1.303598	1.352802	1.331465	1.322105
586.0	1.372556	1.409420	1.402145	1.439899	1.422900	1.448080	1.416219	1.395263	1.418211	1.361392	1.439688	1.387114	1.441292	1.425898	1.431557	1.454450	1.402783	1.417819	1.418947	1.383640
587.0	1.448765	1.497480	1.467523	1.529026	1.503905	1.536324	1.499387	1.480518	1.486180	1.431065	1.529371	1.458159	1.506564	1.508789	1.480037	1.523993	1.501412	1.501675	1.506774	1.465707
588.0	1.520717	1.575142	1.527188	1.590622	1.580696	1.610098	1.577274	1.555732	1.555386	1.502349	1.596022	1.536148	1.571404	1.595196	1.547461	1.590566	1.575232	1.576294	1.591143	1.537462
589.0	1.611269	1.644148	1.588298	1.646188	1.643207	1.694482	1.660817	1.636626	1.616398	1.577415	1.664857	1.620552	1.632284	1.670144	1.624477	1.649864	1.650943	1.659038	1.673764	1.613683
590.0	1.724959	1.693803	1.657414	1.692600	1.710840	1.746424	1.734893	1.699949	1.685117	1.659837	1.718817	1.708656	1.690592	1.733724	1.700772	1.717650	1.740727	1.735852	1.751028	1.716481
591.0	1.803400	1.770519	1.723037	1.737110	1.779314	1.793368	1.800816	1.767435	1.760347	1.751208	1.775048	1.776883	1.749116	1.785841	1.781730	1.777550	1.806334	1.799987	1.805769	1.801616
592.0	1.876707	1.826592	1.786629	1.797840	1.870171	1.846948	1.864902	1.819286	1.814240	1.824454	1.811846	1.843270	1.820045	1.830756	1.843530	1.831936	1.862059	1.841455	1.861232	1.872871
593.0	1.932177	1.881028	1.860983	1.862474	1.942768	1.895182	1.939764	1.871632	1.866001	1.890259	1.871332	1.900193	1.895039	1.871457	1.896845	1.895934	1.887749	1.889351	1.897656	1.926834
594.0	1.959115	1.911014	1.933174	1.908866	1.991499	1.936830	1.980506	1.933050	1.921463	1.942681	1.942948	1.954122	1.953849	1.929710	1.967082	1.949439	1.932410	1.922273	1.936973	1.975322
595.0	1.985796	1.952312	1.991125	1.983978	2.021264	1.995972	2.021577	1.991561	1.976274	1.993374	1.996547	2.003104	2.013424	1.980413	2.011613	2.008478	1.974523	1.962878	1.987769	2.010797
596.0	2.018282	2.003074	2.054939	2.043528	2.064667	2.050250	2.057402	2.049824	2.035448	2.037007	2.058460	2.045498	2.073642	2.048536	2.035419	2.058656	2.016025	2.020380	2.021369	2.048093
597.0	2.047971	2.071778	2.110297	2.092695	2.104495	2.092387	2.099424	2.100128	2.066555	2.085734	2.091466	2.086655	2.113700	2.102380	2.083204	2.110287	2.049721	2.078817	2.066251	2.087664
598.0	2.082938	2.111422	2.149002	2.146659	2.137661	2.110486	2.134345	2.141644	2.114156	2.127398	2.119550	2.132035	2.147565	2.146676	2.120425	2.159393	2.083342	2.136606	2.102613	2.118982
599.0	2.143926	2.150723	2.167222	2.177253	2.165105	2.127578	2.168089	2.184223	2.149893	2.181325	2.161878	2.174758	2.183986	2.172930	2.138393	2.198546	2.122370	2.195762	2.145438	2.150393
600.0	2.189292	2.171020	2.193979	2.201436	2.187158	2.126015	2.186238	2.206963	2.211348	2.231395	2.185385	2.216862	2.208132	2.197273	2.153625	2.229648	2.163254	2.247740	2.174382	2.195145
601.0	2.206859	2.212627	2.222211	2.221364	2.226565	2.144039	2.209242	2.232434	2.258133	2.262044	2.211442	2.246206	2.211037	2.228242	2.178739	2.234521	2.204040	2.273838	2.201064	2.232716
602.0	2.241974	2.228083	2.237806	2.259167	2.243967	2.147494	2.229714	2.254002	2.276009	2.271148	2.222964	2.263029	2.216757	2.235527	2.198062	2.251675	2.235833	2.277765	2.221465	2.253694
603.0	2.255054	2.238823	2.241445	2.273557	2.255216	2.153352	2.261716	2.270960	2.279318	2.279842	2.248769	2.278377	2.238546	2.262106	2.210617	2.259906	2.261891	2.278041	2.250394	2.257766
604.0	2.257351	2.252384	2.233212	2.253274	2.255144	2.168747	2.261747	2.271822	2.270056	2.285693	2.270884	2.301748	2.246321	2.281178	2.228788	2.271921	2.269051	2.278542	2.277621	2.269993
605.0	2.274177	2.271284	2.234218	2.260499	2.251506	2.205128	2.261700	2.270882	2.267505	2.274906	2.280351	2.301055	2.261061	2.288525	2.237948	2.286406	2.283348	2.291274	2.285851	2.277414
606.0	2.271962	2.278962	2.234147	2.249415	2.264357	2.245337	2.247789	2.270192	2.273647	2.260122	2.285485	2.304257	2.281581	2.299380	2.247654	2.296472	2.284977	2.296669	2.292615	2.260902
607.0	2.270369	2.293669	2.254245	2.262553	2.264512	2.282499	2.247465	2.269941	2.273486	2.279508	2.269908	2.292377	2.278511	2.293866	2.258972	2.303532	2.275922	2.296603	2.291625	2.242561
608.0	2.262718	2.284563	2.256723	2.284961	2.252970	2.301991	2.240813	2.259304	2.275366	2.262422	2.265927	2.272239	2.275022	2.288415	2.247697	2.302221	2.284679	2.297454	2.266691	2.240191
609.0	2.262648	2.277018	2.246588	2.278239	2.251950	2.311653	2.237227	2.260809	2.272897	2.250360	2.266135	2.250473	2.292225	2.265728	2.234443	2.301337	2.259232	2.281264	2.261397	2.232441
610.0	2.232697	2.257816	2.247686	2.267074	2.238345	2.308159	2.221637	2.251258	2.287175	2.220865	2.254628	2.235439	2.277076	2.252969	2.219952	2.282112	2.237520	2.256169	2.235075	2.220075
611.0	2.194995	2.255864	2.234779	2.251013	2.231528	2.294566	2.211663	2.225477	2.261916	2.185658	2.234702	2.207918	2.245862	2.223093	2.218625	2.246247	2.211932	2.229104	2.216631	2.206908
612.0	2.166431	2.226735	2.224875	2.237935	2.203227	2.253889	2.198202	2.205654	2.225802	2.179284	2.209818	2.180061	2.213303	2.189864	2.219675	2.209868	2.178851	2.200990	2.190796	2.193753
613.0	2.132435	2.205565	2.195017	2.199330	2.176270	2.210090	2.187609	2.170698	2.176796	2.175175	2.194499	2.150893	2.181594	2.181929	2.204771	2.156559	2.158380	2.167240	2.174452	2.170474
614.0	2.128193	2.184146	2.159872	2.154103	2.152174	2.168663	2.174602	2.128711	2.123920	2.165173	2.171882	2.136842	2.137180	2.155045	2.187958	2.119194	2.135196	2.142114	2.152291	2.143328
615.0	2.121209	2.164006	2.140216	2.115829	2.130931	2.136296	2.149852	2.100661	2.070789	2.136963	2.150866	2.116316	2.096643	2.128238	2.157665	2.089195	2.128341	2.122269	2.122794	2.109314
616.0	2.102221	2.125437	2.106228	2.077428	2.111998	2.102303	2.112265	2.068155	2.044043	2.109485	2.126315	2.099892	2.054808	2.089950	2.118684	2.057713	2.109099	2.091522	2.103112	2.074624
617.0	2.080314	2.077412	2.081365	2.068612	2.080653	2.069115	2.075773	2.049687	2.035743	2.093731	2.076414	2.070951	2.012675	2.060147	2.061357	2.009648	2.101703	2.064325	2.053636	2.044145
618.0	2.049146	2.029644	2.051598	2.022726	2.036667	2.026486	2.041235	2.029844	2.014295	2.043318	2.031592	2.034237	1.990666	2.023852	2.019793	1.985723	2.090307	2.030078	2.031846	2.032297
619.0	2.003093	1.977715	2.013184	1.969281	1.996268	1.988431	1.996614	2.017933	1.984362	1.990589	2.001324	1.997867	1.974059	1.978792	1.974033	1.964644	2.040732	1.983938	2.007033	1.993140
620.0	1.957342	1.929291	1.956919	1.913491	1.947410	1.933796	1.954935	1.977745	1.949339	1.924363	1.957843	1.952486	1.933341	1.937648	1.918384	1.928066	1.986080	1.933211	1.960298	1.953628
621.0	1.923743	1.884605	1.887934	1.872633	1.886660	1.891517	1.916783	1.928406	1.910466	1.857928	1.901063	1.891191	1.906380	1.882073	1.889239	1.885457	1.921863	1.889203	1.909580	1.904704
622.0	1.883233	1.830290	1.840937	1.827466	1.833533	1.834632	1.863851	1.882367	1.867700	1.813179	1.851205	1.842123	1.860464	1.819007	1.864819	1.837865	1.860137	1.842170	1.856955	1.866827
623.0	1.833953	1.780470	1.792905	1.779905	1.772244	1.786895	1.799497	1.834575	1.818839	1.775688	1.802469	1.789236	1.813310	1.781615	1.832524	1.781448	1.802576	1.783678	1.789038	1.823974
624.0	1.793009	1.745700	1.737830	1.716986	1.725675	1.731137	1.732578	1.790644	1.763118	1.730183	1.760133	1.737127	1.763802	1.719120	1.788864	1.731575	1.747774	1.740501	1.752432	1.763491
625.0	1.740094	1.704157	1.693521	1.670527	1.676670	1.690563	1.667192	1.730327	1.704265	1.689863	1.722821	1.682423	1.708481	1.678725	1.729753	1.685823	1.679083	1.704242	1.702507	1.715940
626.0	1.682836	1.644651	1.650445	1.641651	1.621222	1.642274	1.600515	1.657923	1.664348	1.652596	1.672897	1.633117	1.653501	1.639723	1.667115	1.629684	1.617149	1.663016	1.648204	1.672723
627.0	1.615674	1.597096	1.604593	1.613062	1.586068	1.585247	1.539750	1.603618	1.625895	1.616357	1.604085	1.599600	1.602896	1.603725	1.604960	1.573510	1.574507	1.613900	1.589031	1.634046
628.0	1.552180	1.562816	1.554975	1.555769	1.545768	1.535959	1.508246	1.556414	1.582007	1.570773	1.553086	1.562948	1.550633	1.548824	1.550056	1.518835	1.521304	1.568789	1.558664	1.596580
629.0	1.491429	1.508992	1.506999	1.495418	1.500322	1.517832	1.463597	1.510712	1.517930	1.525415	1.511915	1.525447	1.503670	1.477639	1.470249	1.464680	1.453951	1.520567	1.509280	1.541611
630.0	1.450448	1.461574	1.452038	1.446378	1.458058	1.475783	1.436047	1.458053	1.462802	1.464239	1.453594	1.477315	1.449968	1.429799	1.407634	1.416298	1.399283	1.466903	1.447880	1.495227
631.0	1.410577	1.408575	1.397754	1.407881	1.417119	1.440452	1.406739	1.396176	1.427194	1.392226	1.401591	1.423245	1.410721	1.392047	1.371026	1.369529	1.367823	1.393119	1.403380	1.438051
632.0	1.362222	1.361471	1.360402	1.364372	1.373681	1.385341	1.358484	1.343650	1.378419	1.339591	1.331289	1.359500	1.360696	1.329744	1.331928	1.321292	1.349411	1.327038	1.349193	1.384467
633.0	1.305246	1.301032	1.323026	1.301588	1.307734	1.321460	1.310205	1.295208	1.322474	1.303147	1.258599	1.300749	1.320931	1.277893	1.293198	1.269685	1.321869	1.262471	1.291475	1.323350
634.0	1.252683	1.250508	1.273372	1.235830	1.256833	1.251030	1.254473	1.249992	1.268833	1.256130	1.209949	1.230169	1.286044	1.220231	1.249315	1.220943	1.278194	1.215135	1.256517	1.256909
635.0	1.212963	1.187553	1.232774	1.185000	1.196722	1.198679	1.197275	1.193672	1.211864	1.211898	1.153663	1.172995	1.240308	1.185279	1.210565	1.173422	1.222583	1.155050	1.196505	1.202474
636.0	1.167148	1.138453	1.190100	1.146464	1.132080	1.148435	1.136151	1.136647	1.152191	1.170762	1.096550	1.116150	1.190703	1.146360	1.176646	1.134969	1.164932	1.100175	1.146038	1.152552
637.0	1.110450	1.105807	1.146165	1.104250	1.089566	1.094189	1.083424	1.081041	1.089814	1.118257	1.045732	1.071416	1.136067	1.100857	1.141709	1.094215	1.104661	1.051016	1.098925	1.107553
638.0	1.068810	1.057095	1.102234	1.056690	1.040792	1.055562	1.053094	1.040751	1.039442	1.059985	1.010196	1.032144	1.058013	1.046669	1.103396	1.051250	1.055114	1.018841	1.055790	1.061846
639.0	1.038432	1.014084	1.061967	1.014419	0.988867	1.038423	1.010636	1.006243	0.989946	1.011494	0.974239	0.989209	0.999793	0.987758	1.052688	1.016598	0.999589	0.981225	1.011010	1.021190
640.0	1.007342	0.970350	1.026605	0.983705	0.948488	0.991484	0.970043	0.961691	0.954087	0.960315	0.943264	0.944793	0.942102	0.960999	1.021350	0.985042	0.953945	0.946751	0.956548	0.973159
641.0	0.963135	0.928535	0.986716	0.942454	0.917231	0.949091	0.932817	0.912736	0.932786	0.918046	0.920804	0.902134	0.892449	0.937008	0.975617	0.944490	0.924768	0.902689	0.925373	0.919888
642.0	0.922030	0.889895	0.939042	0.912039	0.895510	0.896252	0.886358	0.871164	0.902773	0.883391	0.881597	0.860642	0.843494	0.894674	0.924002	0.901506	0.903064	0.873018	0.881692	0.882157
643.0	0.879783	0.849488	0.888062	0.872115	0.871548	0.838698	0.846200	0.835685	0.868103	0.858980	0.846923	0.832636	0.813151	0.859187	0.870878	0.853681	0.874563	0.848629	0.840809	0.834374
644.0	0.840560	0.807353	0.835549	0.842842	0.853210	0.793903	0.806056	0.797633	0.832330	0.840719	0.826657	0.806167	0.778319	0.830327	0.812390	0.802320	0.831161	0.818493	0.808880	0.784932
645.0	0.806515	0.770566	0.785941	0.802030	0.822363	0.758737	0.759449	0.765088	0.788028	0.815698	0.787864	0.780395	0.742863	0.786643	0.774045	0.762504	0.787990	0.768204	0.773730	0.747746
646.0	0.760071	0.732920	0.740386	0.765677	0.778166	0.725680	0.720796	0.728082	0.738890	0.791191	0.749173	0.744237	0.712150	0.750492	0.738273	0.735573	0.746749	0.727755	0.746902	0.719353
647.0	0.712966	0.694400	0.706078	0.730072	0.728350	0.698988	0.693483	0.686807	0.691557	0.762505	0.709877	0.712423	0.675609	0.707714	0.704420	0.703223	0.708482	0.692574	0.713701	0.688356
648.0	0.671474	0.651415	0.669828	0.681217	0.673675	0.672188	0.678849	0.653593	0.653979	0.721335	0.671718	0.685381	0.637690	0.666260	0.676856	0.676674	0.677185	0.662909	0.677873	0.657342
649.0	0.638391	0.635441	0.644894	0.655195	0.616676	0.654609	0.652091	0.626269	0.624788	0.675178	0.627544	0.650480	0.614595	0.626515	0.650299	0.647340	0.645159	0.631932	0.641306	0.633337
650.0	0.616523	0.604222	0.621903	0.621198	0.573199	0.626224	0.625218	0.590376	0.585871	0.633865	0.592947	0.619285	0.592953	0.585716	0.618532	0.614751	0.608248	0.601831	0.591311	0.607475
651.0	0.588610	0.574612	0.596218	0.573248	0.542298	0.600813	0.598889	0.568531	0.553110	0.583470	0.563450	0.582311	0.566195	0.557585	0.585575	0.578683	0.575514	0.575865	0.556637	0.580123
652.0	0.560992	0.547914	0.560280	0.544323	0.532504	0.571001	0.559708	0.545258	0.514540	0.536954	0.541172	0.545648	0.541640	0.529683	0.553162	0.543634	0.546053	0.543036	0.527202	0.555330
653.0	0.534201	0.526388	0.521132	0.511912	0.510173	0.542343	0.524714	0.517372	0.484161	0.506130	0.516652	0.505547	0.514974	0.504693	0.522693	0.505929	0.515640	0.521416	0.494886	0.513281
654.0	0.505374	0.497214	0.476546	0.478289	0.492882	0.508755	0.494094	0.482927	0.453751	0.482017	0.498880	0.468201	0.480111	0.481209	0.489590	0.468986	0.476851	0.478840	0.468804	0.464988
655.0	0.475268	0.469872	0.437336	0.444077	0.470132	0.469956	0.463265	0.462359	0.427969	0.455237	0.472701	0.432384	0.450149	0.455656	0.460581	0.441399	0.438929	0.441663	0.435168	0.437110
656.0	0.438674	0.434048	0.408697	0.416320	0.435266	0.424286	0.432706	0.437568	0.403469	0.432012	0.444654	0.396907	0.417574	0.430027	0.433807	0.417850	0.409605	0.401023	0.412224	0.406758
657.0	0.406568	0.408019	0.388113	0.398224	0.393255	0.392860	0.407926	0.407515	0.380441	0.404416	0.412528	0.366602	0.384505	0.400272	0.399073	0.394911	0.384919	0.359746	0.388135	0.371093
658.0	0.371457	0.379446	0.375250	0.372982	0.354400	0.359326	0.379313	0.377266	0.358483	0.371412	0.376660	0.340706	0.360049	0.375509	0.369549	0.370003	0.359234	0.327268	0.365984	0.343169
659.0	0.337875	0.358203	0.358905	0.361243	0.311722	0.333633	0.344836	0.347776	0.337968	0.334170	0.345347	0.318988	0.332491	0.340619	0.332788	0.346016	0.339918	0.295390	0.338679	0.318672
660.0	0.323737	0.324824	0.336821	0.338155	0.276694	0.306143	0.313155	0.317488	0.312001	0.293165	0.313001	0.299492	0.313639	0.308220	0.300550	0.315100	0.316435	0.271460	0.311235	0.300518
661.0	0.303314	0.289158	0.313429	0.302255	0.253493	0.279041	0.286141	0.290865	0.284412	0.250036	0.280364	0.274966	0.292936	0.287244	0.275029	0.286384	0.290877	0.260358	0.293243	0.276358
662.0	0.288047	0.268167	0.289674	0.280578	0.236748	0.258209	0.256125	0.255374	0.252822	0.231563	0.252141	0.250629	0.269937	0.265464	0.248906	0.257128	0.263338	0.234547	0.277924	0.243970
663.0	0.264154	0.246823	0.256356	0.242024	0.212194	0.235061	0.234473	0.216307	0.227016	0.219427	0.221128	0.225040	0.237889	0.233685	0.222178	0.230228	0.236943	0.214639	0.252609	0.219657
664.0	0.237274	0.222898	0.216488	0.206117	0.198989	0.205031	0.217025	0.188255	0.195329	0.206387	0.193114	0.200174	0.210085	0.210231	0.190117	0.200613	0.210451	0.191519	0.221466	0.190536
665.0	0.207429	0.204669	0.184093	0.174384	0.182093	0.176938	0.192836	0.167032	0.175489	0.196112	0.169283	0.179378	0.180116	0.189049	0.159681	0.170775	0.179737	0.176265	0.185010	0.171134
666.0	0.176556	0.183774	0.157571	0.145409	0.162823	0.144686	0.157645	0.145480	0.151120	0.182850	0.147267	0.158660	0.155380	0.157759	0.138737	0.147603	0.156468	0.147786	0.163456	0.148410
667.0	0.144464	0.161049	0.133770	0.121627	0.141980	0.117347	0.137388	0.124090	0.129586	0.160961	0.122050	0.135451	0.125249	0.132883	0.113289	0.131322	0.136023	0.125434	0.135393	0.130808
668.0	0.110602	0.124921	0.108813	0.095737	0.123285	0.091977	0.111748	0.105150	0.110612	0.135873	0.098209	0.104326	0.100449	0.104161	0.093823	0.110610	0.111987	0.103489	0.107366	0.117661
669.0	0.082285	0.090021	0.085840	0.070462	0.097640	0.073720	0.087809	0.086896	0.096267	0.108122	0.075096	0.079009	0.077043	0.068877	0.073510	0.095108	0.092808	0.072933	0.081338	0.095556
670.0	0.060242	0.041645	0.060158	0.050244	0.069921	0.050633	0.065554	0.064529	0.075291	0.067928	0.054795	0.059432	0.057718	0.041410	0.063872	0.070951	0.064847	0.048116	0.059292	0.068210
671.0	0.036127	0.010330	0.031279	0.030003	0.045510	0.033743	0.042181	0.040330	0.053708	0.035553	0.030064	0.038861	0.040837	0.017942	0.049188	0.043521	0.034964	0.025536	0.042848	0.041600
672.0	0.016608	-0.004255	0.009627	0.014635	0.018382	0.014538	0.015730	0.014558	0.029377	0.014737	0.006954	0.020238	0.024814	-0.002162	0.029502	0.022471	0.003523	-0.003784	0.015623	0.015008
673.0	-0.008319	-0.027348	-0.016379	-0.012796	-0.008662	-0.011593	-0.006275	-0.010517	0.003808	-0.004901	-0.010150	0.000328	0.002087	-0.025377	0.006349	-0.000433	-0.018588	-0.023366	-0.008739	-0.007583
674.0	-0.024540	-0.047044	-0.039325	-0.037233	-0.033786	-0.044582	-0.031742	-0.033110	-0.027965	-0.030169	-0.030279	-0.023502	-0.018006	-0.042732	-0.015472	-0.028079	-0.037747	-0.045172	-0.036212	-0.035590
675.0	-0.052353	-0.059650	-0.058406	-0.065811	-0.059773	-0.062797	-0.058860	-0.058752	-0.051519	-0.054305	-0.053174	-0.037322	-0.039364	-0.061334	-0.042155	-0.054257	-0.066034	-0.066395	-0.067634	-0.062307
676.0	-0.085015	-0.072349	-0.074656	-0.089334	-0.087575	-0.085980	-0.086626	-0.083778	-0.075467	-0.082876	-0.077702	-0.057438	-0.062479	-0.079207	-0.069662	-0.078390	-0.087128	-0.086687	-0.089995	-0.090403
677.0	-0.111639	-0.089898	-0.094151	-0.116978	-0.104940	-0.107638	-0.101870	-0.110426	-0.094622	-0.107184	-0.108527	-0.079001	-0.093998	-0.098748	-0.097041	-0.092405	-0.105910	-0.098982	-0.112311	-0.110550
678.0	-0.130763	-0.111071	-0.111580	-0.141743	-0.122874	-0.125386	-0.125858	-0.136776	-0.116074	-0.128407	-0.133373	-0.104889	-0.118074	-0.120557	-0.122959	-0.114801	-0.125857	-0.117863	-0.134696	-0.131658
679.0	-0.148831	-0.137192	-0.126880	-0.162665	-0.142597	-0.138739	-0.151032	-0.158130	-0.135876	-0.147819	-0.158791	-0.123544	-0.146021	-0.137190	-0.148826	-0.131624	-0.146745	-0.139811	-0.152947	-0.154746
680.0	-0.175658	-0.171649	-0.153007	-0.174746	-0.165630	-0.155291	-0.164951	-0.176639	-0.162453	-0.172343	-0.182740	-0.137252	-0.173061	-0.156162	-0.170393	-0.150385	-0.166968	-0.159862	-0.170455	-0.178407
681.0	-0.198218	-0.192167	-0.176503	-0.190095	-0.188199	-0.171554	-0.184077	-0.196447	-0.181252	-0.192463	-0.204007	-0.158154	-0.194759	-0.179219	-0.196696	-0.172534	-0.187765	-0.182786	-0.185607	-0.195636
682.0	-0.217703	-0.206372	-0.197758	-0.204782	-0.207428	-0.200656	-0.205970	-0.214280	-0.205589	-0.212380	-0.219858	-0.180809	-0.210144	-0.199829	-0.222658	-0.191751	-0.210851	-0.205196	-0.208994	-0.210612
683.0	-0.231610	-0.232572	-0.222725	-0.224090	-0.229462	-0.223910	-0.227141	-0.228552	-0.230746	-0.231916	-0.227910	-0.211100	-0.228631	-0.216734	-0.243665	-0.216290	-0.232269	-0.225306	-0.228758	-0.222614
684.0	-0.244252	-0.256544	-0.245882	-0.235643	-0.250022	-0.251374	-0.252511	-0.245911	-0.253597	-0.256141	-0.245179	-0.238715	-0.247566	-0.242764	-0.264042	-0.241469	-0.252676	-0.255035	-0.251311	-0.238526
685.0	-0.267025	-0.275167	-0.268908	-0.254923	-0.274795	-0.270588	-0.272075	-0.264508	-0.279023	-0.281193	-0.259409	-0.262516	-0.265999	-0.266999	-0.288308	-0.267902	-0.276819	-0.275617	-0.274424	-0.255660
686.0	-0.285219	-0.290766	-0.295000	-0.275972	-0.293178	-0.290757	-0.292881	-0.282849	-0.299751	-0.298881	-0.280056	-0.285931	-0.286978	-0.289711	-0.304640	-0.289869	-0.294349	-0.293301	-0.292095	-0.280667
687.0	-0.294050	-0.308247	-0.314679	-0.301446	-0.304911	-0.308679	-0.313351	-0.306874	-0.315318	-0.308035	-0.303831	-0.308045	-0.309336	-0.309338	-0.316106	-0.304299	-0.309318	-0.305807	-0.308579	-0.301855
688.0	-0.307525	-0.318979	-0.331605	-0.320803	-0.319389	-0.329756	-0.336094	-0.328681	-0.334092	-0.320257	-0.319720	-0.324130	-0.326704	-0.321777	-0.330945	-0.327631	-0.327160	-0.319206	-0.326904	-0.327655
689.0	-0.327820	-0.337298	-0.347348	-0.336477	-0.334051	-0.342471	-0.347077	-0.345719	-0.350002	-0.337520	-0.335544	-0.338270	-0.345939	-0.333121	-0.343349	-0.345064	-0.342900	-0.333494	-0.340831	-0.342750
690.0	-0.346189	-0.358540	-0.364113	-0.357748	-0.351478	-0.359089	-0.353240	-0.362296	-0.360646	-0.353714	-0.354121	-0.357472	-0.366870	-0.349852	-0.351382	-0.364680	-0.352964	-0.348901	-0.359849	-0.356739
691.0	-0.366931	-0.375173	-0.376100	-0.378925	-0.370737	-0.377628	-0.370128	-0.378927	-0.369204	-0.369876	-0.373577	-0.377133	-0.385609	-0.364929	-0.367641	-0.379579	-0.368321	-0.366482	-0.373850	-0.371675
692.0	-0.387997	-0.385589	-0.388362	-0.393522	-0.389479	-0.392059	-0.384030	-0.395063	-0.383606	-0.387634	-0.389697	-0.394145	-0.398873	-0.380130	-0.383366	-0.394057	-0.381992	-0.378586	-0.385669	-0.385964
693.0	-0.403550	-0.402955	-0.402818	-0.416823	-0.412064	-0.401331	-0.400656	-0.405799	-0.400584	-0.405980	-0.400800	-0.415399	-0.414897	-0.391801	-0.397916	-0.404456	-0.399547	-0.397821	-0.402434	-0.398419
694.0	-0.414901	-0.419139	-0.413312	-0.429951	-0.425772	-0.417766	-0.417327	-0.422901	-0.412841	-0.424302	-0.415919	-0.428067	-0.431679	-0.411433	-0.415113	-0.413228	-0.413573	-0.420427	-0.412678	-0.415065
695.0	-0.427448	-0.429439	-0.423703	-0.447959	-0.442613	-0.432654	-0.432018	-0.435141	-0.432036	-0.446364	-0.427684	-0.440941	-0.441689	-0.427395	-0.429243	-0.422685	-0.429187	-0.433574	-0.427586	-0.429285
696.0	-0.431928	-0.441560	-0.437720	-0.461928	-0.449614	-0.445041	-0.442718	-0.446118	-0.449167	-0.461698	-0.444969	-0.441864	-0.451578	-0.444472	-0.441077	-0.426848	-0.442051	-0.443843	-0.441494	-0.444904
697.0	-0.442035	-0.455442	-0.446398	-0.468944	-0.460933	-0.458752	-0.456689	-0.457613	-0.459150	-0.474069	-0.461962	-0.452536	-0.458411	-0.457280	-0.458985	-0.435294	-0.454112	-0.458154	-0.451265	-0.456876
698.0	-0.449076	-0.467192	-0.460796	-0.473377	-0.466268	-0.472849	-0.469143	-0.468953	-0.472184	-0.490321	-0.476754	-0.460488	-0.465612	-0.462250	-0.475555	-0.455001	-0.466214	-0.470284	-0.460526	-0.473070
699.0	-0.456409	-0.480348	-0.474344	-0.475159	-0.473124	-0.483877	-0.477254	-0.482712	-0.482104	-0.500087	-0.488474	-0.471661	-0.474078	-0.470504	-0.486990	-0.471126	-0.477572	-0.486044	-0.469778	-0.483198
700.0	-0.462724	-0.498212	-0.492227	-0.488902	-0.483140	-0.499581	-0.494008	-0.496060	-0.492129	-0.507239	-0.500555	-0.489830	-0.486422	-0.481567	-0.496259	-0.492578	-0.488477	-0.498048	-0.484617	-0.493459
701.0	-0.480027	-0.509014	-0.503989	-0.496347	-0.492236	-0.510785	-0.514960	-0.508895	-0.501464	-0.513021	-0.513315	-0.504035	-0.497795	-0.492720	-0.507795	-0.505416	-0.503882	-0.506853	-0.494378	-0.499675
702.0	-0.495386	-0.519468	-0.516188	-0.506988	-0.504241	-0.517691	-0.529184	-0.519387	-0.512336	-0.522018	-0.517098	-0.516541	-0.509597	-0.505393	-0.518212	-0.516728	-0.513522	-0.515526	-0.503977	-0.511284
703.0	-0.509159	-0.526398	-0.526725	-0.520473	-0.519302	-0.524540	-0.542208	-0.527882	-0.524141	-0.527422	-0.525275	-0.528983	-0.521468	-0.519164	-0.530731	-0.523959	-0.526409	-0.530460	-0.518885	-0.519213
704.0	-0.519907	-0.531287	-0.535707	-0.533358	-0.531079	-0.529467	-0.551723	-0.538461	-0.533670	-0.534481	-0.532461	-0.538904	-0.536111	-0.533550	-0.537348	-0.530772	-0.536555	-0.540386	-0.533670	-0.527950
705.0	-0.535466	-0.541830	-0.547485	-0.540549	-0.542286	-0.533697	-0.561715	-0.542222	-0.543914	-0.546768	-0.538069	-0.543434	-0.549350	-0.547498	-0.540920	-0.535264	-0.544012	-0.543648	-0.550405	-0.536389
706.0	-0.546432	-0.555004	-0.557578	-0.548196	-0.553322	-0.536206	-0.569789	-0.547308	-0.554281	-0.559113	-0.542282	-0.545704	-0.556539	-0.558814	-0.552632	-0.544936	-0.545658	-0.553417	-0.562158	-0.545940
707.0	-0.562521	-0.564857	-0.566659	-0.555064	-0.567201	-0.544816	-0.580542	-0.552025	-0.561197	-0.573392	-0.550681	-0.553828	-0.564338	-0.566480	-0.563890	-0.555316	-0.550545	-0.566300	-0.570478	-0.556241
708.0	-0.575331	-0.572513	-0.572498	-0.564661	-0.572959	-0.555672	-0.583605	-0.559890	-0.571154	-0.582620	-0.560502	-0.562532	-0.572685	-0.572448	-0.572117	-0.563828	-0.555159	-0.575521	-0.576258	-0.569976
709.0	-0.585540	-0.579012	-0.577438	-0.574795	-0.577398	-0.571443	-0.585947	-0.572167	-0.581217	-0.587240	-0.568802	-0.572793	-0.584715	-0.583706	-0.582524	-0.572647	-0.568561	-0.584966	-0.583194	-0.580571
710.0	-0.595448	-0.588409	-0.582510	-0.588988	-0.580350	-0.586142	-0.590232	-0.582705	-0.593538	-0.595746	-0.582185	-0.587770	-0.592151	-0.591616	-0.589240	-0.583091	-0.576557	-0.590178	-0.590652	-0.591345
711.0	-0.607063	-0.596749	-0.585315	-0.598950	-0.585309	-0.597180	-0.594585	-0.598497	-0.600577	-0.601501	-0.593609	-0.595641	-0.596083	-0.602041	-0.596917	-0.592140	-0.590008	-0.597028	-0.596046	-0.600752
712.0	-0.612081	-0.604192	-0.590842	-0.610292	-0.592079	-0.606833	-0.599012	-0.605301	-0.606822	-0.609577	-0.601188	-0.601206	-0.602801	-0.610759	-0.603708	-0.601495	-0.601870	-0.603478	-0.598467	-0.614212
713.0	-0.620294	-0.603922	-0.599967	-0.618658	-0.603063	-0.614317	-0.605332	-0.614838	-0.613657	-0.613436	-0.610779	-0.606425	-0.607098	-0.617816	-0.611887	-0.608847	-0.612526	-0.610455	-0.605160	-0.621504
714.0	-0.621494	-0.606496	-0.612058	-0.626081	-0.611793	-0.620856	-0.612707	-0.623844	-0.614858	-0.615949	-0.618071	-0.612650	-0.612602	-0.623224	-0.612245	-0.612422	-0.618270	-0.614431	-0.617369	-0.624526
715.0	-0.627335	-0.617471	-0.622891	-0.628815	-0.620003	-0.626910	-0.626614	-0.628887	-0.617317	-0.624917	-0.627017	-0.620321	-0.623161	-0.627131	-0.613853	-0.619247	-0.625332	-0.618102	-0.626733	-0.629585
716.0	-0.628185	-0.630900	-0.634793	-0.635355	-0.633307	-0.632842	-0.639058	-0.632433	-0.621296	-0.633286	-0.631809	-0.627144	-0.628244	-0.630854	-0.623778	-0.626791	-0.630468	-0.623825	-0.633751	-0.641525
717.0	-0.632987	-0.642407	-0.643361	-0.646081	-0.641525	-0.636832	-0.649238	-0.636145	-0.629660	-0.640518	-0.639228	-0.633833	-0.639559	-0.636127	-0.631353	-0.632909	-0.637761	-0.631398	-0.644809	-0.646646
718.0	-0.640310	-0.650885	-0.647840	-0.653990	-0.647919	-0.643182	-0.654142	-0.641453	-0.639510	-0.643675	-0.646608	-0.643010	-0.650226	-0.643847	-0.642074	-0.640350	-0.646953	-0.641098	-0.650445	-0.650288
719.0	-0.646812	-0.661522	-0.651116	-0.658223	-0.650607	-0.652755	-0.660650	-0.649395	-0.649846	-0.647377	-0.653825	-0.651563	-0.660310	-0.653562	-0.654627	-0.650864	-0.656923	-0.648592	-0.654394	-0.654302
720.0	-0.655136	-0.668772	-0.654986	-0.662475	-0.654934	-0.658347	-0.664194	-0.656490	-0.660229	-0.652168	-0.662919	-0.659067	-0.666545	-0.659212	-0.664015	-0.660351	-0.662130	-0.653344	-0.664009	-0.662067
721.0	-0.661187	-0.676421	-0.662474	-0.667991	-0.664634	-0.663479	-0.668613	-0.665973	-0.669008	-0.659584	-0.668911	-0.661588	-0.672203	-0.670051	-0.672223	-0.669493	-0.668850	-0.661114	-0.669390	-0.672350
722.0	-0.665101	-0.679369	-0.669114	-0.674850	-0.670966	-0.670726	-0.675875	-0.671237	-0.677822	-0.667815	-0.673822	-0.665407	-0.678332	-0.678533	-0.675866	-0.679107	-0.674625	-0.666752	-0.674108	-0.680059
723.0	-0.672429	-0.677729	-0.679601	-0.684026	-0.676405	-0.679093	-0.682188	-0.679779	-0.685172	-0.677687	-0.677112	-0.671632	-0.680182	-0.686813	-0.681473	-0.688506	-0.679351	-0.674721	-0.679407	-0.687541
724.0	-0.675848	-0.675594	-0.685680	-0.690671	-0.680560	-0.684912	-0.685977	-0.686210	-0.686188	-0.686010	-0.682260	-0.679523	-0.682559	-0.693865	-0.685212	-0.692747	-0.685753	-0.684481	-0.686242	-0.690155
725.0	-0.682645	-0.679285	-0.691875	-0.694380	-0.682952	-0.694723	-0.694309	-0.690360	-0.692197	-0.697247	-0.689559	-0.686923	-0.689260	-0.698860	-0.689581	-0.698737	-0.692862	-0.690064	-0.692389	-0.695434
726.0	-0.686411	-0.686928	-0.699268	-0.700586	-0.690705	-0.703693	-0.696154	-0.696365	-0.696724	-0.702588	-0.691265	-0.691689	-0.693536	-0.704208	-0.695326	-0.701052	-0.698356	-0.693543	-0.697967	-0.702310
727.0	-0.691925	-0.693259	-0.704336	-0.709203	-0.693868	-0.705852	-0.700277	-0.702042	-0.700766	-0.708067	-0.697100	-0.703417	-0.702555	-0.706856	-0.699553	-0.705454	-0.703162	-0.699307	-0.705594	-0.701490
728.0	-0.697889	-0.701187	-0.710248	-0.714110	-0.699121	-0.709602	-0.706538	-0.708638	-0.703962	-0.710835	-0.702313	-0.710892	-0.709631	-0.708184	-0.707037	-0.710405	-0.707502	-0.702440	-0.708328	-0.700868
729.0	-0.705198	-0.709942	-0.710078	-0.714253	-0.701006	-0.714316	-0.711930	-0.714024	-0.706966	-0.713079	-0.705557	-0.717132	-0.714013	-0.710729	-0.712062	-0.715107	-0.712514	-0.705752	-0.713261	-0.703427
730.0	-0.710221	-0.716245	-0.716583	-0.716431	-0.707019	-0.714133	-0.715408	-0.716962	-0.711268	-0.713534	-0.712519	-0.721413	-0.719567	-0.712491	-0.714485	-0.720860	-0.716753	-0.709299	-0.719633	-0.710571
731.0	-0.714947	-0.723206	-0.720884	-0.720518	-0.714737	-0.715662	-0.719451	-0.719737	-0.717154	-0.718628	-0.720721	-0.727065	-0.722826	-0.716320	-0.719774	-0.727050	-0.718657	-0.713093	-0.723268	-0.720606
732.0	-0.718545	-0.729251	-0.723480	-0.723656	-0.722539	-0.719434	-0.724457	-0.723648	-0.723889	-0.724874	-0.727903	-0.729724	-0.726158	-0.719947	-0.721325	-0.730361	-0.721680	-0.718802	-0.728446	-0.726222
733.0	-0.721530	-0.730802	-0.727091	-0.731777	-0.728317	-0.724572	-0.728609	-0.727871	-0.730827	-0.733794	-0.730639	-0.730276	-0.728321	-0.725664	-0.727964	-0.734524	-0.724998	-0.725258	-0.731389	-0.732674
734.0	-0.729278	-0.730430	-0.728462	-0.735551	-0.731190	-0.728064	-0.731771	-0.730850	-0.735162	-0.740039	-0.733362	-0.731417	-0.731765	-0.730152	-0.733027	-0.737111	-0.729600	-0.731406	-0.733621	-0.736599
735.0	-0.734944	-0.733498	-0.729954	-0.737567	-0.732159	-0.737247	-0.733913	-0.732048	-0.740221	-0.743760	-0.736134	-0.730141	-0.735438	-0.732815	-0.736381	-0.742918	-0.734489	-0.735768	-0.736569	-0.739136
736.0	-0.740464	-0.737740	-0.733291	-0.741092	-0.735929	-0.745422	-0.735616	-0.738255	-0.742437	-0.746927	-0.737535	-0.733234	-0.739761	-0.737686	-0.736862	-0.744701	-0.737874	-0.741152	-0.737989	-0.740883
737.0	-0.743976	-0.738153	-0.738457	-0.745177	-0.741379	-0.746981	-0.740079	-0.744438	-0.744015	-0.748957	-0.738267	-0.740359	-0.744971	-0.740406	-0.737409	-0.747108	-0.741285	-0.745176	-0.742516	-0.741100
738.0	-0.747043	-0.742669	-0.744096	-0.750331	-0.745796	-0.749673	-0.745575	-0.747819	-0.746970	-0.749637	-0.738911	-0.743287	-0.748524	-0.741977	-0.741426	-0.748741	-0.747260	-0.747938	-0.748082	-0.741606
739.0	-0.750460	-0.746394	-0.749076	-0.751747	-0.747362	-0.749114	-0.749705	-0.751311	-0.750302	-0.751062	-0.739548	-0.748742	-0.753398	-0.744900	-0.745680	-0.752165	-0.753203	-0.751774	-0.751711	-0.745208
740.0	-0.754834	-0.751060	-0.757596	-0.754480	-0.751434	-0.749862	-0.752747	-0.755715	-0.754890	-0.751623	-0.745057	-0.754172	-0.756445	-0.748331	-0.750103	-0.756987	-0.757633	-0.753872	-0.752667	-0.750046
741.0	-0.758002	-0.755853	-0.759676	-0.757823	-0.754939	-0.751997	-0.755969	-0.759486	-0.757300	-0.755607	-0.749587	-0.760933	-0.755469	-0.753005	-0.756631	-0.760625	-0.760937	-0.755408	-0.754608	-0.753681
742.0	-0.758632	-0.759051	-0.761801	-0.758882	-0.764024	-0.753430	-0.760727	-0.762805	-0.760173	-0.760581	-0.753672	-0.765862	-0.757171	-0.757611	-0.761639	-0.762060	-0.762991	-0.758566	-0.757942	-0.758079
743.0	-0.760551	-0.760207	-0.763525	-0.762908	-0.768108	-0.756494	-0.767797	-0.766547	-0.763607	-0.765507	-0.756951	-0.769022	-0.757697	-0.761807	-0.768607	-0.765677	-0.763744	-0.760057	-0.761947	-0.760177
744.0	-0.765874	-0.762369	-0.766107	-0.764966	-0.767987	-0.759613	-0.769827	-0.767535	-0.765628	-0.767947	-0.759582	-0.771085	-0.763040	-0.766551	-0.773262	-0.770007	-0.766625	-0.762215	-0.766364	-0.763617
745.0	-0.769451	-0.766647	-0.767062	-0.769651	-0.768670	-0.764218	-0.770083	-0.768642	-0.768653	-0.771692	-0.766081	-0.772718	-0.767147	-0.767681	-0.776226	-0.776669	-0.772457	-0.764879	-0.768583	-0.768329
746.0	-0.770946	-0.771534	-0.770150	-0.773136	-0.768878	-0.769413	-0.772520	-0.771618	-0.769765	-0.775237	-0.771593	-0.774457	-0.771470	-0.768908	-0.775543	-0.779291	-0.773025	-0.767447	-0.771691	-0.771431
747.0	-0.772334	-0.774178	-0.772673	-0.775805	-0.771365	-0.769094	-0.774497	-0.773995	-0.773847	-0.778363	-0.774377	-0.777754	-0.778250	-0.769240	-0.776011	-0.781765	-0.774177	-0.770485	-0.775601	-0.773855
748.0	-0.773876	-0.779391	-0.775246	-0.777614	-0.771821	-0.771113	-0.774629	-0.774714	-0.779029	-0.780476	-0.778611	-0.779799	-0.780777	-0.770005	-0.777522	-0.782039	-0.777595	-0.775143	-0.780035	-0.778181
749.0	-0.776779	-0.782721	-0.779408	-0.778542	-0.773633	-0.772827	-0.777729	-0.775068	-0.781493	-0.782149	-0.781865	-0.781041	-0.782453	-0.771507	-0.781026	-0.784710	-0.779943	-0.776573	-0.780049	-0.780856
750.0	-0.777980	-0.784367	-0.781955	-0.780199	-0.777875	-0.776347	-0.778651	-0.776542	-0.784219	-0.783610	-0.784801	-0.783691	-0.783161	-0.773970	-0.782804	-0.787762	-0.782158	-0.778001	-0.782920	-0.780103
751.0	-0.777135	-0.784718	-0.781480	-0.782011	-0.781472	-0.779132	-0.781293	-0.776306	-0.782829	-0.785870	-0.786268	-0.786921	-0.782066	-0.778089	-0.783819	-0.788792	-0.783964	-0.780484	-0.784669	-0.778888
752.0	-0.778240	-0.784465	-0.781451	-0.781424	-0.787111	-0.779374	-0.785004	-0.775720	-0.782044	-0.787712	-0.789353	-0.790067	-0.783535	-0.783891	-0.787158	-0.789082	-0.786243	-0.783160	-0.786930	-0.779417
753.0	-0.778350	-0.783920	-0.781918	-0.781577	-0.789902	-0.781155	-0.791103	-0.778723	-0.781749	-0.790646	-0.790387	-0.792536	-0.785822	-0.788421	-0.790994	-0.789182	-0.789960	-0.784810	-0.790459	-0.777173
754.0	-0.778073	-0.785481	-0.785719	-0.782757	-0.793141	-0.784895	-0.791359	-0.780424	-0.782719	-0.790773	-0.790395	-0.794153	-0.789439	-0.792393	-0.794190	-0.789668	-0.791782	-0.786315	-0.792551	-0.777811
755.0	-0.779603	-0.788303	-0.789281	-0.785520	-0.796028	-0.787070	-0.792623	-0.785515	-0.785340	-0.793337	-0.793758	-0.794729	-0.790572	-0.794451	-0.795703	-0.790418	-0.795423	-0.787432	-0.790500	-0.780650
756.0	-0.779440	-0.792381	-0.791777	-0.788005	-0.793599	-0.791628	-0.792656	-0.789704	-0.787954	-0.793392	-0.793800	-0.793633	-0.792290	-0.793984	-0.796216	-0.791725	-0.796897	-0.787452	-0.792204	-0.782158
757.0	-0.782205	-0.797483	-0.795142	-0.789961	-0.790996	-0.792618	-0.792697	-0.792418	-0.792730	-0.794052	-0.793300	-0.792999	-0.795726	-0.797279	-0.796364	-0.793494	-0.798481	-0.789463	-0.792683	-0.786456
758.0	-0.786520	-0.801147	-0.797015	-0.791774	-0.791699	-0.795856	-0.792832	-0.794525	-0.796771	-0.793654	-0.794757	-0.792409	-0.796162	-0.798669	-0.797037	-0.795695	-0.800654	-0.791838	-0.793648	-0.792254
759.0	-0.791111	-0.802370	-0.800277	-0.793895	-0.793161	-0.797430	-0.795527	-0.795142	-0.800373	-0.795046	-0.795826	-0.791618	-0.796362	-0.798246	-0.798558	-0.798088	-0.801523	-0.792413	-0.794973	-0.796191
760.0	-0.791971	-0.803685	-0.801252	-0.795768	-0.794848	-0.798947	-0.795639	-0.796401	-0.803730	-0.797022	-0.796453	-0.791401	-0.798824	-0.796725	-0.800123	-0.801603	-0.803576	-0.795555	-0.798371	-0.797146
761.0	-0.794330	-0.804187	-0.800846	-0.798279	-0.795807	-0.800780	-0.797168	-0.796074	-0.802327	-0.797760	-0.797519	-0.793884	-0.800092	-0.796150	-0.801461	-0.802445	-0.805673	-0.798637	-0.800470	-0.796954
762.0	-0.797863	-0.802652	-0.801278	-0.798632	-0.797654	-0.801249	-0.800373	-0.795520	-0.801989	-0.799807	-0.799238	-0.796701	-0.803351	-0.797064	-0.804887	-0.802804	-0.807767	-0.801116	-0.802468	-0.798414
763.0	-0.798558	-0.801665	-0.802409	-0.799629	-0.801544	-0.803816	-0.802541	-0.797185	-0.801198	-0.803641	-0.800271	-0.799203	-0.805892	-0.798606	-0.808920	-0.802450	-0.809353	-0.803094	-0.804804	-0.799189
764.0	-0.799049	-0.803337	-0.805122	-0.799484	-0.806431	-0.805601	-0.801955	-0.798198	-0.799463	-0.803948	-0.803236	-0.801495	-0.806104	-0.799358	-0.811532	-0.801682	-0.808475	-0.802080	-0.804553	-0.800342
765.0	-0.802135	-0.802935	-0.806767	-0.801095	-0.810802	-0.804831	-0.803019	-0.802171	-0.798368	-0.806925	-0.806150	-0.804180	-0.806015	-0.803289	-0.811917	-0.801884	-0.810479	-0.803541	-0.805621	-0.801961
766.0	-0.803958	-0.803696	-0.808270	-0.803751	-0.810580	-0.807135	-0.803232	-0.804737	-0.798178	-0.807763	-0.805891	-0.806466	-0.806170	-0.804298	-0.811825	-0.804019	-0.810507	-0.803002	-0.806445	-0.804078
767.0	-0.808027	-0.805404	-0.808549	-0.806653	-0.809184	-0.806130	-0.805083	-0.806507	-0.799729	-0.809457	-0.806595	-0.808178	-0.806048	-0.809439	-0.810073	-0.806498	-0.810074	-0.803175	-0.806361	-0.807058
768.0	-0.810507	-0.808538	-0.807914	-0.808488	-0.809661	-0.806201	-0.809016	-0.808919	-0.802993	-0.810688	-0.807513	-0.810100	-0.805226	-0.810300	-0.810034	-0.808610	-0.809455	-0.803500	-0.807315	-0.811358
769.0	-0.811379	-0.810031	-0.807864	-0.809364	-0.808755	-0.806314	-0.810770	-0.809882	-0.804741	-0.812586	-0.807853	-0.810906	-0.804979	-0.810314	-0.809526	-0.809616	-0.809830	-0.804480	-0.808483	-0.812570
770.0	-0.810618	-0.813133	-0.807840	-0.811597	-0.807588	-0.809010	-0.812208	-0.809094	-0.806084	-0.813483	-0.809476	-0.810574	-0.805778	-0.810565	-0.809122	-0.811692	-0.810115	-0.805545	-0.809257	-0.813767
771.0	-0.811509	-0.814175	-0.808116	-0.813225	-0.806018	-0.811404	-0.812486	-0.808801	-0.806924	-0.812021	-0.810004	-0.811563	-0.807492	-0.811323	-0.811003	-0.812405	-0.811127	-0.806270	-0.810138	-0.814148
772.0	-0.813209	-0.814021	-0.807806	-0.815422	-0.807522	-0.813108	-0.814790	-0.809934	-0.808834	-0.812975	-0.811587	-0.810633	-0.809820	-0.813808	-0.813654	-0.814347	-0.812988	-0.806548	-0.810340	-0.815355
773.0	-0.811827	-0.816006	-0.808381	-0.815168	-0.809320	-0.816336	-0.813307	-0.810947	-0.810959	-0.813604	-0.813098	-0.809550	-0.812298	-0.816764	-0.816630	-0.814293	-0.814915	-0.807002	-0.811008	-0.814439
774.0	-0.812214	-0.816532	-0.810892	-0.815670	-0.813175	-0.816428	-0.812594	-0.811823	-0.811888	-0.811471	-0.815092	-0.810592	-0.813474	-0.816621	-0.817748	-0.817106	-0.818034	-0.806084	-0.812200	-0.812417
775.0	-0.814212	-0.813939	-0.811652	-0.817504	-0.817157	-0.815904	-0.813340	-0.814139	-0.813894	-0.813137	-0.816496	-0.812319	-0.815075	-0.818808	-0.817530	-0.819716	-0.820472	-0.809010	-0.815412	-0.811415
776.0	-0.816982	-0.812776	-0.814268	-0.818559	-0.818501	-0.817191	-0.814484	-0.816496	-0.816113	-0.814862	-0.817110	-0.815132	-0.814394	-0.819156	-0.817766	-0.820983	-0.821510	-0.808755	-0.815714	-0.811402
777.0	-0.819487	-0.813633	-0.814344	-0.820237	-0.818470	-0.816391	-0.814937	-0.819513	-0.817935	-0.817735	-0.818434	-0.816970	-0.814236	-0.821490	-0.819360	-0.821889	-0.823186	-0.809336	-0.815667	-0.812076
778.0	-0.820993	-0.816481	-0.815692	-0.819527	-0.818470	-0.816117	-0.814810	-0.819872	-0.819778	-0.818364	-0.815790	-0.818334	-0.813226	-0.821541	-0.819422	-0.822191	-0.824346	-0.810863	-0.816382	-0.815842
779.0	-0.821846	-0.817987	-0.817266	-0.819070	-0.818844	-0.817600	-0.814844	-0.819712	-0.818016	-0.819731	-0.814983	-0.819553	-0.813469	-0.820861	-0.817743	-0.821521	-0.825221	-0.810693	-0.815064	-0.818533
780.0	-0.822161	-0.819183	-0.819156	-0.818361	-0.819408	-0.818789	-0.816617	-0.818108	-0.818273	-0.820770	-0.814640	-0.820343	-0.816682	-0.821420	-0.817584	-0.820757	-0.823866	-0.812141	-0.814988	-0.820984
781.0	-0.823815	-0.820474	-0.821145	-0.819350	-0.819151	-0.820570	-0.817451	-0.818119	-0.818473	-0.820069	-0.813865	-0.820887	-0.819572	-0.822291	-0.817967	-0.819955	-0.824544	-0.813952	-0.815597	-0.823113
782.0	-0.824706	-0.820369	-0.823264	-0.820971	-0.821328	-0.820780	-0.819720	-0.818480	-0.817619	-0.821249	-0.815202	-0.821406	-0.821922	-0.823580	-0.819363	-0.819469	-0.824664	-0.814441	-0.817127	-0.824405
783.0	-0.823125	-0.822276	-0.823553	-0.820285	-0.821479	-0.821818	-0.819457	-0.819137	-0.816936	-0.822426	-0.817373	-0.822003	-0.825053	-0.824053	-0.820994	-0.820378	-0.823219	-0.816771	-0.817447	-0.823224
784.0	-0.821952	-0.822482	-0.824324	-0.820325	-0.822694	-0.820896	-0.820190	-0.818937	-0.816699	-0.821935	-0.819183	-0.822934	-0.827672	-0.822176	-0.821380	-0.822548	-0.823020	-0.818518	-0.818961	-0.822020
785.0	-0.820257	-0.822453	-0.823721	-0.821946	-0.822945	-0.820465	-0.821466	-0.820341	-0.818501	-0.823899	-0.821095	-0.822943	-0.827147	-0.822052	-0.822109	-0.822095	-0.823078	-0.820711	-0.820241	-0.821385
786.0	-0.820519	-0.821679	-0.823612	-0.822044	-0.823292	-0.820826	-0.820520	-0.822240	-0.820371	-0.824071	-0.823407	-0.824057	-0.825141	-0.822681	-0.823845	-0.821436	-0.823505	-0.821898	-0.821059	-0.819663
787.0	-0.820396	-0.822243	-0.823834	-0.824343	-0.823910	-0.820500	-0.817949	-0.822771	-0.821647	-0.823733	-0.824124	-0.824205	-0.824070	-0.821692	-0.825962	-0.821557	-0.824299	-0.821572	-0.821194	-0.819354
788.0	-0.820684	-0.822603	-0.824748	-0.824904	-0.823131	-0.822040	-0.817420	-0.822685	-0.822391	-0.823322	-0.823595	-0.822911	-0.822832	-0.821124	-0.826642	-0.822809	-0.825514	-0.820903	-0.820866	-0.821130
789.0	-0.821067	-0.822230	-0.827055	-0.824629	-0.824051	-0.824511	-0.819447	-0.823006	-0.822991	-0.823686	-0.821992	-0.821887	-0.821294	-0.820974	-0.826234	-0.824425	-0.825496	-0.819584	-0.820124	-0.821586
790.0	-0.821565	-0.819962	-0.827222	-0.824626	-0.823290	-0.825257	-0.821722	-0.820003	-0.823552	-0.823659	-0.820413	-0.820822	-0.822080	-0.822115	-0.827044	-0.825821	-0.824750	-0.819990	-0.820213	-0.822082
791.0	-0.823490	-0.820581	-0.828725	-0.827561	-0.823933	-0.826800	-0.822527	-0.820383	-0.822438	-0.822205	-0.819272	-0.821118	-0.821675	-0.824067	-0.827583	-0.826330	-0.825127	-0.818862	-0.821252	-0.823523
792.0	-0.823671	-0.820370	-0.830626	-0.827423	-0.824729	-0.825858	-0.823134	-0.820287	-0.821634	-0.821570	-0.820082	-0.821458	-0.823909	-0.825083	-0.828561	-0.827848	-0.826443	-0.818377	-0.822316	-0.824040
793.0	-0.824170	-0.821376	-0.829315	-0.828672	-0.824195	-0.825465	-0.824696	-0.821896	-0.820488	-0.821260	-0.822242	-0.821925	-0.826691	-0.826315	-0.829644	-0.830035	-0.825909	-0.820802	-0.823109	-0.824314
794.0	-0.823550	-0.822252	-0.827722	-0.827127	-0.824682	-0.823994	-0.826459	-0.822439	-0.821039	-0.823608	-0.822747	-0.822257	-0.828991	-0.827322	-0.829232	-0.830374	-0.826540	-0.821258	-0.824278	-0.825146
795.0	-0.824992	-0.822347	-0.827236	-0.826359	-0.825135	-0.823688	-0.827850	-0.823882	-0.822211	-0.823591	-0.824335	-0.823762	-0.828892	-0.826755	-0.829096	-0.828994	-0.828544	-0.821271	-0.825603	-0.825563
796.0	-0.826290	-0.822570	-0.827174	-0.824980	-0.826222	-0.823395	-0.827469	-0.824748	-0.823830	-0.824301	-0.826629	-0.825812	-0.830078	-0.825651	-0.829089	-0.827535	-0.830289	-0.821907	-0.826949	-0.825889
797.0	-0.827051	-0.823000	-0.827618	-0.823758	-0.827225	-0.823563	-0.826747	-0.825047	-0.824917	-0.824897	-0.828047	-0.827288	-0.830719	-0.824912	-0.828630	-0.826463	-0.831815	-0.822050	-0.827376	-0.825955
798.0	-0.826841	-0.823790	-0.828656	-0.823018	-0.827920	-0.824320	-0.825917	-0.824551	-0.824934	-0.825267	-0.827925	-0.827638	-0.830544	-0.825077	-0.827526	-0.826275	-0.832871	-0.821435	-0.826394	-0.825671
799.0	-0.825225	-0.825089	-0.830379	-0.823087	-0.828083	-0.825793	-0.825214	-0.823033	-0.823343	-0.825296	-0.825597	-0.826313	-0.829285	-0.826687	-0.825586	-0.827467	-0.833203	-0.819798	-0.823511	-0.824946
800.0	-0.821772	-0.827048	-0.832876	-0.824289	-0.827492	-0.828110	-0.824872	-0.820266	-0.819605	-0.824871	-0.820398	-0.822764	-0.826672	-0.830280	-0.822617	-0.830537	-0.832560	-0.816874	-0.818237	-0.823689
