500.0	14.96	16.30	13.25	17.67	21.81	24.55	18.73	22.38	14.45	29.78	14.69	32.54	22.84	21.90	30.74	22.60	24.50	19.85	17.54	21.33	
501.0	21.57	28.41	22.85	20.12	25.13	25.32	17.52	20.97	22.24	23.45	22.75	19.91	18.50	24.52	18.10	21.00	24.35	24.02	19.47	22.27	
502.0	23.89	21.73	23.64	20.26	21.77	20.92	22.64	22.87	23.31	22.76	20.86	29.72	20.87	26.02	20.43	25.19	24.72	19.86	21.88	21.63	
503.0	22.35	18.69	20.98	22.28	22.01	29.38	20.61	19.27	25.88	24.58	18.69	25.60	23.42	23.44	22.96	23.49	23.45	23.03	20.89	21.05	
504.0	29.21	18.20	22.59	21.73	20.10	23.28	20.49	22.11	23.39	21.82	24.00	23.67	22.07	20.68	20.04	22.71	24.98	21.25	21.42	25.65	
505.0	23.05	19.92	26.36	22.28	24.40	25.95	20.42	20.59	23.16	18.60	20.74	24.78	25.43	22.77	28.91	19.07	21.93	22.20	18.60	24.16	
506.0	21.13	22.06	25.07	18.18	21.46	23.74	21.61	22.87	22.16	20.38	24.98	24.49	19.38	20.73	20.97	20.25	23.37	22.99	17.69	22.77	
507.0	22.37	24.00	24.95	17.72	27.83	21.12	20.70	24.29	23.01	18.12	22.55	24.96	21.87	21.00	22.69	23.38	21.98	25.31	19.99	26.22	
508.0	20.43	30.67	18.30	20.77	24.73	21.96	25.15	19.69	18.81	27.11	21.01	20.78	25.31	26.42	19.57	20.91	27.23	26.00	17.91	22.46	
509.0	27.76	24.94	19.58	21.26	17.73	26.53	23.51	24.85	20.75	23.67	22.40	22.96	21.50	22.14	23.16	19.45	27.96	20.32	21.27	21.90	
510.0	28.15	23.11	23.86	24.72	25.79	27.59	25.30	17.43	21.24	17.86	26.57	25.07	24.99	22.05	25.76	20.79	23.65	20.23	17.72	24.90	
511.0	27.75	29.07	30.55	24.24	23.16	19.01	24.95	17.76	18.70	24.78	25.99	27.07	26.06	21.30	26.74	23.50	22.65	24.74	22.03	18.81	
512.0	28.42	22.75	22.64	23.30	24.05	22.86	27.11	23.79	17.75	23.47	25.15	25.57	24.80	21.65	22.22	25.01	18.60	27.56	23.40	27.52	
513.0	25.65	23.75	20.85	23.54	26.27	27.19	22.91	25.33	24.38	21.91	22.56	20.30	31.93	26.97	27.90	23.40	22.80	22.14	20.73	27.72	
514.0	27.72	22.03	24.83	24.32	25.45	22.88	26.14	25.18	22.69	20.15	22.99	26.44	23.10	23.93	24.03	27.30	26.02	29.37	25.22	22.92	
515.0	33.07	21.41	25.31	25.80	23.03	24.78	23.31	18.90	23.26	23.66	22.33	23.70	27.27	22.24	24.59	21.43	24.74	24.56	21.91	26.05	
516.0	29.27	23.16	26.42	23.42	22.47	27.32	24.75	25.35	24.40	26.96	27.93	33.76	25.39	24.90	25.47	23.68	30.60	21.75	23.44	21.69	
517.0	26.30	23.26	22.27	23.52	24.79	23.22	27.73	22.97	20.46	25.90	24.54	27.81	24.89	25.04	18.86	25.17	24.19	25.03	27.26	27.09	
518.0	25.96	20.68	27.27	30.08	25.45	20.46	25.47	25.75	21.82	31.01	23.98	25.36	22.99	27.57	26.60	25.76	25.59	21.96	27.95	24.62	
519.0	22.63	22.17	25.50	26.85	25.63	27.69	25.58	24.49	29.66	25.65	31.31	29.15	29.87	26.99	26.40	20.68	22.94	26.50	31.65	25.02	
520.0	25.58	22.75	22.51	33.71	34.12	25.93	23.84	32.40	26.23	25.35	28.66	27.22	32.44	25.28	28.46	24.97	26.10	29.87	30.44	23.47	
521.0	26.43	25.46	24.94	23.93	23.12	24.44	32.60	25.91	22.11	24.39	25.82	22.75	25.09	29.49	27.86	24.91	25.81	26.11	20.80	24.78	
522.0	22.96	28.76	23.40	27.31	19.81	32.94	24.32	28.37	23.32	25.51	28.29	21.89	25.47	25.41	24.87	23.31	29.67	26.21	25.49	25.14	
523.0	28.99	31.79	29.32	29.01	25.17	26.62	26.74	32.59	27.30	25.73	27.12	20.41	31.48	28.90	25.93	26.40	27.34	28.68	28.20	28.19	
524.0	29.39	27.94	25.71	27.11	25.61	27.71	26.88	31.81	26.76	28.91	29.18	21.87	26.26	33.81	27.41	22.89	25.33	25.52	30.91	27.94	
525.0	32.06	25.99	26.22	22.17	29.41	30.26	29.51	28.59	25.41	33.25	30.52	28.63	31.89	28.12	26.53	28.81	24.12	29.32	24.75	24.33	
526.0	25.48	22.27	24.84	26.41	25.44	25.16	26.28	32.32	30.63	29.05	29.55	25.06	30.91	28.98	32.21	28.13	29.39	29.42	27.68	24.78	
527.0	26.58	27.90	27.75	30.77	31.12	32.76	27.70	31.81	30.19	32.70	26.44	29.51	27.42	26.34	30.44	33.68	30.85	32.77	24.24	28.04	
528.0	27.69	38.71	31.05	28.43	35.31	28.61	29.54	29.36	31.75	24.50	31.63	30.40	26.72	30.04	30.96	32.45	35.90	32.13	29.31	27.33	
529.0	31.27	28.90	34.07	28.63	29.95	29.34	26.60	36.35	38.80	31.22	28.91	25.99	35.32	33.80	34.14	25.29	33.87	31.34	32.74	37.71	
530.0	33.79	36.44	29.61	31.95	33.67	35.97	34.06	29.27	34.17	31.22	25.14	28.31	30.29	33.20	33.89	33.39	27.58	32.11	28.04	37.76	
531.0	37.25	28.00	35.46	35.48	30.88	27.95	38.39	32.42	33.24	34.32	35.95	31.74	31.86	34.20	36.86	27.94	31.95	31.57	34.55	34.09	
532.0	36.25	32.41	35.58	36.89	27.18	31.93	37.80	30.67	32.82	34.58	26.77	31.77	31.37	30.98	34.42	33.14	29.94	32.51	23.06	34.11	
533.0	36.98	36.93	28.67	28.60	30.57	33.11	37.99	33.53	29.45	34.10	33.97	35.83	39.85	32.97	40.94	36.07	29.86	39.09	30.37	36.03	
534.0	32.04	32.04	32.93	31.45	30.02	33.05	37.69	33.51	37.96	31.02	34.70	30.47	32.68	35.30	38.12	33.57	31.64	34.85	33.51	39.37	
535.0	35.65	31.35	30.61	29.58	30.23	32.23	30.64	36.69	29.04	33.92	29.06	29.42	30.52	32.87	36.30	31.45	30.71	33.36	33.31	34.42	
536.0	33.46	31.80	32.92	28.94	31.78	30.77	29.98	36.79	32.73	32.16	33.62	32.00	36.83	34.91	32.19	32.07	33.78	35.83	32.91	35.67	
537.0	27.00	33.09	37.15	38.21	32.26	31.08	30.15	35.76	32.24	33.55	31.78	29.57	33.50	31.44	33.79	36.79	35.77	35.60	33.62	33.03	
538.0	26.87	38.06	32.85	32.73	26.25	25.57	27.14	33.16	30.76	33.57	29.65	31.97	35.44	28.65	25.32	29.62	27.72	35.92	33.64	31.71	
539.0	30.36	32.46	23.33	27.85	31.44	30.43	29.27	29.27	27.79	32.36	29.59	25.90	30.30	34.41	24.34	28.91	26.49	27.65	34.23	29.29	
540.0	34.25	27.14	22.32	28.42	36.12	31.95	25.87	29.08	30.64	29.48	30.12	25.73	36.06	28.32	26.44	25.49	29.55	33.73	30.57	30.14	
541.0	28.93	28.42	24.52	25.98	28.03	36.17	28.67	28.85	22.74	32.59	28.39	23.96	28.27	26.65	29.83	24.59	22.99	33.95	26.43	26.46	
542.0	26.65	24.75	28.20	26.54	33.27	32.73	30.53	27.28	25.74	30.41	30.47	27.06	28.49	27.50	28.16	29.17	25.48	24.32	29.88	22.38	
543.0	29.50	23.43	30.99	25.85	32.70	30.08	30.18	24.23	25.43	31.87	31.65	18.84	30.42	29.29	26.74	29.25	34.39	33.14	32.76	29.72	
544.0	32.10	27.63	28.19	23.03	27.44	30.77	28.05	26.25	24.32	30.15	23.69	29.22	29.34	26.74	29.62	27.23	28.11	27.86	31.57	24.68	
545.0	31.29	23.92	32.47	31.07	25.80	27.65	29.48	29.27	25.39	27.19	27.53	25.72	23.49	24.77	25.28	29.62	22.87	32.49	28.42	23.54	
546.0	30.84	24.63	28.92	26.54	24.04	27.98	26.85	29.58	24.88	23.26	22.75	29.43	23.31	25.15	26.38	27.65	27.89	26.05	25.26	28.51	
547.0	26.97	26.87	26.13	28.69	26.20	27.72	28.97	26.92	24.81	23.68	24.14	29.77	24.37	29.59	28.63	32.49	29.42	29.81	26.98	27.12	
548.0	24.25	33.42	23.38	31.35	23.51	27.48	26.90	26.11	21.57	27.43	30.32	25.86	24.69	25.47	29.30	27.26	25.36	32.04	31.67	25.35	
549.0	21.46	25.61	24.19	28.68	26.23	23.60	23.35	24.32	27.51	25.94	25.55	29.67	26.07	27.88	23.17	25.90	29.22	24.08	20.45	29.66	
550.0	25.96	27.65	23.02	22.56	25.48	21.91	24.68	24.44	25.13	21.83	26.28	24.68	26.31	24.98	26.56	26.62	26.03	23.77	18.49	27.46	
551.0	25.73	26.37	28.63	23.90	25.25	23.19	29.66	22.42	20.12	23.65	26.92	26.66	25.40	23.94	20.68	22.53	26.59	28.96	27.20	30.17	
552.0	27.52	26.72	24.56	23.49	27.45	26.29	21.63	24.73	22.54	24.69	29.55	25.95	25.60	24.99	22.69	21.51	23.32	25.91	23.14	28.04	
553.0	22.66	24.53	30.25	24.51	27.99	26.90	24.36	21.79	24.69	26.31	28.35	20.91	25.18	27.20	27.08	26.59	23.56	21.55	26.55	21.56	
554.0	23.48	20.76	28.28	28.15	24.58	25.09	28.02	26.62	19.64	26.92	26.04	24.13	23.32	23.02	28.07	24.33	29.67	29.55	21.45	21.19	
555.0	21.06	24.87	25.21	19.65	25.20	22.96	29.06	24.49	25.32	33.44	21.97	25.76	28.58	24.73	25.52	25.15	29.45	29.16	25.13	22.63	
556.0	28.72	25.21	26.64	22.53	20.74	25.24	23.75	23.19	26.48	25.90	24.95	28.60	24.28	23.48	27.09	23.34	28.89	27.25	27.66	25.75	
557.0	22.39	27.22	28.58	24.24	22.61	25.82	27.14	24.51	26.70	22.02	24.42	24.48	27.29	22.24	29.24	26.75	26.10	25.76	27.71	27.46	
558.0	29.96	24.17	26.05	26.77	25.15	21.95	20.64	28.53	23.96	28.48	26.55	21.93	24.43	21.02	30.63	26.73	31.40	22.72	23.33	25.70	
559.0	22.09	28.89	28.79	29.63	22.16	28.86	29.16	25.67	26.46	22.27	21.04	24.72	29.09	25.51	25.70	26.99	25.86	23.60	28.64	23.10	
560.0	24.18	25.60	21.16	23.81	24.69	23.85	30.86	21.17	23.21	25.42	23.11	23.26	23.79	22.62	28.14	27.40	23.68	30.48	23.19	24.46	
561.0	21.97	28.64	21.65	21.12	23.98	22.89	26.68	26.92	25.81	29.96	20.40	21.30	20.01	26.41	23.00	25.59	26.48	28.39	23.26	25.56	
562.0	25.07	24.21	24.18	25.44	28.37	21.82	24.41	23.98	24.19	25.40	28.94	23.66	26.62	27.99	28.93	26.33	24.57	25.41	18.46	28.85	
563.0	22.82	22.96	23.17	22.93	27.36	29.16	25.05	28.31	26.58	27.02	24.86	17.68	24.40	23.39	24.34	24.40	32.09	24.48	24.88	24.20	
564.0	23.92	27.25	27.17	21.39	28.58	24.78	29.07	25.80	27.69	20.88	23.79	19.97	25.31	27.71	26.28	20.71	32.31	27.85	23.15	20.69	
565.0	24.50	27.05	21.23	27.02	26.35	25.23	30.40	23.85	22.55	24.50	20.98	20.34	20.86	25.49	18.57	24.84	25.57	23.75	22.78	21.51	
566.0	26.91	21.76	22.98	24.87	22.37	24.03	26.48	22.43	27.62	23.27	23.72	24.20	24.54	29.62	29.55	23.49	23.15	28.94	26.48	25.07	
567.0	17.57	28.10	26.73	25.44	18.40	24.02	25.60	21.65	24.42	25.28	23.88	22.06	22.63	24.69	27.49	26.36	25.78	25.89	23.52	27.59	
568.0	21.11	25.13	27.43	26.81	24.04	27.90	25.33	24.09	26.49	20.12	26.81	20.86	27.45	18.48	29.46	22.43	24.30	24.70	25.99	22.38	
569.0	26.31	22.34	27.43	24.76	23.80	28.85	24.50	26.03	25.22	25.92	24.65	20.54	21.74	20.81	27.18	25.90	24.24	23.75	26.34	22.00	
570.0	27.18	25.65	26.97	25.74	24.83	26.23	22.02	32.57	21.21	25.44	26.94	20.76	25.41	25.64	24.09	23.19	17.52	28.29	28.45	24.58	
571.0	21.71	25.48	28.35	22.64	22.55	21.65	22.74	24.93	25.17	23.01	25.67	25.37	24.09	21.26	24.54	27.10	19.98	25.87	21.74	23.91	
572.0	22.95	27.58	28.28	28.26	23.85	20.66	25.01	22.90	26.46	24.41	23.72	24.46	23.93	21.59	21.58	26.30	24.48	30.82	24.71	23.51	
573.0	21.64	23.72	24.50	25.71	27.72	19.99	22.48	22.56	23.91	24.14	24.56	23.43	24.89	25.21	22.55	22.85	18.90	22.29	25.78	20.27	
574.0	25.06	24.91	22.48	29.23	24.47	18.49	25.34	27.99	27.93	24.22	25.27	25.39	21.29	24.89	27.82	27.21	21.95	22.48	23.80	21.54	
575.0	24.35	23.79	26.50	26.63	27.15	22.07	25.36	21.11	24.17	27.95	22.46	30.01	21.89	28.59	23.59	30.93	24.87	21.95	22.58	25.84	
576.0	29.90	24.72	28.25	22.24	26.37	27.33	24.39	23.93	23.48	22.85	26.70	27.23	23.03	31.96	25.28	23.57	26.90	24.26	22.41	21.96	
577.0	27.70	26.93	27.03	27.77	24.22	25.00	25.10	22.67	23.97	20.89	26.80	21.60	26.12	24.17	25.98	25.58	22.86	27.44	22.25	24.73	
578.0	31.66	23.02	28.62	21.36	21.39	25.71	22.51	27.15	22.97	29.88	26.83	26.27	23.07	31.94	27.25	24.56	24.34	27.49	29.15	26.54	
579.0	26.21	27.97	28.51	23.32	23.28	24.59	24.37	27.36	25.19	26.38	28.78	24.26	24.69	29.03	19.79	26.87	23.50	23.86	26.63	26.69	
580.0	27.64	23.54	27.19	28.13	20.56	22.58	24.47	24.53	28.90	28.01	28.09	19.09	25.30	26.09	21.54	26.73	25.63	26.39	22.79	27.57	
581.0	27.99	17.82	21.72	24.28	31.09	26.67	24.15	27.38	24.37	25.37	28.96	23.33	26.93	28.31	24.06	29.88	27.82	30.72	25.51	28.72	
582.0	21.55	20.84	27.72	21.49	27.59	29.35	22.46	28.88	24.58	29.24	29.47	27.57	28.41	24.82	25.18	26.57	26.31	28.58	33.01	27.04	
583.0	29.37	22.93	28.02	21.03	26.11	25.98	26.86	23.40	25.32	27.01	27.81	28.83	24.18	28.60	25.15	22.62	27.91	30.53	27.68	21.97	
584.0	27.13	24.39	27.32	27.54	21.63	26.30	28.03	27.03	30.57	28.00	24.34	26.73	24.26	25.46	22.49	27.68	26.59	28.14	29.56	27.51	
585.0	30.28	27.35	29.22	24.48	27.81	24.53	30.08	22.34	25.85	21.51	22.63	26.65	28.05	25.47	25.32	26.51	28.54	26.35	28.88	30.08	
586.0	28.95	28.11	31.42	25.45	27.78	32.28	22.79	28.94	27.90	25.46	33.14	32.44	23.45	25.76	23.88	30.73	34.75	27.93	32.88	28.43	
587.0	31.16	35.44	29.69	26.78	26.66	30.62	26.44	29.27	24.25	28.40	28.66	28.37	29.76	31.11	28.64	29.30	27.14	25.44	22.54	25.92	
588.0	28.06	26.77	28.21	24.63	29.81	32.15	23.60	29.12	26.77	22.18	24.19	23.25	24.65	24.50	30.29	24.92	24.47	24.43	23.41	28.64	
589.0	32.47	23.53	23.79	23.25	27.53	27.50	28.87	26.40	27.35	24.05	28.00	29.66	26.87	35.70	24.98	23.16	26.48	22.54	26.12	27.64	
590.0	31.53	25.28	22.95	24.91	24.90	31.00	26.92	24.88	20.92	27.71	29.32	25.11	23.44	28.85	27.28	24.86	27.90	32.17	28.88	25.27	
591.0	29.70	24.82	24.79	24.69	32.45	31.74	26.88	25.87	22.32	26.18	25.53	25.47	28.84	27.26	27.27	26.29	22.66	25.64	27.07	33.23	
592.0	35.89	22.53	28.91	26.79	27.22	24.68	21.39	24.70	25.68	28.43	27.14	30.28	24.90	27.10	29.54	25.79	24.28	26.71	29.65	25.60	
593.0	27.56	27.55	29.60	28.56	30.98	26.68	31.42	33.52	26.40	33.69	28.20	27.84	32.25	26.46	29.96	26.41	24.02	27.32	37.27	28.01	
594.0	23.64	26.83	28.84	22.33	31.57	26.16	28.83	30.10	26.86	27.02	31.51	25.92	28.21	29.25	24.09	25.52	31.54	21.54	28.65	30.99	
595.0	25.36	31.51	23.65	27.34	28.33	24.94	32.20	25.38	28.94	24.01	29.80	28.88	26.59	31.71	31.63	23.87	27.71	27.76	21.84	20.35	
596.0	28.59	30.01	24.14	25.77	26.33	20.78	27.78	29.51	30.14	26.66	28.97	32.93	26.66	26.86	28.98	24.91	24.37	27.13	30.90	26.25	
597.0	26.60	26.46	31.93	24.59	24.37	21.32	22.40	23.12	25.42	23.51	20.46	31.67	22.04	32.60	25.13	26.80	23.13	28.64	29.34	25.26	
598.0	27.12	27.57	28.48	27.86	23.50	23.90	28.44	29.37	25.20	22.82	24.63	27.33	27.85	27.26	34.02	24.97	26.80	24.97	29.68	27.29	
599.0	28.54	27.37	27.49	30.88	31.85	27.00	30.80	25.54	27.74	28.78	25.51	27.75	22.74	23.35	28.25	33.58	25.91	26.79	28.57	23.61	
600.0	28.62	25.09	23.94	31.75	27.82	35.57	23.57	30.22	26.51	25.17	24.70	29.19	28.14	28.54	22.82	26.73	25.77	26.61	25.96	19.81	
601.0	29.47	26.35	30.63	24.93	27.45	29.81	26.86	20.13	27.55	27.58	26.73	27.53	27.80	26.85	22.66	21.81	25.92	27.34	24.39	29.72	
602.0	24.92	31.04	28.88	23.09	27.59	27.45	26.17	21.24	24.38	23.82	29.22	28.59	27.76	30.50	29.30	27.08	24.89	27.58	25.61	25.90	
603.0	27.56	22.29	24.07	27.57	26.63	30.15	22.23	24.23	24.71	28.39	25.59	27.76	24.67	26.61	23.91	25.65	24.96	29.05	24.84	23.44	
604.0	27.25	22.36	29.19	29.00	23.46	27.46	26.25	27.97	27.51	28.26	30.25	21.02	31.14	23.28	24.66	27.19	25.70	27.97	23.42	21.76	
605.0	24.37	30.91	21.54	25.35	28.00	29.31	22.78	24.07	32.08	26.21	25.33	26.39	26.54	23.81	25.55	24.82	26.48	31.63	21.26	24.84	
606.0	29.02	28.00	26.91	24.69	28.05	30.61	22.24	23.37	26.62	24.58	30.51	22.34	24.22	27.97	27.32	31.54	29.49	26.77	22.90	23.69	
607.0	25.96	29.75	26.67	24.36	23.11	27.67	20.12	23.60	26.12	25.70	23.52	25.34	26.65	33.27	31.32	27.34	26.47	24.37	24.90	20.98	
608.0	23.96	26.38	24.99	22.13	29.61	24.33	24.65	21.41	23.35	26.23	25.38	23.13	23.16	26.46	28.93	25.23	25.67	29.51	24.63	24.96	
609.0	28.07	27.45	23.45	29.65	26.03	30.62	25.40	24.50	23.31	27.71	25.34	23.39	20.70	27.95	27.41	24.65	21.52	26.20	32.41	22.42	
610.0	26.45	25.34	25.25	25.40	26.74	25.32	24.73	28.36	22.30	24.67	25.49	27.82	20.37	25.16	27.13	25.64	26.22	28.01	28.34	23.24	
611.0	21.38	31.51	26.45	24.83	25.35	30.67	28.82	28.30	24.02	31.69	30.04	26.79	27.43	25.71	26.07	22.97	27.43	25.56	29.41	26.49	
612.0	26.93	24.27	23.00	24.28	21.21	28.65	26.89	24.86	24.87	28.50	21.28	24.56	24.32	28.56	27.05	25.70	27.38	31.68	26.60	21.68	
613.0	23.93	24.84	28.40	31.79	25.19	24.13	30.20	23.23	24.35	24.82	21.52	31.06	26.25	27.10	24.48	23.06	26.93	25.73	30.19	23.85	
614.0	23.96	25.81	24.84	26.54	26.71	25.27	26.82	19.78	24.73	23.87	23.59	32.60	22.89	29.69	27.38	27.24	25.26	21.34	30.13	27.56	
615.0	23.86	23.87	20.42	22.35	29.22	23.13	25.46	26.67	23.48	26.47	26.16	27.96	31.15	26.00	22.43	28.22	21.25	28.21	27.28	22.18	
616.0	27.09	24.22	28.11	26.22	24.67	24.08	29.27	26.49	26.42	24.85	20.74	26.50	30.37	33.94	23.89	22.52	25.37	23.68	24.02	23.64	
617.0	26.69	26.88	28.19	25.10	26.10	23.52	22.58	25.09	24.35	27.23	21.54	25.88	28.61	28.67	25.80	23.36	21.20	26.12	25.04	22.88	
618.0	28.73	29.41	29.29	21.97	27.67	22.89	25.12	24.82	29.92	32.88	24.31	23.55	29.67	34.72	31.78	22.70	31.92	26.36	24.90	26.59	
619.0	25.88	28.19	24.25	22.06	24.64	30.05	23.31	27.35	24.75	23.85	25.14	24.14	25.29	28.16	27.01	24.19	27.64	29.02	25.54	22.59	
620.0	23.31	26.65	27.54	29.78	28.10	22.56	25.27	24.62	29.32	22.75	26.32	23.63	24.83	24.26	26.84	30.61	26.00	27.30	24.24	25.43	
621.0	24.57	19.78	27.93	30.28	21.82	23.83	24.90	23.87	27.06	26.02	23.03	19.90	23.04	25.59	22.35	25.32	29.98	26.90	22.91	23.70	
622.0	27.61	26.07	24.10	26.30	25.27	23.95	29.24	25.62	29.94	22.80	24.78	21.83	23.54	27.30	23.42	24.79	26.36	26.29	24.42	28.15	
623.0	27.59	28.54	22.33	27.62	26.49	28.46	21.57	26.48	27.78	28.17	29.29	28.15	21.85	31.19	28.65	25.01	28.18	30.35	25.14	25.44	
624.0	28.60	24.27	21.60	28.55	24.26	24.96	26.41	20.86	29.50	27.19	25.08	29.41	26.35	26.87	26.51	25.07	27.09	23.48	27.30	28.17	
625.0	28.15	27.32	26.83	28.61	25.81	27.02	23.94	27.35	31.61	25.70	18.74	26.61	23.52	21.62	33.30	27.45	23.75	23.61	28.19	26.04	
626.0	31.33	25.94	26.87	30.20	23.20	28.64	27.97	28.50	25.77	25.80	20.31	27.76	22.78	23.31	28.57	27.65	28.90	26.35	26.44	27.46	
627.0	27.20	28.78	28.74	26.73	32.09	25.04	30.80	23.79	23.25	28.11	30.08	24.37	27.15	32.00	23.04	31.50	31.52	29.79	29.14	28.86	
628.0	35.93	27.74	27.55	27.44	35.87	29.02	26.64	29.09	27.59	29.98	25.82	28.85	32.21	29.85	27.92	24.39	32.73	27.44	28.72	25.87	
629.0	33.47	28.86	27.96	27.38	32.85	30.14	30.48	31.55	30.00	32.46	27.78	30.29	32.06	29.05	25.44	28.30	30.62	28.10	28.36	28.99	
630.0	28.50	32.32	31.44	26.58	32.36	27.14	27.77	26.38	29.25	29.84	33.64	29.86	37.48	29.07	30.51	28.73	29.75	25.86	22.73	27.18	
631.0	33.22	29.10	30.16	29.47	30.69	24.98	26.91	30.95	27.76	30.01	28.08	31.79	33.38	28.82	26.19	32.75	31.39	31.68	30.47	28.15	
632.0	27.86	35.47	32.08	39.24	32.78	27.72	35.20	29.14	29.09	29.61	31.96	25.47	28.90	28.09	37.01	30.24	34.90	29.66	33.20	29.02	
633.0	31.14	29.25	34.15	33.43	32.52	30.03	35.92	28.79	28.01	35.27	33.05	27.81	29.10	32.57	30.35	31.74	38.11	29.15	31.17	36.49	
634.0	36.45	31.08	37.06	32.90	34.56	34.41	33.16	37.77	38.89	35.59	27.67	27.20	35.00	34.77	42.11	33.11	36.59	32.27	30.67	36.35	
635.0	35.29	35.23	35.73	33.01	32.80	41.39	28.61	35.01	36.43	32.17	32.01	28.39	37.29	32.91	43.75	36.40	42.16	33.32	36.60	41.63	
636.0	39.36	36.55	37.17	38.37	36.33	38.10	40.31	38.22	29.46	37.96	32.88	41.07	37.88	39.99	41.79	43.52	47.92	41.28	36.75	35.93	
637.0	39.12	38.95	43.39	41.45	44.73	45.85	43.08	43.91	36.18	46.46	39.41	36.36	38.27	41.26	43.44	48.51	41.06	44.19	46.56	38.14	
638.0	43.58	42.56	42.60	44.14	47.39	39.00	43.47	39.76	35.79	41.29	37.35	39.99	42.42	47.46	49.43	39.39	47.30	45.16	40.09	42.37	
639.0	50.08	49.73	47.13	43.60	37.25	40.65	46.62	46.96	49.49	51.16	43.08	43.29	48.01	37.69	48.69	52.58	38.54	49.95	43.59	42.17	
640.0	51.62	52.42	52.50	48.13	42.17	42.87	45.55	49.33	52.80	57.79	46.89	52.24	50.09	45.32	46.61	51.25	46.20	56.95	46.64	46.25	
641.0	51.68	57.72	60.70	55.73	59.47	47.61	45.93	48.53	42.77	53.26	53.39	53.01	55.02	49.76	58.81	58.25	51.93	66.64	51.73	56.99	
642.0	56.28	66.56	60.34	65.03	60.86	60.81	58.04	55.19	50.82	57.04	60.14	62.08	60.26	57.38	60.37	64.52	58.19	69.98	72.68	57.90	
643.0	67.17	75.91	74.99	72.58	62.37	66.97	62.93	59.50	63.89	69.27	69.84	77.34	64.89	70.31	73.62	68.67	71.34	68.13	76.79	68.89	
644.0	76.01	78.89	75.05	76.96	68.97	79.66	73.95	79.47	79.38	81.05	78.72	76.21	77.87	76.52	82.84	78.32	80.14	79.02	79.29	68.73	
645.0	89.55	81.49	87.51	84.67	93.59	89.70	92.89	90.78	83.49	91.08	91.01	84.07	95.68	91.16	80.73	94.89	83.25	86.13	94.27	80.97	
646.0	95.77	103.6	85.09	107.3	108.7	115.1	107.7	97.63	100.3	103.7	98.93	104.5	112.6	102.7	105.2	97.72	96.06	88.40	99.59	98.43	
647.0	123.2	116.3	106.6	113.2	115.1	127.2	125.6	113.0	124.7	119.5	114.1	127.8	120.3	125.7	112.7	116.6	123.3	106.8	114.8	120.9	
648.0	130.0	125.9	133.1	152.8	138.6	141.6	149.2	140.6	133.6	140.3	126.1	136.8	131.5	127.9	132.4	124.2	126.8	127.0	141.5	142.5	
649.0	162.4	166.4	156.1	177.9	160.4	159.8	160.1	156.0	157.6	172.1	146.9	150.5	171.2	166.1	161.7	152.4	154.7	148.1	167.4	170.2	
650.0	184.3	199.2	185.3	196.9	193.0	189.9	194.1	179.6	184.9	202.6	178.0	183.4	184.8	185.4	192.3	187.1	187.7	187.2	195.2	182.6	
651.0	240.3	230.1	216.7	223.3	212.7	222.5	229.5	228.4	235.8	236.9	222.7	223.5	222.0	237.1	223.2	215.8	222.7	220.4	219.8	229.5	
652.0	268.4	251.2	260.0	243.7	267.3	264.4	271.6	269.0	256.9	260.1	254.6	256.0	247.4	266.2	254.7	272.0	265.3	257.8	266.2	255.9	
653.0	292.7	295.6	290.5	307.5	300.9	299.7	310.6	309.7	297.5	315.5	310.6	289.2	302.8	299.8	315.8	309.1	315.2	308.1	313.7	305.4	
654.0	357.5	345.3	354.9	363.0	356.7	351.3	357.8	338.6	352.9	344.2	356.8	339.3	359.8	364.8	355.3	365.1	359.5	354.2	353.5	332.2	
655.0	395.2	403.1	393.2	420.3	401.7	404.7	405.0	395.0	409.3	383.0	399.2	406.1	401.5	404.6	399.2	423.3	398.9	405.1	414.2	422.9	
656.0	481.2	469.5	486.2	481.4	479.6	476.6	482.0	444.3	463.9	482.0	453.8	476.5	450.3	466.4	476.2	466.7	447.6	455.6	462.6	482.8	
657.0	521.6	522.2	531.2	534.0	540.1	505.1	508.9	505.4	529.2	514.3	512.4	544.1	530.0	528.9	543.1	522.1	516.5	509.5	515.4	524.0	
658.0	586.9	563.9	600.4	581.1	586.0	580.2	573.2	578.1	585.2	592.2	593.3	587.0	587.9	594.7	586.7	565.3	579.9	581.9	588.0	583.8	
659.0	652.3	655.7	638.4	658.6	640.5	631.2	651.3	652.1	634.9	646.3	649.7	653.9	642.1	662.7	637.1	664.0	630.4	636.3	635.5	670.1	
660.0	703.1	714.0	717.5	702.9	731.3	709.0	698.3	701.4	686.8	715.9	724.0	692.8	698.4	708.9	705.3	735.8	712.7	686.9	703.0	725.0	
661.0	765.0	754.6	773.7	802.6	762.9	816.5	775.1	758.2	785.3	792.5	780.4	770.7	780.2	793.1	805.4	798.7	802.4	763.5	773.0	761.0	
662.0	825.6	857.2	846.7	852.3	862.4	854.2	806.8	831.3	845.9	853.4	819.7	837.3	861.2	858.6	869.1	845.0	849.8	806.2	833.6	806.5	
663.0	911.0	933.9	914.6	947.0	916.9	907.3	904.3	905.4	910.0	912.8	878.3	896.9	927.7	901.3	938.5	890.3	937.6	907.2	889.9	918.0	
664.0	984.6	981.4	962.6	970.2	933.4	969.2	965.0	989.2	996.5	957.3	983.4	958.1	965.9	975.1	968.6	955.4	972.3	953.9	971.1	980.5	
665.0	1021	1029	1059	1055	1018	1029	1049	1048	1018	1035	1067	1041	1065	1055	1045	1039	1065	1027	1043	1044	
666.0	1116	1106	1153	1131	1100	1094	1105	1147	1108	1087	1096	1081	1101	1108	1099	1109	1147	1078	1103	1133	
667.0	1194	1174	1171	1189	1157	1186	1206	1183	1135	1157	1158	1139	1178	1134	1169	1171	1185	1204	1176	1169	
668.0	1264	1197	1212	1225	1201	1202	1228	1239	1182	1236	1237	1256	1225	1235	1241	1236	1217	1252	1220	1230	
669.0	1332	1286	1264	1271	1299	1284	1242	1235	1227	1217	1298	1254	1286	1287	1270	1248	1256	1261	1264	1277	
670.0	1369	1262	1254	1292	1258	1317	1289	1300	1317	1302	1286	1300	1248	1285	1336	1298	1272	1268	1275	1268	
671.0	1313	1328	1289	1285	1273	1307	1328	1323	1314	1288	1315	1305	1298	1351	1314	1290	1328	1315	1325	1330	
672.0	1309	1328	1270	1289	1309	1348	1290	1328	1327	1288	1324	1313	1323	1318	1277	1304	1312	1285	1299	1356	
673.0	1275	1301	1265	1258	1310	1287	1312	1304	1292	1339	1292	1277	1298	1319	1308	1271	1301	1277	1307	1303	
674.0	1304	1253	1232	1257	1283	1256	1272	1253	1274	1281	1307	1225	1266	1305	1256	1216	1265	1263	1264	1280	
675.0	1195	1220	1207	1205	1229	1249	1243	1255	1228	1209	1222	1221	1260	1181	1220	1215	1216	1202	1226	1259	
676.0	1210	1166	1198	1191	1140	1187	1158	1177	1169	1182	1154	1158	1211	1154	1166	1174	1160	1203	1162	1184	
677.0	1064	1098	1088	1096	1131	1079	1063	1112	1105	1115	1111	1117	1107	1124	1079	1076	1093	1104	1116	1079	
678.0	988.5	1032	1028	1014	1047	1019	1003	1010	1043	1022	1039	1017	1011	999.2	1007	1040	1012	977.8	1070	1027	
679.0	935.0	934.7	928.0	948.7	935.3	936.1	922.3	958.8	939.2	946.6	933.4	933.6	910.3	964.2	959.4	947.2	932.8	909.9	937.3	949.3	
680.0	887.6	832.7	843.2	862.2	835.3	870.5	853.7	828.1	876.6	846.4	884.7	870.4	869.2	842.8	867.7	871.0	883.1	862.4	865.5	881.7	
681.0	808.8	788.7	785.6	816.5	778.8	763.8	802.3	781.4	822.0	801.1	847.2	801.6	792.8	800.5	788.1	816.1	793.1	790.6	799.9	805.8	
682.0	734.8	739.5	719.8	715.9	715.5	729.6	736.6	738.6	720.9	739.2	734.1	711.7	720.7	742.4	734.2	741.1	691.5	727.8	732.3	732.3	
683.0	656.6	651.4	631.4	639.3	657.1	668.2	653.3	666.1	664.0	656.7	659.3	669.1	653.5	686.4	666.3	661.5	670.9	649.3	657.0	675.4	
684.0	573.0	596.2	586.4	584.1	575.0	588.0	590.2	593.7	590.3	597.3	595.8	575.2	585.0	599.4	579.3	600.3	604.6	593.3	575.5	577.8	
685.0	535.1	539.1	528.9	522.2	519.9	534.2	544.6	529.4	528.2	524.0	513.2	522.3	539.4	519.6	530.7	550.5	534.7	544.5	496.7	523.7	
686.0	474.9	470.2	468.5	476.9	488.1	471.2	463.2	492.3	475.8	473.2	495.4	477.3	457.8	471.0	487.6	481.9	476.6	485.3	454.2	478.0	
687.0	388.1	440.4	423.4	406.3	428.2	430.4	421.6	420.1	424.6	408.3	440.7	424.4	422.5	431.4	431.9	421.0	437.2	437.3	434.3	415.3	
688.0	369.0	385.2	389.3	375.9	382.2	407.4	396.0	368.3	375.0	394.1	383.6	381.6	371.5	393.7	400.1	385.6	374.8	379.7	385.4	390.7	
689.0	336.3	346.1	354.3	339.3	351.2	344.8	365.3	350.5	349.3	337.5	343.2	346.2	332.7	333.7	343.6	337.2	354.8	343.0	350.6	344.6	
690.0	289.8	317.3	320.0	299.2	295.3	326.9	314.1	316.8	319.1	304.0	310.3	310.3	314.9	295.3	299.8	309.8	339.8	309.1	308.2	313.1	
691.0	288.6	272.1	282.0	272.8	280.6	277.3	283.7	278.1	291.1	282.0	278.8	283.0	275.3	271.0	272.0	282.0	315.2	281.1	287.1	298.2	
692.0	258.9	256.2	258.1	249.8	260.2	254.0	264.9	261.9	266.8	268.7	257.5	273.8	250.2	264.3	281.1	253.4	266.6	249.3	256.0	266.2	
693.0	237.7	235.7	234.9	240.4	244.6	232.9	244.0	220.5	241.9	234.0	245.7	237.9	230.9	247.3	258.8	245.2	241.0	216.6	241.1	255.9	
694.0	209.1	227.5	228.5	232.1	212.4	225.8	216.2	226.8	198.4	205.4	221.0	211.6	213.3	222.0	218.9	223.2	234.2	214.4	221.2	227.9	
695.0	201.8	210.3	222.0	217.7	196.9	210.4	220.3	196.1	206.6	192.6	200.0	203.7	205.3	201.6	223.0	213.1	221.6	216.6	212.1	213.6	
696.0	189.3	207.3	195.6	198.6	192.2	197.0	188.1	198.3	188.9	204.5	196.0	201.8	194.1	176.4	213.1	194.8	207.4	191.3	179.3	191.5	
697.0	176.7	186.9	173.4	186.2	182.4	178.7	184.4	194.2	176.3	178.2	184.6	183.9	190.2	195.6	199.2	192.3	178.4	185.3	175.4	182.8	
698.0	172.2	170.5	169.8	171.5	183.4	173.1	174.3	190.1	167.3	179.5	182.8	174.2	166.1	173.3	184.8	185.1	178.4	171.9	182.1	165.0	
699.0	175.8	170.0	168.3	170.5	187.0	170.4	159.0	177.1	169.8	166.5	166.9	167.7	169.5	181.3	173.6	174.4	182.7	171.4	170.8	170.2	
700.0	170.8	151.4	158.5	176.5	173.6	167.7	175.4	171.5	174.0	167.9	162.0	165.9	175.2	170.2	158.9	160.4	155.6	155.1	164.2	165.4	
701.0	171.0	162.3	155.6	149.7	154.0	169.3	156.1	157.2	166.7	152.4	167.1	177.4	168.6	155.3	171.2	164.2	158.1	167.0	157.7	156.9	
702.0	153.0	162.7	167.4	157.1	162.5	165.5	155.7	149.6	156.3	164.3	156.2	164.9	158.6	157.0	171.5	152.2	151.2	162.9	148.7	166.6	
703.0	158.4	148.6	151.5	160.3	158.4	156.9	143.8	151.9	154.0	161.9	164.3	153.0	137.8	151.7	168.7	146.5	152.4	162.5	159.3	154.9	
704.0	140.3	146.3	137.6	153.1	154.6	138.8	145.5	136.9	156.9	148.1	136.4	150.7	155.3	156.7	157.6	147.1	146.1	152.4	147.6	145.1	
705.0	148.0	148.8	145.9	147.5	152.1	159.5	150.2	150.7	150.5	143.7	149.2	152.1	160.8	153.4	149.2	136.5	148.5	138.3	156.5	137.2	
706.0	147.5	148.6	146.0	140.3	138.8	154.8	151.0	149.2	149.5	141.4	135.8	151.7	145.4	142.8	150.6	148.8	149.6	142.6	144.8	141.2	
707.0	147.6	143.1	140.8	136.3	139.0	142.7	136.3	137.7	136.0	136.6	138.7	135.1	152.5	154.6	143.5	143.0	126.8	144.7	140.7	139.7	
708.0	135.4	131.2	145.9	139.2	147.0	133.8	137.4	132.9	135.9	146.2	133.0	142.8	133.1	143.9	142.6	136.4	125.6	139.3	145.3	140.2	
709.0	124.7	137.0	146.6	141.3	141.0	138.5	133.8	133.3	134.4	138.2	131.2	129.1	140.0	141.8	135.9	144.6	129.1	143.3	135.9	133.4	
710.0	137.6	145.4	141.8	135.2	131.4	134.9	136.2	128.1	142.3	128.4	124.4	129.5	137.3	137.9	120.3	127.6	130.7	135.0	133.4	138.8	
711.0	130.7	132.9	129.3	148.0	123.6	125.3	128.5	128.3	137.5	130.7	128.1	126.6	134.9	128.2	133.3	122.8	136.0	130.4	125.4	125.9	
712.0	129.3	127.6	126.0	126.2	122.7	124.4	130.3	120.1	134.1	120.4	123.2	123.2	124.3	123.3	127.8	120.1	132.5	125.2	128.0	128.7	
713.0	129.7	128.5	123.6	127.9	134.6	132.9	133.2	121.6	135.3	120.9	125.7	130.4	125.4	125.0	117.7	116.4	126.8	128.8	136.8	123.7	
714.0	124.4	130.6	125.3	114.3	131.3	123.4	120.3	122.3	132.5	121.6	119.3	134.6	123.4	129.4	116.1	116.9	120.9	122.0	129.0	120.7	
715.0	131.9	128.7	117.7	110.8	138.1	115.1	113.0	125.5	119.1	125.3	120.3	115.9	128.2	121.7	129.6	109.8	121.2	119.8	123.3	132.4	
716.0	119.7	120.4	115.3	117.6	127.1	116.4	126.6	122.8	129.8	116.9	121.5	117.4	116.3	115.8	114.8	116.4	123.8	120.5	121.1	108.9	
717.0	122.5	111.1	106.3	120.2	127.1	118.4	121.2	119.2	112.7	122.8	119.5	118.4	110.2	124.7	117.4	109.0	119.7	106.6	122.9	121.9	
718.0	120.0	122.0	101.0	105.4	118.1	115.3	112.1	109.1	118.1	118.3	122.5	116.4	112.4	105.3	110.0	121.1	108.8	120.3	118.4	110.9	
719.0	112.1	106.5	110.2	113.1	114.0	108.5	102.7	116.7	118.4	122.0	99.45	109.0	115.9	110.2	115.6	109.4	122.9	118.2	106.4	101.8	
720.0	102.0	118.5	99.87	111.5	109.6	115.5	110.8	113.3	116.4	106.8	102.7	106.3	114.1	102.6	104.1	108.6	112.6	122.1	112.7	106.2	
721.0	102.6	107.8	92.46	114.6	105.5	112.7	100.2	100.5	110.4	102.0	108.5	107.2	114.8	117.4	107.3	105.7	109.0	105.4	108.9	106.4	
722.0	106.8	110.3	105.4	117.0	106.4	108.1	104.6	105.7	109.7	105.7	100.4	102.0	118.1	109.7	107.9	108.4	99.39	100.4	105.4	104.7	
723.0	105.0	97.75	101.6	107.1	94.51	96.80	102.8	98.95	105.5	101.2	102.2	110.9	101.7	101.7	103.2	114.0	93.66	119.4	107.2	96.24	
724.0	95.17	104.2	98.21	108.4	100.6	92.75	92.62	99.29	103.7	99.09	99.75	100.6	97.95	98.89	104.5	110.2	93.59	103.6	106.4	98.26	
725.0	99.10	97.77	91.94	99.87	98.44	94.71	96.66	94.93	98.65	95.73	96.58	88.01	104.8	97.13	96.83	96.97	94.40	95.10	94.04	91.14	
726.0	89.11	106.6	97.78	98.36	95.76	99.50	86.13	93.73	95.01	97.84	97.01	101.1	98.59	98.12	97.16	91.79	95.57	91.43	89.39	94.01	
727.0	105.8	99.05	101.0	95.63	92.55	100.4	98.16	90.36	92.31	94.58	101.7	94.63	96.03	92.25	89.19	92.94	103.0	89.46	92.04	100.9	
728.0	91.49	104.9	96.76	93.88	94.36	89.43	94.44	91.97	108.3	84.91	90.05	96.99	96.87	98.53	88.93	93.98	91.19	82.22	92.51	94.09	
729.0	87.81	93.53	91.51	81.91	81.10	83.53	89.12	90.99	97.08	84.30	99.02	95.76	90.77	92.38	86.54	82.85	88.96	85.60	91.54	80.15	
730.0	85.66	89.95	80.81	87.78	82.57	97.79	88.57	88.88	85.10	84.38	86.35	93.36	88.41	88.03	85.24	82.89	84.76	83.13	82.57	82.16	
731.0	81.09	87.57	82.76	80.45	84.46	88.38	90.95	82.68	83.37	86.23	81.55	72.41	85.71	78.25	76.98	81.67	76.75	79.21	84.40	89.42	
732.0	81.92	77.58	81.50	76.01	79.13	87.14	79.01	83.45	75.13	85.07	76.96	85.63	71.35	84.33	88.63	84.21	80.46	85.78	83.25	83.48	
733.0	80.83	79.47	75.34	74.91	79.77	83.50	94.91	86.21	76.00	75.65	73.01	79.00	69.69	81.28	82.15	80.17	78.46	80.01	81.90	82.05	
734.0	85.49	84.72	73.30	74.73	78.09	83.40	73.18	75.74	86.69	74.25	80.53	71.30	79.27	72.30	79.46	69.25	73.13	75.65	72.94	79.67	
735.0	84.41	67.01	72.00	64.84	73.73	71.44	78.19	68.00	74.10	71.12	72.18	67.50	65.26	78.21	77.21	75.55	70.85	75.97	68.68	75.02	
736.0	69.25	68.01	79.90	70.67	73.49	65.97	75.74	72.00	77.79	76.35	64.61	60.09	63.64	69.24	71.95	76.11	71.04	71.29	69.52	74.07	
737.0	61.87	70.27	64.42	62.02	63.18	72.01	73.74	65.74	70.99	66.52	64.52	61.64	71.20	72.75	63.15	70.97	62.27	66.80	64.54	67.20	
738.0	63.38	61.12	59.39	59.79	63.25	70.31	75.00	70.66	70.49	68.11	63.39	66.08	64.05	71.82	65.52	61.42	64.32	74.67	57.00	62.18	
739.0	59.48	61.40	65.67	60.22	59.41	63.65	65.91	68.57	60.34	72.27	63.05	68.19	70.74	63.41	73.63	62.43	52.57	73.03	58.39	64.93	
740.0	57.79	62.89	59.79	62.70	53.34	63.03	71.42	55.17	63.40	66.65	67.81	60.98	58.95	58.23	58.19	64.69	58.48	59.81	64.02	65.72	
741.0	56.82	63.47	68.41	61.16	63.69	59.61	58.54	56.97	58.93	55.92	64.27	57.69	62.15	64.45	58.16	62.91	62.38	59.71	60.53	60.44	
742.0	59.17	63.86	58.25	46.14	59.67	60.18	58.72	53.96	55.17	58.19	63.68	60.17	53.78	59.76	51.34	62.07	56.33	67.06	52.67	52.61	
743.0	56.74	54.16	57.81	57.46	55.37	56.18	55.29	51.01	59.67	51.78	52.93	57.82	57.32	63.03	56.15	56.72	54.49	59.60	59.77	61.13	
744.0	54.29	50.21	54.26	47.79	58.00	58.90	52.79	48.92	57.98	49.87	55.14	49.39	53.75	62.03	52.07	53.05	51.34	50.28	54.01	52.60	
745.0	49.36	52.11	52.55	61.64	51.85	49.98	53.13	53.34	63.46	48.27	55.55	47.52	60.52	46.65	52.45	53.41	46.63	59.33	55.95	52.63	
746.0	53.53	51.66	58.08	57.63	50.23	50.84	56.24	48.71	50.00	46.58	48.77	54.68	53.77	50.46	50.10	55.46	49.91	54.48	53.47	54.66	
747.0	48.53	50.56	52.54	49.29	44.19	44.56	43.47	45.09	49.28	51.93	49.91	47.34	49.14	45.52	52.33	53.31	43.33	46.55	42.39	47.74	
748.0	47.09	43.60	51.14	45.97	43.74	46.72	52.16	48.08	46.46	50.58	44.43	44.86	45.13	46.35	45.91	47.08	47.03	50.49	44.61	45.66	
749.0	46.72	42.62	50.57	50.51	47.21	46.71	45.51	46.82	37.57	43.10	38.46	48.15	48.41	49.90	39.94	47.71	38.95	38.54	45.31	47.95	
750.0	46.53	42.10	46.25	43.37	40.74	44.34	43.96	38.63	43.70	42.01	43.91	38.17	39.14	41.51	40.30	39.09	43.04	38.53	41.16	42.50	
751.0	42.83	45.96	40.97	40.87	40.11	42.99	43.60	43.60	38.16	40.69	41.01	34.72	44.32	37.78	40.11	40.37	41.18	46.03	40.89	40.42	
752.0	44.97	40.09	37.39	45.11	39.28	42.90	42.67	40.52	40.63	38.28	38.08	40.36	35.91	36.22	37.88	36.24	42.21	42.86	39.10	40.89	
753.0	38.40	42.16	42.24	37.80	36.15	33.21	36.68	38.98	39.16	45.33	41.10	38.23	36.27	35.14	38.39	34.83	35.13	41.40	37.23	41.57	
754.0	37.88	36.98	30.57	41.36	35.78	39.64	33.96	35.59	36.48	37.49	33.22	41.83	35.08	44.74	30.57	29.27	32.10	33.02	34.93	33.12	
755.0	32.64	31.28	37.64	30.15	33.53	40.70	30.67	31.90	27.79	31.43	29.51	33.42	34.23	42.23	39.05	34.74	39.97	40.60	29.39	32.20	
756.0	32.63	29.49	35.40	32.63	32.53	34.09	29.94	37.36	31.41	37.97	33.80	32.83	34.69	33.87	33.13	32.33	31.62	38.05	33.70	32.39	
757.0	34.12	29.85	31.33	30.98	33.77	35.87	34.56	35.63	33.35	31.81	29.42	36.05	31.02	27.90	29.46	32.25	34.43	35.15	31.86	27.18	
758.0	31.05	25.75	28.32	29.81	30.00	30.60	30.13	34.74	30.28	28.06	31.50	32.47	32.59	27.24	28.97	31.24	32.32	32.11	29.70	32.49	
759.0	33.13	26.68	28.24	31.49	22.75	23.75	24.64	28.72	26.23	29.41	32.83	26.02	33.71	35.10	29.44	35.01	32.78	31.11	29.25	33.49	
760.0	26.04	24.94	24.36	27.21	24.21	28.23	23.27	31.79	23.61	28.94	25.76	31.30	29.11	26.79	27.77	27.23	29.90	33.74	26.54	25.59	
761.0	27.66	25.55	27.93	22.96	25.70	24.95	33.10	27.23	32.77	28.07	23.14	27.10	31.88	25.72	25.41	25.73	26.32	30.58	28.64	30.02	
762.0	23.95	25.33	26.32	25.44	21.35	20.66	26.40	27.38	27.90	27.03	24.83	28.26	25.17	21.54	26.52	24.16	27.50	21.84	24.92	24.38	
763.0	21.16	25.30	26.42	20.19	25.84	20.58	24.98	22.60	25.93	24.89	20.07	24.40	24.03	25.62	27.22	24.67	23.51	22.04	24.16	22.99	
764.0	24.13	25.73	24.39	20.76	24.58	18.94	20.67	27.33	23.07	23.18	18.74	26.21	25.56	22.12	24.72	25.62	23.44	26.49	24.81	24.16	
765.0	30.85	21.99	20.70	25.33	24.94	21.72	22.77	26.56	22.54	22.40	20.81	16.95	26.79	25.07	26.46	28.29	22.01	23.98	19.77	23.81	
766.0	24.03	24.00	22.85	16.93	23.24	23.12	18.96	25.93	23.28	19.92	25.09	17.70	22.65	22.81	23.98	26.46	22.04	23.01	19.83	27.50	
767.0	22.80	23.39	20.80	18.23	19.56	19.79	18.37	26.02	20.53	22.36	23.06	19.82	24.87	22.08	20.28	21.26	20.93	21.57	20.97	19.60	
768.0	18.76	24.39	19.00	20.50	21.87	22.09	21.70	23.01	18.61	18.74	20.87	23.16	23.02	18.38	22.47	22.87	17.13	21.99	21.73	21.35	
769.0	23.59	23.95	20.03	20.15	16.03	23.22	16.53	20.90	17.20	18.90	18.15	21.78	17.70	23.14	24.36	20.72	19.04	17.10	19.19	20.60	
770.0	20.61	27.61	18.45	19.91	21.25	25.84	21.61	22.34	18.78	18.88	16.89	24.39	23.44	18.94	19.39	18.02	21.70	19.22	21.16	18.92	
771.0	15.45	24.65	17.96	16.92	22.84	17.82	21.04	26.63	19.54	18.56	18.63	19.45	18.64	20.46	23.01	20.91	24.46	19.67	18.01	18.79	
772.0	17.95	19.78	19.97	21.44	26.30	22.35	18.09	21.15	18.60	18.91	21.21	17.81	14.96	16.10	20.91	19.18	17.03	21.68	22.08	18.38	
773.0	17.81	18.76	21.09	20.27	19.97	21.78	13.94	21.42	17.43	17.90	15.41	22.79	17.65	16.19	17.88	16.59	17.65	24.35	17.32	15.37	
774.0	18.15	19.82	20.11	17.38	15.50	18.66	15.57	19.40	18.05	18.39	20.46	20.83	18.00	20.15	21.49	14.68	16.44	17.98	19.07	17.69	
775.0	20.99	19.95	20.17	16.85	21.02	19.66	16.09	15.43	18.38	20.56	19.22	13.32	17.02	23.76	21.05	20.33	14.93	16.29	19.71	17.54	
776.0	18.14	18.03	19.96	15.58	17.33	14.00	18.79	15.38	16.12	21.39	17.25	22.30	20.43	25.62	22.24	20.31	18.72	16.68	14.02	22.48	
777.0	19.39	16.89	15.04	18.32	21.21	18.72	19.18	15.22	18.90	17.43	19.55	20.68	18.36	21.17	19.19	20.72	19.55	18.67	16.63	20.78	
778.0	16.41	22.81	19.11	16.92	16.32	17.05	19.30	17.96	18.40	24.33	16.27	16.57	18.46	18.53	19.72	21.15	18.69	19.55	18.54	17.54	
779.0	12.83	17.83	20.87	14.74	17.26	24.82	17.42	23.13	16.18	15.57	23.24	18.80	15.06	15.31	16.34	18.44	17.60	19.01	20.21	15.72	
780.0	16.39	14.64	17.11	14.44	16.67	16.45	17.59	16.26	19.99	16.58	16.22	16.90	16.16	22.99	14.24	17.30	18.05	16.59	20.97	19.19	
781.0	18.63	17.88	16.71	13.86	13.41	16.17	19.92	15.21	14.19	15.57	19.89	17.23	16.99	16.73	17.50	16.17	17.40	17.02	16.35	21.02	
782.0	13.38	18.55	17.50	18.24	16.36	16.61	15.36	19.41	16.30	18.17	18.61	14.17	16.03	19.42	18.68	19.70	18.32	12.62	15.64	18.28	
783.0	18.49	17.75	13.93	17.70	15.30	13.06	18.08	15.88	19.80	15.96	16.11	19.68	18.20	18.53	20.31	13.66	17.92	14.92	15.11	15.08	
784.0	16.92	17.01	14.52	17.59	17.59	14.95	16.64	15.21	17.15	21.33	18.89	16.44	17.19	15.28	13.91	17.74	13.23	16.06	10.51	16.01	
785.0	16.46	17.37	18.37	13.10	16.20	15.89	14.80	15.17	19.41	17.66	15.75	14.92	13.51	13.45	18.09	15.98	17.26	14.13	14.30	13.63	
786.0	16.29	17.32	18.57	14.84	16.42	13.82	13.41	16.74	19.05	18.71	15.67	11.58	18.41	14.77	19.06	14.76	13.95	15.24	12.51	17.68	
787.0	17.07	17.34	19.13	13.28	16.98	12.79	14.47	17.51	12.64	16.43	14.87	13.82	17.29	18.35	16.45	20.02	12.36	22.49	15.95	15.73	
788.0	17.52	17.30	14.97	16.91	14.60	15.14	15.72	17.12	14.12	14.27	16.42	14.82	15.67	14.01	19.25	13.69	12.76	18.32	14.57	19.68	
789.0	15.32	14.29	12.96	12.79	14.83	17.82	12.94	20.19	14.94	15.42	14.00	15.40	13.30	15.46	16.89	14.39	15.89	18.60	16.93	17.81	
790.0	15.70	19.15	16.01	17.51	14.82	13.58	16.04	16.58	10.64	16.16	12.10	16.88	16.89	18.94	14.44	14.86	18.56	15.68	13.55	15.65	
791.0	11.40	17.91	13.32	17.03	16.01	16.51	19.23	18.35	12.99	15.83	14.02	11.47	12.72	15.99	15.38	17.52	15.30	17.29	15.14	13.62	
792.0	13.00	14.77	13.40	16.22	19.53	12.28	14.56	14.61	15.41	13.28	13.10	14.22	13.14	16.76	15.92	16.74	19.09	14.30	12.16	15.46	
793.0	13.63	17.06	13.85	16.25	16.56	16.52	14.55	21.10	15.36	15.91	12.25	13.29	17.75	13.73	16.72	14.85	16.23	23.34	12.05	12.85	
794.0	15.40	18.26	12.76	11.73	10.80	16.19	14.70	19.04	15.56	14.39	14.94	11.82	15.83	12.63	10.69	16.14	16.11	14.82	12.16	10.74	
795.0	13.27	15.06	12.72	15.85	12.89	14.39	17.58	15.74	14.94	14.77	12.67	12.88	13.31	12.98	14.67	17.51	12.43	15.95	15.55	11.52	
796.0	14.00	13.99	10.37	18.98	17.39	12.28	15.53	13.81	12.81	12.70	12.81	14.51	13.33	13.08	17.61	19.32	12.83	16.32	10.79	14.39	
797.0	15.19	16.18	10.47	18.31	12.89	14.22	19.69	13.69	16.08	12.89	13.49	15.53	15.46	10.71	17.52	12.93	14.00	17.80	12.21	11.22	
798.0	14.89	15.89	14.30	15.98	13.46	13.64	16.22	13.02	15.00	11.27	13.91	15.41	15.13	12.94	14.94	14.87	14.70	14.69	12.56	13.88	
799.0	16.16	16.91	14.85	13.75	14.13	12.19	12.33	14.59	16.37	15.92	17.49	14.76	14.09	14.21	12.75	12.95	15.73	13.87	13.21	15.74	
800.0	15.37	15.37	15.92	11.80	12.20	13.88	15.35	13.04	15.07	17.22	16.57	14.50	15.47	14.27	16.54	12.84	13.17	17.93	13.26	14.81	
