Wavelength	Smoothed_1	Smoothed_2	Smoothed_3	Smoothed_4	Smoothed_5	Smoothed_6	Smoothed_7	Smoothed_8	Smoothed_9	Smoothed_10	Smoothed_11	Smoothed_12	Smoothed_13	Smoothed_14	Smoothed_15	Smoothed_16	Smoothed_17	Smoothed_18	Smoothed_19	Smoothed_20
500.000000	15.776923	21.193217	20.306154	25.700070	22.606294	23.671608	17.505245	18.936364	20.596154	15.736643	22.759161	17.628182	22.417133	19.190000	22.361259	28.767972	26.887273	20.229021	23.910070	18.111119
501.000000	19.481469	20.920979	20.772378	23.234755	21.179580	21.309371	18.785874	21.533636	19.868741	18.393007	22.530909	20.912587	21.060210	21.178112	22.485594	23.398042	22.838811	21.217203	20.884615	19.582168
502.000000	21.744033	20.752191	20.678345	21.480117	20.318438	19.809650	20.023543	22.760000	19.366224	19.737016	22.052611	22.218834	20.089254	22.063660	22.859674	20.389487	20.462214	21.764685	19.226224	20.614685
503.000000	22.849860	20.654242	20.183275	20.334336	19.879021	19.024266	21.133089	22.946818	19.085699	20.120082	21.474510	22.064510	19.463228	22.118089	23.362890	19.179767	19.424627	21.950851	18.631876	21.267179
504.000000	23.084196	20.594522	19.446387	19.695594	19.717483	18.805035	22.029347	22.425455	19.024266	19.893613	20.946853	20.967203	19.141096	21.612844	23.874639	19.206340	19.393193	21.855082	18.798555	21.598159
505.000000	22.732284	20.540420	18.626900	19.462075	19.689977	19.003776	22.627156	21.527273	19.179021	19.409021	20.619883	19.444499	19.081818	20.819371	24.274312	19.906667	20.035058	21.556760	19.423240	21.666131
506.000000	22.477086	19.927319	18.217133	19.633380	19.708531	19.422960	21.673100	21.313776	20.155455	19.846643	21.681282	18.969068	19.321189	20.647949	24.680443	19.510956	21.034569	21.069324	20.400816	21.171142
507.000000	22.051026	20.381515	17.721329	19.646107	18.563310	19.623450	21.645175	20.723240	20.541515	20.618555	22.348345	18.906364	19.935967	20.623217	24.216224	19.193776	21.166667	20.294499	20.676503	20.728834
508.000000	21.376061	20.265221	17.340676	19.725758	18.115455	20.289907	21.964406	20.482191	20.993310	21.076410	22.598345	18.734219	20.075594	19.802354	22.221469	19.160466	21.646107	20.308788	20.422587	21.357879
509.000000	20.776340	19.789907	17.466037	20.494895	17.611352	21.330816	22.254382	20.431399	20.625944	21.175361	23.244825	18.949790	20.484359	20.096084	21.303403	19.086480	22.760909	20.097389	19.841329	21.435571
510.000000	20.959138	19.883986	18.318601	21.381515	17.727016	22.110956	22.410699	21.098065	20.381725	21.656387	22.853030	20.055688	20.488042	20.532984	21.512914	18.737156	22.613333	20.680862	18.752168	21.535385
511.000000	21.077296	20.133170	18.805804	21.865501	18.765478	22.743753	22.605291	22.521305	21.163007	21.836014	23.144219	20.575781	20.767832	20.823147	20.962960	19.449184	21.835198	20.517179	18.787692	21.536573
512.000000	22.128531	20.614499	18.801958	21.531795	20.163613	23.333566	22.901212	23.253543	20.751678	22.069254	22.504569	20.526783	20.807622	20.324802	19.868019	19.062914	21.069790	20.534242	19.735198	21.725571
513.000000	22.539860	21.511608	18.945594	21.915221	21.109674	24.682214	22.814126	23.907436	20.606037	22.062937	22.187832	21.073403	21.002681	20.421282	19.965571	19.296713	20.643193	21.035688	19.738904	22.048065
514.000000	23.061515	22.449487	19.313030	22.190816	21.974266	24.553124	22.072867	24.050536	20.571772	22.759464	20.858531	20.910886	21.175991	20.548788	20.715291	20.974242	21.045105	21.269604	19.689767	22.057249
515.000000	23.435431	22.799860	20.185664	21.860746	22.873543	23.400676	21.154219	23.679394	21.240653	23.170513	20.044988	21.195315	21.189860	20.078228	21.588578	21.761305	21.040047	22.031562	20.480373	22.739441
516.000000	23.604592	23.671119	20.429231	22.216107	22.866247	22.467972	19.883357	23.815198	22.450723	24.338718	20.474103	21.760839	21.739930	20.717529	21.662121	21.499790	21.646597	21.813333	21.213520	22.897692
517.000000	23.420699	24.344848	20.790932	22.269114	21.773287	20.689324	19.658019	23.393916	22.983566	24.291189	20.552214	21.744545	21.456946	21.180163	22.720839	22.169441	22.338858	22.291352	21.633776	22.582448
518.000000	23.685478	23.292401	21.352284	22.232424	21.765571	20.048089	19.573520	22.821329	23.446294	23.777692	20.179161	21.532214	22.103077	22.294429	22.971911	21.712121	23.409953	22.870256	21.609161	22.778671
519.000000	23.043170	23.388065	21.044895	22.015781	21.234242	20.135268	20.302704	22.846550	23.048415	23.850163	19.275245	21.115268	21.722517	23.811958	23.292937	21.462704	23.879767	23.234825	22.014079	22.666760
520.000000	22.529557	22.965967	20.712005	21.690723	21.539487	20.634848	20.932774	23.075385	23.792424	23.723986	19.928019	20.192914	22.126713	25.104988	23.883730	21.714289	23.378555	22.487226	21.901585	22.264615
521.000000	22.214242	22.368531	20.148228	21.408392	22.153310	21.331282	21.792308	24.391911	24.745758	22.440070	21.630466	19.342471	21.924685	24.383520	23.694219	21.389254	22.987669	22.060932	22.484848	23.018508
522.000000	22.334918	21.767226	20.210536	21.892960	23.281585	21.781445	22.174848	23.807552	24.813450	22.420070	21.781748	18.900606	20.422121	23.551911	23.679161	20.993403	22.062937	22.068345	22.801795	23.052984
523.000000	22.105175	21.706760	21.407786	22.772681	24.537599	23.086760	22.615828	24.846270	24.556177	23.929674	22.771818	20.067902	20.375385	23.844149	23.679091	21.540420	21.312704	21.709417	22.323147	23.302028
524.000000	22.159464	22.535315	22.569883	23.819207	26.538345	23.744615	23.266550	25.797016	24.454872	24.951002	23.343473	20.127110	20.520816	23.544242	24.133403	22.420909	22.004336	21.438601	22.607156	23.955897
525.000000	22.731422	23.822541	23.804732	24.631282	27.167809	24.388858	23.996690	26.731352	24.528974	24.804429	24.156993	21.899301	21.934312	24.600280	24.464592	23.614709	22.629790	22.749534	23.414918	25.105828
526.000000	23.010070	26.015221	24.571096	27.311888	28.222890	25.696434	24.138858	27.203823	25.030280	25.390023	25.489930	23.894569	23.084452	24.986807	24.935921	24.881585	24.147086	23.989767	24.213100	25.733380
527.000000	23.766807	27.031818	25.779534	28.593869	28.317949	26.582401	24.321608	27.425338	26.283240	26.508182	26.920396	25.477786	24.415245	25.624662	26.924359	26.178858	26.815711	25.690303	25.744172	25.952751
528.000000	26.470210	27.070862	27.327319	29.723660	28.522051	28.879254	25.978462	28.175338	26.902890	27.750909	28.299044	27.746177	26.440490	28.253124	28.033007	25.954965	28.589161	27.423986	27.965711	26.640420
529.000000	28.432937	28.495711	28.171049	30.147576	27.269277	30.349744	27.522214	28.746713	27.665571	29.636457	28.870186	28.570839	27.561469	30.210070	28.315058	27.538671	29.362937	29.690513	30.629324	27.235478
530.000000	30.341981	27.858998	28.631445	30.818275	27.148881	31.732681	28.865035	28.394592	29.223706	31.054709	29.886923	28.216340	28.918718	31.772214	29.744452	29.506457	30.084685	30.445245	32.115338	28.543566
531.000000	31.235734	28.159161	29.996294	31.392214	26.662611	32.874802	30.644918	29.226993	30.721049	32.426457	30.527855	27.902867	29.611562	32.226340	30.739021	31.013520	30.620303	31.698788	33.371911	30.130909
532.000000	32.739720	28.062284	31.180676	31.403683	26.895058	32.381119	31.165967	29.699604	31.525128	34.606573	31.281119	27.527110	29.767016	31.974242	31.445688	31.540559	29.978881	32.372727	34.213007	30.136014
533.000000	33.291422	27.766270	32.899604	30.312494	27.628695	32.499720	31.872774	31.329161	31.661632	35.961515	31.968508	28.585641	29.511492	31.949347	30.996014	31.107809	30.350163	32.407669	33.895478	30.217389
534.000000	32.845897	28.016247	33.007855	30.317879	27.731888	33.218601	32.538228	31.648625	30.118392	34.962960	31.111608	28.702121	27.736037	31.329487	30.554079	30.195268	31.004569	32.030047	32.748252	30.212727
535.000000	31.866713	28.556247	31.784592	29.031049	27.694779	33.254476	31.546690	32.032704	29.082121	32.983124	29.740070	29.604872	27.650186	30.315315	29.955268	29.783450	31.036410	31.430909	31.343357	29.820676
536.000000	29.733916	28.559744	30.015991	27.264639	27.858438	32.092704	29.940256	31.173800	28.255571	31.340396	29.089091	30.529138	27.210513	27.539534	29.584196	28.289627	30.806014	29.481492	29.667855	29.623030
537.000000	27.664755	28.829417	28.220280	25.170606	27.472308	31.076457	28.725431	30.595524	27.779441	30.022424	28.724545	30.543683	26.061702	26.170956	28.332844	26.759394	30.922867	27.271492	28.569324	28.464499
538.000000	26.340559	28.277506	27.287925	25.373473	26.258368	29.098089	27.668928	28.844545	25.951469	27.701958	28.056900	29.764685	25.595944	25.474942	27.226410	25.126200	29.326061	25.509301	26.968205	27.777599
539.000000	24.805198	28.092191	26.723869	25.482657	25.356900	26.987413	25.852191	26.501841	24.319744	25.568112	26.052284	28.129534	24.274126	24.838392	26.016667	24.436876	27.243077	24.922727	24.642890	25.726037
540.000000	23.170373	26.237552	25.593450	25.691632	25.444126	25.661072	24.596783	24.626783	23.566830	24.716037	24.605268	25.479044	23.713030	24.388811	25.726224	23.916457	25.316294	23.626713	22.654429	24.750723
541.000000	22.621212	25.411212	25.285781	26.894639	25.268555	25.588834	23.567366	23.964592	23.474289	24.212867	24.547925	23.075105	23.471329	24.174196	24.963590	23.591282	23.234172	23.823753	21.551375	22.983333
542.000000	23.560862	24.259977	24.576783	26.620163	25.437389	24.438089	22.720490	23.613706	22.851235	22.828765	24.932587	21.915664	23.744149	24.346643	24.628951	22.509953	21.848741	23.694196	21.110909	22.750093
543.000000	24.672028	22.865012	24.317459	26.921678	25.880490	23.847879	22.495268	23.391469	22.432051	22.292844	24.488205	22.161259	21.993147	24.706224	24.748974	22.068718	21.486573	24.680210	21.234149	22.307646
544.000000	25.356620	22.558555	23.507110	27.730000	26.190443	24.894056	22.841795	22.413683	21.856247	21.351235	23.690326	23.174289	21.457203	24.927343	24.557972	22.180233	21.874779	24.737296	22.142098	22.882681
545.000000	25.678578	22.885175	21.879207	26.768392	26.422354	25.140396	22.876457	22.645851	22.933217	20.797296	22.680233	24.292681	22.220676	24.127273	24.160793	22.779021	21.778228	24.345012	23.065967	23.987413
546.000000	25.140466	23.059627	21.186247	24.359441	26.136061	24.429744	23.612657	22.025315	23.389091	20.362354	22.255618	25.596387	22.975128	23.793520	24.017249	23.469953	22.066177	24.027366	22.810536	25.436667
547.000000	24.051562	23.246294	21.482075	22.900256	25.610886	23.989114	23.396410	23.455991	23.114079	21.542145	22.421189	25.575851	23.110886	24.256061	22.403753	24.345991	22.988531	24.788741	23.095874	25.761515
548.000000	21.788625	22.782821	21.766970	22.778811	24.638951	22.700256	22.809417	23.442075	23.377762	22.949254	21.972494	25.324033	23.064965	24.000583	21.504662	23.511002	23.167576	24.004312	24.254103	26.405315
549.000000	20.218881	23.276573	22.456643	22.186084	24.114685	21.977576	21.981352	23.505664	23.985664	23.444895	21.511399	25.842051	21.910606	23.520793	20.880070	23.075851	22.364709	23.344242	24.177273	25.397995
550.000000	19.189604	23.815758	22.719697	21.254476	23.773217	22.283287	21.031096	23.829604	23.958904	24.937366	21.124942	25.525361	22.115991	22.452401	20.602541	22.402075	21.971002	21.645128	24.169161	24.412890
551.000000	19.214825	24.122611	22.607879	22.304406	23.220210	22.849883	21.219371	24.547552	23.205571	25.890746	20.323450	24.982308	21.669231	22.035035	19.975035	22.034499	21.295082	20.842168	24.247086	24.278182
552.000000	19.756387	24.208205	22.813916	22.757902	22.782844	23.624219	21.497319	24.625548	22.361981	25.514639	20.759161	24.580466	21.581795	20.866294	20.365478	21.657599	21.887832	20.557879	23.275291	25.155711
553.000000	21.131841	23.174476	22.997436	23.659790	22.471748	23.168811	21.335594	24.550606	21.590886	24.020909	20.638019	24.489720	19.790839	20.221841	21.008345	21.661235	21.435175	22.188881	22.510023	24.970559
554.000000	21.636597	23.100443	22.365641	23.653590	22.052401	23.240373	21.068462	24.088065	21.399580	20.918601	20.985291	24.988625	19.614149	20.274499	21.361235	21.097692	22.320256	22.607506	22.398462	24.612401
555.000000	22.585431	23.206573	21.582214	23.234639	21.604266	22.779021	20.715082	24.123333	21.995012	19.284499	20.604266	24.690000	19.987622	19.626224	20.695198	20.942751	22.279417	22.987669	21.477343	24.469720
556.000000	22.660210	22.619114	20.913054	23.006900	21.342914	22.613869	20.959557	23.965175	21.661911	18.771772	21.472168	24.482867	20.330839	20.278601	20.571865	20.932681	21.649627	23.513310	20.161305	23.862354
557.000000	22.445268	21.577949	20.424615	22.107716	20.151655	21.156200	20.796061	24.489207	21.704359	19.159860	21.608741	22.920956	20.908182	20.493963	20.368578	20.913077	22.195035	24.261678	20.165688	22.582354
558.000000	21.688322	21.478555	18.691678	21.404126	19.896387	20.946131	20.296993	23.205734	23.011329	19.919907	21.711399	22.436993	21.277855	21.254242	20.972541	19.892657	22.150676	22.860956	21.597343	21.667483
559.000000	21.587599	22.192634	18.369930	19.746131	20.121072	20.562611	21.580839	21.731002	23.722261	20.921981	21.671329	22.309534	21.500606	21.179021	21.061772	20.827995	21.483986	21.934126	21.044359	20.351399
560.000000	21.403427	23.542937	19.081142	19.058112	20.289604	21.177110	22.445734	20.663893	23.658881	22.491142	20.656084	21.864336	21.755501	20.931166	21.035058	20.646084	21.972098	21.301841	21.841352	19.560769
561.000000	21.027366	23.764289	20.039837	19.799301	20.947156	21.712517	23.667809	20.333660	22.388555	23.686783	19.969371	21.088159	21.465501	21.195408	21.252308	21.015921	22.535221	20.477040	22.787879	19.682145
562.000000	20.331469	23.379814	21.558601	20.676830	21.722727	22.498858	23.877879	19.615641	22.300536	23.642331	20.675571	20.911212	21.630326	20.978858	21.843240	21.117692	23.769837	20.704009	22.704033	20.488834
563.000000	19.607459	22.017646	23.213217	20.947646	22.449860	21.304056	22.707925	20.342471	21.404033	21.809207	21.188182	20.856154	21.588648	21.160233	21.080140	21.041632	23.477296	20.774196	22.929627	21.561841
564.000000	20.093590	21.609021	24.324592	20.945361	22.890420	19.673473	21.489324	21.146480	21.083333	20.442238	21.588531	21.678648	22.143450	21.413380	19.898322	20.442261	24.536737	20.767319	22.508625	22.131585
565.000000	20.847436	21.751725	24.795664	20.926154	23.073310	19.895828	21.680932	22.664988	21.315035	20.410303	21.930536	21.844172	22.813683	20.600420	18.486807	20.636620	24.053916	20.672424	21.924592	22.991259
566.000000	21.517483	21.435688	24.063590	21.780723	22.065664	19.924033	22.156550	24.236131	20.817622	20.051002	22.514662	22.342541	23.204592	20.229627	18.476713	20.219068	22.432727	20.675361	21.232821	23.215128
567.000000	22.201166	21.500023	22.234382	22.055128	20.161725	18.997179	22.848811	24.686946	21.642984	19.981585	22.182005	22.307646	23.759277	20.019301	19.776014	20.653217	22.354709	20.466760	21.241981	23.401585
568.000000	23.012424	22.056760	20.788648	21.670280	19.569441	19.426737	22.585385	24.627832	21.634755	20.978135	22.123403	22.158998	23.688741	20.316620	21.116550	21.138228	21.904126	20.165385	20.966084	23.070373
569.000000	22.857622	21.897366	20.595338	21.381725	19.673403	19.249277	23.639510	24.925804	22.226900	22.022587	21.917506	21.344755	22.628718	20.606737	22.204709	22.585408	21.104709	21.005431	19.833380	23.055874
570.000000	21.863147	22.601026	21.292191	21.123497	19.268718	19.895874	22.801049	25.004732	22.711562	21.893054	21.252471	20.749394	21.087389	21.677716	23.174802	22.456737	21.077925	21.786270	19.945291	22.365128
571.000000	20.603450	22.421538	21.503007	21.096597	20.066247	20.052028	21.819767	24.213986	22.264639	21.417855	20.351492	20.141608	19.790676	22.868438	23.650676	22.817879	20.873403	20.977016	19.794103	21.481725
572.000000	18.953893	21.993706	21.493823	20.840862	21.377506	20.088042	20.959277	23.762914	22.477249	20.967063	19.619441	19.159138	19.585991	22.963776	23.016340	23.165175	21.152424	21.136993	20.085315	22.243939
573.000000	18.609487	22.256037	21.494196	20.374476	22.340606	20.608741	19.674406	23.108508	21.976970	20.534476	19.670163	19.003263	20.231935	22.487389	22.005944	23.587925	20.332774	21.552121	20.350839	22.283636
574.000000	18.459744	23.192797	22.033170	20.922587	23.479231	20.925944	19.540000	21.833310	21.873380	20.624592	19.905501	20.149277	20.718392	22.479161	20.307576	22.934965	20.369744	22.264499	20.238974	22.360583
575.000000	18.209767	23.821212	21.290862	20.120769	23.073357	22.687949	20.229091	20.902308	22.199837	20.380140	19.769021	20.012797	20.978671	21.316993	19.043380	22.044709	20.666131	23.008648	20.725455	22.569091
576.000000	19.360723	23.555175	20.692517	20.979744	22.008555	22.550256	20.182121	19.811189	21.260233	20.198974	19.852564	20.743077	21.741049	20.453310	18.751072	20.600326	20.300723	23.989044	20.645245	21.660653
577.000000	20.103077	23.551166	20.052844	21.628788	20.517809	22.469068	21.801608	19.122844	22.011841	20.913893	20.462238	22.182471	22.076573	20.327459	19.171841	20.501772	19.397692	24.114266	21.276876	21.564685
578.000000	21.088741	23.088508	20.864965	22.986946	20.409417	22.404009	22.513147	19.124545	21.719114	21.305455	21.120443	23.103706	21.014918	20.163263	20.074289	21.213800	19.102751	23.707949	21.868648	21.535455
579.000000	21.810816	21.460000	21.102797	24.566503	20.976923	22.295221	23.373916	19.453100	21.824149	21.800186	22.495408	23.228415	21.232774	20.786620	21.741678	21.501795	19.513240	23.993333	22.254196	21.795268
580.000000	22.663240	20.538159	22.439324	24.944732	21.219720	21.837319	23.311562	19.487669	21.525851	21.223776	22.663217	23.223124	20.802890	22.100886	22.691049	21.543403	20.318275	22.991096	22.192704	21.936247
581.000000	23.351469	20.200373	22.877063	24.984895	21.650606	21.345734	23.259650	19.457622	21.620769	20.971608	22.688811	23.218834	19.308834	22.326760	22.995548	21.540793	21.241981	22.220839	21.926550	22.504685
582.000000	24.511702	19.992145	23.130769	24.770326	22.426131	21.530443	22.945221	20.376900	21.622704	21.168322	20.967622	22.429604	19.517809	21.332587	23.691049	22.393380	22.042611	21.550023	21.871189	23.817762
583.000000	26.221212	21.073846	23.094942	24.829604	22.676434	21.764755	22.846177	21.347249	22.062354	21.927762	21.167483	22.352191	20.122657	20.787179	24.298485	22.466643	21.849930	21.875618	22.157040	23.666434
584.000000	26.527786	22.295221	23.597203	24.531422	23.414219	21.519977	23.212821	22.174289	22.264755	22.546480	22.183333	22.582331	19.513683	20.367669	23.275594	22.074033	22.469417	22.129557	22.305408	23.232051
585.000000	26.355897	22.579627	23.962168	22.485198	22.216270	21.542494	22.086667	22.866061	23.348718	22.739114	22.482984	21.666573	19.283590	19.672494	22.025291	21.389324	23.390629	22.229557	22.399860	22.622308
586.000000	26.424802	23.550023	24.816503	21.756900	21.678718	21.640047	21.428298	23.253776	23.218834	23.209068	23.245058	21.246946	19.603217	19.733986	21.425082	20.740979	22.128695	22.893939	22.407133	21.240676
587.000000	26.148252	24.334149	25.842844	20.769021	21.111562	21.764965	22.356527	23.896946	23.686830	23.288182	24.044289	21.826154	19.782774	20.475944	20.969161	21.993753	20.687156	22.884709	23.300350	20.428741
588.000000	25.765944	23.815291	25.709674	21.394918	20.762914	22.229604	22.221002	24.342937	22.771445	22.411818	25.120140	21.944382	19.420117	20.780280	20.945198	22.522191	20.043893	22.197436	23.993403	19.874149
589.000000	25.634872	23.703030	25.565175	21.931492	21.025944	23.014639	22.441725	24.454033	21.220839	22.490629	25.202238	21.588135	21.514592	21.488648	21.435431	22.685198	20.348275	22.338485	24.624126	19.567016
590.000000	25.007016	24.038904	26.314219	22.471049	21.177925	23.153100	23.258765	24.423193	20.410746	22.112937	24.030093	20.774545	22.294802	21.885175	21.344009	22.856900	20.194056	21.327156	24.304382	20.302914
591.000000	24.535291	24.625828	26.000559	22.390979	22.334709	23.305175	23.343893	24.009580	20.403357	22.506737	24.010140	22.013520	22.554848	22.237949	21.787436	22.578765	20.143497	21.535991	25.203566	20.571678
592.000000	24.310559	23.849650	25.360513	23.133287	23.209301	23.566807	22.953730	23.900396	19.867646	22.596480	22.318578	22.800559	24.283800	23.047902	22.312517	23.085548	20.071678	20.858438	25.274009	21.692308
593.000000	24.077646	23.550070	23.813497	23.702168	23.871935	23.093007	23.669207	23.446084	20.544732	23.141678	22.052214	23.733147	24.814312	23.375245	22.354848	22.291305	19.206270	21.763310	25.031702	23.118998
594.000000	22.780746	22.355758	21.875664	22.923660	24.026131	23.511096	24.040583	22.940932	21.191399	23.282821	22.273287	25.162681	24.583869	23.490466	21.448228	22.475688	20.248415	21.877599	24.398508	23.973170
595.000000	21.917226	21.265594	21.309767	21.451235	22.821096	23.389254	23.409907	22.967086	22.977483	22.471981	22.626527	24.960513	24.245105	23.751795	20.518625	22.320862	20.679394	21.960956	23.721212	24.419814
596.000000	21.509860	21.624289	21.203730	20.808438	22.334615	23.882517	23.203380	22.791748	23.264615	21.722075	22.535594	24.306667	22.842587	23.680606	20.682797	21.620862	20.893124	21.805431	23.281189	24.569021
597.000000	21.549371	21.804942	21.695315	20.469790	22.031935	23.901282	23.394755	22.695501	23.244755	21.400909	23.167319	23.773380	22.403613	23.321119	21.074825	22.211865	21.075338	21.455804	22.952564	24.578951
598.000000	21.980676	20.915991	21.452587	20.254219	20.352448	23.880466	22.772261	22.922378	22.932657	20.803939	23.010350	23.221678	21.197436	21.497436	21.373357	22.188322	20.753566	20.437529	21.760233	24.977203
599.000000	21.961935	21.156434	22.121795	20.394266	20.164779	23.692051	22.697319	23.043030	22.754382	21.341352	22.471585	22.083916	20.710373	20.751678	21.185851	22.390303	21.545734	20.260350	21.841911	24.701189
600.000000	22.345105	21.925711	22.745385	21.096457	20.045291	23.078205	22.700536	22.786387	22.522331	21.556807	22.710023	20.421142	19.843846	19.900163	21.118182	22.388671	21.131469	19.973450	21.883893	23.966410
601.000000	22.829091	22.304825	23.250466	21.740443	21.020536	22.301958	21.485921	22.043916	22.685408	22.064545	23.444126	20.723520	19.816970	19.881678	21.368508	23.182657	21.330886	20.601492	22.319417	22.067203
602.000000	23.258998	21.537832	23.863263	22.112238	21.628741	21.459930	21.632541	21.850513	22.639371	22.425548	23.146480	21.092331	20.571981	19.768531	21.680769	23.471608	21.300536	20.882844	22.736177	21.480163
603.000000	23.013147	21.625501	24.246970	22.737506	21.316667	19.902937	21.620676	20.887436	22.771748	22.871422	22.106713	21.982611	20.926620	19.232844	21.879417	23.133380	21.790932	21.743566	22.661002	21.194499
604.000000	22.414196	21.400303	24.247459	23.244848	20.793357	20.107646	21.004126	20.940163	22.922005	22.649301	21.740350	22.859161	21.617413	19.647343	21.278648	23.429068	22.603077	21.872564	22.788462	20.288951
605.000000	22.610350	22.104126	23.916014	23.446014	19.724196	19.238462	20.449161	21.508135	23.678928	22.122564	20.751585	22.401049	21.763893	20.101329	21.456154	23.487343	21.981678	22.830956	22.495338	19.501818
606.000000	22.192984	22.458112	23.969441	24.628765	19.322378	19.190326	19.998951	21.985315	23.818135	22.073636	19.846177	21.653077	21.205338	20.788578	21.589091	22.924476	21.703800	22.594056	22.412541	18.425594
607.000000	21.581002	23.232657	24.025944	25.211748	18.817459	19.581072	20.333846	22.187179	23.407063	21.410816	20.206946	21.147506	21.744639	20.943613	21.152634	22.311585	21.237040	23.087296	22.738625	18.586550
608.000000	21.939068	23.176946	23.405664	24.169371	17.682075	19.443310	20.440443	21.620350	23.273566	21.107156	19.919907	21.190490	21.354545	21.500769	20.957599	22.134685	20.696737	23.280559	22.243403	19.052751
609.000000	21.578625	22.506876	22.060769	22.787902	18.388392	19.750932	21.362191	21.749557	23.312517	20.719277	20.793170	20.922331	20.860583	23.174895	20.243963	21.360513	21.582867	23.753497	22.369464	19.298042
610.000000	21.514988	21.986340	21.041329	22.832261	19.207855	19.869510	21.675175	22.070932	21.979953	19.789790	21.135315	19.938601	20.263170	23.635152	20.312657	20.946503	21.213380	23.025688	22.089394	19.639907
611.000000	20.821655	21.825618	20.456177	22.774056	20.228904	20.523986	21.829860	21.961725	21.411049	20.070956	21.523217	20.136667	19.804126	23.497692	19.922914	21.037040	22.219510	22.915221	21.531072	19.091538
612.000000	21.100559	21.440932	20.262774	21.016247	21.322564	20.829883	22.901678	22.738904	21.255268	19.883590	21.617389	20.829114	19.859138	22.842121	20.132890	20.687529	22.517925	21.674942	22.177483	18.647646
613.000000	20.333054	21.650443	20.093869	20.681911	21.582797	20.477203	21.741282	22.898625	21.008019	20.117483	21.594872	21.999301	20.498765	21.766620	20.744965	21.420536	22.526597	21.120816	21.318741	19.300047
614.000000	19.717110	20.730559	20.270070	20.100886	21.580350	20.565058	20.884476	24.058974	21.205828	20.423939	21.674895	22.555897	21.248881	20.516270	20.728065	22.310233	21.404476	20.643054	20.267040	19.990909
615.000000	18.712191	19.650140	19.979207	19.932867	21.176807	19.559814	19.712401	24.423916	21.814382	21.588671	21.142564	22.914126	21.770350	19.268205	20.611049	23.465828	20.294266	20.188741	19.333753	20.017879
616.000000	18.338345	19.523963	20.235897	20.399580	20.399953	18.711911	18.739720	24.152424	22.284219	21.552308	21.599068	23.379394	21.712634	19.386690	20.604196	24.775874	19.116177	19.929324	19.666550	19.863240
617.000000	18.870979	20.463403	21.178508	20.471259	19.467972	17.922564	18.741259	23.056131	22.558625	20.949977	22.244895	22.963939	22.263427	18.640536	20.930793	25.411026	18.319277	19.374452	20.600326	20.953613
618.000000	19.272844	20.233683	21.633520	19.671049	19.101072	16.393590	19.167692	21.970070	22.862657	20.623054	22.590606	23.024359	22.800070	19.618159	21.496597	25.590816	17.738228	19.075478	20.816620	21.694662
619.000000	19.326667	19.392284	21.590513	19.810303	19.362704	16.254359	20.804965	22.229790	22.587343	19.694965	22.614522	23.156807	22.895524	20.065897	22.010140	24.630932	18.303193	18.440490	21.181958	22.581981
620.000000	19.707389	19.269044	22.141422	21.515221	19.915711	16.763753	22.173287	21.668345	21.385291	19.392704	22.089464	22.036900	22.612075	20.190163	22.544172	23.300932	18.254825	17.706503	21.058298	23.685035
621.000000	20.168695	19.797366	22.635455	21.910886	20.760210	17.939674	22.459441	20.831865	20.932821	19.909347	21.668112	21.577995	22.038858	20.312284	22.247739	21.944825	19.093007	18.609021	21.560699	23.545035
622.000000	21.477552	20.350303	22.851282	21.945431	21.802471	19.839371	22.769557	20.085385	21.384429	19.181072	21.037506	21.350256	21.243800	20.694709	23.418788	21.152284	19.362448	18.796457	21.625711	23.366270
623.000000	21.343660	19.876107	23.099953	22.756503	22.624196	20.793380	21.889604	19.771608	21.297413	19.770000	20.473450	21.092284	21.262494	20.767156	24.200839	21.362471	19.370886	20.235688	20.644545	23.316037
624.000000	22.173823	19.151865	23.731492	22.817319	23.345128	20.963240	21.640210	19.877133	20.782727	19.977273	20.802517	20.932448	20.675245	20.347949	24.214429	20.816667	20.423193	21.207832	19.844662	22.523124
625.000000	21.930280	18.808042	23.066760	23.016037	22.969184	21.379510	21.186620	19.977902	20.113869	21.189557	20.813333	20.623240	20.722284	19.994942	24.537156	21.031142	20.668834	21.977273	19.763287	20.813613
626.000000	22.466690	19.264685	22.788508	21.984639	22.378765	20.532984	21.250490	20.620186	19.844499	21.370070	21.405711	20.254522	20.297506	20.351865	24.830956	21.968089	20.974336	21.987879	20.231375	19.948019
627.000000	23.291305	20.363124	22.651608	21.932191	22.298112	19.878159	21.145012	20.633893	19.939837	21.524732	22.097552	21.054266	20.247646	20.186876	24.459814	22.683357	21.987692	21.202914	21.272914	19.877296
628.000000	23.479487	21.137576	23.043520	22.510513	22.359324	19.328718	21.885758	21.746643	20.844639	21.544942	22.611981	22.091888	20.351212	20.914149	23.681911	23.044476	21.920420	21.552028	22.129650	19.681515
629.000000	23.553846	22.222424	23.051142	22.933240	22.387063	19.488834	22.667552	23.879977	22.022984	21.988578	22.556643	22.865618	21.402704	20.953427	23.175105	23.127832	22.456853	21.204476	22.553427	19.984499
630.000000	24.676923	23.465385	22.926480	22.942821	22.389161	20.879790	23.740629	25.744615	23.513170	22.973427	22.623963	23.183007	22.165105	22.031795	22.855828	22.477529	22.481678	20.859441	23.500816	21.155548
631.000000	25.778485	23.751119	23.953450	22.868159	22.567133	22.716037	23.259580	26.657413	24.589161	24.073030	21.636317	23.611282	23.331399	23.337110	22.212751	21.611352	22.731538	21.236923	24.900186	22.020932
632.000000	27.079907	24.020816	25.081352	24.405338	23.185478	25.251772	23.475641	27.590769	25.962354	23.820140	22.791772	24.232121	24.322867	24.317786	22.223497	22.327319	22.856573	22.049534	25.764942	22.342098
633.000000	26.355152	23.849441	26.098205	25.825455	24.685921	26.321585	23.719021	27.858998	25.212308	24.560699	23.907483	24.460513	25.576900	25.212727	23.037040	22.768531	24.118112	22.561422	26.763030	23.339114
634.000000	27.025851	24.621702	26.788834	26.150047	26.187179	26.279627	24.769557	28.691935	24.822681	25.102238	25.671002	24.797506	26.949394	26.009277	25.458788	22.496480	25.372075	23.357576	27.967226	24.693753
635.000000	26.951002	24.742261	26.814592	26.961352	26.868508	25.869837	25.932168	29.334359	25.189324	27.080466	26.158788	24.127389	28.470979	26.510816	26.968042	22.815688	26.336946	24.816993	28.673497	26.128112
636.000000	27.085012	25.334709	27.434918	27.526317	27.383566	25.880093	27.800746	29.152121	24.919604	29.280909	26.709114	24.609557	29.529720	28.424103	27.554522	24.079417	27.384942	24.507716	29.010769	27.704289
637.000000	27.601702	26.459277	27.813683	29.506573	28.057249	27.100606	28.556457	28.417949	25.300979	30.319650	27.671002	27.070629	29.426783	29.870816	28.881772	25.903403	28.705618	27.886480	29.676853	28.605315
638.000000	28.207622	26.949371	28.912424	31.510396	30.181049	28.008089	31.260909	28.638508	27.082098	31.460769	28.900093	28.798881	30.178531	32.519254	29.263916	29.253077	28.943333	30.017436	30.958415	29.111119
639.000000	28.124662	28.495967	29.970490	33.791142	32.201935	30.016690	33.151259	28.648741	29.301865	32.821492	29.552517	30.693473	31.703846	35.021538	29.726667	31.012727	30.325431	31.603170	32.077576	31.684592
640.000000	31.884732	29.594685	30.855548	36.143240	34.431399	33.333124	35.888438	30.613869	32.637459	33.270676	30.993263	34.008089	32.866830	36.784848	31.663893	33.031375	31.627972	33.265361	35.650793	33.034336
641.000000	35.496107	31.045688	33.866923	38.012634	35.742541	37.468322	37.260699	32.192378	36.382727	34.643147	32.664522	36.236853	34.960909	39.442051	33.339837	35.614709	34.647995	37.001026	37.255548	35.966760
642.000000	40.557809	36.028671	34.939207	39.858928	39.165268	41.293753	40.110909	36.028788	39.823636	37.766667	37.088555	38.455641	38.612867	40.654592	34.288065	39.053077	37.875408	41.624499	39.221329	40.001072
643.000000	44.180816	41.785245	38.107529	42.514685	44.234336	44.413240	42.645431	41.177786	43.505198	42.714988	43.616527	42.121585	42.574988	44.278042	40.049324	43.937273	41.847483	45.794476	43.138112	46.362005
644.000000	49.786970	50.170280	42.506690	47.474755	50.039534	47.625688	47.574522	48.175152	48.850932	48.125455	51.992331	47.171981	47.642191	50.428625	47.903147	50.099207	48.084359	50.886177	47.356503	51.471772
645.000000	56.354359	58.675478	50.921608	53.635175	55.681096	53.094685	53.184079	56.715198	55.144336	55.173823	59.355548	53.946131	53.794103	57.209231	56.699837	57.255385	55.407016	57.514825	55.233963	58.213660
646.000000	65.275035	67.274266	58.511935	59.913660	63.936131	62.076224	62.358135	65.321072	62.458998	63.547809	68.920816	61.768368	61.842751	66.540886	64.028205	65.263520	64.591352	65.316061	63.154336	63.676200
647.000000	76.553147	75.638881	69.008182	69.082634	73.405221	73.400816	72.684709	75.754172	71.014476	71.740210	79.750723	73.042354	71.170513	75.695501	77.108625	73.838718	74.428555	76.991818	72.924172	72.522284
648.000000	86.356970	85.995385	81.352890	80.309977	85.716620	85.408228	85.620350	88.853613	83.704825	83.295152	91.307086	86.184779	82.387133	88.679767	89.473077	84.176760	85.513846	88.508998	84.203147	82.483730
649.000000	98.219744	98.081026	97.462168	94.801795	99.121795	100.833450	99.948578	102.467273	99.702401	97.491725	102.516177	99.373450	97.107599	103.306270	103.500186	98.064126	97.476923	102.051585	98.765408	98.816876
650.000000	113.039417	112.114452	116.657179	113.644079	116.440886	117.668811	117.956807	121.541958	116.722261	113.045781	115.876876	115.737016	116.740956	119.019720	122.710513	112.940373	114.193893	119.919977	115.993893	114.586876
651.000000	133.055967	131.724359	140.885035	135.528648	134.906667	137.567063	137.663730	141.512331	138.165058	134.312051	132.731725	132.837925	137.342121	138.544359	141.076946	132.386364	135.597016	140.599744	134.703147	137.151305
652.000000	157.489930	156.695991	163.321655	160.367133	158.061515	159.546737	159.697855	162.869277	162.136200	157.460676	156.785967	153.476690	164.002821	159.652774	162.244848	155.169021	159.367925	164.267879	157.537296	164.720932
653.000000	181.537529	184.936900	190.548998	189.312751	188.177622	183.012821	185.548765	191.230629	192.494103	185.482564	186.266597	179.207692	192.177809	190.201865	189.353566	183.712401	187.292937	190.192168	184.806480	195.926573
654.000000	212.899534	220.371935	222.415152	224.708858	221.944522	212.444056	219.114685	221.717483	223.468858	219.039953	219.501399	211.409557	218.931375	221.336923	219.373193	217.840280	221.184149	219.685548	214.650117	227.336503
655.000000	247.064103	261.899068	257.215385	260.280653	255.580653	248.879487	255.901865	252.776224	256.954545	257.647786	253.743823	246.340093	251.161772	253.374359	254.257110	257.075991	257.442890	254.418881	252.865501	264.425641
656.000000	290.177622	302.004662	295.079487	299.889277	295.593706	292.827040	295.936131	286.560373	293.167366	298.615385	294.236830	288.105594	290.922378	290.750816	291.151515	299.649650	297.024009	295.486946	291.569464	301.878788
657.000000	336.899301	342.547552	337.268065	341.684848	338.635664	341.205828	333.614452	324.781352	330.846620	342.502098	339.756177	338.835897	334.987646	331.879254	333.868998	344.795571	337.800466	337.143823	332.141958	342.285781
658.000000	383.401166	386.617016	379.648252	385.322611	384.815618	390.345688	379.135897	371.676690	378.018415	389.914918	384.740793	385.294406	380.690909	379.413753	375.834499	393.251515	379.376923	381.667832	378.643124	383.453846
659.000000	433.258042	428.730070	428.791142	433.269930	431.397203	442.530769	423.397436	423.345921	426.754779	436.365734	431.254779	435.752214	429.383450	428.958508	420.418415	441.552214	424.527739	428.296503	430.069464	432.557576
660.000000	485.239627	473.193240	475.256876	483.753147	474.555478	494.304429	469.388345	479.048718	478.962005	485.946387	479.255711	489.284149	480.450350	477.065967	471.461538	486.949184	474.292308	479.870862	481.125641	479.924476
661.000000	534.590443	523.055245	522.789744	532.724476	519.570629	545.951282	517.840093	531.988811	533.195338	537.089044	532.990443	537.632867	530.429138	528.929604	518.753613	531.888112	525.652914	529.977622	536.213520	529.073660
662.000000	579.260373	570.813520	567.716317	580.524009	565.382751	592.424942	563.496970	582.942890	587.210256	583.796037	583.610256	586.857809	581.500466	580.787879	568.446853	572.239161	572.304895	573.336597	587.897669	573.970163
663.000000	623.709324	619.068765	618.483217	626.338228	617.357809	631.961305	611.779021	632.642424	634.924242	623.414918	629.859907	634.527739	627.645455	629.168065	617.076457	613.728438	617.382751	618.558042	634.136597	617.044056
664.000000	668.168065	666.874126	667.510023	672.933800	660.823776	671.527506	660.434965	673.509790	680.626807	669.934033	668.465734	675.784382	663.094639	669.722145	661.074592	658.773193	662.635897	663.266200	672.650583	660.526340
665.000000	702.130070	713.483683	713.186946	712.118415	699.611422	707.128438	698.850117	707.863636	723.347552	711.150350	704.282284	715.460140	704.275991	705.712354	701.621911	703.453380	704.847319	701.498834	718.688112	704.696970
666.000000	739.615851	750.730303	755.510956	744.370862	735.882984	739.262471	735.288578	743.198368	754.833333	746.233333	734.993939	751.539394	743.723077	739.953380	738.628205	744.169930	739.843823	739.057343	753.569464	743.875758
667.000000	768.683217	779.903263	787.699767	774.828438	770.745221	766.537762	765.366900	775.990443	782.770163	776.509324	761.555012	781.914685	773.855245	768.012821	771.969231	778.051515	772.111422	768.257110	775.836830	777.541026
668.000000	792.221911	799.113520	809.920979	797.736364	801.911888	786.896503	790.116084	802.329371	808.434499	803.254545	775.678788	797.586480	795.004895	791.210723	792.835198	806.657110	796.541492	793.383916	792.213520	803.984149
669.000000	812.683450	809.375058	826.336131	816.185548	815.084848	801.625641	805.124942	820.230303	818.741725	821.717249	786.829837	814.234033	811.215152	804.682051	808.657343	822.193007	813.842890	814.438228	804.588811	823.862937
670.000000	822.511655	815.565035	830.434266	824.137762	817.562471	808.975058	814.686480	828.272261	824.383916	835.951748	793.038462	819.127972	817.429371	806.801166	815.718182	826.729604	822.026573	824.334033	808.516317	834.148252
671.000000	816.462704	825.010256	823.799534	823.008858	817.628438	808.673660	814.844289	827.100932	820.455944	838.460606	794.411422	813.920280	814.861538	807.786480	810.799301	818.869930	818.658741	823.691375	806.792774	831.258974
672.000000	801.615618	817.797203	806.876690	814.958042	811.549883	797.783916	805.380653	819.982284	808.137296	825.793240	785.238695	801.715152	804.264336	797.822378	801.613287	804.006760	806.861538	812.282984	794.682517	816.964569
673.000000	784.078089	802.269231	791.346387	797.619814	794.740093	782.144056	788.149650	801.982984	784.210956	794.363403	769.859674	779.808858	783.827273	779.015618	781.264569	784.722611	789.715385	798.316783	777.456876	793.589977
674.000000	756.311422	771.859441	765.233333	773.093007	765.427972	759.177622	764.025874	772.148252	760.524709	767.353846	745.493240	749.700699	754.965734	754.404662	754.571562	757.638928	764.397669	770.365501	752.264802	766.990443
675.000000	723.087646	735.273427	731.403730	736.065967	728.601166	726.950816	730.169464	735.950583	729.737063	728.353846	720.092541	718.783916	723.904196	723.733800	720.298834	726.196270	736.733800	731.960606	731.455711	731.398601
676.000000	688.106294	694.238228	690.252448	691.343823	687.055944	690.601865	693.508392	698.377622	691.955944	682.923776	684.085548	683.641492	689.291608	688.566900	683.497902	686.961305	699.071096	687.645688	695.450350	692.655245
677.000000	643.952681	644.330769	640.982051	650.216550	642.407226	647.848252	650.255012	653.751282	651.296037	637.839627	645.554545	644.505594	644.712121	645.838462	648.451748	642.092541	653.923543	644.064569	651.685082	649.537063
678.000000	601.602098	589.684848	592.862238	600.800932	594.315851	600.246853	601.628438	602.506760	609.586014	593.354079	603.911189	601.425641	596.908392	603.779953	604.900233	596.950350	603.045455	596.891142	603.871096	601.967366
679.000000	559.451748	541.183916	544.845921	551.823543	540.039394	549.867133	556.292541	551.061072	558.981585	545.389510	561.220047	559.725175	551.236131	555.480886	559.420280	547.676923	551.629138	550.569697	557.350350	553.320979
680.000000	514.538462	496.268298	497.338695	503.186713	494.724709	497.620979	510.352914	498.693007	510.806294	500.462704	517.050117	510.307459	501.106527	501.408392	509.131469	497.068998	499.180653	498.953613	508.638928	505.936830
681.000000	466.080420	460.374126	448.309790	453.711189	451.538695	450.275291	459.190443	452.025175	462.199534	456.879254	469.117249	463.731702	452.597203	452.215385	460.310256	450.033566	447.967599	455.795804	457.991608	457.546154
682.000000	419.613520	418.599068	403.810256	407.072960	409.144522	407.134033	412.730769	408.753380	415.281352	412.257576	421.564336	416.682051	406.050816	402.855944	413.919114	408.714918	404.933800	414.531935	408.625874	413.486247
683.000000	377.959441	378.304662	367.582984	365.661305	367.182284	369.489744	367.937063	365.959674	369.775058	369.507226	374.582751	371.280886	359.878322	361.643590	367.655944	370.527739	366.817016	374.338695	364.368531	368.288578
684.000000	336.682751	337.837529	330.193007	327.728205	332.574592	330.765501	327.175524	325.887646	329.419580	334.185781	330.843590	330.537995	319.801865	322.383683	326.111655	331.934266	328.274359	334.085548	320.703963	328.760140
685.000000	302.731235	301.407459	295.851981	290.045688	298.403497	294.955944	289.016783	288.724009	292.063636	300.050117	292.782517	294.369464	283.066900	289.012121	286.593240	299.690443	298.958042	299.641958	283.210490	289.287879
686.000000	267.308625	268.205828	264.898834	258.352448	266.907925	263.786480	255.175058	256.127273	259.837296	267.554545	257.388578	265.099534	254.718182	258.695338	253.506527	266.733566	267.213287	266.182284	251.569930	257.871562
687.000000	234.951049	237.989744	236.883450	232.484149	236.033333	233.206294	225.211888	227.389744	230.975291	239.312587	230.745688	237.570396	226.788811	232.131235	230.059674	236.911655	235.367133	239.752681	225.124709	231.302797
688.000000	207.505361	211.172960	213.960140	208.275758	209.637995	206.134499	200.942191	204.224242	209.865035	212.906294	210.849184	213.514918	203.787413	212.193939	206.670629	210.486946	209.214219	213.222844	202.829371	208.292541
689.000000	185.482051	191.451282	190.529371	188.373660	188.978089	182.529138	180.716550	186.556177	190.638462	188.682751	192.343357	192.143823	187.076923	190.621678	186.696970	186.566900	188.979953	191.362005	185.919114	190.267133
690.000000	167.671096	171.885781	169.548485	170.648252	174.064569	160.999301	164.316317	167.734499	173.048485	171.851189	177.589510	170.654312	171.270396	169.247086	170.501399	164.928904	169.042191	171.077855	169.248951	173.585781
691.000000	151.311888	156.162937	152.168065	152.791841	158.430070	147.864336	149.328671	152.283450	156.757343	155.753124	162.548252	154.275291	156.444755	152.923310	157.304895	149.941958	152.618881	156.300466	153.541259	160.177809
692.000000	140.812354	143.244196	137.695105	138.386014	143.351795	136.878089	137.738508	137.769464	144.180233	137.826434	146.966200	140.385781	142.044988	137.671562	143.620513	137.587179	138.918648	142.193473	140.849184	146.798601
693.000000	131.954312	130.883497	124.489044	128.647319	131.662284	127.847925	127.249417	125.786480	131.042308	126.737786	134.046200	129.613800	128.009091	126.820979	132.507413	128.599301	127.843124	132.695804	130.134033	132.233100
694.000000	124.816970	121.737855	115.031841	120.194452	122.303077	120.371562	117.379580	118.001352	120.450839	116.720956	123.866317	119.436270	118.443357	117.236830	120.965221	121.967786	118.125035	125.258275	122.084569	122.822098
695.000000	120.777203	112.070979	109.403613	111.820559	114.752075	112.906317	110.737879	111.130350	111.560070	108.318205	115.024545	111.695618	109.681981	112.236690	112.240793	117.000723	111.078485	120.843776	115.582424	112.606690
696.000000	114.540000	103.986527	104.554522	106.573193	107.774079	106.529510	107.848765	106.195175	103.748671	101.021189	107.152984	105.013124	102.989604	107.765361	105.376620	111.764872	104.563776	115.670606	111.160186	105.722028
697.000000	109.428788	100.469837	101.535245	101.774685	103.747436	102.296317	102.319953	102.384942	99.322914	94.696737	100.882704	98.899837	97.566084	104.962494	101.023007	108.209860	99.561422	109.953893	106.995152	99.759394
698.000000	103.023310	95.526550	97.405268	98.491445	100.342051	96.433590	98.073683	99.912844	93.974732	92.543846	98.246037	94.448625	93.759744	101.612704	96.799953	104.252727	96.746573	105.406457	104.001469	95.078601
699.000000	97.484079	94.472005	93.083240	96.488368	96.207110	92.062424	93.440140	97.496294	91.758834	90.910233	97.122284	91.948765	92.364033	98.525245	95.562704	98.686434	95.464732	101.297692	99.989231	92.376620
700.000000	91.659510	92.529254	92.708578	93.627622	93.983403	87.388811	91.523916	91.753100	89.160256	91.000886	97.189557	91.087855	88.910932	95.470513	94.003170	94.823986	93.280769	95.396154	93.831096	89.294848
701.000000	87.713869	91.356946	91.238275	89.953543	90.492634	85.062448	89.753636	87.760117	86.095501	88.140653	95.308298	90.830117	85.714755	93.188578	93.171702	93.019464	91.307366	93.014755	89.040443	88.342075
702.000000	85.331329	92.934009	89.300979	86.535781	86.820303	83.671538	85.647459	85.522704	84.450769	85.014802	92.047762	90.788928	84.373846	88.773380	91.039837	89.008159	89.563869	91.960606	83.881096	84.222634
703.000000	83.203939	92.953590	88.186270	83.199464	82.668112	83.242611	82.510070	83.470350	81.186154	86.478205	90.285385	89.980000	84.958392	85.277110	89.725478	86.212448	86.978298	90.043007	80.375571	81.374103
704.000000	83.418065	91.467273	89.027879	80.211422	78.272821	84.329580	79.865315	82.179930	78.566946	85.038368	87.261329	87.312984	84.759324	83.102191	86.392448	85.160210	86.452028	87.207203	79.880536	80.748135
705.000000	84.724685	89.363893	87.579044	78.267879	77.061445	83.344918	77.320326	79.051329	76.421935	83.476457	82.954942	86.929930	85.094126	81.876667	84.475315	84.472960	85.276783	84.870886	78.002284	79.228065
706.000000	82.497995	86.130606	83.984802	77.403893	77.091911	82.006830	77.035734	78.447599	74.222681	82.939604	78.752517	84.542401	84.849441	80.664895	81.913170	83.665315	82.669441	82.820699	78.081096	78.848508
707.000000	82.199814	84.105524	79.290723	76.726200	78.037273	81.987622	76.387855	78.227832	73.457995	82.827436	75.284009	80.268205	83.669417	77.661492	80.996340	82.477669	80.153030	81.184033	78.140583	76.937622
708.000000	79.602657	80.976946	74.988555	74.847040	77.611585	80.064126	76.221911	77.268019	71.579487	82.094872	74.639347	78.028578	82.205501	76.368858	80.063916	81.091702	79.079371	79.235338	79.036876	76.927319
709.000000	76.353100	78.694336	71.363939	75.208834	75.455664	79.351818	75.617762	76.872890	71.282704	80.210256	75.153403	75.734033	79.686643	75.252005	79.552448	78.191655	78.508089	78.275175	78.988928	76.591492
710.000000	74.837925	75.102681	72.197576	75.593823	73.024266	77.355501	75.032727	75.545548	72.306457	79.416200	75.659487	73.583450	76.463706	74.574242	78.490816	77.751072	77.258089	75.993497	78.651678	76.186783
711.000000	73.685594	71.549907	72.162657	74.814452	70.266200	75.264709	74.641422	74.853310	71.844988	77.622960	75.641399	71.807086	73.082354	74.615012	77.748135	77.606061	75.466434	75.700979	75.644196	76.450513
712.000000	73.659837	70.585618	72.494033	74.921049	68.525641	73.891981	73.386037	74.429930	71.322261	74.830303	76.117249	70.218578	70.479394	72.784872	75.745035	75.704685	74.905478	73.032774	71.959814	73.921958
713.000000	72.974359	70.367902	73.910000	73.287413	67.011189	72.475874	72.648578	72.778298	70.917622	73.623124	74.772984	67.648648	69.546946	71.440140	74.121772	74.875711	73.303893	71.037343	70.213869	73.074126
714.000000	73.943287	69.081422	75.071422	71.414755	66.005758	71.720490	71.440793	69.595618	69.045781	69.852587	72.109277	66.870350	66.877319	71.165664	71.443170	74.744382	70.999860	69.917483	70.675105	71.321958
715.000000	75.010956	67.604079	73.424685	70.910070	66.575338	69.344545	68.442774	66.231305	67.660979	67.623427	69.400186	67.442774	67.916317	69.547809	69.657995	74.351282	70.313753	68.985058	70.287179	70.375921
716.000000	72.426923	68.087086	71.019184	70.368135	66.125711	66.584545	68.240443	66.044079	67.422797	66.942261	67.452075	66.441189	68.807692	68.261702	67.510583	72.552844	68.282634	69.078089	70.604942	67.582238
717.000000	71.067459	68.765012	67.312867	69.445105	66.352890	65.193823	67.723916	66.093753	66.965921	65.655991	64.616317	64.908765	69.152937	65.488159	65.855991	69.465618	66.152914	69.144406	68.453124	64.888811
718.000000	67.635175	68.238811	64.925082	65.248741	65.088019	64.177622	65.884499	63.992051	65.684918	63.833660	61.809930	65.333473	68.836597	66.048508	63.060956	66.719907	63.871888	68.527855	67.820490	64.434103
719.000000	65.467040	66.758928	62.838415	64.274499	63.820583	63.517110	64.375012	65.304942	64.470746	62.970443	59.829068	65.013170	65.853240	64.139138	62.297296	63.527692	63.659953	67.751119	67.331655	63.744848
720.000000	62.367855	64.615594	62.511748	63.206270	62.635035	62.994149	61.598019	65.398951	63.955804	63.881445	58.923054	63.998974	63.421352	62.577576	60.928019	62.300233	63.507203	66.175175	66.373030	63.361002
721.000000	60.341538	61.841305	62.642145	61.403030	61.145618	60.795408	60.075991	65.235874	63.312005	62.579138	58.357086	63.699860	60.728019	60.900839	60.459907	60.552238	61.900909	63.933054	62.567762	63.267646
722.000000	59.317249	59.619184	62.109207	60.540350	58.597669	58.772121	58.261375	65.158765	60.268345	60.312890	57.878089	62.105664	58.111235	58.992517	60.368042	56.365291	61.287459	60.480373	60.044732	60.829557
723.000000	57.019510	58.018648	62.178112	60.111655	56.749254	57.580839	57.312005	63.426620	59.387832	59.369720	57.433030	60.187622	58.083613	57.327063	60.661772	55.660210	59.971189	60.122378	57.992541	59.106247
724.000000	56.734592	55.750490	61.739650	58.953823	56.094779	56.330047	56.763683	60.769394	58.449441	56.946667	58.735664	58.845245	56.982378	56.216317	58.927972	55.919977	58.738275	60.447343	56.030606	57.085478
725.000000	57.289441	54.300862	59.456783	57.817949	55.417249	54.753660	53.670140	58.536224	59.140070	55.540723	58.727622	56.475618	57.988089	54.927669	57.502424	54.784033	57.375688	58.805734	54.617599	53.740210
726.000000	57.098462	55.222051	56.426573	56.465152	54.520256	54.255594	51.543613	57.066807	58.990023	54.175245	58.640047	53.524942	58.559487	53.987925	56.233566	55.082657	56.147646	56.868205	53.129371	49.492424
727.000000	56.821142	53.480373	53.668345	54.203287	54.450816	53.968089	50.413263	55.822774	58.603310	53.397786	58.524732	51.703730	57.381352	53.273450	54.473869	54.310140	54.189021	56.287552	50.615804	47.846317
728.000000	56.161772	52.658252	52.011096	50.612611	53.249324	53.709394	49.744709	54.151515	56.591119	52.935082	57.400280	49.718555	55.440979	53.284172	52.133333	54.780047	51.766270	55.088648	49.991562	46.579674
729.000000	55.495221	51.655268	51.516037	48.853333	53.653333	53.998625	49.986200	53.581981	53.831282	53.018811	54.968392	50.773916	51.906061	51.299767	51.116200	54.825851	51.456993	54.200303	51.181865	45.588298
730.000000	52.528205	50.764196	50.808065	45.770280	53.762611	52.691049	49.635524	52.327762	50.268042	52.727786	52.662541	51.268788	48.981142	49.698089	50.331352	54.697832	50.837179	52.496807	50.306224	46.775851
731.000000	50.162751	48.974965	50.802867	44.987762	52.492121	49.658741	48.860047	51.675245	47.176084	51.440350	50.365828	50.820676	46.531538	48.584242	50.557296	51.468019	49.749860	51.068205	49.703333	47.356620
732.000000	47.783636	46.543450	48.781865	46.130653	49.025921	47.613193	49.021935	50.282005	43.143636	49.748951	48.173287	50.221259	44.070163	47.149231	50.043869	47.922121	48.232238	49.008462	49.399068	47.573823
733.000000	45.258765	45.308065	46.895175	46.959068	45.597366	45.301352	48.941585	48.539231	42.211795	47.669138	46.998858	48.600233	44.239301	45.455385	48.644312	46.730816	46.987040	49.324918	48.552797	47.870280
734.000000	43.891841	43.661305	45.423590	46.005594	42.961935	43.952051	48.543403	46.925874	42.169790	45.453660	46.635221	47.986643	43.527343	44.039860	46.044825	44.250583	46.347832	49.134336	46.206876	47.658998
735.000000	43.591958	43.642214	43.417063	46.071888	42.318998	42.880023	45.238275	45.129510	42.403613	43.413193	44.582051	46.113520	43.562005	43.127179	44.545594	42.040373	43.167599	46.301189	45.111841	45.004312
736.000000	42.551655	43.546876	42.224709	44.220186	42.747483	43.864359	41.936200	43.997692	42.263147	42.172937	42.494336	43.928438	43.243613	41.509324	42.812797	39.679441	41.477319	42.928881	44.042751	44.260420
737.000000	41.137110	41.866084	41.313403	42.657809	42.319883	42.966177	40.102214	43.289627	42.746270	43.254056	41.462284	43.049324	42.785431	40.575361	41.538089	39.421375	40.182098	42.205152	42.346620	44.494662
738.000000	40.010629	40.683823	40.566713	41.016061	42.144639	42.488788	39.285571	42.682448	41.526783	42.441958	39.977879	40.655758	41.341305	38.774802	39.755618	39.970932	37.778741	40.827739	41.723310	42.727413
739.000000	38.036480	39.679161	40.834942	38.515361	41.891096	41.666387	38.478275	41.206620	40.039837	42.616014	37.815734	40.028182	40.140070	36.463473	38.831119	39.733497	37.116993	39.614848	40.467506	41.538531
740.000000	35.895361	39.156783	39.814895	35.779860	41.399860	40.516807	37.587483	40.110956	38.044382	41.606480	35.351702	38.717809	39.007855	35.046993	38.984429	38.514242	37.123660	37.192914	37.935385	41.162284
741.000000	34.659814	38.206643	38.025152	36.214266	40.582494	39.701096	36.538462	39.569068	35.765315	40.781259	33.871142	36.848508	37.447506	34.704429	38.347389	36.874988	37.297226	35.851492	37.070303	39.672634
742.000000	34.903124	36.160303	35.377832	35.093450	37.957832	38.117296	35.883030	38.067273	34.763380	38.998485	32.960210	36.361725	35.207716	33.917459	36.907110	36.048998	36.940979	34.868578	34.546457	38.927576
743.000000	35.103240	36.427016	33.412541	33.169417	35.908625	36.028089	35.884079	37.128531	34.882517	37.304406	33.458555	34.299814	35.413217	34.176410	35.301795	35.726923	36.574755	34.545524	33.033613	36.710047
744.000000	35.254685	36.067552	32.548788	33.135874	34.617902	35.762145	34.936340	35.661212	34.715338	35.231538	34.282867	33.720583	35.768974	34.540606	33.508555	33.815594	35.874009	33.647506	32.369953	35.444266
745.000000	35.397902	36.864429	31.886317	33.734009	34.915175	34.930233	33.192261	35.016131	33.663193	33.800233	34.575804	31.814732	35.158508	34.738974	32.124615	33.241235	35.059814	32.611655	31.780070	34.022145
746.000000	34.210023	36.591795	31.273240	32.527389	34.192378	33.631445	32.055594	33.073800	33.205035	32.176154	34.491189	31.730699	34.619837	33.808019	30.728135	30.717599	34.060093	30.438834	32.182238	34.144079
747.000000	32.191212	35.021212	29.253986	32.456900	32.975338	30.767273	32.157506	31.824499	32.046037	31.884266	34.688671	31.691515	32.800210	33.473543	29.773869	31.007343	31.927226	30.054219	31.688135	34.219394
748.000000	30.878531	32.868578	28.754406	31.487506	31.999580	29.257156	32.246340	31.074266	30.495501	29.552494	34.011235	30.931375	31.118555	31.714872	28.613916	30.547389	29.637925	29.016037	30.856550	32.583217
749.000000	28.493497	31.151049	28.161911	30.140443	30.887249	28.667273	32.496107	30.226200	29.160932	28.330932	31.984359	29.524639	30.687483	29.242541	28.014009	30.326364	28.016573	27.895944	29.533357	32.198275
750.000000	27.721911	28.863706	27.285082	28.571072	29.294452	27.871748	31.834685	30.560350	27.446527	27.100210	29.836294	30.069814	29.854988	28.214336	28.087156	28.861469	26.938089	26.685245	28.067529	30.665338
751.000000	27.446527	27.504266	26.348671	27.682681	27.399837	26.433287	31.280653	29.810769	26.211049	25.259930	27.812424	29.171189	27.727459	27.547016	27.366317	27.755688	25.295152	26.894569	26.174709	28.974126
752.000000	26.849883	26.167110	26.036713	26.048765	25.019068	25.117529	30.013100	28.694079	25.546480	24.229814	26.219557	28.431888	25.801562	26.034569	26.546014	26.638159	24.565921	27.349184	25.439184	26.967599
753.000000	26.066876	25.467949	25.311911	24.497855	24.007949	24.358974	28.715758	27.304825	25.011911	24.421352	25.675221	27.510466	26.575478	25.664802	25.790233	26.252214	24.081189	27.029347	25.625501	24.937809
754.000000	25.526597	24.130210	24.512774	24.919394	23.980816	24.549231	25.864779	25.942191	24.037669	24.244219	24.329907	26.455758	26.897319	24.844009	25.086200	25.355548	25.496503	26.871002	26.835758	23.865688
755.000000	25.440956	23.672145	23.437925	24.386317	24.500443	24.591399	24.258951	25.088159	23.519837	24.186247	23.498462	24.243636	26.226294	24.272797	24.211072	25.482494	26.794615	26.090490	27.498811	23.064755
756.000000	25.030117	22.606247	21.920862	23.752914	24.213543	23.821212	23.648322	23.646294	23.147086	23.794219	23.339907	23.994429	25.647902	23.008275	23.666527	23.783287	27.409207	24.739790	27.730420	22.027506
757.000000	25.116061	21.919441	20.021329	22.468671	24.079977	23.207063	23.623590	22.049627	22.102797	24.073776	24.179464	22.360699	23.741702	22.889557	23.317203	22.819464	26.471235	23.497343	26.370723	22.258788
758.000000	23.970210	21.359044	19.379674	21.499790	24.017995	23.089883	23.034825	20.986760	22.246480	23.406480	23.517739	22.028834	23.331049	21.744429	22.150326	22.455105	25.875035	22.125478	24.763124	22.170746
759.000000	22.411538	21.172984	18.635082	21.027506	23.831911	23.229324	22.397203	20.408298	21.981678	22.669394	23.176667	21.466387	22.434685	20.699767	21.275105	21.980466	24.361469	19.897879	22.564289	22.081795
760.000000	21.637203	20.927040	18.768322	19.358508	22.517762	22.412797	20.961795	20.953357	21.382168	21.658205	23.813263	21.802751	21.177040	20.623217	20.458974	21.165991	22.273800	19.085478	20.972657	21.507599
761.000000	21.107855	21.294988	19.126853	19.212261	20.907319	21.161329	19.439953	19.892261	20.657110	19.965664	23.364988	20.825571	20.718881	19.935012	19.686760	20.275012	19.101119	19.507086	19.596037	21.589883
762.000000	20.262238	21.328578	19.380513	19.097436	19.067040	19.809697	18.306620	18.936946	18.602331	19.055758	22.163963	19.954942	20.961538	18.550793	18.343124	18.852797	16.742284	19.142797	18.979720	20.259907
763.000000	18.802657	19.876923	19.866107	18.335431	18.009254	18.212727	16.942005	18.304452	16.584639	17.730443	20.568228	19.256107	21.641795	17.879907	17.173030	18.742587	16.095874	18.390140	19.459487	19.294149
764.000000	17.778531	17.997413	19.627343	18.924499	18.055758	17.812564	17.098555	18.220233	15.835991	16.903217	19.085618	18.217855	21.018601	17.141352	16.127016	18.365385	16.576853	18.247063	20.208205	18.083240
765.000000	17.561515	17.407576	19.340932	19.524103	17.456503	17.468042	17.135804	18.085478	17.107762	16.620420	18.374336	16.971725	20.573310	16.925291	15.305804	17.935524	16.426410	17.680793	20.138392	17.235618
766.000000	17.541375	16.882564	18.249510	18.784872	17.022611	17.265501	17.787529	17.584289	17.595245	16.846014	17.789557	16.943124	19.949604	16.431818	14.722774	16.146900	16.407436	17.472354	19.554429	15.977179
767.000000	17.274615	16.632751	17.374802	17.993170	16.792657	17.212075	18.746154	16.259627	17.920862	17.094709	17.688741	16.421632	18.552541	16.941981	14.753520	15.523077	16.330093	17.249510	18.587226	15.871935
768.000000	16.136247	17.307506	16.830629	17.713287	17.077226	16.943916	18.126224	15.792354	18.840676	16.868438	16.387552	17.125828	17.763706	16.993730	14.004336	15.021538	16.525524	16.797249	18.200000	15.828252
769.000000	16.182284	17.811562	15.910140	18.248648	17.213963	16.424009	17.756503	16.370420	18.589044	16.807832	16.050793	17.915198	16.603800	17.547552	14.874918	15.463963	16.961841	16.001282	17.184732	15.720699
770.000000	16.048252	17.758648	16.241142	17.669184	16.904079	16.569114	17.715338	16.499534	17.700466	17.267156	15.909231	18.060093	16.581329	17.300513	15.027133	15.467249	16.292238	16.468811	17.447179	16.162937
771.000000	16.373520	17.207063	16.793007	17.442797	16.495524	15.961212	17.458531	15.540723	17.438228	16.387319	15.482564	17.846876	17.305338	17.129091	15.065874	15.945408	15.991422	16.783753	17.563403	16.045548
772.000000	16.418438	16.386107	17.903124	17.662587	16.120280	16.019814	17.175128	14.860093	15.971305	16.353823	15.068881	17.272681	17.316503	16.108392	14.938601	15.933217	15.845804	16.690746	17.335664	15.775012
773.000000	16.546107	15.017016	18.853380	17.562121	15.864755	15.810466	17.450233	14.699604	14.602681	15.442028	14.461492	17.180606	17.746923	15.384219	14.722145	16.646643	15.944615	16.092657	17.606876	16.074779
774.000000	16.677879	13.561865	18.936364	17.626993	16.419207	16.089254	18.085688	14.726597	14.671748	16.059580	15.298298	16.654406	17.882517	15.112401	14.256154	16.947483	15.841142	15.853590	17.176737	16.787506
775.000000	16.314639	12.901399	18.192937	16.520210	15.905245	15.663380	17.187459	14.485128	15.222145	16.597133	15.875338	16.218928	18.437086	14.506690	14.578998	16.659744	15.609417	15.658625	15.909837	17.170466
776.000000	15.677133	12.492890	17.632261	15.436993	15.575804	15.942844	16.885734	13.669068	15.298788	16.831772	15.500140	16.569814	18.010862	14.457902	14.558112	16.022960	15.259977	15.739907	15.007925	16.725851
777.000000	14.365478	11.904103	17.387413	14.551935	15.890956	15.324172	16.972890	13.614802	15.430676	16.218252	15.676667	15.873636	16.911049	14.421515	14.217063	16.550000	15.765967	16.327016	14.577063	16.104755
778.000000	14.002611	12.199674	16.553846	14.291678	16.290979	14.862051	16.133240	13.941515	15.862378	16.226434	15.405455	15.954266	16.636457	14.602284	13.756131	16.197506	15.739907	16.233683	14.379837	16.437949
779.000000	13.380653	12.652727	15.807249	14.393613	16.216270	14.069790	16.628252	14.187296	15.646550	16.383939	14.780793	15.882471	15.471981	15.240746	13.968928	16.388438	16.205012	16.266928	13.752354	16.979044
780.000000	13.006434	13.615711	16.108205	14.118112	15.612145	13.832121	16.565781	14.251865	15.290839	16.580653	14.013823	14.528019	15.177483	15.216783	13.869837	16.665198	15.875571	15.552988	13.242797	16.964918
781.000000	13.454429	14.461865	15.716200	14.005268	14.710816	13.853263	15.876340	14.100676	15.939510	15.780816	14.147179	13.725804	15.505268	15.929627	14.031655	16.911203	16.305897	15.176298	13.571958	16.664499
782.000000	14.174289	15.162960	14.954359	14.618578	14.076387	14.001399	15.293217	13.820163	15.441445	15.235455	14.118392	13.717972	15.148648	14.769767	13.906107	15.609501	15.890117	14.568862	14.229650	16.885524
783.000000	15.121655	16.248998	14.555221	14.753473	13.896037	14.344942	15.408042	13.685524	14.847040	14.930536	14.331632	14.055105	15.074522	14.018182	13.669697	14.983301	14.527110	13.021660	13.869371	16.780932
784.000000	16.472821	16.609184	14.388765	14.825781	13.786224	14.377016	15.532308	13.337599	14.582681	15.128112	14.517436	14.432937	14.882331	13.630536	13.610396	14.797706	14.001422	13.135226	14.123147	16.566807
785.000000	16.766457	17.080536	13.978415	15.117972	13.248042	13.985175	14.728695	12.614406	13.795385	15.553520	14.019254	15.194569	15.181632	13.042331	14.524732	13.537077	13.467179	13.212476	14.063660	16.039930
786.000000	16.506014	16.953986	14.513590	15.802727	13.098112	13.293357	14.994965	12.343170	13.173124	15.456224	13.748298	15.663543	15.745058	12.838322	14.637016	13.006704	13.708275	13.439049	14.401375	14.421865
787.000000	15.977692	15.887762	14.863077	14.947529	13.931841	12.881002	15.088904	11.789231	12.715851	15.200163	15.115781	15.878298	15.752797	13.139580	13.963263	12.553767	13.538135	13.727557	15.157226	12.902378
788.000000	15.746154	15.119207	15.565897	14.841865	14.391235	12.978205	14.650862	11.509207	12.633380	15.094266	15.211702	16.306270	15.648555	13.535338	13.135082	12.463254	14.070490	14.252942	15.197786	13.473375
789.000000	15.005828	15.044662	16.493893	14.706387	14.811795	13.244942	14.672354	11.575734	12.653427	14.839534	14.572424	15.591748	15.422401	13.582867	12.616993	12.773417	15.163590	15.300867	15.090373	13.628014
790.000000	15.235897	14.126131	17.031678	14.441935	15.278252	13.374639	14.281166	12.062354	12.322354	15.225478	14.614196	14.861492	15.896667	13.792797	13.697226	13.627520	15.245548	15.189674	14.356713	13.447618
791.000000	15.205594	13.881445	16.046550	14.299394	15.119580	13.503753	13.839324	12.667646	12.775594	15.706620	14.715897	14.519907	16.679441	13.996200	14.372448	13.961436	16.330047	15.556434	14.300886	12.726860
792.000000	14.947599	13.792867	15.116154	13.861235	15.126503	13.266177	13.368671	13.009044	12.949814	15.403613	14.327552	14.178159	15.506457	13.494848	14.038392	13.852005	16.409720	15.659347	14.071259	12.380252
793.000000	14.812984	13.693240	14.724709	13.462471	14.974918	13.849674	13.460513	13.052214	13.671119	16.017506	13.752378	13.746317	14.523473	13.415385	14.480653	14.305734	15.474615	15.301585	13.835781	12.287886
794.000000	15.496713	13.142774	13.742331	13.650396	14.902401	13.862331	13.603403	13.046084	14.579138	15.736154	13.536294	14.437646	13.910676	13.495641	14.906387	14.098811	15.982448	15.901981	13.982005	12.709086
795.000000	14.603147	13.880326	12.592378	14.814755	13.757925	14.193380	13.550956	13.854522	14.838858	15.843193	13.629580	15.327552	14.436177	13.374242	15.142028	13.720909	15.726876	15.293124	13.706182	13.311429
796.000000	13.734103	13.798462	11.743077	15.152657	13.444149	14.741492	13.854033	14.437739	14.985035	14.714289	14.499487	15.912354	14.994382	13.419790	14.349184	13.472331	15.683823	14.286200	13.752231	13.940867
797.000000	13.218228	13.737238	11.305070	15.510175	13.435828	15.407890	14.227844	15.096585	14.821399	13.511247	15.226760	16.061830	15.647844	13.301993	13.699079	13.393310	15.419557	13.370221	13.544399	14.382650
798.000000	13.367506	13.756270	11.454126	15.922238	13.826364	16.156084	14.628042	15.819231	14.277179	12.485478	15.507226	15.528345	16.285781	12.914172	13.518858	13.586131	14.818788	12.785664	12.910168	14.458009
799.000000	14.493916	13.915175	12.366014	16.423776	14.709161	16.949580	15.010280	16.593846	13.281608	11.888392	15.036713	14.064266	16.797413	12.149650	14.135664	14.153077	13.766224	12.773007	11.677021	13.988175
800.000000	16.909441	14.273566	14.216503	17.049720	16.177622	17.751888	15.330210	17.408601	11.763916	11.971399	13.511049	11.421958	17.071958	10.901748	15.876643	15.196434	12.146573	13.572727	9.672441	12.794378
