Wavelength	Smoothed_1	Smoothed_2	Smoothed_3	Smoothed_4	Smoothed_5	Smoothed_6	Smoothed_7	Smoothed_8	Smoothed_9	Smoothed_10	Smoothed_11	Smoothed_12	Smoothed_13	Smoothed_14	Smoothed_15	Smoothed_16	Smoothed_17	Smoothed_18	Smoothed_19	Smoothed_20
500.000000	6.814650	1.861280	2.976133	5.403413	4.168490	3.575154	2.701706	4.106853	2.529678	1.443301	2.938895	2.936063	1.180783	6.106993	1.850266	0.186559	-0.097958	-0.252685	1.485077	3.244462
501.000000	5.149545	0.753734	3.170958	3.170636	3.569231	2.831720	4.115336	2.037378	2.864601	1.758329	4.415350	3.787063	1.524413	3.538979	1.207566	0.789832	2.718182	1.404748	1.711154	3.718839
502.000000	4.132613	0.639107	3.303914	2.291767	3.177228	2.432382	4.570650	1.015089	3.004154	2.237601	5.279967	3.863632	1.820648	2.206291	0.995005	1.256608	4.037415	2.292135	2.057517	4.013800
503.000000	3.635614	1.239157	3.379196	2.434066	2.979639	2.317020	4.320322	0.825622	3.025205	2.796318	5.669852	3.415552	2.056659	1.839430	1.133622	1.659436	4.236206	2.637628	2.511803	4.154721
504.000000	3.530310	2.275643	3.401000	3.264797	2.963618	2.425513	3.617021	1.254615	3.004625	3.349678	5.722107	2.692608	2.219613	2.168895	1.544462	2.070862	3.691021	2.669380	3.061646	4.166984
505.000000	3.688462	3.470324	3.373522	4.451221	3.116322	2.697741	2.713420	2.087704	3.019282	3.812881	5.573837	1.944583	2.296681	2.925186	2.148564	2.563436	2.778324	2.615543	3.694681	4.075965
506.000000	4.309639	4.033445	2.944531	5.398552	3.314126	3.525366	1.695368	3.394347	3.193648	3.708925	6.229797	1.964951	1.624305	3.594168	3.021678	3.955804	2.390725	3.530040	4.223385	3.055378
507.000000	4.041841	4.655548	2.956793	5.614033	4.087510	3.759252	1.551648	3.605872	3.729883	3.252522	5.499569	2.035042	2.272054	3.667280	3.525058	4.483888	2.487858	4.294559	4.785909	3.369448
508.000000	4.138317	4.118923	3.281807	5.693452	4.420625	3.762834	2.146124	4.022587	4.577054	3.580040	4.594953	2.514550	2.206100	4.336268	4.326711	5.266524	2.436058	4.603576	6.005881	4.005853
509.000000	3.866098	3.687895	3.538555	5.428459	5.302492	3.696452	3.057855	4.273420	4.850904	3.689478	4.567802	3.319825	2.421569	4.313867	4.634366	5.634021	2.895587	5.327002	7.018382	4.428380
510.000000	4.195287	3.446795	3.338210	5.311797	5.325552	3.428513	3.813114	4.776382	5.190378	3.762986	5.200816	3.714846	2.552429	5.009897	4.250844	6.455995	3.616671	6.100541	8.258485	4.528774
511.000000	4.056056	3.123156	3.557688	4.512308	4.972580	3.715751	3.808273	5.537807	5.560016	3.352385	5.857037	3.867725	2.122275	4.928219	5.037807	6.049895	5.117800	6.233378	8.058196	4.100825
512.000000	4.298902	3.402953	4.311198	4.570427	5.131723	4.461993	3.762464	6.259688	5.801086	3.456154	6.010599	4.048333	2.124583	5.361212	4.871347	6.435674	6.071326	6.120100	7.679214	3.388839
513.000000	4.541131	3.793179	5.273138	4.614140	5.432233	4.961876	4.565275	6.219928	6.031790	4.212319	6.395972	4.964522	2.486615	4.340573	5.439145	6.562205	7.795800	5.337834	8.725513	3.358527
514.000000	4.579273	4.425800	5.943403	5.103009	5.440744	5.329245	5.661371	6.624231	6.221681	5.611359	6.782084	4.818869	3.028946	5.587697	5.880942	6.246930	8.853513	5.036310	9.110960	3.822730
515.000000	4.609086	5.488047	5.898189	6.242431	5.720925	5.624441	6.023068	7.523753	6.000152	7.017683	7.187625	5.718956	3.784345	6.135646	6.140902	5.570797	8.999802	4.963361	8.867524	3.670583
516.000000	5.410172	6.592723	5.979587	7.261538	6.539697	6.413042	6.798765	8.347368	6.657865	7.613112	8.417741	6.888886	4.443420	6.417298	8.047692	6.153853	9.269538	5.971044	8.308026	3.498399
517.000000	6.558354	7.758028	6.727196	8.185401	7.068431	7.602179	7.199154	8.485294	6.655315	8.251876	8.085089	7.335818	6.431524	7.148881	9.124380	5.872793	8.756242	6.823163	8.163583	4.386254
518.000000	7.614674	8.665140	7.961902	9.627212	7.702303	8.299720	7.546261	9.765247	7.300583	9.048478	7.545494	6.858909	7.720037	8.507930	10.047557	6.767988	8.511303	8.431406	8.083576	5.120944
519.000000	8.128627	9.833009	8.689506	11.086664	8.524520	9.141625	8.012876	10.676811	8.261420	9.920522	7.316839	7.248480	9.091326	9.711895	11.109846	6.980350	8.238333	9.617767	8.854403	6.468795
520.000000	8.564862	10.709338	9.107564	12.163247	8.721583	9.811643	8.843550	11.522159	9.389970	9.973690	7.465114	7.698769	9.990783	11.122023	11.207487	8.916629	7.484191	10.587145	9.142399	6.880648
521.000000	9.356802	10.786324	10.045452	11.740711	8.010599	10.825268	8.725252	12.723872	10.384135	10.145082	8.979434	7.923893	9.588706	11.656375	11.757699	9.763177	8.235811	11.157347	9.056186	8.107154
522.000000	10.208783	10.638653	11.625023	11.650611	9.069375	11.955026	9.624312	12.955781	11.217583	10.355128	10.620324	8.899984	10.252089	12.008345	11.912527	10.917893	8.559611	10.766166	8.967154	9.840674
523.000000	11.236452	11.620741	13.019161	10.859263	9.631601	13.055427	11.582058	12.946597	11.732900	11.275814	11.784387	10.583026	10.434692	12.691797	12.590772	11.663424	10.907186	10.972753	9.801951	11.639753
524.000000	12.329711	12.044741	14.348774	10.688354	10.448357	14.910252	12.658375	14.136830	13.170993	12.798960	13.096897	11.800671	12.027762	14.169711	12.969935	12.027338	13.144748	13.050587	10.958508	13.352126
525.000000	13.782571	13.818576	15.086480	12.724718	12.408606	15.750168	14.214072	16.012704	14.439359	16.069100	15.200974	14.666277	13.435520	15.172354	14.056403	13.567296	14.619490	15.649186	13.325855	15.012166
526.000000	14.508503	15.247655	15.999091	14.712364	14.858944	17.388804	17.389268	18.098625	16.322914	18.108641	18.055881	16.975110	15.678485	16.259883	16.151520	16.071678	16.395562	17.924000	14.155676	17.279704
527.000000	17.557839	17.108459	18.840746	16.707911	17.823457	20.141893	19.600079	21.122867	18.341352	19.774573	18.632825	19.385580	19.492424	18.645548	16.840755	18.890443	18.639814	20.043569	16.368928	19.866340
528.000000	20.995809	20.390685	21.801445	19.956163	21.550002	21.657179	21.444965	23.208508	22.361329	22.050972	19.967776	20.759907	22.040093	22.244009	18.463124	21.133100	20.520606	23.274350	19.989084	22.523368
529.000000	23.783543	24.430277	24.713963	21.842907	24.754869	23.936503	23.228182	25.551049	26.148415	25.434643	20.832448	25.212494	24.095758	26.361399	21.658881	23.549207	22.898205	25.566946	23.719865	25.511259
530.000000	26.611562	27.782760	26.557389	23.879497	27.553557	27.428765	24.577156	26.629604	29.736434	27.070373	22.623590	28.575711	27.023986	28.510956	24.999720	26.479324	25.667249	27.727925	27.475464	27.630536
531.000000	30.213520	28.825944	28.502984	25.408182	30.024336	31.342401	25.119207	28.334172	32.381538	28.950816	25.072937	30.907762	29.146573	30.284242	28.471841	30.159907	28.682587	30.040793	30.668904	30.279697
532.000000	32.779953	30.928205	31.575291	27.944172	35.127972	34.640839	26.433566	31.554219	34.843963	32.325571	28.140932	32.850466	31.430093	31.931166	30.805967	32.845082	32.359114	31.756807	32.486550	32.815221
533.000000	34.691166	33.959254	33.831585	31.441189	38.547343	37.409744	28.561772	34.329907	38.716690	35.787319	31.096247	34.992005	33.408252	34.397110	33.896993	35.370676	36.438508	35.015221	35.716876	35.446410
534.000000	37.415431	38.212121	36.229207	34.790956	41.899814	41.352424	31.001259	37.163310	41.662774	39.781841	34.717786	37.650839	36.426084	35.951142	36.092121	38.336410	40.625524	38.136993	39.265315	37.521352
535.000000	40.932890	43.347296	36.718112	41.912564	45.938275	44.433357	34.659347	40.137319	43.262960	43.630513	39.445478	40.799907	38.889627	38.811422	40.214266	41.345385	43.897692	42.133660	43.902541	41.997552
536.000000	42.663473	45.283683	41.225548	46.794895	48.925128	48.719068	40.682471	42.859044	45.069883	46.565385	43.633846	42.093193	43.051585	41.968531	43.618438	42.825245	46.960070	44.720746	46.216573	46.904172
537.000000	46.739767	49.339464	47.155874	51.315828	52.923543	52.721329	47.622238	46.577786	47.673380	48.144709	47.229604	45.958065	48.735408	46.927786	45.519114	46.750443	51.597972	50.444942	50.230793	52.903287
538.000000	50.272517	54.059347	52.649138	58.194569	57.217529	57.143590	52.288578	51.515618	52.104988	51.007506	52.895315	50.994336	53.513706	54.118555	50.528182	51.711632	55.539207	56.338904	54.371282	59.276667
539.000000	56.931935	60.179744	57.943007	64.724615	59.743100	62.601375	60.384639	57.375291	58.248485	55.343380	58.372960	58.635082	59.410093	61.974359	57.031865	57.017529	59.874336	61.435944	58.813310	65.759534
540.000000	64.724172	64.849231	63.861702	72.366061	64.129977	68.261119	68.435361	62.835408	64.215152	59.992261	63.696317	67.419394	66.295175	66.605781	64.665688	62.432587	67.411841	67.491375	64.993450	72.933030
541.000000	71.918834	70.942494	71.531841	78.667622	69.089231	74.800629	74.727016	70.990140	71.040047	66.523403	70.221608	74.543007	72.786620	72.777762	72.878765	71.913776	76.357855	74.428881	70.242284	78.908159
542.000000	78.603776	79.077552	80.902238	83.653823	77.913310	79.730676	80.964359	78.899207	79.902611	76.111445	78.208159	81.563730	78.209814	78.824452	79.318998	79.014779	85.084802	80.709930	76.106946	83.824196
543.000000	85.498462	86.548089	88.603333	90.717949	86.041795	86.925385	89.281655	85.990373	91.127133	86.584406	87.791515	87.763170	84.003869	86.084196	86.995618	87.502797	91.682284	86.742331	84.754219	89.054662
544.000000	95.300163	95.184848	95.898252	96.646876	93.386317	92.899953	98.760723	94.351492	100.221049	97.558392	96.776550	93.805524	91.934172	93.774266	94.075035	97.857459	99.615268	91.409534	95.464499	92.824499
545.000000	103.950023	103.646200	103.184266	105.279720	103.145991	102.679207	110.772844	102.139790	109.421958	109.955874	106.420746	101.035385	98.952751	103.700373	104.848858	106.604779	109.216807	99.700699	106.613473	99.556340
546.000000	112.388904	112.259883	115.383800	115.969371	114.393706	112.744336	123.226923	110.188601	117.651492	121.283263	116.272517	109.877855	108.214569	113.825967	114.317319	115.475058	116.322797	109.150396	119.507995	108.204755
547.000000	121.695105	122.656364	125.581911	126.537016	123.057273	123.266364	131.796270	120.768345	126.019417	130.945058	125.856014	121.003730	120.523566	125.338578	123.278228	127.012681	126.993986	118.884219	131.303543	121.282704
548.000000	134.103846	132.637552	135.153193	140.723776	136.067343	139.385152	143.828695	133.821119	136.166876	141.800559	137.502168	132.212867	134.427389	139.668578	135.064336	140.328741	140.107646	130.310303	145.334149	138.069394
549.000000	149.380420	146.048345	148.348485	153.947296	147.535385	151.492867	159.525548	148.426993	149.877576	154.172214	150.369417	145.893986	150.427786	152.647832	149.376270	153.268438	154.803963	144.051958	160.313333	155.479930
550.000000	163.120093	155.685548	162.389277	167.524429	163.429837	165.856177	170.114918	162.777855	165.218881	166.385082	162.715851	160.837576	167.576690	164.788112	164.703030	168.402098	170.144056	160.515058	175.321212	172.387832
551.000000	179.712354	172.382751	177.590210	181.045221	174.023776	181.571562	180.811655	180.670163	178.323310	181.978322	178.761772	172.655012	183.473660	180.300000	177.401399	185.195338	188.817016	178.675758	190.765035	187.696737
552.000000	194.041958	189.497203	195.448951	193.543124	190.236597	196.004196	194.939627	198.144522	196.636131	200.067599	196.633333	188.554312	200.200466	196.450583	194.361772	200.432401	205.140326	196.196037	206.969697	204.829837
553.000000	209.679254	205.470163	214.302098	210.415385	207.689744	213.582751	212.083450	217.214685	214.318415	216.665967	215.564103	203.860606	218.079953	214.811655	212.694872	219.038695	221.806760	215.957809	222.672028	220.056643
554.000000	227.968765	221.804429	229.755245	228.341492	227.193706	228.847086	231.850583	239.115618	236.266667	237.819814	233.493473	222.832867	239.282051	234.825408	228.696270	239.528904	241.054545	235.614219	240.217483	234.800466
555.000000	246.716317	240.680186	248.101399	251.267599	250.643357	250.369464	257.068065	263.184615	259.103963	261.590443	252.973193	245.779021	260.567599	255.913520	247.610256	261.293706	263.969231	257.570396	258.509091	254.603963
556.000000	268.293939	265.285548	273.796970	280.331235	275.553613	272.717716	281.611422	285.373660	279.813753	285.469464	274.208858	270.895105	281.004429	278.256177	270.915618	282.068298	285.403263	279.120513	280.738928	275.459441
557.000000	290.180420	291.778788	296.400000	304.267599	298.874592	294.724242	306.240093	311.196737	304.113753	310.002564	296.432401	299.637063	305.284149	303.814685	300.087413	305.336131	308.184615	300.759207	306.150816	299.820513
558.000000	313.355711	315.827972	323.648951	328.538695	324.897902	321.276923	336.092308	333.994872	328.443823	337.511655	320.624942	327.151981	328.810956	330.687879	327.762471	333.350350	332.343357	327.590210	331.700466	326.841958
559.000000	339.191142	339.665967	352.709557	358.862005	356.332401	350.400699	363.508392	359.734266	356.673893	364.565268	348.188811	357.844056	357.073893	356.119814	355.168065	359.509557	358.686247	357.524242	357.827506	350.674359
560.000000	364.957110	366.205128	379.513287	388.313287	384.093473	381.539860	384.724009	381.395571	387.603963	391.147319	375.489744	387.039161	384.640559	383.541492	386.409557	391.210490	383.575058	387.509557	384.553147	378.649650
561.000000	394.674825	397.177622	409.447786	420.663869	410.101166	410.624942	410.223543	410.280886	415.120746	421.797902	411.822145	414.651049	408.990909	413.483683	416.686713	421.107692	415.435198	421.846620	417.442191	408.803497
562.000000	427.179953	428.841026	445.606061	451.285082	439.220746	444.015851	440.064569	439.853380	448.887646	452.394406	449.634266	446.290909	436.557809	447.283916	451.122378	450.569697	446.506061	456.844988	452.093007	442.842424
563.000000	462.398601	464.222145	481.531469	480.911655	470.106760	480.799068	471.705128	472.558508	482.789044	484.465734	484.780886	476.663869	463.865967	479.604429	481.218415	488.398135	477.599534	489.406294	484.927739	477.772494
564.000000	498.865035	498.464569	511.986713	513.205361	510.574825	517.135897	506.323077	508.173893	517.937995	522.817016	518.149184	515.717716	502.817016	512.842890	511.393939	525.774825	515.133100	521.383683	518.724942	513.381352
565.000000	539.898368	536.533100	547.223310	549.855944	552.758508	557.064103	548.334965	546.629604	552.671562	556.371795	551.791841	557.007925	542.694406	548.549650	549.452214	560.288578	555.975058	557.851981	557.366200	555.474126
566.000000	583.527040	582.529837	583.526107	587.411888	588.402564	598.213520	586.606993	584.398601	591.216084	593.007226	590.164569	599.997902	581.945921	587.499767	589.720746	596.939627	591.647086	596.024942	598.134033	596.183450
567.000000	625.361072	627.151282	620.881352	621.172494	626.767599	641.274359	625.245221	627.178788	627.874825	627.023776	628.472261	639.946387	627.948019	629.268765	636.880653	635.978089	629.657343	634.826573	641.683916	643.080886
568.000000	667.182284	672.337762	664.468065	659.278322	666.000932	682.876457	665.583916	669.287413	660.356876	665.637529	663.986480	683.456177	670.571795	669.118881	677.920746	676.051981	664.551981	673.160140	680.875758	688.612821
569.000000	710.902098	711.388811	705.988811	704.603030	715.778089	725.358042	710.950816	713.329604	703.126807	705.696970	699.671795	728.539161	719.645688	711.430769	716.237063	710.392075	707.727972	714.296737	723.828438	726.903263
570.000000	752.817483	757.223077	746.845455	751.091375	760.725408	763.194172	749.160373	750.499534	750.056177	747.463869	737.323077	767.897436	764.876690	760.072494	761.322844	753.028438	742.569697	753.349417	768.556643	771.098601
571.000000	789.655944	803.572494	789.990210	794.144522	807.430536	805.867133	799.247319	795.486247	793.325874	789.444522	786.948951	804.885082	805.456876	806.496737	805.291608	791.148718	784.422611	800.895338	814.197203	818.311422
572.000000	833.929837	847.342657	838.775058	835.900466	857.483683	852.193939	845.883683	844.137063	843.581585	838.862704	829.183683	836.161305	845.245688	863.582284	844.577389	832.037063	829.275291	849.272960	861.703263	859.574592
573.000000	875.493473	895.767366	888.291608	882.243124	906.192308	902.980186	889.896970	893.934266	900.371329	893.561072	875.387413	881.043823	886.518881	911.152914	881.142424	878.174825	883.451515	892.058042	912.071096	906.425408
574.000000	923.723776	949.857809	939.272028	941.972028	961.428205	960.720280	939.737762	937.992075	951.511655	947.786713	930.362704	932.892541	931.104895	970.107925	927.239627	929.305828	948.286247	936.071329	962.003497	954.413287
575.000000	976.539627	1000.064336	995.999767	996.709790	1010.890210	1015.158508	994.611422	989.481352	1003.607459	997.839860	986.213520	983.154312	986.372261	1023.956177	972.861305	988.473193	1008.935198	990.583916	1016.652448	1005.356643
576.000000	1036.026107	1059.683683	1048.015618	1049.197669	1058.744289	1068.824476	1049.859207	1048.848951	1056.128438	1056.061072	1042.632401	1036.715152	1038.139161	1078.332634	1023.540093	1052.516317	1071.309091	1046.644755	1065.015152	1050.287179
577.000000	1089.795804	1112.390676	1098.685548	1112.599301	1109.514918	1129.840793	1114.539394	1115.579487	1101.673893	1105.795571	1100.858508	1082.340326	1102.747552	1130.148951	1086.453380	1102.862704	1136.345921	1103.717483	1115.650816	1104.820280
578.000000	1155.315152	1169.280886	1153.662005	1175.402098	1174.227739	1186.647786	1176.928671	1178.186713	1149.547552	1162.717716	1158.699301	1146.137296	1168.404895	1179.040326	1150.733566	1161.693706	1187.916317	1161.698135	1167.709324	1161.041725
579.000000	1216.370396	1215.921212	1213.198601	1232.568998	1225.305361	1245.312821	1243.037762	1231.259674	1213.010723	1223.917949	1220.385315	1212.923776	1238.572494	1233.495571	1221.777622	1218.975291	1243.360373	1227.386480	1224.327273	1223.544988
580.000000	1277.097436	1269.515152	1275.464336	1291.349650	1280.976690	1306.065268	1304.165501	1282.841492	1278.604196	1293.466200	1281.566900	1265.696503	1307.323077	1291.055944	1293.160839	1285.168298	1293.480186	1286.449883	1282.468531	1286.713287
581.000000	1332.566434	1325.559441	1335.717949	1347.349650	1341.552448	1360.321678	1374.153846	1333.347319	1334.251748	1353.806527	1338.365967	1336.100233	1358.361305	1341.445221	1365.762238	1342.272727	1352.811189	1348.484848	1337.512821	1356.603730
582.000000	1387.962704	1381.741259	1391.717949	1408.659674	1401.149184	1419.601399	1435.160839	1394.163170	1406.794872	1417.927739	1394.247086	1400.011655	1410.100233	1406.480186	1428.841492	1398.706294	1406.808858	1404.594406	1396.997669	1418.247086
583.000000	1451.664336	1445.505828	1451.627040	1473.617716	1462.386946	1483.391608	1488.517483	1448.233100	1476.564103	1480.384615	1456.902098	1473.792541	1458.293706	1465.370629	1492.585082	1456.720280	1462.407925	1467.631702	1465.358974	1484.104895
584.000000	1517.167832	1510.645688	1519.188811	1538.585082	1523.405594	1550.011655	1549.510490	1508.827506	1539.671329	1536.820513	1524.205128	1542.419580	1507.053613	1527.403263	1551.930070	1527.100233	1519.442890	1531.400932	1532.550117	1546.270396
585.000000	1577.398601	1570.314685	1586.300699	1596.025641	1584.344988	1599.675991	1612.557110	1568.188811	1593.710956	1601.083916	1589.703963	1598.165501	1567.354312	1574.480186	1601.282051	1594.897436	1579.876457	1605.230769	1599.065268	1601.034965
586.000000	1641.578089	1631.286713	1645.442890	1648.566434	1646.421911	1646.235431	1675.081585	1634.745921	1643.976690	1663.344988	1646.508159	1649.794872	1625.160839	1631.585082	1653.778555	1654.860140	1639.076923	1670.717949	1661.748252	1654.652681
587.000000	1692.489510	1682.953380	1695.904429	1709.011655	1705.100233	1697.230769	1731.426573	1703.913753	1702.107226	1723.916084	1702.678322	1688.107226	1693.193473	1694.631702	1712.627040	1712.510490	1698.419580	1729.906760	1721.368298	1711.734266
588.000000	1752.771562	1743.899767	1754.554779	1757.512821	1779.333333	1749.580420	1773.363636	1764.428904	1759.069930	1786.878788	1762.585082	1746.228438	1761.997669	1749.139860	1770.235431	1770.139860	1749.233100	1782.095571	1780.834499	1772.142191
589.000000	1800.440559	1791.871795	1809.321678	1796.263403	1830.396270	1803.433566	1815.326340	1818.622378	1823.344988	1842.107226	1815.426573	1803.223776	1829.587413	1809.337995	1830.018648	1830.156177	1807.475524	1838.675991	1833.410256	1832.778555
590.000000	1849.512821	1843.284382	1861.703963	1840.100233	1893.270396	1850.300699	1866.867133	1868.948718	1876.680653	1898.459207	1865.650350	1851.494172	1894.177156	1865.030303	1887.421911	1891.058275	1869.083916	1879.389277	1882.538462	1885.745921
591.000000	1897.237762	1897.673660	1905.771562	1890.515152	1953.006993	1896.762238	1905.435897	1915.869464	1913.440559	1935.116550	1910.932401	1913.041958	1935.965035	1919.300699	1941.911422	1939.167832	1927.839161	1914.988345	1929.324009	1936.655012
592.000000	1942.326340	1948.107226	1945.114219	1945.447552	1996.442890	1952.641026	1944.990676	1962.442890	1966.708625	1977.363636	1963.407925	1971.153846	1982.279720	1979.412587	1991.442890	1988.475524	1976.965035	1942.682984	1971.613054	1974.641026
593.000000	1999.538462	1993.993007	1998.268065	1995.254079	2042.233100	2011.762238	1980.139860	2000.979021	2011.139860	2012.331002	2008.445221	2027.720280	2019.524476	2034.766900	2040.114219	2032.426573	2023.815851	1987.347319	2009.501166	2008.750583
594.000000	2044.177156	2030.615385	2040.263403	2045.617716	2080.979021	2064.680653	2026.531469	2039.300699	2048.037296	2043.601399	2048.913753	2079.941725	2056.067599	2075.370629	2084.491841	2064.797203	2062.627040	2033.993007	2047.512821	2042.111888
595.000000	2087.363636	2070.773893	2075.172494	2094.123543	2117.002331	2105.212121	2071.766900	2068.445221	2080.787879	2092.913753	2093.382284	2123.596737	2088.207459	2116.857809	2121.848485	2092.296037	2103.433566	2084.018648	2090.799534	2079.696970
596.000000	2127.839161	2102.167832	2107.053613	2127.703963	2150.638695	2146.233100	2116.722611	2111.519814	2109.832168	2141.445221	2127.827506	2147.878788	2120.223776	2156.792541	2152.937063	2125.219114	2141.650350	2116.738928	2133.515152	2115.965035
597.000000	2149.074592	2128.538462	2138.282051	2172.543124	2170.263403	2179.715618	2153.452214	2151.051282	2144.920746	2193.158508	2158.738928	2172.130536	2156.324009	2196.815851	2187.979021	2158.076923	2182.324009	2148.561772	2173.909091	2146.146853
598.000000	2166.251748	2161.116550	2167.209790	2213.820513	2193.827506	2214.508159	2193.487179	2182.291375	2169.321678	2231.643357	2193.410256	2201.752914	2185.389277	2222.599068	2216.144522	2183.195804	2211.533800	2188.736597	2209.696970	2171.624709
599.000000	2179.363636	2179.247086	2184.216783	2235.410256	2214.960373	2241.277389	2232.354312	2205.864802	2206.526807	2256.179487	2225.025641	2230.666667	2211.030303	2251.426573	2239.419580	2213.764569	2239.006993	2235.668998	2233.055944	2207.118881
600.000000	2200.594406	2207.475524	2209.615385	2260.400932	2238.377622	2256.498834	2270.351981	2226.815851	2230.729604	2273.881119	2262.904429	2256.130536	2239.916084	2269.610723	2260.249417	2242.030303	2261.100233	2263.093240	2256.328671	2238.298368
601.000000	2218.198135	2234.596737	2228.752914	2283.601399	2256.734266	2271.074592	2287.233100	2246.419580	2244.275058	2280.902098	2289.855478	2270.368298	2260.818182	2285.076923	2273.111888	2271.972028	2279.293706	2285.358974	2278.829837	2260.258741
602.000000	2248.804196	2263.930070	2251.020979	2301.400932	2265.428904	2283.284382	2302.086247	2258.573427	2271.585082	2289.652681	2310.610723	2286.291375	2281.668998	2301.468531	2284.326340	2300.692308	2289.146853	2302.925408	2295.058275	2281.650350
603.000000	2279.100233	2278.995338	2285.351981	2317.475524	2281.694639	2300.745921	2303.317016	2276.466200	2292.508159	2282.116550	2326.892774	2305.142191	2301.212121	2311.526807	2293.139860	2316.522145	2301.372960	2331.601399	2300.717949	2307.172494
604.000000	2295.734266	2293.729604	2298.174825	2318.435897	2296.386946	2306.335664	2301.773893	2288.403263	2310.065268	2281.300699	2328.741259	2328.032634	2311.123543	2317.347319	2304.025641	2325.498834	2301.547786	2347.634033	2310.659674	2320.268065
605.000000	2308.839161	2309.137529	2315.981352	2319.622378	2309.137529	2315.906760	2303.086247	2303.652681	2322.041958	2291.335664	2327.363636	2335.988345	2322.167832	2334.361305	2315.018648	2336.923077	2318.848485	2349.135198	2323.337995	2339.130536
606.000000	2317.839161	2321.902098	2329.298368	2314.801865	2331.573427	2325.013986	2307.379953	2323.946387	2319.715618	2299.641026	2324.170163	2326.717949	2331.223776	2335.897436	2316.836830	2349.172494	2328.351981	2339.529138	2339.557110	2343.095571
607.000000	2302.918415	2328.552448	2337.300699	2320.090909	2331.587413	2323.282051	2310.158508	2329.566434	2315.734266	2305.787879	2318.083916	2320.139860	2339.370629	2346.969697	2318.841492	2345.391608	2341.365967	2338.177156	2347.128205	2340.895105
608.000000	2292.573427	2333.804196	2333.212121	2325.002331	2328.724942	2329.440559	2320.226107	2324.727273	2305.615385	2307.013986	2318.004662	2309.662005	2334.214452	2355.501166	2316.072261	2341.627040	2350.144522	2348.454545	2351.734266	2351.538462
609.000000	2278.151515	2328.526807	2321.291375	2311.435897	2324.776224	2329.613054	2317.822844	2312.398601	2310.990676	2308.927739	2321.484848	2308.333333	2326.032634	2352.631702	2313.235431	2330.039627	2352.694639	2352.291375	2345.883450	2363.727273
610.000000	2273.552448	2330.547786	2310.363636	2311.233100	2327.116550	2336.783217	2318.237762	2315.729604	2312.046620	2303.909091	2324.044289	2300.715618	2313.629371	2341.156177	2307.375291	2318.435897	2344.510490	2335.594406	2341.083916	2350.713287
611.000000	2264.811189	2325.881119	2293.673660	2310.135198	2322.065268	2326.969697	2319.533800	2311.568765	2302.447552	2300.846154	2321.822844	2278.533800	2313.104895	2330.811189	2303.368298	2305.512821	2331.804196	2326.531469	2334.983683	2337.079254
612.000000	2264.417249	2315.599068	2275.167832	2304.212121	2309.027972	2317.592075	2307.801865	2298.990676	2292.048951	2296.762238	2317.615385	2267.846154	2298.237762	2313.752914	2289.193473	2291.377622	2305.149184	2319.312354	2319.431235	2324.578089
613.000000	2255.853147	2283.153846	2270.193473	2297.090909	2303.533800	2299.981352	2295.093240	2288.370629	2288.414918	2288.617716	2313.328671	2270.631702	2285.883450	2293.149184	2270.944056	2270.906760	2290.086247	2308.123543	2304.832168	2305.566434
614.000000	2240.377622	2257.212121	2259.608392	2273.020979	2292.018648	2279.072261	2278.051282	2271.417249	2279.051282	2279.468531	2291.079254	2281.186480	2273.340326	2278.034965	2257.342657	2261.086247	2271.000000	2287.163170	2280.645688	2273.904429
615.000000	2219.282051	2226.424242	2258.659674	2255.417249	2270.792541	2262.568765	2263.062937	2247.855478	2272.836830	2257.652681	2266.799534	2269.407925	2259.764569	2265.820513	2250.020979	2244.958042	2257.634033	2259.699301	2262.822844	2249.058275
616.000000	2195.759907	2199.100233	2252.149184	2231.072261	2255.895105	2233.027972	2241.240093	2222.536131	2258.170163	2232.948718	2245.191142	2252.759907	2240.641026	2237.146853	2219.592075	2244.706294	2234.675991	2226.946387	2244.757576	2211.911422
617.000000	2166.046620	2172.480186	2229.065268	2209.664336	2224.757576	2206.254079	2222.636364	2187.983683	2234.580420	2208.568765	2218.044289	2227.738928	2222.657343	2228.265734	2196.335664	2228.459207	2221.242424	2197.587413	2222.617716	2184.582751
618.000000	2135.032634	2149.291375	2204.773893	2185.675991	2194.496503	2178.375291	2195.454545	2152.216783	2198.386946	2183.561772	2193.137529	2206.981352	2199.766900	2197.137529	2166.405594	2209.627040	2203.944056	2163.195804	2205.097902	2171.659674
619.000000	2107.627040	2119.624709	2170.736597	2154.624709	2157.207459	2145.757576	2164.398601	2124.629371	2167.620047	2157.557110	2167.331002	2177.517483	2167.962704	2162.624709	2140.881119	2180.878788	2177.149184	2125.755245	2172.445221	2150.289044
620.000000	2086.466200	2096.351981	2129.934732	2134.839161	2132.883450	2128.673660	2146.631702	2119.839161	2140.797203	2133.864802	2139.808858	2141.547786	2135.386946	2137.123543	2120.706294	2148.249417	2146.722611	2090.305361	2136.655012	2119.379953
621.000000	2065.198135	2082.468531	2094.319347	2105.149184	2093.144522	2091.517483	2118.454545	2101.990676	2097.934732	2115.780886	2111.860140	2112.179487	2106.214452	2111.655012	2097.762238	2115.857809	2118.517483	2071.081585	2099.160839	2090.937063
622.000000	2039.188811	2057.335664	2058.601399	2074.200466	2052.580420	2055.496503	2079.000000	2071.603730	2062.825175	2094.729604	2079.489510	2083.174825	2065.006993	2085.585082	2057.806527	2081.515152	2080.181818	2050.328671	2064.743590	2058.177156
623.000000	2013.634033	2017.785548	2032.727273	2047.375291	2022.836830	2021.449883	2046.741259	2046.575758	2034.125874	2066.515152	2046.624709	2050.030303	2025.904429	2052.848485	2020.170163	2041.214452	2054.717949	2022.048951	2031.722611	2029.123543
624.000000	1989.916084	1986.193473	2007.389277	2008.951049	1993.468531	1988.466200	2012.463869	2021.743590	2005.207459	2035.773893	2012.547786	2015.121212	1998.244755	2017.734266	1990.317016	2004.762238	2026.801865	1995.855478	1998.864802	2006.389277
625.000000	1960.703963	1947.167832	1985.011655	1974.699301	1959.974359	1953.095571	1977.988345	1990.934732	1988.256410	1988.172494	1977.032634	1968.920746	1961.913753	1972.484848	1965.815851	1965.130536	1999.361305	1962.620047	1965.599068	1972.881119
626.000000	1929.720280	1909.433566	1946.953380	1938.836830	1929.505828	1915.675991	1939.827506	1955.235431	1963.587413	1938.862471	1936.377622	1921.540793	1925.916084	1933.130536	1933.186480	1938.995338	1968.566434	1929.731935	1938.701632	1937.766900
627.000000	1894.904429	1882.958042	1906.571096	1899.745921	1904.419580	1886.780886	1909.941725	1915.219114	1925.475524	1889.027972	1891.519814	1883.417249	1898.862471	1899.543124	1903.951049	1897.564103	1939.867133	1890.289044	1911.608392	1901.888112
628.000000	1854.419580	1853.498834	1869.916084	1861.981352	1882.515152	1846.561772	1862.459207	1867.125874	1883.673660	1847.055944	1852.354312	1846.046620	1865.855478	1846.237762	1870.937063	1863.741259	1904.424242	1845.727273	1873.109557	1870.752914
629.000000	1818.687646	1807.731935	1821.806527	1825.079254	1845.780886	1808.268065	1820.722611	1820.179487	1852.062937	1810.927739	1815.543124	1806.533800	1827.594406	1811.526807	1840.613054	1824.263403	1865.037296	1810.037296	1827.522145	1837.671329
630.000000	1783.062937	1781.235431	1769.198135	1784.317016	1812.608392	1781.578089	1784.741259	1783.470862	1813.158508	1775.990676	1784.748252	1775.650350	1795.181818	1776.659674	1811.193473	1785.519814	1822.967366	1781.839161	1787.566434	1800.328671
631.000000	1748.841492	1766.696970	1729.617716	1740.596737	1763.708625	1757.580420	1738.251748	1748.365967	1763.172494	1741.314685	1749.344988	1756.503497	1752.235431	1742.498834	1764.179487	1747.195804	1783.149184	1754.270396	1745.620047	1760.435897
632.000000	1703.424242	1734.724942	1704.067599	1705.391608	1716.724942	1730.333333	1700.557110	1709.503497	1715.944056	1712.941725	1716.972028	1720.372960	1713.494172	1712.452214	1715.983683	1707.048951	1735.655012	1729.473193	1708.899767	1717.202797
633.000000	1661.655012	1698.279720	1665.596737	1674.874126	1675.496503	1703.785548	1668.706294	1678.020979	1668.974359	1685.508159	1687.853147	1684.321678	1672.461538	1671.475524	1667.386946	1675.578089	1696.776224	1693.839161	1664.510490	1679.983683
634.000000	1621.881119	1663.990676	1629.860140	1640.132867	1641.249417	1670.284382	1642.072261	1647.370629	1633.188811	1656.186480	1662.596737	1650.794872	1635.282051	1634.314685	1625.090909	1644.580420	1657.163170	1654.342657	1640.515152	1643.163170
635.000000	1576.610723	1620.086247	1603.209790	1608.944056	1607.538462	1634.398601	1614.135198	1617.421911	1592.468531	1619.860140	1621.522145	1617.270396	1593.396270	1603.951049	1583.228438	1606.135198	1617.927739	1614.298368	1604.727273	1604.620047
636.000000	1532.191142	1575.300699	1571.435897	1573.398601	1580.114219	1601.230769	1587.142191	1579.932401	1553.703963	1577.540793	1578.342657	1580.442890	1556.079254	1577.540793	1543.025641	1573.083916	1585.414918	1584.745921	1570.561772	1568.536131
637.000000	1496.219114	1539.170163	1548.265734	1539.771562	1552.750583	1565.195804	1555.694639	1542.540793	1519.256410	1545.039627	1526.002331	1549.116550	1525.722611	1542.820513	1509.293706	1542.543124	1554.687646	1552.254079	1536.400932	1534.827506
638.000000	1462.892774	1496.895105	1516.843823	1513.834499	1522.699301	1525.979021	1522.146853	1497.142191	1488.533800	1510.027972	1481.631702	1501.736597	1496.505828	1508.466200	1490.568765	1518.289044	1521.801865	1514.046620	1494.163170	1508.347319
639.000000	1429.811189	1454.729604	1481.827506	1476.149184	1484.072261	1485.398601	1494.552448	1462.191142	1470.291375	1474.578089	1440.034965	1457.752914	1462.976690	1476.069930	1465.944056	1482.958042	1487.585082	1476.951049	1455.053613	1475.076923
640.000000	1408.498834	1423.132867	1454.599068	1436.557110	1449.780886	1452.825175	1467.986014	1435.794872	1443.363636	1426.939394	1414.219114	1414.277389	1433.895105	1436.065268	1444.277389	1446.734266	1450.578089	1430.745921	1420.855478	1449.209790
641.000000	1373.734266	1398.876457	1432.934732	1392.736597	1401.757576	1419.850816	1436.722611	1411.927739	1410.354312	1392.808858	1383.671329	1380.876457	1401.228438	1399.442890	1411.897436	1407.526807	1413.603730	1385.778555	1382.976690	1417.188811
642.000000	1342.051282	1368.184149	1405.573427	1350.459207	1365.279720	1374.689977	1407.421911	1381.944056	1380.883450	1361.410256	1350.454545	1347.170163	1374.757576	1354.403263	1385.489510	1374.564103	1370.314685	1355.333333	1346.508159	1376.582751
643.000000	1312.414918	1349.230769	1356.438228	1305.741259	1334.771562	1330.254079	1369.314685	1352.937063	1359.370629	1332.032634	1319.170163	1314.969697	1352.580420	1311.438228	1343.899767	1346.184149	1330.177156	1319.254079	1315.030303	1331.792541
644.000000	1276.088578	1315.389277	1314.808858	1267.498834	1303.827506	1297.296037	1328.382284	1319.018648	1327.822844	1299.599068	1294.974359	1291.953380	1314.298368	1274.559441	1312.624709	1315.617716	1287.620047	1290.608392	1298.433566	1287.902098
645.000000	1236.911422	1279.062937	1274.447552	1228.405594	1271.153846	1261.368298	1291.946387	1283.121212	1285.610723	1269.449883	1267.668998	1267.347319	1279.107226	1246.969697	1265.668998	1277.757576	1257.032634	1259.342657	1272.081585	1249.811189
646.000000	1208.174825	1240.039627	1233.769231	1199.715618	1242.948718	1229.848485	1254.608392	1236.396270	1245.701632	1240.475524	1246.983683	1239.939394	1251.494172	1209.764569	1224.235431	1249.636364	1237.172494	1238.305361	1242.277389	1213.983683
647.000000	1182.368298	1206.512821	1195.074592	1176.731935	1214.911422	1198.461538	1213.244755	1194.883450	1214.643357	1213.431235	1217.144522	1214.268065	1220.375291	1176.687646	1191.372960	1222.990676	1208.853147	1217.965035	1224.018648	1184.703963
648.000000	1155.377622	1175.848485	1154.270396	1157.046620	1189.414918	1170.172494	1191.507226	1157.198135	1180.405594	1181.226107	1192.344988	1183.311422	1199.328671	1157.132867	1163.088578	1193.752914	1181.939394	1180.946387	1204.133333	1156.620047
649.000000	1135.358974	1142.074592	1121.249417	1134.850816	1155.759907	1145.543124	1161.161072	1133.322611	1153.349650	1155.116550	1166.951049	1147.791608	1167.846154	1136.400932	1135.333333	1165.882051	1152.627040	1149.013986	1169.767366	1139.193473
650.000000	1117.490909	1112.941259	1104.441492	1114.053613	1130.752914	1126.179487	1124.760140	1107.701399	1121.981352	1129.634033	1147.875058	1114.401399	1134.678322	1113.862471	1116.181818	1135.678788	1129.057809	1114.456876	1139.324942	1123.715618
651.000000	1088.741492	1096.365501	1084.760606	1090.393939	1103.761305	1103.517483	1087.757576	1078.402098	1095.421911	1102.279720	1119.840793	1088.218648	1104.939860	1095.642424	1092.559207	1099.893240	1100.031469	1093.192541	1111.136131	1102.997669
652.000000	1072.190676	1073.820047	1061.420280	1064.871562	1086.124242	1076.925641	1047.408159	1048.875991	1070.426340	1077.450816	1080.158974	1062.098368	1081.520047	1069.301865	1070.079487	1065.948951	1070.328671	1075.124942	1071.260140	1084.588345
653.000000	1043.872494	1050.375291	1037.552681	1037.777855	1065.325641	1053.751282	1017.564802	1024.708392	1043.826340	1057.850816	1044.334965	1031.145221	1057.270629	1043.785781	1042.613753	1042.359441	1043.528671	1057.818881	1045.393939	1066.551748
654.000000	1015.586713	1019.829837	1013.362471	1013.854545	1039.139161	1032.449417	993.913753	1003.441026	1014.028205	1037.280653	1016.812121	1009.199534	1021.222611	1020.250117	1022.780420	1017.336131	1016.614219	1036.104662	1017.182284	1042.084382
655.000000	989.467366	994.468998	983.639161	991.228438	1011.112121	1002.522145	975.975991	978.209091	984.970629	1012.355711	989.782517	985.359441	989.763636	1001.312121	994.696970	988.566434	1000.905361	1007.752448	987.047086	1014.779254
656.000000	965.824709	965.094172	963.910723	973.846853	978.477156	978.415618	960.764569	954.951049	958.843590	988.688112	965.124009	963.106061	960.811189	976.220513	970.677389	966.556177	983.285781	986.066434	960.660373	982.326107
657.000000	941.401166	938.256643	942.525175	954.783683	953.658042	948.676224	946.914685	938.385315	942.596737	964.893473	941.965967	946.951981	933.002797	953.441492	951.033100	945.794639	959.574592	964.221445	942.007226	948.487879
658.000000	918.386480	912.146853	916.937063	933.776923	923.501399	918.826573	934.946853	926.321212	923.353380	945.839161	921.471562	934.830536	913.142890	938.893706	930.406061	929.604196	933.283916	936.333100	934.774359	916.751049
659.000000	897.088112	885.568298	896.061305	911.179953	893.104662	893.994639	915.118648	917.762005	899.601632	925.093939	901.909557	917.708625	886.396270	913.706061	906.784615	913.396970	912.349883	913.576690	911.144522	894.917949
660.000000	881.161072	870.358275	877.254545	886.266900	872.279487	868.700466	890.928904	905.976923	877.048252	902.273660	885.558508	898.000699	865.825641	893.692541	885.379487	889.428205	894.491375	888.565967	896.184149	868.519580
661.000000	859.857343	856.189510	857.699301	866.006760	849.493240	848.257576	867.219114	888.958508	859.331469	869.945221	868.578788	876.810723	848.216550	876.812821	866.354312	861.972028	870.906061	871.675058	880.247552	850.787646
662.000000	840.985315	836.138462	833.913753	840.250583	827.589744	829.718415	842.721445	868.710490	836.544056	846.820047	852.529371	856.756177	833.801399	852.699767	842.840793	839.188578	850.999068	851.077156	850.223077	837.621212
663.000000	815.222844	815.498135	814.033100	816.785315	811.284382	814.338695	823.203730	846.724476	819.479487	820.962471	836.258042	831.528438	819.602797	825.746853	819.606294	824.460839	829.287413	829.563170	829.683450	823.112121
664.000000	796.667366	802.817949	795.066434	795.087879	795.671096	795.114685	802.976457	818.897203	805.796037	799.332867	816.997669	808.210490	802.826807	801.464569	797.300000	804.031469	809.833566	802.407925	797.116550	800.515385
665.000000	777.783683	785.073893	777.962238	776.498601	777.603963	778.885315	780.251515	791.407226	791.449184	774.977389	794.929371	782.540559	780.662238	786.948485	780.830070	782.632867	793.602098	783.252214	771.817016	779.596503
666.000000	759.943590	764.346853	766.240326	760.046154	759.116550	766.556876	761.051049	768.540326	776.185781	751.839394	774.376224	758.667599	765.893939	768.336830	763.183450	767.423077	776.267366	764.773427	747.615385	757.342890
667.000000	744.851515	747.632168	749.859907	744.682284	744.226107	748.912587	745.031002	744.913287	762.586247	738.303730	751.298834	741.044988	752.161538	753.222611	751.269231	750.400000	759.330303	753.763403	729.024709	740.324942
668.000000	723.919580	728.785781	732.587179	725.972727	727.160606	729.452681	732.984848	725.173660	744.957343	719.639860	722.994172	727.397436	733.257809	733.307692	734.126807	736.238695	739.945688	737.099534	718.824242	720.718182
669.000000	707.046154	710.058974	714.927972	706.880653	712.528205	714.410256	718.929138	707.949417	724.360373	703.547319	700.624942	712.332867	716.850816	713.117249	714.389510	719.102098	723.106760	716.948019	702.449883	708.618182
670.000000	690.129837	689.895338	692.980420	691.301399	694.373193	694.158275	698.398368	686.965967	709.826807	689.306061	683.170163	694.380420	701.508625	695.118415	700.367133	701.362937	699.252681	691.789510	690.417016	698.922145
671.000000	664.998135	673.373193	673.210956	673.771562	674.543124	678.209091	681.037296	665.920280	691.625408	673.503030	667.475058	675.427040	682.732168	673.570629	685.254779	678.509790	682.808392	671.395571	681.217016	689.634965
672.000000	645.240093	656.050583	652.119114	652.741026	654.193706	663.497203	665.823543	648.244988	674.637296	659.006294	655.250117	655.632867	666.854545	650.297203	665.242191	660.336131	665.518182	651.454779	663.803497	672.602564
673.000000	624.789977	640.366434	636.174126	631.838928	635.197902	648.418648	646.392075	634.585315	656.839627	644.253380	639.214918	637.309790	649.679720	627.310023	650.808625	642.569464	647.016084	630.288345	647.652914	655.107459
674.000000	608.832401	618.157809	618.155944	613.579021	613.159441	628.801399	626.734499	619.099301	637.721212	627.320513	625.755944	623.600932	628.661772	607.278788	636.008392	627.039394	630.002564	610.832634	630.036597	634.394172
675.000000	595.160140	595.734965	603.420513	595.956643	592.707925	611.495804	608.431002	607.854079	617.520047	608.835897	615.263636	612.057809	606.734266	587.040559	620.737762	608.305128	611.944056	594.259441	616.428904	616.425408
676.000000	582.728438	577.585082	590.009324	576.832634	576.473660	590.086247	589.162238	589.700466	595.208392	586.758042	599.063403	599.653846	595.865734	569.165035	599.328205	592.292774	595.071795	575.347552	599.317949	597.590210
677.000000	567.900932	562.399301	575.479953	566.052214	564.219114	568.943124	573.580420	574.715851	572.783450	567.261538	579.607692	586.084848	581.781119	557.137063	582.803730	577.237063	579.803030	565.331235	583.385548	577.878322
678.000000	557.813520	551.252448	559.845455	556.151515	551.553613	549.564802	557.893939	562.720746	554.752448	549.845221	556.101865	572.300466	563.859441	545.918881	565.272960	562.420280	558.682051	550.832168	564.413520	559.347319
679.000000	545.038228	537.411422	543.850583	545.701865	544.835198	534.233800	538.425874	544.393007	536.784149	533.415851	538.534033	556.778089	548.129837	537.050117	547.421678	544.786946	538.682284	534.453613	541.435897	540.985082
680.000000	526.584615	524.083450	527.960373	537.547786	537.003030	513.651748	519.512354	525.743124	519.752214	518.199534	523.553147	543.720047	528.408159	523.921678	530.012587	527.065734	515.817483	519.895804	522.342890	526.193240
681.000000	506.210956	511.001166	511.937063	521.931469	523.708858	499.738462	505.266900	507.695105	503.123077	503.927040	506.261772	523.391142	507.016783	510.515152	511.582751	505.975758	503.989044	503.930070	508.179021	504.500699
682.000000	488.598601	498.538695	492.473193	504.448951	504.427040	486.932867	495.357576	496.277622	486.771795	493.040559	492.552448	503.214452	488.055012	498.091142	489.250583	490.897436	489.979953	488.861072	494.163869	484.829837
683.000000	472.636131	478.293240	474.056177	485.000233	484.159907	476.531702	484.166900	480.862937	473.252914	481.271096	480.734033	488.560839	466.098368	485.128438	473.810023	476.299301	477.932867	474.233566	479.705128	467.825641
684.000000	457.462704	459.621911	457.924009	468.580653	464.701399	465.908159	469.556876	463.264336	457.413986	466.270629	470.175291	474.086014	446.368998	469.416317	457.875758	463.411655	464.587646	461.808159	468.468531	449.966667
685.000000	446.970396	448.034033	441.624476	449.429837	445.844522	453.303030	459.539627	445.090676	440.413986	453.431935	457.832401	459.761305	432.517483	449.465035	440.232634	447.109790	452.530070	447.570163	455.680420	434.483916
686.000000	434.792541	434.132168	424.179953	428.678788	428.503730	438.750350	443.514685	426.885315	425.691608	433.608625	443.062471	442.821445	423.594872	433.688578	426.817949	433.992308	443.518415	436.365967	444.067832	422.634499
687.000000	420.066200	422.277622	410.853380	417.401166	415.393240	425.349650	428.365967	413.109324	412.282051	416.342890	429.331002	423.714452	412.820513	419.662704	414.263403	426.285315	430.099301	428.715851	431.374126	412.431469
688.000000	411.512121	409.709790	399.444289	403.078322	402.664569	411.814685	416.827273	402.012587	399.924009	402.292308	413.159207	407.879720	402.786480	405.586713	402.266200	415.452214	412.120280	417.252681	416.546387	402.476457
689.000000	398.837529	395.419814	389.367832	394.129371	393.252914	397.499767	403.938228	391.478555	391.042424	385.325874	398.571795	394.558042	395.908392	391.064336	392.739627	398.589044	396.530769	401.515152	400.647552	392.834732
690.000000	383.957343	384.010490	380.383217	383.087646	380.652681	381.267832	389.475058	385.969930	378.838462	373.227040	385.654079	380.027506	384.022378	379.429138	386.222378	385.085315	380.525641	389.340793	386.870862	388.765734
691.000000	371.264802	369.392075	369.846620	371.632867	366.072727	369.078322	373.575058	379.396503	369.844056	363.520746	371.812821	366.438228	370.008625	369.534033	377.211189	370.428205	365.845455	378.035198	374.608625	381.202797
692.000000	357.076457	356.247786	354.497203	359.064336	354.575991	358.611655	363.799301	369.924009	355.548019	356.554545	362.962471	354.298601	356.409091	357.768065	362.133100	357.009557	353.620513	365.762005	361.871795	371.585781
693.000000	343.129604	342.733100	344.681119	344.652214	346.142657	347.891375	353.327739	354.462005	345.857110	347.909091	350.869930	346.894172	341.713054	346.267133	351.309091	344.073193	343.203730	352.985781	346.004429	356.696970
694.000000	331.367832	333.003730	337.398834	333.401166	340.445455	338.450117	340.642424	343.749417	331.712587	339.592541	335.906061	338.849650	331.985082	337.935664	338.245455	332.744988	335.797669	343.128438	330.354779	342.474126
695.000000	320.730536	320.335664	324.310723	320.905828	331.663403	327.298135	329.967832	332.015851	317.132168	329.446620	322.472261	330.330769	327.046154	330.383217	321.773660	320.537762	330.946387	331.739860	317.979254	325.602797
696.000000	308.879254	307.424009	312.531002	309.006294	321.319114	316.323077	319.254779	317.902331	305.989744	316.457809	309.617716	321.296737	317.436131	320.130769	311.512587	312.695804	324.013986	321.336131	307.661538	312.464569
697.000000	296.965035	295.919580	304.502797	299.190443	311.403730	305.289510	308.764802	303.155944	293.751515	303.692541	298.355944	310.352448	308.252214	308.251515	296.939860	307.384149	311.541259	308.554079	297.666900	300.594406
698.000000	290.314918	285.082984	296.375991	285.574825	300.182051	292.104895	302.736131	294.361072	284.514685	292.107692	290.518648	302.249883	300.330070	298.138928	286.356410	299.946853	300.111888	296.083683	288.910023	289.140559
699.000000	281.091841	277.080420	283.200699	277.883683	289.019580	282.821445	293.465268	286.103263	279.126807	280.225641	282.185781	294.918182	294.129371	289.320047	278.566200	291.399534	289.632867	283.504662	282.435431	281.424942
700.000000	273.655944	270.287646	272.605361	266.126807	281.016084	271.575291	282.715618	275.925175	272.058275	272.679953	274.162471	284.488112	282.009790	282.871096	273.489977	285.157809	279.765268	274.792075	276.148951	274.604662
701.000000	267.710723	262.793706	264.029837	257.813753	271.193007	265.921212	271.874592	269.730070	264.537296	266.502098	264.896037	276.638462	267.653613	272.982517	264.728205	274.477389	266.479254	273.186713	267.626340	267.776457
702.000000	257.188578	254.535431	256.474592	250.658741	262.058275	260.823543	266.127739	259.486713	255.732867	260.582284	256.798601	269.012121	257.778788	259.280886	257.866900	265.392075	258.383916	268.841026	260.638228	261.300699
703.000000	247.891375	248.537063	250.425175	245.995338	252.580186	256.228904	258.589977	251.649417	251.990210	252.732168	245.310956	260.891142	250.815851	248.302797	251.762005	253.964103	252.193706	261.824009	250.528205	256.965967
704.000000	241.158974	242.156177	242.292308	240.032867	246.859907	250.971329	254.443823	244.679720	246.235897	245.482751	235.998834	248.560140	244.281352	242.189510	241.960606	241.772028	247.254545	255.133100	240.498135	251.347086
705.000000	233.462238	233.189044	234.113054	234.761305	239.491375	242.180653	247.252448	236.962937	237.679953	236.679487	225.160839	238.669464	238.041725	238.710956	233.080420	231.236597	241.106760	245.047552	234.247552	242.537063
706.000000	228.706061	228.689044	228.610490	229.955711	231.439627	235.110023	241.526340	229.798834	231.368065	227.279953	218.579487	227.050350	226.504429	233.369231	227.639860	221.993240	231.314219	234.150117	228.097669	234.855944
707.000000	221.612121	224.531702	223.517483	222.719114	220.447786	228.088345	230.569231	222.058275	222.392774	218.694406	213.693473	217.376224	222.233100	229.517716	220.619114	215.224709	222.588578	223.155944	220.975524	227.287179
708.000000	215.300466	220.167366	218.655478	213.839860	211.475058	218.313986	221.388112	216.946154	216.153147	212.162704	210.343823	212.000466	216.477156	225.628205	215.090909	208.528904	217.131935	214.541026	211.922611	217.017483
709.000000	205.915385	212.164336	208.147319	205.934965	208.268298	211.637529	211.944056	209.956177	208.642424	205.994872	206.647552	205.761772	209.377855	219.933800	210.029604	201.937529	210.321212	206.220979	207.187413	206.669464
710.000000	198.669930	205.387879	203.455711	198.558974	203.350117	201.513287	200.815152	202.355478	202.741958	202.068998	202.948019	199.751049	201.569697	211.505594	205.397669	195.070629	205.973660	200.045688	199.950583	200.170163
711.000000	191.012587	196.507692	197.904895	195.473193	194.980886	194.686014	192.046853	197.748019	198.243590	197.398135	194.568998	196.519114	192.374359	200.395105	197.477855	189.096270	197.732168	198.414219	193.671096	194.414918
712.000000	183.793939	187.664336	193.979720	192.105128	188.118881	185.868065	183.293706	190.500932	195.531702	193.710023	189.270862	193.680886	188.906061	190.041026	195.480420	185.697669	193.730303	192.912121	188.474126	192.945455
713.000000	179.240793	180.521678	185.138462	190.367832	180.023776	178.165501	175.284615	182.870163	193.339627	190.513753	183.779487	186.748252	186.380886	180.442191	188.554545	180.963869	187.795338	186.013520	181.319580	189.362005
714.000000	174.389977	174.336364	174.770629	184.262471	177.649650	171.631002	174.082051	173.808625	188.789277	184.224009	177.037063	179.540093	178.332168	171.191142	183.034965	175.459207	181.907459	179.077855	176.151748	184.706760
715.000000	170.152448	165.386713	167.357343	177.679254	170.630536	165.405594	172.002331	166.521445	181.408625	176.887413	170.769930	174.462704	168.420513	166.032401	179.437995	170.843823	175.007692	171.741259	169.971795	178.469464
716.000000	164.685781	160.772960	159.955711	169.143124	165.241259	162.035664	170.722145	160.049650	175.294872	168.137063	167.514219	165.453147	159.795804	160.082517	174.604429	165.167133	166.172261	167.796270	167.561072	169.232634
717.000000	157.180653	155.927273	153.017949	160.557343	158.827739	158.596037	165.974126	153.208392	166.795804	159.511422	161.810956	161.643124	157.265734	156.324476	168.413287	162.706061	160.884149	161.639161	163.572494	159.207925
718.000000	150.686014	150.485548	148.146620	153.816317	155.015385	155.689510	162.994172	147.627739	158.609091	153.911422	157.648951	155.763636	150.992774	149.931235	160.630070	159.622844	157.329371	154.899534	156.356643	152.033333
719.000000	143.796737	147.294639	145.444289	146.309091	154.368998	152.836597	156.860606	143.469231	150.040326	148.733333	154.294872	150.106061	145.655711	146.248485	153.456410	157.080886	151.823077	149.988578	153.952681	145.443590
720.000000	137.704196	145.485082	141.837762	140.134732	149.786713	147.327040	150.506760	138.704429	143.748485	141.975058	151.373193	144.604662	141.730769	144.939860	145.640559	151.613520	147.584149	144.863869	148.271329	142.318881
721.000000	134.751748	139.719580	136.150583	136.077622	142.996503	142.981352	143.233100	137.218415	140.755478	135.346620	145.136830	140.631935	136.786480	143.328205	137.244056	147.296037	141.941259	139.412121	142.955012	139.140326
722.000000	132.203263	137.345128	133.211655	130.746154	135.906294	137.738228	132.697902	135.968531	134.518415	131.714918	141.233100	134.057809	132.859674	140.065734	133.038228	142.584382	136.967366	133.411422	137.143357	135.781585
723.000000	131.414685	131.252238	128.098834	128.658508	128.055478	132.430769	124.360140	133.737296	130.119814	130.321445	134.868998	127.544522	129.697203	136.335431	127.008392	138.010023	131.674592	128.331935	131.631702	129.521678
724.000000	129.432401	124.770769	123.152681	125.301399	124.359534	130.928904	120.158741	129.339860	124.727972	124.534732	127.711888	121.781352	122.972261	129.494639	123.888112	131.965594	127.177156	125.179487	127.333566	124.763636
725.000000	125.381865	118.570280	120.546620	122.900326	117.517389	126.726573	114.968998	125.162984	119.240793	120.556643	122.834499	117.232261	117.502238	123.581119	121.002098	123.749277	120.963170	123.221865	122.388858	118.643124
726.000000	118.463450	113.850723	117.220186	117.778112	113.919860	123.290676	111.472587	119.777692	116.328904	117.080979	118.959021	111.970023	113.182517	117.065501	117.209394	116.007692	115.184848	121.443147	119.917226	112.163636
727.000000	112.685828	109.312564	113.479114	114.926760	110.738485	120.913054	109.416177	114.694266	108.667716	113.415734	114.027576	109.150023	109.786667	112.028811	112.812424	110.815035	113.612028	117.966294	114.158135	108.893100
728.000000	107.091119	104.480443	110.221166	111.201958	105.557669	115.558368	108.751562	109.366713	105.463170	110.392960	109.896364	105.344522	106.246946	106.755408	106.303753	108.095641	110.810793	111.925828	109.035874	106.710186
729.000000	102.401096	100.454569	109.304336	105.410909	101.536713	108.465897	105.256410	105.453613	101.551235	106.932354	106.391655	101.809510	103.160093	102.902075	102.691049	104.576387	104.871352	105.682797	108.506387	103.939487
730.000000	98.674872	96.991305	103.062914	99.365315	97.683566	102.749557	102.681911	100.883380	99.889254	101.763310	103.678415	98.152611	99.555221	101.397249	99.842145	100.441515	100.814056	98.526597	102.087925	104.170723
731.000000	95.130793	92.069394	99.595944	95.004359	89.067739	99.362751	97.236270	96.989510	96.666970	97.399487	99.933963	96.156387	95.420233	97.442238	97.568415	98.599021	97.175128	92.272774	97.590956	104.665524
732.000000	91.961329	89.692424	97.417483	89.235455	82.824848	96.240676	91.162424	95.130886	91.819347	95.112821	96.135804	90.441725	92.094685	94.306480	94.945408	95.903310	92.315338	86.951026	95.077622	102.151935
733.000000	90.252238	83.241562	92.778974	87.241865	80.118974	92.311189	87.318368	90.784359	89.842657	91.443380	88.824685	86.650000	87.938275	92.914569	92.022168	94.734312	88.707809	83.632284	93.202821	96.974103
734.000000	87.155548	79.923403	87.668275	85.709487	79.848159	90.185152	83.630466	85.862238	84.069720	86.839138	83.655664	83.137133	83.634149	88.858648	88.056993	89.490956	84.036037	83.892494	91.636270	90.096247
735.000000	83.293613	78.228019	83.300186	84.220536	78.404312	85.743403	79.714895	82.248578	81.170303	84.172914	78.844312	80.321072	79.911096	85.031002	83.183869	83.405408	78.292611	83.525571	88.062005	84.518531
736.000000	78.406270	77.658228	78.217529	80.793333	77.742751	83.521235	77.131958	79.866247	77.465105	80.622634	76.792401	77.071282	76.376364	82.035105	78.209464	77.891072	76.019557	83.160699	84.212075	79.335338
737.000000	75.072751	76.763310	72.765618	78.731725	77.272844	80.785058	73.545571	78.025315	72.199068	77.127436	74.208392	74.009510	72.991166	77.883007	73.506760	72.743753	74.291235	81.414009	79.198531	75.647949
738.000000	71.876946	75.895967	68.498648	75.669510	74.527949	75.476667	70.902238	76.265641	70.803916	73.200653	72.816550	70.472587	70.087646	74.207786	69.514802	69.672354	71.931981	76.934009	75.188135	71.503730
739.000000	69.977809	73.426177	66.733753	72.230886	71.548718	71.975991	68.610023	74.491399	66.907832	70.119580	71.085781	66.396597	68.434522	71.262121	67.440513	66.001399	70.153170	72.957249	73.014172	69.196340
740.000000	66.787063	70.619347	64.056853	69.541492	68.987366	68.247133	65.569953	73.717156	65.072797	67.998089	69.870326	63.679977	67.667995	66.451585	66.073730	64.969697	69.098089	69.101608	67.921282	68.900793
741.000000	63.632284	66.517506	63.225152	68.043963	64.207692	64.439371	62.886107	71.964359	62.836270	65.813170	67.705734	61.118858	65.428881	62.543636	65.929114	62.933706	67.228508	66.161096	65.568205	68.107855
742.000000	61.837762	63.552657	61.018205	63.844149	61.828648	63.418089	62.188951	70.807972	62.861585	64.530536	65.677086	58.226923	63.641166	60.030163	64.539394	60.944895	65.129837	61.504289	62.523916	66.363380
743.000000	59.068555	58.500420	58.452378	62.282378	59.353193	61.865455	61.293706	66.918345	61.786760	62.420909	61.025944	56.429021	61.783566	59.800956	62.236853	60.336014	63.756154	59.441888	60.902331	63.497786
744.000000	56.875641	54.991772	56.764499	59.012634	56.044895	59.236014	59.845548	64.195221	59.636270	61.418345	58.265082	53.243706	58.977273	58.508485	58.685781	58.330956	61.949277	58.408951	58.619091	60.419953
745.000000	55.296597	51.259580	53.792774	57.283357	53.563030	55.225361	57.302354	61.407179	60.943147	59.932098	55.092331	51.424429	56.680140	58.140350	55.653590	56.787016	58.394942	55.823613	55.091445	58.487063
746.000000	53.223357	48.634266	50.705618	54.467366	51.025967	54.880256	53.228741	58.691026	58.978951	56.551585	52.407040	49.843986	54.805897	57.681375	52.984918	53.274079	54.975408	54.041212	53.315012	56.111538
747.000000	51.070443	47.061166	47.819138	53.388881	49.165594	54.234639	49.770746	54.572564	56.420466	51.663566	51.801049	48.483543	52.572890	53.726177	51.195175	52.154103	52.005897	51.247506	51.797832	54.879534
748.000000	49.275688	46.548415	46.149580	51.475455	47.535431	52.645664	48.019207	50.721329	54.499604	48.083100	50.682564	47.409231	50.154942	51.593100	49.081305	50.369441	49.833193	49.019044	48.257739	52.898578
749.000000	48.044848	45.539068	44.986480	48.503963	45.479953	50.654895	46.569207	46.900233	52.816200	45.694289	49.080723	46.512541	48.595828	49.766061	46.601958	48.001119	48.427273	47.243893	45.967179	51.497669
750.000000	45.856340	44.004872	42.437622	46.649138	43.249977	47.190699	44.391958	44.904103	50.256970	44.746434	49.066037	45.596200	45.730559	45.834242	44.664545	46.756807	47.058834	45.938601	42.751841	50.188322
751.000000	44.309021	43.395058	40.878904	44.182331	42.136923	44.190699	43.119860	43.808252	48.611841	41.789231	47.111375	44.746970	42.996573	42.958695	42.894895	44.366970	45.093473	44.069720	39.928415	47.565478
752.000000	43.861585	44.270839	39.379860	42.259277	41.872191	43.252424	41.392727	43.281818	46.620420	41.218601	45.479324	44.308298	39.980536	41.087436	41.142191	41.789860	42.724802	41.170769	38.073916	45.374709
753.000000	42.021305	42.969464	39.051538	39.841026	41.089161	42.795198	39.658718	43.227762	43.198648	41.594382	42.894942	42.678462	38.621399	40.188648	39.397949	39.968322	40.743263	40.138438	37.617296	43.268508
754.000000	39.514662	40.841958	38.595478	37.292564	40.071026	40.353916	38.683683	43.077040	41.626480	43.160769	41.518671	40.554266	35.928438	38.773380	38.688625	39.183333	39.539371	38.698485	37.224755	41.102214
755.000000	37.316224	37.500420	37.853846	36.293636	38.617949	38.545664	36.250513	41.919557	40.065105	42.585897	38.843427	38.510280	35.242354	36.697413	39.513986	37.465152	38.513333	36.382005	36.555245	39.494009
756.000000	34.749557	35.228974	35.760513	33.791329	37.843007	37.639697	33.489021	39.371352	37.679324	39.772424	34.852960	36.373124	34.120793	35.727599	38.093846	34.933357	38.327413	34.963706	37.520793	37.744382
757.000000	31.728718	33.722098	33.937646	33.183846	37.962797	37.355524	31.475944	36.415338	35.073380	36.279977	34.890420	34.865804	33.875035	34.071422	37.256713	35.099161	38.091888	32.809767	38.445758	34.904569
758.000000	31.700932	32.348508	32.321981	31.474242	37.098485	36.745967	30.616037	34.764149	34.291515	35.456573	33.629044	34.367343	33.821958	32.434359	35.785058	33.140653	38.108065	31.865058	36.925152	32.114942
759.000000	30.967366	31.769138	31.701026	30.673566	35.315524	34.472564	30.222704	31.658788	33.542821	33.529557	32.860140	32.937483	32.173007	31.284359	33.822844	31.467786	37.857040	31.729161	35.348765	30.291562
760.000000	32.363287	30.059510	31.292261	29.663030	33.637832	32.466131	29.654452	29.032424	31.801608	31.486200	33.196270	31.920210	30.812191	30.991422	32.719860	30.090723	36.603380	31.849184	33.666830	28.020117
761.000000	33.584476	28.679371	31.360280	27.611142	31.305758	31.870513	30.127249	27.880629	30.656853	28.152214	31.765711	30.593846	29.166177	31.431142	30.955874	29.146061	33.803636	31.141678	30.957552	26.060559
762.000000	33.818904	28.773357	30.649557	27.375455	29.865967	30.680117	29.971049	27.506783	29.732657	27.008159	30.635524	29.608205	26.953380	30.790629	28.522611	27.085991	31.197995	31.179114	29.223986	25.412914
763.000000	32.704522	28.371235	28.500000	26.400396	28.730326	29.594988	30.254685	28.307832	28.774685	25.263543	28.740606	28.730326	26.766224	28.952937	26.091329	27.124196	28.330303	31.301865	27.305385	24.580909
764.000000	30.019534	27.898671	25.776061	25.983730	26.780653	27.776131	30.787669	28.877203	27.880979	24.000886	27.491702	28.560163	26.471399	26.718252	26.167529	27.868788	25.966970	29.411538	25.920210	23.802797
765.000000	27.381399	27.746573	23.824965	24.332564	25.761865	26.651422	29.429021	28.702145	25.853333	22.253683	26.419371	27.054592	27.155758	23.613590	25.822145	28.823497	25.524732	27.909044	24.458904	23.111002
766.000000	25.338881	27.380210	21.355921	22.326876	25.349324	24.343263	27.756270	27.839953	23.644895	21.015268	24.912751	25.396573	26.032098	22.316200	25.063054	27.758508	24.725501	25.901888	24.187902	22.607436
767.000000	23.606783	26.687739	19.785991	21.840629	24.377855	24.759161	26.738345	27.377809	23.639720	21.110979	24.685315	23.936014	25.577110	21.658904	24.766573	26.703566	23.687855	23.804406	24.706713	20.298601
768.000000	23.585385	25.644103	19.337855	20.858951	22.586876	23.433147	25.372354	25.796270	22.811072	22.391725	22.994848	23.141795	24.611981	20.514965	26.035804	24.887506	21.697646	22.986480	23.608275	19.996247
769.000000	21.710793	24.478182	20.768741	21.635921	21.812471	22.171422	23.168438	23.739883	22.004289	21.825618	22.398788	21.355221	23.063800	21.198042	25.626737	22.767692	21.152984	22.039371	23.195198	21.112657
770.000000	21.743660	21.949464	21.095245	20.597995	20.612145	21.045012	22.113427	22.409138	21.060816	21.595408	21.241212	19.807925	22.225221	22.226713	24.910420	20.879207	20.142634	20.475268	22.621678	21.297413
771.000000	21.170210	19.873939	20.562214	19.901772	18.670583	21.083380	20.565082	21.619557	20.315897	21.264848	20.505478	19.095291	20.549977	22.733660	24.206037	19.521725	19.076340	18.980559	21.360326	21.136177
772.000000	20.323823	18.988252	19.238135	18.921445	17.497506	20.629091	19.770256	20.850862	20.628345	20.938765	20.213543	19.601865	19.229231	20.784522	22.344522	18.140932	19.374242	17.420862	20.545478	21.827483
773.000000	19.472191	17.422308	17.545548	19.078275	17.629580	19.967622	18.848531	20.635967	20.958648	19.631935	18.445245	20.084485	19.009324	19.632238	19.908951	18.712261	19.013939	17.344149	19.441375	20.774452
774.000000	17.226597	15.646690	15.866364	19.117436	18.224522	19.435315	18.687110	19.717110	20.274755	19.182937	17.473776	19.533506	18.629417	17.881002	19.059441	18.931818	19.495128	16.219907	18.620769	19.549138
775.000000	15.899720	14.905897	15.057203	18.130839	18.988228	18.716597	18.035408	18.030070	19.853646	19.434988	18.683217	18.346303	18.111608	16.095501	18.023193	18.903869	19.811235	17.107450	17.805828	17.755524
776.000000	15.572657	14.354779	14.149744	17.545688	18.419254	18.151212	18.218788	17.210396	18.458657	18.946177	18.856410	16.929287	16.865897	14.547669	17.153193	17.451702	18.909044	16.409932	17.655338	17.024615
777.000000	15.908765	14.248508	14.644219	17.111119	18.244592	17.419441	17.905874	16.492517	17.528378	18.534242	17.482821	15.772853	16.103007	14.694452	16.570023	16.802238	18.439650	16.579594	17.668531	15.379837
778.000000	16.082424	14.193427	15.792331	16.136503	18.163147	16.237599	16.732448	14.297436	15.553203	18.017972	16.680000	14.999026	15.696224	14.138322	16.684625	15.822331	16.694779	16.415760	15.921515	15.073380
779.000000	15.793124	15.081818	16.897800	15.195385	17.348485	16.378718	15.845874	14.848951	13.567445	16.576224	16.526946	13.165401	15.480145	14.941450	14.500464	14.792191	16.416387	16.565100	14.159184	15.212937
780.000000	16.194266	15.308998	16.186016	13.817762	16.166340	16.083100	16.204159	16.117319	12.037748	15.388368	15.564802	11.922196	14.906287	14.370797	13.394671	13.242681	15.869114	15.710354	13.341865	15.214872
781.000000	16.186807	16.897086	15.791716	12.696131	15.994890	16.840723	15.192103	16.508392	11.826816	14.041515	15.482681	11.550972	13.891520	13.941613	14.198249	13.101305	14.047121	13.777627	14.121459	15.325991
782.000000	16.847203	17.681725	15.779979	11.111329	14.507385	17.107972	14.956862	16.145082	11.640569	13.016247	15.545571	12.621333	12.891415	12.603618	14.517086	12.687809	13.297203	12.827254	13.786401	15.939744
783.000000	16.405035	17.912928	15.277193	11.596107	13.072000	16.777483	13.772830	16.075548	12.607282	12.668858	15.718904	13.498431	12.235814	13.059888	13.567867	12.632145	13.624641	12.306019	13.219734	15.604159
784.000000	14.881329	17.242851	14.524641	12.044266	12.859366	15.573193	12.581000	15.591678	13.832340	12.940979	15.648881	12.973795	11.680406	12.554993	13.017576	13.265105	12.895399	11.385832	13.622392	14.972154
785.000000	13.854862	16.037312	13.551098	12.408392	12.331301	14.464196	11.705347	14.743473	14.958145	13.475361	16.054627	13.536599	9.951816	12.515809	13.337126	14.832476	12.487545	11.729515	13.900438	14.579963
786.000000	12.736797	14.150401	12.587252	13.620140	12.064424	13.570606	10.625965	14.441538	14.620608	13.389767	15.588746	13.196086	9.762900	11.620145	12.902103	15.728611	11.876168	11.029401	13.897699	14.332061
787.000000	12.239441	12.467559	12.683825	14.170909	12.384541	13.106312	9.769054	13.397883	13.336809	13.853753	13.686622	12.509536	10.754147	12.069235	12.446846	15.505266	11.775061	10.468606	14.033730	13.423389
788.000000	11.806538	10.708035	12.768394	14.454382	12.406639	12.605333	9.845009	11.957795	12.087951	14.165408	12.762075	12.716371	12.244886	12.468946	11.845016	14.758364	11.133510	10.193949	12.811212	12.473040
789.000000	10.794564	9.657709	12.629256	13.704191	12.638270	12.670904	10.927800	11.762096	10.976119	13.872378	11.511508	11.647389	13.264364	12.696545	11.643632	13.286107	9.942403	10.527480	11.648424	11.346816
790.000000	10.588781	8.673443	11.573520	11.999226	13.306103	12.864424	11.651459	11.027399	10.299492	13.934149	9.972718	10.698193	13.044396	12.574657	12.020263	10.989837	10.423324	9.499713	11.294464	11.644718
791.000000	9.615576	8.919636	11.834636	11.025450	13.992699	13.334471	11.979655	10.322072	9.266228	12.989744	8.816128	10.791040	11.938883	12.334737	12.385403	9.889128	10.342019	9.357233	10.663065	12.001963
792.000000	9.560692	8.359869	11.653669	10.329455	12.877040	13.574914	12.525138	10.249068	8.794163	11.678065	7.871508	10.507033	11.970051	11.082373	12.032128	7.998697	11.071739	10.019042	9.556170	12.096949
793.000000	9.039678	9.252783	11.323587	10.274459	11.890536	12.718084	12.827317	10.982161	8.943744	11.585734	7.712506	10.437049	11.462161	10.045240	11.742988	7.456233	12.593907	9.844713	8.962648	12.201354
794.000000	8.661974	9.879592	11.492643	9.826925	12.177483	12.027058	11.889054	10.730911	9.499548	12.544191	7.301387	9.492538	10.294837	9.138294	12.580944	8.712657	13.051324	10.703821	8.815620	11.922263
795.000000	9.218653	9.741527	11.011571	8.729594	11.885408	11.540965	10.816606	10.111960	9.957054	13.041741	7.455291	8.543448	8.694615	9.397361	12.636037	9.363786	14.196093	10.567445	8.790364	11.739312
796.000000	10.019541	9.928084	11.218527	8.568517	11.521352	11.048818	9.688242	9.890499	9.808149	13.749944	8.055916	6.869534	9.271613	9.246848	12.146886	9.803280	14.218513	10.260319	8.816282	11.145354
797.000000	10.921107	9.926923	11.511471	8.521773	11.347366	10.612476	8.897561	9.695712	9.985023	13.820923	8.587713	5.792506	10.202861	9.129904	11.543599	9.870444	13.661072	9.547963	9.051230	10.298910
798.000000	11.787524	9.628086	11.809688	8.532902	11.498601	10.253189	8.737091	9.542776	10.744611	12.845748	8.815277	5.815103	11.245625	8.980988	10.928249	9.372142	12.463566	8.375888	9.532872	9.184448
799.000000	12.482965	8.921615	12.032462	8.545448	12.110210	9.992210	9.499364	9.446867	12.343846	10.415490	8.503203	7.440063	12.157168	8.734559	10.402909	8.115238	10.565790	6.689608	10.298874	7.786434
800.000000	12.871601	7.697552	12.099077	8.502951	13.317343	9.850790	11.476909	9.423161	15.039664	6.121217	7.416084	11.170126	12.694755	8.325077	10.069650	5.906594	7.907538	4.434636	11.386902	6.089336
