475.0	330.5	323.5	331.2	336.0	327.1	289.5	317.2	286.7	301.1	307.9	298.0	305.8	304.1	314.6	291.0	312.8	322.2	320.9	306.0	309.2	
476.0	349.8	341.6	338.2	347.6	361.9	326.7	343.2	339.9	330.1	325.9	330.8	336.3	333.6	340.7	331.8	325.3	329.7	334.5	325.2	319.6	
477.0	385.5	385.1	382.7	380.3	380.9	380.8	379.8	377.9	380.5	365.8	369.5	383.9	370.4	369.2	373.3	366.7	369.7	371.5	368.6	368.8	
478.0	441.3	436.1	424.3	422.6	439.9	421.6	432.1	424.4	433.0	417.7	419.9	440.8	418.9	420.2	417.8	413.9	410.5	415.8	413.9	411.4	
479.0	483.6	491.0	479.1	478.2	477.6	492.0	488.7	474.4	482.1	475.4	468.0	478.5	481.1	480.2	469.5	469.0	456.6	462.6	455.5	468.6	
480.0	555.1	551.3	541.3	548.9	541.2	541.2	543.0	538.4	538.6	534.4	530.7	539.4	526.7	533.7	526.2	524.3	531.1	515.7	514.0	522.4	
481.0	635.7	615.9	606.2	619.3	605.0	606.2	603.7	605.9	607.0	601.5	613.7	601.9	594.8	607.5	595.9	589.0	584.7	578.8	585.2	580.9	
482.0	701.5	695.7	678.2	688.4	675.0	666.0	678.1	674.5	674.5	685.3	672.9	674.1	653.0	660.5	661.3	659.9	666.9	650.3	656.4	660.3	
483.0	779.4	782.1	767.3	750.9	764.8	752.0	763.6	756.9	751.4	757.1	754.8	735.0	744.8	741.9	753.5	735.6	743.9	725.4	740.3	739.9	
484.0	875.1	855.2	844.8	838.9	836.8	837.5	836.6	842.0	841.7	835.2	832.5	822.4	833.4	816.5	818.5	816.6	817.7	826.0	822.1	811.7	
485.0	977.5	963.6	944.4	938.2	945.0	923.5	962.1	932.4	937.2	921.4	915.6	920.4	932.5	908.1	910.2	909.7	911.3	901.0	896.3	898.5	
486.0	1078	1060	1046	1058	1053	1063	1061	1045	1041	1029	1048	1040	1024	1033	991.9	999.5	1033	1014	989.8	996.5	
487.0	1203	1181	1161	1151	1160	1134	1159	1156	1150	1149	1167	1161	1134	1128	1111	1097	1109	1130	1117	1115	
488.0	1326	1279	1286	1276	1263	1276	1284	1277	1268	1278	1262	1245	1256	1238	1238	1235	1236	1241	1233	1220	
489.0	1435	1426	1385	1409	1405	1380	1404	1384	1384	1372	1373	1380	1364	1369	1360	1353	1319	1342	1340	1334	
490.0	1570	1550	1535	1548	1542	1540	1537	1498	1506	1507	1490	1525	1514	1502	1472	1472	1472	1470	1473	1463	
491.0	1711	1736	1665	1671	1665	1669	1667	1667	1665	1655	1644	1636	1660	1632	1602	1609	1611	1603	1582	1607	
492.0	1872	1832	1818	1812	1793	1777	1797	1769	1792	1789	1793	1771	1776	1790	1742	1733	1737	1718	1714	1725	
493.0	1998	1955	1959	1976	1946	1945	1958	1926	1933	1927	1913	1922	1928	1913	1862	1869	1865	1874	1850	1854	
494.0	2158	2124	2122	2104	2061	2072	2066	2079	2085	2052	2040	2046	2063	2058	2025	1987	1991	2018	1981	1994	
495.0	2283	2288	2274	2237	2216	2224	2232	2212	2226	2209	2190	2188	2195	2156	2151	2138	2105	2140	2144	2136	
496.0	2453	2444	2407	2378	2363	2359	2358	2365	2349	2343	2326	2342	2338	2283	2297	2264	2249	2259	2255	2259	
497.0	2593	2557	2499	2504	2517	2534	2477	2464	2488	2446	2469	2486	2443	2429	2436	2372	2389	2387	2392	2397	
498.0	2717	2706	2627	2669	2616	2601	2611	2590	2614	2605	2620	2564	2562	2578	2543	2511	2521	2496	2475	2532	
499.0	2858	2810	2788	2800	2723	2749	2736	2695	2732	2708	2724	2675	2709	2655	2674	2628	2683	2613	2638	2634	
500.0	2981	2925	2902	2865	2852	2870	2869	2840	2842	2851	2846	2803	2801	2766	2774	2744	2759	2757	2743	2759	
501.0	3082	3066	3006	2952	2961	2966	2926	2948	2962	2962	2944	2940	2929	2904	2893	2857	2832	2874	2862	2825	
502.0	3163	3134	3103	3108	3084	3071	3075	3076	3035	3044	3054	3035	3025	2980	2983	2953	2973	2952	2969	2946	
503.0	3262	3208	3193	3199	3143	3172	3152	3137	3163	3162	3136	3149	3077	3082	3081	3036	3075	3024	3066	3038	
504.0	3330	3320	3269	3279	3240	3256	3253	3232	3222	3250	3240	3192	3200	3151	3180	3133	3123	3099	3115	3135	
505.0	3419	3396	3351	3326	3336	3349	3349	3309	3301	3311	3288	3295	3253	3246	3201	3211	3178	3184	3169	3182	
506.0	3468	3484	3387	3386	3397	3360	3373	3368	3328	3348	3350	3318	3321	3313	3287	3307	3238	3220	3249	3274	
507.0	3552	3546	3464	3443	3440	3450	3426	3421	3418	3406	3429	3378	3407	3364	3324	3288	3284	3268	3329	3363	
508.0	3603	3604	3504	3503	3483	3498	3431	3453	3443	3463	3452	3432	3426	3419	3346	3360	3342	3310	3403	3339	
509.0	3626	3608	3520	3562	3506	3512	3482	3544	3477	3496	3447	3471	3459	3439	3401	3389	3361	3326	3416	3364	
510.0	3667	3599	3560	3581	3539	3537	3523	3514	3482	3521	3473	3474	3468	3453	3450	3428	3422	3421	3383	3408	
511.0	3675	3618	3593	3592	3577	3481	3554	3504	3557	3568	3512	3498	3504	3465	3445	3427	3500	3442	3402	3421	
512.0	3688	3657	3594	3551	3560	3573	3595	3548	3548	3530	3527	3511	3517	3507	3436	3413	3430	3415	3423	3425	
513.0	3687	3683	3588	3559	3552	3595	3600	3566	3555	3547	3522	3522	3506	3527	3455	3454	3457	3440	3409	3447	
514.0	3705	3669	3594	3594	3581	3559	3532	3541	3530	3552	3534	3529	3518	3482	3443	3468	3447	3415	3408	3442	
515.0	3644	3638	3553	3562	3593	3541	3551	3510	3527	3519	3510	3521	3519	3458	3436	3475	3422	3405	3418	3424	
516.0	3665	3596	3569	3541	3537	3541	3523	3505	3483	3491	3464	3510	3491	3471	3445	3450	3404	3403	3405	3362	
517.0	3622	3572	3521	3503	3519	3518	3475	3481	3484	3473	3468	3458	3436	3421	3393	3379	3372	3396	3379	3337	
518.0	3581	3562	3553	3475	3470	3453	3464	3453	3438	3450	3455	3429	3436	3363	3371	3344	3349	3372	3319	3349	
519.0	3554	3508	3521	3460	3453	3402	3426	3410	3406	3417	3422	3412	3401	3351	3334	3303	3307	3266	3268	3320	
520.0	3495	3493	3429	3442	3383	3413	3379	3356	3362	3368	3362	3344	3359	3335	3316	3265	3296	3224	3267	3282	
521.0	3445	3465	3367	3396	3362	3348	3319	3272	3324	3324	3302	3276	3303	3290	3295	3247	3232	3194	3230	3217	
522.0	3430	3357	3284	3297	3295	3290	3334	3243	3276	3258	3253	3222	3236	3221	3186	3190	3153	3153	3198	3186	
523.0	3357	3295	3254	3245	3218	3218	3261	3162	3230	3225	3202	3177	3200	3157	3139	3105	3090	3115	3145	3090	
524.0	3285	3203	3171	3179	3176	3149	3191	3126	3175	3146	3127	3112	3123	3049	3077	3014	3065	3062	3056	3054	
525.0	3166	3173	3134	3091	3128	3088	3055	3045	3113	3024	3115	3043	3025	3012	3021	2971	2985	2983	2972	2979	
526.0	3080	3073	3076	3058	2989	3012	2979	2999	3021	2964	2990	2978	2965	2935	2931	2905	2892	2910	2892	2901	
527.0	2988	2994	2948	2968	2943	2938	2925	2899	2925	2913	2856	2905	2878	2864	2851	2851	2828	2840	2803	2816	
528.0	2958	2897	2889	2868	2871	2900	2844	2824	2834	2854	2813	2814	2815	2784	2768	2764	2735	2729	2715	2736	
529.0	2888	2835	2772	2805	2748	2797	2761	2740	2736	2757	2718	2723	2732	2691	2675	2673	2670	2646	2664	2671	
530.0	2797	2765	2697	2690	2651	2692	2687	2663	2690	2639	2649	2666	2670	2629	2585	2638	2592	2577	2605	2585	
531.0	2667	2665	2630	2605	2602	2593	2590	2588	2590	2580	2560	2583	2579	2522	2543	2518	2509	2498	2511	2502	
532.0	2577	2581	2539	2523	2515	2506	2503	2484	2499	2479	2490	2472	2468	2457	2446	2414	2429	2431	2414	2395	
533.0	2509	2487	2420	2430	2433	2441	2386	2386	2400	2401	2395	2391	2376	2399	2367	2351	2348	2311	2358	2357	
534.0	2423	2402	2341	2342	2323	2338	2323	2293	2328	2316	2324	2301	2273	2302	2292	2278	2227	2265	2274	2261	
535.0	2351	2310	2282	2274	2249	2263	2258	2220	2215	2232	2247	2226	2237	2218	2191	2150	2174	2190	2187	2157	
536.0	2255	2223	2183	2193	2190	2152	2181	2161	2146	2149	2152	2138	2143	2112	2124	2102	2101	2100	2107	2116	
537.0	2167	2127	2093	2114	2105	2092	2108	2084	2104	2060	2077	2050	2050	2043	2048	2020	2033	2022	2007	2036	
538.0	2084	2053	2046	2046	2044	2015	2040	2010	2029	2007	2002	1984	1991	2019	1947	1952	1943	1990	1948	1945	
539.0	2015	2021	1987	1969	1956	1956	1959	1926	1930	1939	1919	1920	1921	1922	1886	1875	1868	1874	1848	1874	
540.0	1954	1942	1911	1911	1883	1901	1884	1884	1872	1871	1848	1856	1855	1843	1824	1825	1820	1808	1816	1795	
541.0	1875	1881	1822	1820	1808	1796	1800	1804	1800	1800	1797	1797	1757	1788	1758	1748	1745	1740	1756	1748	
542.0	1802	1813	1751	1743	1734	1752	1754	1722	1726	1744	1724	1717	1706	1700	1693	1707	1677	1694	1699	1692	
543.0	1729	1722	1719	1687	1691	1703	1667	1693	1669	1657	1657	1657	1666	1636	1657	1624	1602	1638	1617	1614	
544.0	1668	1645	1625	1620	1612	1629	1642	1624	1622	1633	1602	1602	1598	1583	1569	1554	1560	1567	1536	1557	
545.0	1620	1592	1582	1557	1544	1552	1570	1582	1540	1568	1564	1525	1566	1513	1529	1501	1506	1495	1513	1508	
546.0	1561	1540	1531	1522	1512	1487	1480	1490	1486	1486	1472	1475	1497	1486	1464	1465	1466	1444	1472	1448	
547.0	1495	1503	1458	1452	1473	1444	1451	1445	1449	1418	1430	1437	1411	1417	1414	1416	1401	1373	1395	1382	
548.0	1438	1444	1425	1420	1402	1399	1398	1388	1380	1382	1388	1374	1348	1360	1370	1360	1369	1351	1330	1363	
549.0	1403	1374	1359	1364	1357	1361	1358	1368	1350	1346	1337	1320	1318	1325	1310	1317	1294	1297	1304	1290	
550.0	1345	1329	1311	1315	1304	1290	1285	1286	1291	1299	1278	1284	1292	1263	1251	1269	1236	1262	1252	1251	
551.0	1289	1273	1271	1248	1247	1235	1230	1245	1237	1233	1221	1238	1231	1222	1220	1210	1187	1199	1209	1206	
552.0	1247	1215	1210	1199	1193	1177	1186	1188	1201	1171	1174	1190	1189	1179	1166	1164	1145	1150	1169	1160	
553.0	1187	1163	1166	1154	1129	1152	1138	1141	1129	1141	1138	1159	1131	1117	1118	1103	1111	1113	1104	1123	
554.0	1151	1121	1128	1117	1108	1122	1116	1085	1111	1105	1094	1084	1095	1092	1068	1045	1072	1069	1067	1049	
555.0	1100	1087	1074	1071	1057	1051	1042	1057	1071	1072	1037	1044	1033	1031	1015	1028	1020	1028	1039	1027	
556.0	1057	1029	1027	1036	1027	1008	1025	1003	1017	1010	1005	1015	1002	996.5	994.0	989.7	1005	983.3	987.5	984.8	
557.0	1015	1014	985.7	995.7	976.3	972.6	977.6	978.6	959.6	978.9	980.5	957.8	952.6	961.1	959.5	946.1	950.1	935.4	936.4	931.1	
558.0	960.3	947.9	944.2	950.3	929.5	924.0	918.2	933.2	916.1	919.9	931.8	915.6	932.6	937.9	919.1	906.9	916.9	896.3	899.7	900.5	
559.0	929.6	920.2	917.0	909.9	892.9	899.9	888.1	901.1	894.8	882.0	891.9	880.0	881.6	881.3	883.3	860.6	858.2	872.2	867.9	867.3	
560.0	874.6	883.3	876.0	874.2	849.1	862.5	870.3	862.1	873.2	851.8	865.5	851.3	851.4	841.2	849.1	842.6	837.6	830.6	845.7	834.9	
561.0	846.1	849.7	840.2	836.0	835.7	836.5	826.1	849.7	850.0	827.2	827.3	806.1	813.9	797.8	804.6	807.5	809.4	814.0	804.7	797.6	
562.0	821.2	797.3	815.9	808.4	795.5	817.7	797.0	799.3	799.1	792.8	781.6	785.8	789.0	777.6	757.8	789.7	777.5	766.3	761.2	775.0	
563.0	798.6	774.9	780.3	777.3	768.0	766.8	779.3	766.8	757.7	760.8	745.6	745.1	761.2	742.8	753.0	749.4	733.4	734.8	723.4	744.7	
564.0	769.3	742.4	743.4	738.0	737.0	740.1	744.3	722.7	727.0	727.2	716.7	724.8	724.7	712.7	708.3	712.8	723.2	713.4	693.3	718.8	
565.0	737.8	728.0	711.2	712.4	692.6	702.4	704.7	696.6	696.9	689.9	697.1	700.8	704.5	692.9	684.8	697.6	692.7	688.2	678.7	690.9	
566.0	701.5	692.3	689.2	678.6	682.5	674.7	685.0	676.8	667.5	656.0	665.6	686.2	651.9	669.3	652.6	648.3	650.0	658.7	650.3	653.5	
567.0	665.4	648.2	645.0	650.9	649.4	648.9	644.7	629.9	650.8	648.3	650.9	634.5	648.3	636.5	629.6	624.4	614.6	633.4	613.0	628.3	
568.0	637.2	638.6	615.7	613.4	619.1	637.4	620.3	619.3	616.9	604.6	602.6	617.7	611.4	597.4	601.9	585.7	598.7	601.3	599.9	604.3	
569.0	620.4	602.9	600.3	582.3	591.6	599.5	589.5	589.6	585.5	583.6	578.3	591.4	586.3	566.5	580.1	575.2	575.1	576.5	580.0	571.6	
570.0	574.2	576.3	570.9	577.7	564.1	568.4	570.2	563.0	549.8	557.9	550.9	569.1	550.8	555.5	537.3	537.8	558.9	553.5	551.2	539.4	
571.0	557.3	559.6	529.1	549.1	529.2	545.1	524.7	539.8	533.4	533.0	526.1	528.4	523.2	520.8	523.8	516.4	530.2	516.3	529.4	526.1	
572.0	535.6	513.8	515.8	526.8	517.8	514.2	504.4	496.3	496.8	510.4	503.4	504.7	505.4	505.1	497.4	503.9	506.5	501.0	497.6	503.6	
573.0	508.8	490.1	487.3	492.2	493.3	495.3	482.4	487.4	482.6	487.4	481.9	494.4	473.5	478.7	475.1	473.8	462.3	476.5	466.4	479.0	
574.0	481.2	475.3	467.9	465.4	461.4	464.3	470.5	474.2	475.1	465.7	461.7	467.6	459.8	452.6	449.9	451.0	450.5	447.3	445.7	447.2	
575.0	459.3	454.5	457.7	441.3	436.1	444.9	455.6	441.6	448.7	443.9	441.4	445.0	441.3	443.1	434.3	433.1	428.5	435.0	432.1	429.6	
576.0	441.3	447.3	429.3	428.4	424.5	428.3	434.6	418.4	418.8	411.1	414.8	423.7	412.7	419.5	417.4	409.8	414.3	409.0	401.9	409.1	
577.0	414.7	427.9	411.0	409.0	398.4	407.4	413.5	397.5	410.0	402.0	401.3	394.4	397.4	407.7	393.5	385.9	384.9	395.7	386.8	384.7	
578.0	402.1	393.0	390.0	400.9	388.8	388.2	385.6	378.3	381.2	376.8	382.6	380.3	375.7	375.3	370.7	377.3	365.8	378.7	372.0	363.3	
579.0	376.6	372.2	373.4	375.0	370.0	365.8	368.9	361.6	367.3	367.2	375.5	365.1	361.6	371.1	352.2	360.6	352.2	360.9	354.1	349.7	
580.0	350.6	362.9	348.7	341.2	358.9	347.2	353.5	350.8	353.1	356.0	357.9	355.6	339.5	346.1	341.5	345.5	345.4	341.5	333.6	333.8	
581.0	346.9	347.6	331.6	327.5	339.3	333.5	322.7	327.9	331.7	326.9	328.9	329.9	321.7	322.4	319.8	323.0	323.5	332.5	319.0	334.0	
582.0	329.2	328.3	325.2	320.2	319.8	317.0	312.5	314.5	322.0	315.7	319.6	311.1	310.9	315.8	304.9	301.1	309.8	304.9	315.6	304.3	
583.0	320.5	313.6	300.3	302.5	313.5	310.4	306.4	295.3	293.8	304.4	297.5	304.1	306.0	304.2	289.4	296.9	292.8	279.7	293.2	297.3	
584.0	293.1	304.7	285.5	287.2	298.4	285.0	281.9	286.1	283.4	285.3	291.1	286.4	291.9	288.8	287.7	284.8	282.0	286.6	283.1	282.3	
585.0	281.1	289.8	279.8	273.2	281.9	277.7	269.2	275.5	275.2	277.9	273.6	273.7	277.5	277.4	268.8	273.1	275.8	274.5	270.0	256.2	
586.0	274.4	259.5	256.1	258.7	272.9	268.1	254.6	261.0	273.8	252.8	256.4	259.4	270.3	255.3	265.5	257.8	249.9	250.8	258.8	253.9	
587.0	258.9	248.2	246.9	253.9	247.9	242.2	251.2	249.1	256.5	245.5	247.2	251.7	251.4	238.3	242.7	236.4	240.2	243.1	240.9	246.5	
588.0	253.5	243.3	237.9	244.1	230.9	233.4	236.7	241.1	239.3	235.2	233.7	240.2	238.0	227.8	234.3	228.4	229.6	229.1	233.2	230.1	
589.0	239.2	239.3	227.6	229.4	226.2	232.5	230.3	223.3	233.1	223.1	223.6	230.6	217.9	217.6	220.2	225.7	220.8	221.9	223.4	215.9	
590.0	229.5	224.7	222.3	221.4	211.7	220.4	210.1	223.4	222.3	215.9	218.0	222.3	215.2	213.8	218.3	215.6	210.8	211.4	207.7	212.4	
591.0	218.0	209.0	205.5	211.2	212.7	209.9	203.8	203.9	208.2	208.7	207.9	209.2	210.4	203.6	201.2	202.9	201.4	202.4	198.5	204.9	
592.0	201.7	211.2	198.5	197.3	199.1	200.4	198.6	195.0	200.0	205.6	190.9	191.8	200.3	190.3	198.1	196.8	199.0	189.5	187.3	195.6	
593.0	191.6	189.3	195.2	187.1	192.5	195.8	189.8	196.0	187.1	184.4	187.7	186.4	182.4	191.6	189.7	185.1	192.8	189.1	186.4	184.9	
594.0	186.1	184.4	183.7	176.3	182.1	178.2	178.8	180.2	180.7	174.8	179.0	183.1	173.7	181.7	173.9	173.5	181.5	177.2	170.0	176.6	
595.0	179.6	180.3	172.4	172.7	166.0	172.3	173.0	179.2	169.9	171.8	172.9	172.6	172.2	172.6	172.1	163.6	165.3	170.6	160.0	166.9	
596.0	161.2	170.5	166.7	166.0	162.8	167.8	172.1	158.3	166.6	164.6	161.7	165.3	167.4	163.3	158.5	163.5	165.3	159.4	160.3	162.2	
597.0	165.7	165.9	158.0	157.8	160.0	159.7	162.7	156.2	156.1	155.2	156.7	152.5	151.9	154.4	151.5	160.9	154.7	152.7	161.8	162.4	
598.0	159.9	150.5	148.6	154.6	152.4	155.9	153.0	152.5	157.5	154.5	152.9	149.7	144.8	147.5	146.2	146.4	143.3	144.0	153.4	152.2	
599.0	146.7	146.0	147.5	138.5	142.1	146.4	150.9	148.1	143.4	144.9	146.9	144.6	144.9	135.1	137.5	140.1	138.3	136.2	139.6	138.3	
600.0	145.0	148.5	135.8	135.2	134.5	140.2	139.5	137.1	139.6	135.8	133.2	132.4	137.6	136.2	131.3	130.8	135.5	132.1	133.3	132.8	
601.0	131.4	145.6	136.1	130.9	134.2	136.7	131.4	137.4	129.0	129.9	128.5	127.5	126.3	124.2	134.3	131.9	131.8	122.9	128.9	126.1	
602.0	128.6	137.8	134.3	129.3	122.2	125.5	123.4	129.8	122.0	126.6	118.8	126.6	118.8	120.6	125.8	121.0	125.9	121.5	126.2	119.6	
603.0	127.7	123.4	125.0	123.2	123.0	118.1	116.8	112.3	116.9	118.4	119.7	116.5	113.6	119.1	123.3	123.5	121.4	119.6	122.5	122.4	
604.0	115.9	123.3	115.7	120.2	116.0	114.3	118.2	114.5	109.9	118.6	116.1	113.4	116.4	112.6	113.7	113.2	120.9	109.3	119.6	111.2	
605.0	116.8	112.4	109.1	113.9	107.4	107.2	105.7	114.6	109.0	108.8	112.7	105.9	104.9	104.5	110.1	105.1	103.8	104.6	107.2	105.2	
606.0	104.6	107.1	103.1	107.1	106.2	104.9	102.0	107.2	103.1	104.0	108.4	106.3	104.5	104.5	96.93	97.14	99.63	99.94	101.7	101.4	
607.0	103.6	103.8	100.3	93.60	101.4	102.2	97.92	106.2	98.01	98.72	99.59	99.02	100.9	100.0	96.54	96.90	96.59	94.16	94.71	104.6	
608.0	99.68	96.50	96.95	99.37	90.85	100.4	92.01	93.80	95.90	97.11	90.48	97.27	96.86	96.13	93.54	93.54	94.41	93.10	92.42	91.80	
609.0	94.56	93.08	85.81	92.82	90.73	91.66	88.24	90.07	90.76	93.90	87.97	95.28	90.72	87.42	88.81	88.70	95.00	92.04	86.62	92.06	
610.0	90.11	87.89	81.81	92.53	85.17	88.98	90.33	90.34	84.32	86.16	82.22	85.97	87.66	85.26	86.60	85.53	90.39	88.08	83.08	85.96	
611.0	84.51	85.64	81.58	86.98	82.42	82.57	86.82	81.96	82.56	79.51	79.82	83.17	79.60	80.81	84.91	84.88	79.47	81.42	85.38	85.00	
612.0	83.75	78.89	81.08	82.51	78.96	77.60	81.21	80.31	75.73	81.34	79.66	79.70	76.40	79.46	80.61	76.26	77.16	81.65	75.82	79.11	
613.0	83.85	79.23	77.47	79.03	75.32	75.59	77.40	80.53	71.82	75.91	75.74	74.31	76.77	75.53	71.45	71.78	75.93	69.88	73.35	78.12	
614.0	76.85	74.39	73.63	76.24	75.21	75.53	72.61	74.21	72.24	74.08	70.19	74.39	67.39	70.23	69.18	73.14	68.12	69.70	70.60	75.07	
615.0	68.07	72.12	70.73	69.61	67.20	71.61	66.09	66.36	72.02	67.08	71.32	68.19	66.43	70.38	70.70	68.97	64.71	63.35	67.65	66.13	
616.0	62.28	70.51	67.27	69.32	62.39	63.08	70.14	67.35	61.65	66.61	61.92	64.85	63.38	64.22	66.08	64.55	62.08	63.11	64.97	59.27	
617.0	61.50	63.72	63.68	64.73	63.77	62.11	68.31	66.87	65.55	65.27	59.63	65.17	62.40	61.08	63.70	61.26	63.72	56.83	63.26	56.11	
618.0	64.42	67.50	63.35	63.05	59.69	62.72	61.35	61.92	59.33	55.02	60.02	62.30	62.97	55.33	59.35	59.97	58.14	56.21	58.64	60.64	
619.0	59.89	60.32	57.53	57.69	57.85	59.18	57.01	55.66	57.60	57.37	61.85	58.35	57.28	56.58	56.12	58.28	57.59	52.57	55.19	56.84	
620.0	53.68	56.80	54.80	54.18	59.83	58.08	56.91	54.68	53.53	55.35	54.56	56.08	53.29	48.68	56.59	55.76	53.72	51.30	54.70	53.82	
621.0	55.92	51.87	49.46	51.21	54.22	52.60	51.27	56.14	51.47	49.77	51.24	53.75	50.55	51.68	51.95	51.61	50.72	50.93	48.89	46.44	
622.0	53.87	51.96	48.35	47.76	48.75	50.41	47.52	49.11	52.39	48.23	47.47	50.68	50.75	51.26	48.67	48.76	47.20	51.57	48.44	49.19	
623.0	51.02	53.79	47.13	48.77	47.42	46.62	43.91	46.34	45.89	47.09	47.51	47.06	46.56	47.38	48.92	49.15	47.16	47.63	45.09	43.50	
624.0	46.51	48.18	45.73	49.04	46.51	41.61	43.81	47.41	44.55	43.00	44.18	47.38	43.98	42.50	42.11	43.44	41.27	45.83	43.60	44.08	
625.0	44.40	48.23	43.76	46.14	41.56	40.17	41.47	45.19	41.48	45.48	47.16	44.86	42.60	42.78	39.81	43.62	41.81	40.18	42.26	46.10	
626.0	38.05	45.06	42.91	41.25	38.89	41.79	41.90	43.37	41.15	39.86	42.88	39.66	38.99	42.02	38.96	38.66	41.52	38.27	37.88	40.61	
627.0	38.98	40.02	41.35	38.30	38.57	38.31	40.85	40.89	36.20	40.07	39.01	43.16	34.19	38.94	38.68	34.76	36.53	39.26	37.91	38.19	
628.0	38.95	38.39	39.80	37.05	35.03	37.35	36.09	36.19	41.75	37.81	35.85	38.46	35.28	37.78	35.76	34.78	34.19	35.50	37.19	34.43	
629.0	37.83	36.29	35.60	35.78	34.55	39.47	33.40	34.44	36.91	32.97	35.61	32.73	36.14	36.12	35.66	36.58	32.85	33.41	35.93	35.03	
630.0	34.75	33.38	33.40	35.22	33.51	32.55	35.98	33.79	36.54	31.06	33.47	29.61	35.55	36.30	32.75	37.53	34.67	31.00	32.33	32.25	
631.0	33.15	30.96	33.12	34.41	31.30	32.92	31.83	33.24	32.24	28.29	32.56	31.22	30.79	31.86	29.20	31.46	29.60	31.05	32.59	30.91	
632.0	30.67	32.03	30.08	28.78	33.19	33.73	33.27	30.98	32.71	31.60	32.81	31.27	31.00	29.45	30.03	30.70	32.30	31.43	28.62	31.07	
633.0	29.76	29.12	25.00	30.35	31.75	27.62	31.88	30.95	31.66	27.73	28.05	29.47	31.48	28.70	29.36	29.07	30.83	31.71	28.05	28.24	
634.0	28.25	25.04	24.41	29.88	27.87	29.96	28.64	30.62	27.79	28.39	28.97	28.21	27.58	25.22	26.37	27.13	27.77	28.53	27.48	29.16	
635.0	28.15	26.96	27.14	24.75	24.97	26.86	26.37	26.94	25.40	27.97	28.04	26.60	28.02	25.35	27.02	25.50	25.82	27.43	26.24	27.13	
636.0	24.33	25.99	25.96	26.44	26.10	27.11	27.54	26.34	24.98	26.37	25.81	25.59	26.76	24.26	25.45	25.19	24.32	26.50	26.87	25.67	
637.0	24.99	24.23	22.83	24.21	24.85	24.71	22.59	23.77	24.28	23.36	24.41	26.14	22.50	24.14	25.04	23.97	23.96	25.75	21.07	24.68	
638.0	25.91	24.19	23.17	26.66	24.90	22.51	21.35	22.23	22.65	23.69	22.69	23.33	20.80	23.54	22.14	20.85	22.46	20.69	22.14	22.68	
639.0	24.22	20.93	24.40	22.52	20.36	23.98	22.19	24.10	21.94	22.16	21.66	22.32	22.82	23.79	19.95	21.79	19.95	22.12	22.72	23.08	
640.0	22.04	21.70	20.98	22.44	20.12	21.71	21.52	23.81	21.33	18.70	23.25	20.29	20.59	21.92	20.95	21.79	17.88	20.34	20.45	21.12	
641.0	22.24	20.83	21.57	22.27	20.94	20.76	20.40	19.36	18.88	19.21	19.98	19.42	19.91	19.00	20.71	18.75	18.16	19.87	20.72	21.71	
642.0	20.97	20.45	17.13	20.37	19.64	19.96	19.39	18.16	19.22	18.56	18.41	19.55	18.17	20.20	18.72	21.28	16.33	20.08	19.88	19.36	
643.0	20.43	18.98	18.89	20.86	20.37	19.68	17.49	18.37	19.81	18.96	18.89	19.05	19.57	18.38	18.81	17.12	16.97	18.94	17.11	18.05	
644.0	18.77	16.14	18.17	18.34	16.04	18.26	16.07	18.44	15.78	17.13	17.94	17.29	18.70	19.27	18.58	17.62	14.87	17.32	18.66	18.53	
645.0	16.10	16.89	18.08	18.51	16.12	15.71	18.37	17.71	17.52	15.11	17.38	18.90	16.26	17.08	18.26	16.14	14.04	14.70	16.57	16.30	
646.0	15.67	17.25	16.02	18.60	16.85	16.48	16.53	16.77	14.80	15.39	16.66	15.62	15.74	14.85	16.66	14.78	16.75	15.91	14.78	15.27	
647.0	15.49	15.69	14.42	14.90	17.28	14.46	16.66	13.24	12.26	16.33	15.50	14.59	15.32	15.45	15.58	17.13	13.15	15.57	15.31	17.88	
648.0	16.13	15.70	12.64	14.18	14.94	14.81	15.18	14.27	13.59	15.12	16.30	16.21	14.54	13.01	14.66	14.90	13.81	16.47	15.35	13.85	
649.0	13.12	16.42	15.97	11.76	13.67	11.76	14.76	14.36	14.45	15.36	14.31	14.04	13.12	16.05	13.70	15.20	14.32	14.94	14.68	14.72	
650.0	13.59	14.44	13.76	14.86	12.79	13.32	13.85	13.94	12.77	15.35	12.73	14.16	14.58	14.01	11.69	16.17	13.74	16.18	15.27	13.43	
651.0	16.95	13.66	12.57	13.08	13.09	11.65	13.07	13.04	12.88	12.98	12.92	13.44	14.71	13.64	13.85	13.91	12.20	12.39	13.65	14.73	
652.0	16.66	13.20	13.58	11.80	13.35	11.93	13.51	12.42	11.17	14.03	11.09	13.20	12.85	13.34	11.79	12.13	14.14	12.45	12.93	12.07	
653.0	13.93	12.95	14.68	12.25	12.67	11.68	11.91	11.35	12.31	12.34	11.17	12.61	11.35	12.66	11.96	14.33	11.44	12.52	11.97	11.40	
654.0	12.05	11.19	13.05	12.71	13.27	10.49	11.34	11.89	12.81	11.10	10.40	12.75	14.35	10.92	11.74	12.19	9.798	12.09	12.44	10.53	
655.0	11.34	9.090	13.11	11.30	9.594	12.78	11.43	11.74	12.61	12.38	11.73	13.23	10.75	9.539	10.95	11.23	10.27	11.08	11.79	11.29	
656.0	11.85	10.74	13.26	12.95	11.02	12.31	10.77	13.38	11.31	12.80	13.69	10.15	11.77	11.65	9.984	11.71	12.35	10.73	11.12	10.83	
657.0	12.67	10.79	11.74	10.90	10.76	12.64	9.557	13.12	13.72	13.21	11.51	10.35	10.04	11.66	11.03	10.25	10.96	10.71	10.91	10.10	
658.0	10.93	11.03	10.57	9.092	11.25	10.66	9.536	9.485	11.59	10.09	10.74	9.942	10.87	11.73	9.425	10.27	9.763	10.06	11.05	10.66	
659.0	9.933	11.24	11.41	10.04	10.96	10.33	11.20	12.57	9.750	8.454	12.94	10.53	9.413	8.699	10.20	11.06	12.32	10.31	10.26	11.64	
660.0	11.40	10.11	10.42	9.759	11.30	9.305	10.16	11.95	10.44	10.01	10.34	9.358	11.97	10.81	10.32	9.880	11.66	11.61	10.92	10.89	
661.0	8.597	9.971	9.872	10.79	10.17	8.430	10.87	11.57	11.67	9.384	10.63	10.71	9.127	13.43	10.58	8.849	8.846	10.20	10.32	13.15	
662.0	8.960	9.744	9.692	10.94	8.920	10.83	12.30	9.694	8.699	10.87	10.95	10.74	11.64	10.70	9.878	9.776	9.020	8.914	9.349	10.75	
663.0	8.420	9.667	9.667	11.38	11.65	10.33	8.792	12.21	7.826	9.823	11.19	9.971	12.94	9.504	9.918	12.40	10.09	8.636	8.417	11.39	
664.0	9.314	9.184	9.742	9.057	9.901	8.887	10.08	10.85	10.14	9.605	9.912	8.129	10.31	10.42	11.05	10.29	7.760	7.812	8.711	8.777	
665.0	10.15	8.915	10.73	9.845	11.36	9.939	7.949	10.71	10.21	8.996	10.51	9.374	10.67	10.34	10.88	9.514	9.615	9.376	10.34	8.476	
666.0	9.630	8.332	10.31	8.007	11.26	9.064	8.909	8.191	11.57	8.665	9.889	11.00	12.01	8.265	11.82	8.763	9.350	8.231	9.511	8.445	
667.0	10.04	8.459	9.864	8.473	9.357	9.290	8.370	9.489	9.203	9.590	9.000	7.188	9.212	9.543	9.717	9.412	9.367	7.811	8.708	6.721	
668.0	9.020	9.130	11.09	9.390	8.151	9.604	9.585	9.935	8.761	7.960	9.002	8.022	9.383	9.074	9.593	8.230	7.220	11.27	7.912	9.637	
669.0	7.517	8.097	10.68	9.266	7.852	7.591	9.170	7.718	9.647	7.661	8.476	8.285	8.564	9.200	8.432	8.494	8.660	9.399	9.061	8.280	
670.0	8.399	7.149	8.973	7.978	8.122	8.157	9.358	7.475	10.69	7.927	7.196	7.625	6.925	8.736	8.552	9.206	8.318	9.655	7.811	7.592	
671.0	7.780	8.379	9.129	8.833	7.483	8.757	7.793	7.382	8.454	10.08	8.309	7.580	8.069	8.198	8.722	7.315	9.162	8.813	7.215	8.809	
672.0	6.437	7.362	8.804	8.782	8.791	7.986	8.064	9.116	7.275	7.382	9.078	8.700	8.075	8.339	8.010	7.298	8.148	9.075	8.135	7.943	
673.0	7.620	6.085	7.685	8.297	7.028	9.241	7.788	6.556	5.450	7.033	7.945	6.407	7.337	8.337	7.438	6.523	7.162	7.853	9.673	6.302	
674.0	6.609	7.234	7.536	7.157	7.143	8.066	7.694	7.389	8.635	8.539	6.294	6.456	7.791	6.181	8.206	7.642	6.463	6.927	8.031	7.198	
675.0	6.994	5.745	5.699	6.037	6.485	8.050	7.376	7.697	6.897	7.604	7.695	8.380	6.688	5.970	7.116	4.751	6.738	7.357	6.784	7.144	
676.0	6.048	5.383	8.455	4.415	8.297	5.412	5.388	6.902	7.024	7.439	6.581	6.987	5.610	6.775	7.791	6.380	6.497	5.682	6.077	7.581	
677.0	5.410	6.586	6.698	5.229	8.223	5.785	7.678	7.429	6.571	7.069	4.978	5.741	6.662	6.420	5.338	6.381	6.235	5.295	6.482	8.428	
678.0	6.484	6.232	6.324	6.145	6.921	6.049	7.323	7.437	6.500	5.243	5.593	6.013	6.626	5.538	5.224	7.229	5.823	6.216	5.176	6.472	
679.0	4.980	5.000	5.602	4.915	5.887	7.042	6.602	5.767	5.307	6.886	4.898	4.740	4.156	5.453	6.108	7.358	6.468	6.401	6.068	4.445	
680.0	4.853	6.522	5.188	5.450	3.978	5.109	4.773	5.448	3.949	7.336	6.440	6.414	7.161	5.701	5.098	5.080	5.469	5.977	5.177	5.123	
681.0	7.324	4.647	4.986	4.787	3.650	6.190	4.922	7.604	3.963	7.389	4.739	5.654	5.188	3.857	5.906	5.324	6.323	5.000	4.598	4.914	
682.0	4.588	4.331	6.098	5.502	4.563	5.591	5.128	5.350	3.835	6.296	4.957	5.101	5.025	5.095	3.432	5.188	5.632	5.581	4.375	5.428	
683.0	5.153	4.247	5.367	5.159	4.442	4.112	5.202	6.012	4.200	4.787	4.967	4.936	3.573	4.017	3.689	5.279	4.628	4.535	4.629	4.547	
684.0	4.379	3.463	5.551	4.303	5.041	3.678	4.413	3.796	4.066	4.903	5.009	6.445	4.300	4.871	3.214	5.072	4.785	4.335	4.202	4.395	
685.0	5.223	3.764	5.497	3.079	3.258	5.142	4.956	4.314	1.940	4.103	4.613	4.095	4.535	4.020	4.452	4.379	4.891	4.615	5.761	5.105	
686.0	3.757	3.931	4.447	3.919	3.576	4.079	4.001	4.746	3.175	4.723	4.273	3.602	5.765	4.042	4.592	3.198	4.052	5.101	4.660	4.336	
687.0	3.162	3.955	4.815	2.864	5.333	3.771	3.750	5.789	3.362	3.551	4.654	3.744	2.948	4.162	4.256	5.049	4.539	3.032	4.737	4.432	
688.0	3.072	3.254	4.128	4.100	3.658	3.411	4.946	5.118	4.904	2.751	3.846	4.649	3.810	2.776	3.547	5.472	2.459	3.045	4.354	4.057	
689.0	4.739	4.727	3.260	2.809	3.345	3.253	3.224	2.379	4.096	3.088	3.988	4.056	2.208	2.871	2.958	3.407	5.522	2.986	4.326	2.974	
690.0	4.261	3.095	2.983	5.229	2.919	4.038	4.388	1.988	3.232	2.990	4.387	2.640	3.074	2.755	3.079	4.169	4.562	4.491	2.323	3.752	
691.0	3.732	3.673	3.303	3.009	2.932	2.866	2.384	3.016	3.489	3.203	2.909	2.744	3.354	3.442	3.281	3.156	3.282	3.302	2.941	3.754	
692.0	2.863	3.226	2.560	2.907	4.787	3.208	2.697	2.559	3.293	2.839	2.536	3.562	2.397	2.975	2.561	2.905	4.060	3.260	3.369	5.122	
693.0	1.303	2.602	3.237	3.163	2.964	3.427	2.975	3.127	4.028	3.463	2.747	3.562	3.220	3.040	3.940	2.419	3.476	3.753	2.201	4.202	
694.0	1.988	2.357	3.331	2.666	3.086	2.895	2.675	4.235	2.526	3.541	3.157	2.127	2.297	3.103	3.424	2.249	3.381	3.444	1.732	3.256	
695.0	1.461	2.967	1.830	2.538	2.659	2.381	2.457	1.955	4.611	3.456	2.538	2.325	3.772	3.357	3.975	3.812	1.459	2.021	2.345	2.893	
696.0	3.170	3.848	2.206	2.380	2.765	2.987	3.272	2.834	2.049	3.017	1.607	3.160	2.661	2.968	2.199	3.300	2.867	2.301	1.823	2.961	
697.0	3.330	3.615	3.029	2.724	2.793	1.924	3.516	2.075	2.556	3.502	1.107	2.730	2.701	1.291	3.719	2.050	3.417	2.791	1.691	2.606	
698.0	3.123	3.116	2.381	2.685	2.855	2.082	2.229	2.104	2.219	3.146	1.831	3.312	2.618	1.295	2.678	2.011	1.515	1.580	2.135	4.080	
699.0	2.309	2.858	2.849	2.514	4.399	1.721	2.217	2.191	2.285	2.705	2.723	2.991	1.261	2.145	3.809	2.884	2.562	2.871	1.389	2.042	
700.0	3.185	3.197	3.903	2.678	2.760	3.228	0.847	2.221	2.726	4.380	3.623	2.783	1.902	2.188	2.087	2.547	3.002	2.140	3.146	2.416	
701.0	2.042	2.472	2.103	2.767	2.272	3.502	3.051	2.382	3.718	2.260	2.380	1.463	1.696	2.643	3.429	2.795	3.207	2.233	2.545	3.831	
702.0	2.674	2.573	1.788	1.415	2.159	2.794	2.550	1.774	3.799	1.961	2.075	2.077	2.967	2.184	3.076	2.007	1.948	2.778	2.474	3.191	
703.0	1.792	2.229	2.596	1.627	1.862	2.944	3.239	1.357	3.456	1.881	2.779	1.717	2.336	1.205	3.188	1.756	2.880	3.253	1.991	3.771	
704.0	2.923	2.165	2.471	1.654	2.407	1.662	2.593	2.567	2.160	1.130	1.984	2.401	1.934	2.764	2.342	2.093	2.205	3.044	2.154	3.115	
705.0	1.881	1.447	3.139	1.581	2.121	0.876	3.420	2.296	2.945	2.182	2.581	1.314	2.209	2.489	1.800	2.592	2.266	1.563	0.865	1.961	
706.0	2.027	1.058	1.521	1.842	2.070	2.903	2.308	2.903	2.200	1.911	1.744	2.015	1.891	1.071	2.189	2.672	1.967	3.254	1.650	2.323	
707.0	2.073	2.139	1.782	2.031	2.650	3.378	0.978	0.857	2.169	2.962	2.011	2.963	1.041	2.059	2.172	0.848	2.028	2.385	2.924	2.863	
708.0	2.142	1.498	3.255	2.397	2.920	2.679	2.027	2.299	3.142	2.102	1.749	2.084	1.246	1.881	2.511	1.813	1.817	1.224	1.501	2.929	
709.0	2.586	2.521	2.420	1.672	2.092	3.541	1.949	3.786	2.376	1.943	2.067	3.165	1.254	0.884	1.958	3.925	1.202	2.123	1.802	2.349	
710.0	2.571	0.844	2.703	1.246	1.998	2.910	1.478	3.014	2.383	1.787	2.825	2.685	2.152	1.860	1.949	3.175	2.307	3.132	1.555	1.536	
711.0	1.414	2.527	2.837	1.309	1.510	1.371	1.732	2.360	1.946	3.007	2.474	1.826	1.735	1.401	2.118	2.245	2.357	1.509	2.663	1.424	
712.0	2.431	2.477	2.006	2.026	2.241	1.777	2.048	2.044	1.832	1.714	1.745	1.523	3.645	0.549	1.754	1.662	1.770	2.881	2.044	1.934	
713.0	2.198	1.499	2.407	2.913	2.162	2.066	2.401	0.960	1.415	1.747	1.405	1.541	2.088	1.698	1.301	1.512	1.885	1.552	2.601	1.863	
714.0	2.290	1.552	1.807	2.684	1.659	2.103	1.116	2.218	1.817	2.223	1.530	2.189	1.287	2.112	2.351	0.658	1.925	1.944	2.515	1.673	
715.0	1.781	1.225	3.220	1.679	1.852	2.090	2.084	2.867	2.701	1.596	2.320	1.681	2.028	1.187	0.789	1.058	0.842	2.894	1.517	0.982	
716.0	1.394	1.742	2.411	2.546	1.990	2.111	1.062	3.730	2.358	1.141	2.132	1.784	1.663	0.334	1.567	1.004	1.877	2.391	1.398	1.345	
717.0	1.600	2.391	1.979	1.865	0.973	1.291	2.237	2.369	1.942	2.954	0.959	2.506	2.470	1.635	2.427	1.673	2.671	2.812	1.861	2.327	
718.0	1.529	2.682	2.465	2.180	1.538	1.655	1.616	1.414	1.007	1.304	1.791	2.054	2.912	1.752	2.637	1.405	1.304	2.482	1.231	1.668	
719.0	1.563	1.812	1.263	2.194	1.013	2.368	1.802	1.745	0.672	1.985	1.964	1.950	1.453	1.602	1.200	2.196	1.744	2.982	1.361	2.086	
720.0	2.089	2.054	1.107	0.776	2.009	1.524	1.398	0.426	2.032	2.174	1.962	0.776	0.630	1.509	2.035	0.786	1.070	1.607	1.763	2.126	
721.0	2.132	1.670	1.875	1.701	1.380	2.294	0.701	2.184	1.415	1.721	1.828	1.389	1.613	2.803	1.201	1.403	1.964	1.327	1.883	2.343	
722.0	2.321	1.734	0.820	1.333	2.324	1.665	1.169	2.704	1.467	0.133	0.983	1.832	1.366	1.978	0.888	2.129	1.502	0.892	1.204	2.042	
723.0	1.218	2.114	0.803	2.258	1.599	2.763	1.086	1.657	2.863	1.452	0.291	1.924	1.952	2.834	1.191	0.665	2.429	1.002	2.142	1.878	
724.0	1.388	1.956	1.498	2.089	1.104	1.767	2.699	1.204	1.319	1.115	2.254	2.087	1.803	1.539	1.918	1.386	1.618	1.007	2.303	1.598	
725.0	2.951	1.772	1.482	0.963	1.339	1.885	1.968	2.083	2.395	0.569	1.537	1.233	1.217	1.299	1.151	1.103	2.220	1.755	1.368	0.979	
726.0	1.206	1.608	1.097	2.463	1.960	0.823	1.406	1.741	1.057	1.311	1.736	2.171	1.927	1.628	0.930	1.505	0.944	2.552	1.373	0.666	
727.0	1.326	0.643	1.427	2.298	1.985	0.950	2.321	0.926	1.712	1.518	2.820	2.782	1.165	1.531	0.708	0.681	0.652	1.373	2.286	1.676	
728.0	1.345	2.075	1.414	3.131	1.222	0.436	1.220	1.362	2.489	1.878	1.217	1.596	-0.114	0.503	0.723	1.532	1.350	1.462	1.871	1.646	
729.0	1.587	1.948	1.237	1.790	0.916	1.524	1.951	1.320	1.343	2.286	2.051	0.790	1.207	1.165	1.394	2.255	1.762	2.148	1.278	2.182	
730.0	1.504	1.380	1.541	2.484	0.950	1.822	0.985	1.748	0.877	1.355	1.264	0.852	1.007	1.939	1.668	1.918	0.499	1.898	2.437	1.434	
731.0	1.774	1.341	2.031	1.905	1.555	1.561	1.832	1.407	1.618	0.914	1.365	1.093	2.367	2.646	0.948	1.414	1.581	1.659	1.049	1.817	
732.0	1.507	0.956	0.918	3.186	1.152	0.667	1.405	1.244	1.119	0.374	1.397	1.520	1.521	1.360	1.509	1.553	2.115	1.380	1.921	1.377	
733.0	1.279	2.197	1.451	2.263	1.238	0.790	1.791	1.604	0.314	0.522	1.466	1.172	1.641	0.920	1.173	0.349	2.067	1.609	1.294	1.042	
734.0	1.408	2.084	2.898	0.524	2.369	0.747	1.315	0.753	1.521	1.245	1.503	0.794	1.598	1.434	1.483	1.360	0.842	1.576	1.429	1.828	
735.0	0.282	0.146	1.526	2.527	1.111	2.791	2.335	1.913	1.233	1.596	2.006	0.663	3.562	3.194	1.555	1.347	1.048	1.692	1.970	2.364	
736.0	1.266	0.851	0.761	1.681	1.213	1.804	1.358	0.714	0.893	1.352	1.312	1.305	3.250	2.239	0.986	1.952	0.748	2.392	1.612	2.034	
737.0	2.034	0.743	1.023	1.066	1.390	0.623	1.093	0.631	0.513	0.543	1.473	1.779	1.703	0.833	1.900	1.542	1.649	2.337	0.502	1.588	
738.0	0.790	1.519	0.361	1.656	1.943	2.297	1.351	0.635	1.123	2.022	0.953	1.774	1.275	1.248	1.217	1.415	0.595	0.928	0.417	2.004	
739.0	1.220	0.841	0.839	0.636	1.720	2.020	1.036	1.188	2.022	1.081	0.134	1.860	1.346	0.996	1.988	2.643	0.889	0.278	2.533	0.563	
740.0	0.354	0.984	0.989	0.735	1.463	1.269	1.521	1.292	2.621	-0.069	0.298	2.379	1.559	0.479	1.317	1.865	1.435	0.613	1.743	1.291	
741.0	0.961	1.114	0.329	1.450	1.242	1.493	1.237	0.680	0.947	1.274	2.179	2.199	0.900	0.763	0.602	1.161	1.110	1.871	3.251	0.970	
742.0	2.110	1.434	0.940	0.894	1.830	0.106	1.323	1.081	1.957	1.124	1.893	0.976	0.856	1.192	1.508	0.660	1.959	1.784	1.413	1.743	
743.0	1.170	1.460	0.140	1.268	0.720	0.878	1.278	1.028	1.656	1.664	0.548	0.554	0.839	1.156	1.061	1.026	1.585	1.053	1.203	0.793	
744.0	1.508	0.839	1.496	0.293	0.884	0.988	0.839	1.336	1.761	0.967	0.083	0.402	1.910	1.339	1.800	1.958	1.387	1.069	1.199	1.441	
745.0	1.011	1.010	0.133	0.154	1.583	0.962	1.617	1.338	1.689	0.687	1.062	0.811	0.758	1.089	1.432	0.507	1.656	1.033	0.056	0.335	
746.0	1.489	1.250	1.007	1.781	1.431	2.370	1.698	1.406	2.118	0.798	0.850	1.978	1.583	1.506	0.958	0.846	1.728	1.049	1.963	0.638	
747.0	1.201	1.594	1.725	0.827	1.410	1.511	1.279	1.025	0.944	0.271	0.791	0.795	1.518	1.619	0.976	0.553	1.173	1.631	1.997	0.627	
748.0	1.826	0.856	1.626	0.584	0.030	0.416	1.756	2.229	0.600	1.338	0.437	0.528	1.394	1.303	1.043	1.762	2.507	1.710	1.107	1.045	
749.0	0.777	0.291	1.839	0.669	1.366	0.853	1.438	1.617	1.300	1.537	1.430	1.728	1.034	1.447	0.829	1.308	2.160	0.688	0.813	0.721	
750.0	2.383	1.140	1.476	-0.060	0.848	1.719	2.196	0.759	0.792	0.678	1.676	1.399	1.259	2.264	1.755	1.302	1.339	1.011	1.871	0.788	
751.0	1.736	1.633	1.660	1.684	0.063	1.096	0.899	2.362	1.208	0.276	1.637	0.436	2.290	1.581	1.431	0.991	0.569	1.500	0.704	0.889	
752.0	1.303	0.721	1.802	1.108	1.463	0.583	1.362	1.981	1.356	1.304	1.057	1.488	0.987	0.686	1.283	1.384	0.451	0.895	1.489	0.875	
753.0	0.785	0.699	0.718	0.993	0.825	1.255	1.094	1.112	1.453	1.735	0.920	-0.014	0.652	0.648	1.742	0.823	0.887	1.276	1.013	1.508	
754.0	2.426	0.998	1.624	1.338	1.443	1.953	1.085	0.838	0.880	1.075	1.024	0.538	0.803	1.320	0.951	0.732	0.548	1.195	0.983	0.980	
755.0	1.148	1.351	1.731	0.946	1.111	1.088	1.223	0.446	1.820	2.238	1.459	0.505	1.408	1.829	1.296	1.384	1.425	1.009	0.774	1.351	
756.0	0.721	1.469	0.939	1.075	1.312	0.840	0.475	0.964	0.996	1.469	1.222	1.596	1.493	1.199	1.695	0.795	0.226	0.462	1.309	0.534	
757.0	1.116	0.698	0.781	1.366	2.219	0.610	1.872	0.504	1.962	1.124	1.202	1.392	2.207	0.789	1.335	1.489	2.193	1.718	0.107	1.094	
758.0	0.398	0.551	-0.074	0.873	2.615	1.419	0.851	0.659	0.848	0.787	1.777	0.033	1.197	0.346	2.204	0.972	1.644	1.444	1.576	2.066	
759.0	0.313	0.855	0.761	1.228	1.855	1.264	2.250	0.657	0.909	0.805	0.900	0.317	0.847	1.270	1.656	1.033	0.994	0.225	1.209	1.024	
760.0	1.005	0.861	1.145	0.524	0.568	0.588	1.596	0.991	0.938	1.263	0.487	1.482	0.813	1.805	1.231	1.177	0.423	0.623	0.402	0.314	
761.0	1.580	1.680	0.404	0.984	0.400	0.694	1.857	1.051	1.534	0.868	1.032	1.242	1.146	1.986	0.436	-0.116	1.399	0.392	1.277	1.059	
762.0	1.554	1.704	1.500	1.068	1.137	0.931	0.559	1.629	2.128	1.131	0.734	0.601	1.322	1.465	1.391	-0.160	1.820	0.732	-0.393	1.741	
763.0	2.402	1.804	1.335	1.015	1.170	1.517	0.742	1.386	1.721	0.709	0.929	1.392	1.023	2.002	0.985	0.618	1.027	1.919	0.480	1.441	
764.0	2.135	1.240	1.530	0.813	0.421	1.040	0.884	1.354	0.191	1.108	1.369	1.295	2.347	2.270	0.809	0.615	1.199	0.949	-0.035	0.806	
765.0	0.995	1.628	0.696	1.881	1.883	2.389	1.476	1.590	0.721	-0.614	0.536	0.712	1.578	1.008	0.948	1.665	0.733	0.996	0.222	1.800	
766.0	1.970	1.785	1.422	1.700	1.489	0.143	0.731	1.084	0.682	1.305	1.192	1.771	1.160	1.576	0.317	0.706	1.552	1.544	1.278	1.075	
767.0	1.832	0.703	0.952	1.374	0.596	1.288	1.470	0.663	1.582	0.911	2.642	0.673	1.908	0.475	0.858	1.163	1.394	1.239	0.324	0.081	
768.0	1.467	1.593	1.312	0.842	0.974	2.099	0.893	0.624	0.933	1.571	1.558	1.850	0.479	0.412	1.176	0.969	0.335	1.629	1.236	0.684	
769.0	0.078	0.122	1.849	1.125	2.171	1.142	1.817	1.470	0.646	0.971	1.391	2.414	0.269	1.544	0.670	0.287	1.043	1.109	0.562	1.374	
770.0	0.830	0.233	1.876	0.642	2.047	0.524	0.735	0.449	1.868	0.809	1.317	0.340	0.779	0.931	1.048	1.408	2.540	0.803	1.691	1.312	
771.0	0.430	1.497	1.319	0.414	1.336	0.957	1.673	1.387	1.977	1.102	0.905	0.957	0.336	0.919	0.894	1.979	0.495	0.883	1.172	0.846	
772.0	0.458	0.458	1.224	0.503	0.651	1.179	1.931	1.510	0.997	1.491	1.437	1.474	0.043	1.478	1.512	1.586	1.139	0.907	0.201	0.761	
773.0	1.240	0.718	1.430	0.566	0.912	1.463	1.866	1.123	0.444	1.280	1.746	1.447	0.281	1.767	1.190	0.027	0.348	0.280	0.982	0.111	
774.0	0.996	0.551	0.639	1.185	1.737	1.049	1.616	1.409	1.640	1.777	1.924	0.537	0.928	2.779	1.546	0.856	0.853	0.914	0.722	0.849	
775.0	-0.311	2.847	1.316	2.066	1.664	0.812	2.217	1.432	0.650	0.632	0.744	1.417	2.050	0.279	0.395	0.995	0.540	0.852	0.786	1.831	
776.0	0.785	2.450	0.582	1.512	0.914	0.641	0.958	1.108	1.304	0.816	1.469	1.034	0.906	0.681	1.479	1.562	1.463	0.751	0.732	1.525	
777.0	1.619	1.544	0.289	0.476	0.431	0.657	1.158	1.283	1.022	0.503	0.929	0.710	0.366	0.636	0.701	1.228	1.720	1.483	1.229	0.340	
778.0	0.944	1.502	0.333	0.811	0.604	1.602	0.427	0.929	1.388	0.826	0.402	1.053	0.359	0.176	0.496	1.139	0.927	2.405	1.084	1.699	
779.0	1.193	1.582	0.769	0.955	0.040	1.671	0.531	1.127	1.777	1.604	1.092	1.269	0.255	1.006	0.520	1.110	0.454	0.873	1.858	1.215	
780.0	1.114	1.234	0.912	0.699	0.908	2.012	0.049	1.404	0.873	0.384	0.446	0.784	1.177	0.610	2.292	1.362	1.341	0.463	1.511	1.047	
781.0	1.180	0.917	0.028	1.260	1.995	1.225	0.079	0.396	0.574	0.728	0.492	0.587	1.338	0.763	1.468	0.166	0.978	1.983	1.335	1.177	
782.0	0.044	1.021	1.065	0.683	1.443	1.861	1.022	1.024	1.647	1.882	0.882	0.800	1.390	0.230	0.466	1.582	0.755	0.989	0.850	0.858	
783.0	1.172	0.817	0.858	1.209	1.247	0.818	0.959	1.451	0.919	1.448	0.508	0.866	1.494	1.187	0.486	0.328	0.995	1.468	1.120	1.509	
784.0	0.982	1.218	0.428	1.698	1.034	1.111	0.893	1.482	0.574	0.728	0.328	0.983	1.183	1.768	0.627	0.272	1.202	2.088	0.901	1.511	
785.0	0.642	1.125	1.565	1.058	2.541	1.245	-0.391	1.126	2.139	0.634	1.711	1.097	1.493	0.655	0.824	0.825	0.874	0.239	1.025	1.072	
786.0	1.062	0.564	0.203	1.061	1.533	0.035	0.113	0.760	1.691	2.197	1.189	1.501	1.229	0.373	1.238	0.752	0.447	0.535	1.187	0.935	
787.0	1.756	0.158	1.540	1.016	0.919	0.167	0.762	0.538	1.042	1.099	0.896	2.571	1.136	2.002	1.795	1.414	0.398	0.790	0.964	1.391	
788.0	1.570	0.041	0.563	0.167	0.817	0.308	2.047	1.360	1.300	0.766	0.477	0.666	0.544	0.970	2.078	0.712	1.726	1.001	1.733	1.208	
789.0	1.999	0.220	-0.210	0.361	0.637	1.233	0.475	0.320	0.820	0.527	0.744	1.140	2.891	1.703	1.519	0.725	1.447	1.229	1.317	1.260	
790.0	1.352	0.112	0.714	1.074	0.920	0.174	1.846	0.923	0.002	0.695	0.963	1.219	1.464	0.716	1.169	1.171	1.387	1.086	0.725	0.014	
791.0	-0.086	1.122	1.113	0.950	-0.172	0.415	1.331	-0.280	0.794	0.364	0.872	0.770	0.748	1.734	1.262	0.587	0.762	1.100	0.492	0.761	
792.0	1.364	0.967	1.307	1.406	1.592	0.616	0.597	0.859	1.971	1.382	0.971	1.111	0.724	1.203	1.921	1.780	0.610	1.167	3.102	1.615	
793.0	1.466	1.540	0.504	0.185	0.759	1.127	0.784	1.176	0.631	1.267	-0.367	1.067	0.975	0.896	1.468	1.504	0.711	1.076	2.285	1.413	
794.0	0.190	0.389	0.853	0.344	0.766	0.649	1.163	0.703	0.678	1.063	1.044	1.313	0.451	0.946	1.597	0.368	0.668	0.550	2.024	0.789	
795.0	1.047	1.402	0.947	2.083	0.518	2.373	1.797	0.433	0.546	1.160	0.642	1.497	0.877	0.577	0.733	0.743	0.139	1.026	1.657	0.712	
796.0	0.368	1.002	2.778	0.334	0.632	1.668	0.854	0.541	0.975	1.390	1.087	1.385	0.544	0.467	0.174	0.515	0.510	0.363	1.177	1.420	
797.0	0.942	0.671	1.563	1.178	2.615	0.577	1.830	1.449	1.320	0.724	1.910	0.700	1.465	-0.266	0.710	2.115	0.432	1.481	1.305	1.007	
798.0	0.472	0.862	1.721	0.312	1.635	1.437	1.110	1.031	0.938	0.041	1.624	0.198	0.657	1.328	1.985	0.717	0.148	0.858	1.622	0.714	
799.0	0.932	0.792	0.762	0.335	1.243	1.017	1.271	1.046	0.817	0.955	0.610	0.308	0.808	0.360	0.962	1.630	0.855	0.962	1.632	0.877	
800.0	0.494	0.566	0.581	1.043	0.388	0.091	0.619	0.821	2.260	0.698	1.586	1.330	1.036	0.871	0.922	0.889	1.365	1.043	1.678	1.134	
