475.0	1.229098	1.336463	1.531459	1.099776	1.652223	1.472441	1.463004	1.347963	1.224993	1.268253	1.209569	0.717027	1.258195	0.899788	1.501042	1.124473	0.907656	1.011221	0.936024	1.104814
476.0	1.304578	1.153875	1.314330	1.180564	1.188036	0.999475	1.134508	1.076573	1.140295	1.082689	1.110923	1.020297	1.029943	0.915400	1.245161	1.134676	1.025548	1.086338	0.959007	0.990840
477.0	1.207532	1.258303	1.191960	1.121069	1.070157	1.154714	1.096490	0.983903	1.139102	1.159959	0.945338	1.025526	1.171242	1.028738	0.969154	0.991276	1.074765	1.109100	0.885014	0.875181
478.0	1.240555	1.226270	1.168741	0.998320	1.156276	0.999475	1.202821	0.866562	1.160575	1.162886	0.971761	1.001706	1.179251	0.877814	1.138208	1.064393	0.996361	1.133570	0.865395	0.886972
479.0	1.261447	1.251896	1.114145	1.029007	1.285759	1.016388	1.194504	1.142164	1.036511	1.046981	1.008753	0.981953	1.096302	0.992886	0.871976	0.815001	1.061602	1.039105	1.025712	1.170503
480.0	1.091617	1.185908	1.163721	1.171796	1.239341	1.110619	1.122033	1.097634	1.208292	0.949809	1.145566	1.079557	1.072276	1.118367	0.873126	0.935162	1.145157	0.985044	1.079525	0.933010
481.0	0.990528	1.162844	0.993657	1.295797	0.974265	1.206058	1.172525	0.996540	1.035914	1.149422	1.162007	0.972657	1.095730	1.096972	0.968579	0.966336	0.904222	1.051625	0.976384	1.016666
482.0	1.258751	1.125686	1.227730	1.289535	0.955332	1.081625	1.116687	1.010380	0.955988	1.091470	1.182559	0.954647	1.132914	1.119524	1.116932	1.071761	1.055879	1.139261	1.041968	0.794332
483.0	1.287730	1.028306	1.278561	1.228787	1.362106	1.106994	1.072729	1.077175	1.148646	0.856149	1.051030	1.187038	0.988755	0.958769	1.043331	1.131275	1.073048	0.883181	1.053740	0.953223
484.0	1.101726	1.224348	1.092809	1.034644	1.299807	1.244716	1.054314	1.230621	0.941673	0.998981	1.099766	1.109768	1.088865	1.271026	1.024355	0.929494	1.257326	1.244538	0.990398	1.016666
485.0	1.338274	1.230754	1.153053	1.328363	1.323627	1.213910	1.158863	1.137952	1.295972	1.228448	1.095656	1.078395	1.194697	1.245583	1.234235	0.996377	1.089072	1.212101	1.313275	1.229456
486.0	1.181249	1.430640	1.364534	1.396000	1.376154	1.178876	1.268758	1.198127	1.128962	1.291083	1.224248	1.159732	1.374896	1.070951	1.278512	1.162449	1.308832	1.422656	1.225829	1.068320
487.0	1.063312	1.410780	1.369554	1.164281	1.327903	1.232635	1.161833	1.189702	1.077667	1.278790	1.385135	1.220154	1.222156	1.242692	1.363039	1.208360	1.289374	1.196737	1.224148	1.117727
488.0	1.389493	1.444094	1.435446	1.400384	1.280262	1.317806	1.401820	1.282973	1.174294	1.449135	1.327592	1.389218	1.350297	1.303987	1.373964	1.372165	1.351754	1.440297	1.225829	1.411365
489.0	1.427906	1.309555	1.337549	1.397253	1.316909	1.738824	1.521219	1.319078	1.432562	1.412841	1.399815	1.433373	1.326271	1.387255	1.369939	1.318319	1.432447	1.366319	1.331213	1.227210
490.0	1.503386	1.527380	1.421012	1.395374	1.485482	1.471837	1.427957	1.464100	1.603747	1.430988	1.508443	1.400257	1.437251	1.531241	1.514268	1.361962	1.533742	1.435176	1.346348	1.523655
491.0	1.802609	1.615150	1.276051	1.519375	1.641840	1.474253	1.305587	1.745720	1.694410	1.422207	1.500810	1.478689	1.394346	1.489028	1.620070	1.390302	1.564646	1.415827	1.426507	1.491653
492.0	1.694107	1.668325	1.591703	1.644002	1.596032	1.657278	1.573493	1.733685	1.863805	1.573820	1.654651	1.524586	1.518483	1.627809	1.666071	1.583581	1.609857	1.677029	1.654652	1.738129
493.0	1.861241	1.772753	1.579153	1.876974	1.768880	1.525597	1.523595	1.923838	1.790440	1.734213	1.670505	1.829600	1.643764	1.901901	1.653996	1.746252	1.684255	1.710604	2.039751	1.734199
494.0	1.934699	1.684342	1.889785	1.879479	1.791479	1.580565	1.853280	1.819735	1.702760	1.781628	1.847833	1.919070	1.695822	1.663661	1.783374	1.822770	1.940642	1.609310	1.737053	1.694897
495.0	1.874045	1.954700	1.848367	1.846913	1.635121	1.651842	1.744573	1.973181	1.844719	1.949046	1.952938	2.070706	1.750740	1.989218	1.806950	1.986008	1.893141	1.736212	1.846921	1.820662
496.0	1.819457	1.960466	1.943754	1.879479	1.845227	1.978630	2.120592	2.085709	1.907347	2.045047	1.834915	1.924880	2.162624	1.884554	2.016255	2.039287	1.791274	1.787428	2.047038	1.863332
497.0	1.904372	2.062972	2.093736	1.964025	2.102973	2.010644	2.339788	2.063444	2.147722	2.142220	2.042777	1.975425	1.869156	2.089834	2.178410	2.122606	2.057961	1.960993	2.014526	2.047487
498.0	2.200900	2.068738	2.233677	2.341664	2.171990	1.937555	2.199597	2.062842	1.924048	2.142220	2.171369	2.158433	2.019608	2.145346	1.955879	2.180987	2.330944	1.914899	1.910263	2.116546
499.0	1.986591	2.134726	2.108797	2.201380	2.099308	2.182797	2.101583	2.222306	2.006360	2.200172	1.978774	2.279277	1.974988	2.227458	2.104808	1.914024	2.303474	2.054320	2.076747	2.202447
500.0	2.314793	2.362160	2.069889	2.295320	2.321629	2.209979	2.099207	2.394407	2.076146	2.450713	2.099146	2.235704	2.215825	2.166163	2.097332	2.074995	2.265131	2.192035	2.203992	2.281612
501.0	2.492710	2.380099	2.025334	2.207643	2.271546	2.283068	2.393250	2.145282	2.220490	2.606423	2.292915	2.137518	2.312504	2.100242	2.427966	2.388435	2.154106	2.163581	2.299286	2.104755
502.0	2.518993	2.356394	2.474653	2.112450	2.210468	2.347701	2.275633	2.200643	2.323679	2.490518	2.271777	2.385015	2.553341	2.343687	2.227286	2.451350	2.479740	2.193742	2.165875	2.407938
503.0	2.471144	2.385865	2.323416	2.703647	2.400419	2.256490	2.294048	2.117602	2.140564	2.171488	2.372771	2.372814	2.560206	2.431582	2.323313	2.599285	2.376728	2.292190	2.558261	2.436572
504.0	2.418578	2.259014	2.253131	2.523282	2.358886	2.555492	2.425922	2.323400	2.465040	2.365248	2.601771	2.365262	2.405749	2.536246	2.375065	2.399204	2.490614	2.380396	2.909727	2.450608
505.0	2.135529	2.324361	2.581962	2.263381	2.583650	2.554888	2.425922	2.603214	2.342169	2.292076	2.769705	2.464028	2.675762	2.502129	2.505018	2.585115	2.460282	2.593796	2.587410	2.365829
506.0	2.230552	2.518481	2.279488	2.438109	2.423017	2.402669	2.430080	2.383575	2.546160	2.521543	2.447343	2.375138	2.327949	2.510803	2.601045	2.265440	2.384740	2.616558	2.732032	2.548300
507.0	2.554711	2.589595	2.501637	2.432473	2.716799	2.501732	2.661750	2.475041	2.473987	2.512763	2.408589	2.322269	2.635146	2.688327	2.666022	2.690539	2.643988	2.355357	2.561624	2.567951
508.0	2.552015	2.521044	2.519208	2.374856	2.567770	2.394212	2.566706	2.774111	2.388097	2.553739	2.425030	2.476229	2.469820	2.491142	2.695923	2.756855	2.444258	2.726388	2.535278	2.546616
509.0	2.405773	2.565250	2.602671	2.603444	2.346060	2.462469	2.624920	2.648947	2.668435	2.664375	2.657553	2.554661	2.512725	2.714926	2.827601	2.369731	2.575313	2.472015	2.725866	2.592093
510.0	2.686800	2.407006	2.796581	2.444372	2.586704	2.434079	2.468097	2.603816	2.471602	2.581252	2.581807	2.709201	2.514441	2.444882	2.243961	2.354427	2.372722	2.394622	2.516780	2.374251
511.0	2.376794	2.695944	2.558116	2.650414	2.651446	2.434079	2.577398	2.506332	2.512161	2.511006	2.462610	2.565118	2.462384	2.597541	2.571145	2.478556	2.599921	2.444700	2.503327	2.478681
512.0	2.552015	2.654942	2.629028	2.412432	2.538453	2.548243	2.479978	2.611037	2.670224	2.395102	2.570651	2.495401	2.662605	2.673292	2.459592	2.644628	2.453987	2.696228	2.503327	2.707752
513.0	2.696909	2.485808	2.559998	2.552090	2.426682	2.481798	2.633237	2.699494	2.550931	2.426712	2.497841	2.593005	2.580800	2.452399	2.292837	2.603819	2.550132	2.390070	2.513977	2.665082
514.0	2.450926	2.476838	2.798464	2.516393	2.306360	2.636433	2.551261	2.603816	2.581947	2.458908	2.551274	2.651103	2.294770	2.657679	2.435441	2.534103	2.475162	2.461203	2.571714	2.750984
515.0	2.423969	2.588954	2.351027	2.250855	2.459053	2.727644	2.484136	2.421486	2.649944	2.338906	2.307007	2.499468	2.279896	2.503285	2.464767	2.500661	2.567873	2.463479	2.363750	2.644870
516.0	2.722518	2.464666	2.293921	2.326634	2.252612	2.533142	2.509085	2.426300	2.419709	2.501640	2.548925	2.429750	2.470964	2.343109	2.384840	2.633859	2.258836	2.748013	2.319466	2.427589
517.0	2.705670	2.504387	2.312747	2.276532	2.467604	2.641870	2.294642	2.506934	2.227052	2.229441	2.585918	2.455313	2.192371	2.400356	2.513068	2.767624	2.273143	2.515834	2.397383	2.571320
518.0	2.409143	2.289766	2.239953	2.521403	2.162828	2.499920	2.198409	2.159122	2.283119	2.278612	2.289392	2.566280	2.508720	2.512537	2.370464	2.435480	2.261125	2.603470	2.305452	2.443871
519.0	2.190791	2.164837	2.334084	2.642272	2.497531	2.256490	2.124156	2.103160	2.311749	2.249929	2.176653	2.386177	2.404033	2.206641	2.327338	2.486491	2.450553	2.433888	2.379445	2.341687
520.0	2.378816	2.226981	2.243090	2.202006	2.344228	2.118768	2.092079	2.429910	2.162037	2.174415	2.200141	2.337956	2.132304	2.321135	2.344589	2.230865	2.104317	2.453236	2.546489	2.229397
521.0	2.127442	2.116147	2.268820	2.078632	2.205582	2.341056	2.115246	2.432919	2.346344	2.337735	2.314641	2.254876	2.372570	2.114699	2.090432	2.113538	2.065401	2.549408	2.322269	2.191218
522.0	1.959634	2.159712	2.020941	2.132491	2.160996	2.356157	1.982184	1.718641	2.253296	2.477640	2.255923	2.258943	2.148894	2.279501	2.208310	2.309650	2.168986	2.435026	2.052083	2.382673
523.0	2.039831	2.061691	1.983916	2.131864	1.912412	2.077693	2.105741	2.062842	2.295645	2.215392	2.369835	2.167729	2.272459	2.298005	2.256612	1.973538	2.421366	2.270566	2.249397	2.286665
524.0	2.189443	2.185979	1.968855	1.897640	2.135954	1.952052	2.226923	1.978597	2.267611	2.251100	2.084466	2.049210	2.207816	2.099086	2.265237	2.008113	2.025341	2.200571	2.072263	1.989658
525.0	1.805979	2.061050	1.998350	2.135622	2.090757	2.013664	2.158610	2.140468	2.240174	2.070804	2.088577	2.017256	1.926935	2.129733	1.991530	1.905522	2.014467	1.909777	2.141210	2.182797
526.0	1.764195	2.014922	1.743568	1.987197	2.130457	1.927890	2.011885	2.061639	1.984291	1.963680	2.065677	2.096850	2.096837	1.875880	1.974854	1.915725	2.049377	1.995706	1.982014	1.995834
527.0	1.682650	1.640136	1.972620	1.664043	2.260552	2.006416	1.881199	2.112788	1.937767	1.967778	1.928864	1.847610	2.013888	1.817476	1.892052	1.942931	1.926907	1.831815	1.867661	1.966639
528.0	1.834958	1.800301	1.958187	1.695982	1.897753	1.817954	1.906148	1.944899	1.850087	1.822019	1.605328	1.715147	1.933227	1.929079	1.919653	1.851110	2.032208	1.878479	1.605323	1.817855
529.0	1.673889	1.839381	1.910494	2.128733	1.883095	1.863861	1.978025	1.783028	1.924645	1.786311	1.668743	1.931271	2.038486	1.643422	1.845476	1.891919	1.750641	1.801086	1.964076	1.839190
530.0	1.735217	1.604259	1.699013	1.807458	1.831790	1.854197	1.871695	1.834177	1.869174	1.808555	1.839025	1.796484	1.770762	1.643422	1.658596	1.933862	1.838201	1.698085	1.997709	1.766201
531.0	1.616606	1.656153	1.593586	1.841903	1.540451	1.976214	1.780215	1.622361	1.696199	1.663968	1.754471	1.847029	1.902336	1.778733	1.612020	2.043255	1.706002	1.671907	1.714070	1.533200
532.0	1.628736	1.651668	1.980779	1.593901	1.613133	1.666339	1.437461	1.624768	1.742127	1.636455	1.819648	1.848191	1.637472	1.518519	1.644796	1.747952	1.847930	1.806776	1.658015	1.569133
533.0	1.588301	1.503675	1.746706	1.625214	1.339507	1.622244	1.493894	1.780621	1.601958	1.675090	1.527233	1.537368	1.495601	1.453176	1.492992	1.572811	1.613863	1.578011	1.563282	1.488284
534.0	1.650976	1.497269	1.637514	1.551941	1.484871	1.577545	1.706555	1.475534	1.535750	1.426890	1.592410	1.514710	1.437251	1.506376	1.353839	1.416942	1.466212	1.555818	1.497136	1.537130
535.0	1.584257	1.472924	1.453017	1.534405	1.405471	1.405996	1.647747	1.396103	1.392003	1.460842	1.364584	1.513548	1.462993	1.315552	1.434916	1.498561	1.398682	1.378838	1.561039	1.377117
536.0	1.409710	1.352480	1.539618	1.261979	1.193533	1.383042	1.455282	1.243258	1.246466	1.393524	1.264764	1.313691	1.321122	1.342730	1.221010	1.398237	1.589827	1.329329	1.227511	1.266511
537.0	1.082182	1.289695	1.118538	1.424182	1.200862	1.179480	1.237274	1.419571	1.190398	1.334986	1.218377	1.080719	1.114608	1.243270	1.263561	1.278076	1.462206	1.277544	1.210694	1.331639
538.0	1.190684	1.253818	1.416620	1.322101	1.164826	1.138405	1.033523	1.101245	1.168925	1.071567	1.184320	1.173676	1.163233	1.131089	1.098532	1.270141	1.203530	1.069266	1.165850	1.143554
539.0	1.191358	1.093653	1.062687	1.039028	0.985870	1.085249	0.961646	1.046485	1.084228	1.165813	0.984679	1.284642	1.248470	1.225344	1.262986	0.975405	1.041572	1.045934	1.224708	1.011052
540.0	0.915722	0.895048	1.022524	1.030886	1.090312	1.249549	1.104806	1.088608	1.065141	0.965614	1.187843	1.101634	1.242750	1.176193	1.146833	0.736216	1.146873	1.064144	1.095781	0.885849
541.0	1.136770	0.991147	0.851206	0.917532	1.029846	1.009743	0.953924	1.094626	1.075281	1.071567	0.976459	0.854718	1.049393	1.054181	1.034130	0.749819	0.928830	0.917325	0.835125	1.157590
542.0	0.803851	0.982178	0.939061	1.016482	1.037786	0.859336	0.962834	0.821431	1.118823	1.017127	0.891905	0.787325	1.082001	1.017751	0.982954	0.890385	0.810938	0.900253	0.813263	1.022281
543.0	0.834177	0.946301	0.803512	0.913148	0.757441	0.980145	0.967586	0.952011	0.834906	0.912345	0.920089	0.934313	0.936125	0.913087	0.853576	0.897187	0.877324	1.083492	0.771782	0.785349
544.0	0.842938	0.792543	0.839910	0.896239	0.765992	0.691412	0.758489	0.636092	0.855186	0.791758	0.819094	0.742009	0.709017	0.906727	0.792624	0.786094	0.859011	0.866109	0.758890	0.834195
545.0	0.822047	0.575999	0.812926	0.690197	0.752555	0.690808	0.763241	0.719735	0.646423	0.563461	0.686979	0.669386	0.863474	0.655186	0.735698	0.752086	0.704492	0.668074	0.678170	0.978488
546.0	0.755328	0.586250	0.637214	0.658257	0.674376	0.664834	0.604636	0.633083	0.686387	0.760147	0.724559	0.621746	0.578015	0.765633	0.772499	0.621156	0.706781	0.835379	0.744876	0.874058
547.0	0.712197	0.678505	0.667964	0.712742	0.598641	0.715574	0.621863	0.634888	0.749015	0.610291	0.603012	0.608384	0.612911	0.733829	0.735123	0.883584	0.678167	0.594095	0.555970	0.691026
548.0	0.498562	0.492073	0.543711	0.443447	0.583371	0.579664	0.649188	0.655949	0.689369	0.679951	0.595966	0.630461	0.559709	0.595626	0.563193	0.587148	0.668438	0.625963	0.645098	0.684850
549.0	0.457453	0.488229	0.460875	0.554923	0.438618	0.456439	0.741856	0.521759	0.516394	0.575168	0.515523	0.576430	0.551700	0.604300	0.609770	0.630225	0.504763	0.542310	0.638932	0.614107
550.0	0.512041	0.383161	0.438911	0.653247	0.480151	0.504763	0.654534	0.438116	0.546814	0.390775	0.521394	0.566553	0.591173	0.534909	0.559743	0.454517	0.682173	0.560520	0.566620	0.575929
551.0	0.433191	0.516418	0.479702	0.429670	0.520462	0.595973	0.530977	0.441124	0.590952	0.436434	0.548405	0.627556	0.583736	0.653451	0.625870	0.431278	0.549974	0.485403	0.514489	0.542242
552.0	0.422409	0.336392	0.358586	0.434053	0.453277	0.423821	0.571965	0.423072	0.524148	0.452825	0.457979	0.573525	0.463031	0.482288	0.518342	0.381967	0.479009	0.462071	0.485901	0.479359
553.0	0.352320	0.464524	0.464013	0.343245	0.347002	0.371269	0.450189	0.356879	0.400084	0.239748	0.442712	0.472435	0.471612	0.521031	0.557443	0.443748	0.357111	0.376142	0.393970	0.555716
554.0	0.365125	0.326142	0.396866	0.444074	0.334176	0.449191	0.333166	0.339429	0.416785	0.230967	0.432143	0.358563	0.307430	0.426776	0.494767	0.431278	0.345093	0.416546	0.389486	0.542803
555.0	0.268753	0.409428	0.370510	0.427165	0.458163	0.327174	0.417518	0.392383	0.459730	0.299456	0.356984	0.358563	0.321732	0.351603	0.450490	0.281643	0.226629	0.398336	0.291389	0.335628
556.0	0.143403	0.310125	0.301480	0.212981	0.354942	0.308448	0.264259	0.262404	0.311211	0.334579	0.325864	0.302789	0.255373	0.259082	0.187134	0.239700	0.204310	0.330048	0.274012	0.144735
557.0	0.233709	0.309485	0.246257	0.288759	0.243782	0.293951	0.169809	0.213663	0.186550	0.167747	0.383994	0.324285	0.252513	0.309969	0.218185	0.258971	0.234069	0.198593	0.197777	0.184037
558.0	0.249210	0.199291	0.205466	0.068313	0.218129	0.106094	0.299306	0.238334	0.224724	0.040135	0.207253	0.185432	0.115790	0.174079	0.199784	0.230064	0.124761	0.157052	0.225805	0.296888
559.0	0.102294	0.103833	0.249394	0.219244	0.190034	0.232339	0.170403	0.261803	0.128693	0.153112	0.203730	0.112809	0.243932	0.235952	0.290636	0.255570	0.176267	0.150792	0.277376	0.210986
560.0	0.208774	0.132662	0.099412	0.187304	0.282871	0.203949	0.084269	0.134232	0.137044	0.201699	0.090992	0.148830	0.110641	0.243470	0.138833	0.140510	0.250665	0.182091	0.167508	0.276115
561.0	0.158904	0.178149	0.183502	0.231143	0.093532	0.109718	0.046845	0.111365	0.143605	0.216918	0.180243	0.072722	0.103777	0.175236	0.108932	0.254437	0.157382	0.090471	-0.019156	0.089152
562.0	0.069271	0.155726	0.094392	0.050778	0.081316	0.011259	0.122880	0.220282	0.103045	0.046574	0.160866	0.169164	0.037990	0.150949	0.138833	0.207392	0.129339	-0.014807	0.115376	0.210986
563.0	0.071293	0.110880	0.104432	0.018212	0.048946	-0.090945	0.129415	-0.010790	0.137640	0.160137	0.141489	0.117457	0.046571	0.039924	0.078456	0.096867	0.152803	0.031288	0.063805	0.161017
564.0	0.011314	0.151242	0.041051	0.159122	0.082538	-0.060622	0.119910	-0.007180	0.076801	0.119746	0.156169	0.098866	-0.041527	0.041081	-0.002046	0.016381	0.077833	0.092178	0.045307	0.045920
565.0	0.147447	0.132662	0.073055	0.014454	-0.042060	-0.078925	0.017144	0.111365	-0.032352	-0.008451	0.085120	0.069236	-0.031230	-0.042766	0.058905	0.064559	-0.070963	-0.001718	0.038020	0.121155
566.0	-0.002839	0.041048	-0.029861	-0.084245	-0.064963	0.087368	-0.024438	0.021704	-0.126593	-0.028354	0.045192	0.086084	-0.046675	-0.117477	0.060631	-0.017060	0.092713	0.097300	0.005508	-0.073107
567.0	0.146099	-0.103741	-0.046177	0.023222	-0.147540	-0.106711	-0.083781	0.042765	-0.013265	-0.065818	-0.035839	0.033215	-0.023793	-0.005758	0.026130	-0.096412	0.049791	0.015923	-0.006264	-0.032121
568.0	-0.058303	-0.167807	-0.115709	0.030737	-0.034730	-0.083939	-0.210487	-0.065550	-0.081858	-0.069916	-0.025270	-0.008615	-0.134429	-0.045079	-0.049772	-0.017060	0.008014	-0.032448	-0.093710	-0.079844
569.0	-0.139107	-0.108866	-0.086340	-0.031889	0.012299	-0.078079	-0.095721	-0.196912	-0.025791	-0.126463	-0.109119	-0.078332	-0.122016	-0.053175	-0.018721	-0.164484	-0.090420	0.000558	-0.100997	-0.108871
570.0	-0.130683	-0.162746	-0.141940	-0.232733	-0.103259	-0.098556	-0.093167	-0.129696	0.002839	-0.179849	-0.172123	-0.141194	-0.026653	-0.068209	-0.150802	-0.181432	-0.075541	-0.000580	-0.179754	-0.052895
571.0	-0.149755	-0.215024	-0.161268	-0.123826	-0.124331	-0.075603	-0.114196	-0.233619	-0.096770	-0.104219	-0.029967	-0.163388	-0.078711	-0.002867	-0.061848	-0.134331	-0.076685	-0.202940	-0.113721	-0.115103
572.0	-0.141937	-0.182414	-0.051825	-0.222838	-0.021904	-0.013507	-0.169084	-0.189932	-0.204074	-0.094911	-0.116341	-0.156764	-0.112405	-0.145406	-0.160463	-0.215326	-0.057800	-0.161512	-0.175999	-0.202633
573.0	-0.190527	-0.192152	-0.093682	-0.184135	-0.144425	-0.284360	-0.211913	-0.201244	-0.201986	-0.192552	-0.212110	-0.152930	-0.140894	-0.118286	-0.232857	-0.221108	-0.188282	-0.145635	-0.170337	-0.187474
574.0	-0.055338	-0.170946	-0.239585	-0.063015	-0.157190	-0.211633	-0.241971	-0.217612	-0.237237	-0.242485	-0.121391	-0.162458	-0.144440	-0.256373	-0.191513	-0.181318	-0.257987	-0.154228	-0.044381	-0.247605
575.0	-0.215125	-0.207208	-0.226344	-0.169919	-0.140088	-0.253675	-0.267751	-0.280314	-0.206221	-0.229665	-0.099430	-0.217361	-0.179336	-0.280544	-0.191053	-0.263277	-0.227427	-0.195485	-0.120728	-0.132733
576.0	-0.252461	-0.221430	-0.228290	-0.281394	-0.273787	-0.193875	-0.166648	-0.246677	-0.199779	-0.119673	-0.265426	-0.206380	-0.205537	-0.265105	-0.194963	-0.160517	-0.226626	-0.175909	-0.322359	-0.209315
577.0	-0.225841	-0.196188	-0.237703	-0.191713	-0.327168	-0.315227	-0.176806	-0.252273	-0.318058	-0.206835	-0.178934	-0.257971	-0.219781	-0.152519	-0.126019	-0.227286	-0.254725	-0.261099	-0.319612	-0.292802
578.0	-0.295255	-0.212782	-0.288282	-0.261229	-0.295896	-0.234708	-0.223081	-0.254198	-0.281077	-0.228494	-0.254857	-0.284231	-0.267319	-0.255274	-0.219172	-0.281755	-0.228228	-0.214890	-0.205876	-0.317899
579.0	-0.256100	-0.263522	-0.292989	-0.269120	-0.290522	-0.302602	-0.276721	-0.243547	-0.186239	-0.300554	-0.227670	-0.234383	-0.278760	-0.322583	-0.403004	-0.338492	-0.270349	-0.217679	-0.195450	-0.245584
580.0	-0.369455	-0.322783	-0.250756	-0.328364	-0.320205	-0.318187	-0.336302	-0.298547	-0.257934	-0.235343	-0.321091	-0.192901	-0.243750	-0.324723	-0.247232	-0.261577	-0.336792	-0.292739	-0.171346	-0.281685
581.0	-0.363524	-0.355008	-0.241844	-0.287469	-0.271038	-0.277595	-0.284325	-0.235604	-0.317461	-0.274914	-0.281221	-0.308109	-0.371720	-0.412906	-0.289668	-0.245027	-0.334388	-0.216825	-0.284409	-0.314025
582.0	-0.329154	-0.246929	-0.316898	-0.377088	-0.289911	-0.363732	-0.221061	-0.329056	-0.347285	-0.343813	-0.324966	-0.278654	-0.343918	-0.265567	-0.261665	-0.279828	-0.338795	-0.315729	-0.274656	-0.281910
583.0	-0.344384	-0.186194	-0.265315	-0.385417	-0.335841	-0.348027	-0.308799	-0.264488	-0.363151	-0.343169	-0.370707	-0.274238	-0.313198	-0.338427	-0.224289	-0.365188	-0.365406	-0.364043	-0.321798	-0.413514
584.0	-0.342228	-0.347705	-0.253015	-0.376712	-0.299744	-0.299401	-0.366003	-0.239275	-0.423632	-0.295344	-0.279166	-0.294340	-0.330074	-0.369942	-0.237342	-0.394945	-0.335418	-0.381058	-0.387831	-0.370394
585.0	-0.252326	-0.364746	-0.201494	-0.375836	-0.352698	-0.375752	-0.339629	-0.338444	-0.362137	-0.277432	-0.364542	-0.224797	-0.383104	-0.384572	-0.266495	-0.417503	-0.322027	-0.390618	-0.339343	-0.399197
586.0	-0.425256	-0.273708	-0.308552	-0.416105	-0.319289	-0.305925	-0.343906	-0.395610	-0.381581	-0.297276	-0.360490	-0.291668	-0.418801	-0.348489	-0.221702	-0.295982	-0.355220	-0.342361	-0.290015	-0.408741
587.0	-0.395535	-0.395882	-0.431613	-0.333437	-0.377068	-0.391155	-0.344321	-0.417814	-0.387904	-0.444615	-0.415274	-0.387645	-0.383390	-0.355370	-0.305424	-0.441536	-0.398370	-0.365807	-0.439906	-0.363938
588.0	-0.429771	-0.420740	-0.386304	-0.411909	-0.453109	-0.305321	-0.338500	-0.432979	-0.373290	-0.301549	-0.362193	-0.370506	-0.317946	-0.459109	-0.367123	-0.497365	-0.445813	-0.408202	-0.470288	-0.377862
589.0	-0.444260	-0.379738	-0.408205	-0.373957	-0.461721	-0.338664	-0.366003	-0.411556	-0.376392	-0.321920	-0.334302	-0.384450	-0.368631	-0.413369	-0.468440	-0.465228	-0.431792	-0.416112	-0.397641	-0.381904
590.0	-0.361300	-0.385696	-0.336854	-0.450800	-0.319839	-0.348449	-0.393863	-0.335796	-0.456974	-0.373726	-0.423788	-0.400717	-0.381788	-0.464429	-0.334980	-0.449018	-0.349726	-0.364043	-0.384916	-0.441249
591.0	-0.375857	-0.368398	-0.303155	-0.421303	-0.364853	-0.393088	-0.424277	-0.379122	-0.432758	-0.411541	-0.483739	-0.428720	-0.436363	-0.424876	-0.422037	-0.367739	-0.462295	-0.403991	-0.428303	-0.454949
592.0	-0.342902	-0.466611	-0.386995	-0.414414	-0.387696	-0.460016	-0.455523	-0.423591	-0.477433	-0.443912	-0.387970	-0.493674	-0.386251	-0.423026	-0.399266	-0.410078	-0.343888	-0.422600	-0.367876	-0.440856
593.0	-0.374846	-0.473466	-0.408519	-0.413537	-0.458912	-0.431807	-0.429564	-0.438033	-0.360049	-0.376067	-0.283100	-0.485366	-0.439567	-0.366993	-0.402314	-0.367852	-0.438030	-0.420608	-0.431498	-0.433445
594.0	-0.420740	-0.488586	-0.435943	-0.462198	-0.468073	-0.406740	-0.507322	-0.471972	-0.420948	-0.393336	-0.324320	-0.338843	-0.460504	-0.427999	-0.441702	-0.403334	-0.460464	-0.423852	-0.517543	-0.464381
595.0	-0.378418	-0.378008	-0.466378	-0.406335	-0.445169	-0.479225	-0.463661	-0.444352	-0.490436	-0.372380	-0.474051	-0.462417	-0.406330	-0.425570	-0.444520	-0.422661	-0.447473	-0.453102	-0.468158	-0.497619
596.0	-0.479709	-0.441433	-0.425086	-0.375773	-0.491527	-0.454459	-0.495976	-0.467639	-0.522466	-0.395795	-0.484855	-0.428546	-0.451122	-0.484379	-0.438310	-0.455876	-0.423093	-0.472848	-0.442821	-0.391280
597.0	-0.435971	-0.507101	-0.382916	-0.432513	-0.416341	-0.440022	-0.465444	-0.494899	-0.463058	-0.399892	-0.481214	-0.432497	-0.412508	-0.393477	-0.449177	-0.447827	-0.450277	-0.468637	-0.396464	-0.476789
598.0	-0.348495	-0.443868	-0.442155	-0.485745	-0.463676	-0.469017	-0.551934	-0.486053	-0.405499	-0.472713	-0.549856	-0.496114	-0.485846	-0.437540	-0.512544	-0.458823	-0.437057	-0.534137	-0.454144	-0.532653
599.0	-0.514416	-0.482756	-0.449560	-0.552568	-0.391421	-0.453795	-0.498174	-0.532388	-0.419755	-0.504674	-0.443752	-0.454690	-0.424293	-0.395443	-0.503689	-0.431787	-0.494515	-0.536755	-0.464010	-0.504693
600.0	-0.434421	-0.517416	-0.454894	-0.528144	-0.484259	-0.449748	-0.492947	-0.438996	-0.513877	-0.468147	-0.486675	-0.420645	-0.494542	-0.497794	-0.429224	-0.498499	-0.481238	-0.504318	-0.476510	-0.474487
601.0	-0.459828	-0.458987	-0.467194	-0.525075	-0.504048	-0.480916	-0.483799	-0.498269	-0.485485	-0.547934	-0.450094	-0.421807	-0.492082	-0.489525	-0.488796	-0.465001	-0.459663	-0.457028	-0.484975	-0.496496
602.0	-0.468993	-0.513828	-0.458534	-0.491006	-0.472410	-0.498192	-0.518549	-0.383755	-0.532844	-0.510353	-0.463364	-0.450275	-0.522573	-0.485188	-0.437620	-0.403390	-0.462009	-0.430681	-0.484246	-0.501381
603.0	-0.479035	-0.533624	-0.462174	-0.424497	-0.441871	-0.471493	-0.459087	-0.542979	-0.499920	-0.489806	-0.433301	-0.511394	-0.524460	-0.480793	-0.492304	-0.489544	-0.481639	-0.462833	-0.529202	-0.480944
604.0	-0.466837	-0.507677	-0.406197	-0.429945	-0.474364	-0.412478	-0.480651	-0.524264	-0.440929	-0.519192	-0.481978	-0.481647	-0.518511	-0.479406	-0.521227	-0.547867	-0.507049	-0.528560	-0.489852	-0.486951
605.0	-0.492783	-0.481667	-0.497128	-0.375773	-0.559750	-0.480373	-0.437524	-0.481841	-0.527178	-0.570998	-0.486675	-0.467588	-0.547686	-0.490161	-0.497479	-0.508305	-0.492226	-0.543868	-0.554988	-0.416939
606.0	-0.552762	-0.454887	-0.510244	-0.470277	-0.472043	-0.468110	-0.513857	-0.555736	-0.474987	-0.463932	-0.484092	-0.556536	-0.545226	-0.502709	-0.481321	-0.454572	-0.521871	-0.550298	-0.561770	-0.495261
607.0	-0.502285	-0.511906	-0.587117	-0.524324	-0.497818	-0.465694	-0.544093	-0.569937	-0.522764	-0.533299	-0.532886	-0.549622	-0.537789	-0.471541	-0.511279	-0.466928	-0.547223	-0.485709	-0.578082	-0.517157
608.0	-0.559097	-0.489995	-0.543315	-0.483428	-0.477662	-0.498736	-0.510293	-0.518247	-0.529027	-0.471308	-0.539287	-0.505409	-0.491910	-0.502015	-0.475341	-0.524402	-0.530341	-0.485254	-0.564685	-0.527600
609.0	-0.568600	-0.481987	-0.568166	-0.452741	-0.507468	-0.476688	-0.508807	-0.534193	-0.470514	-0.476752	-0.556608	-0.532134	-0.499233	-0.407760	-0.502309	-0.527689	-0.481353	-0.481783	-0.439178	-0.482965
610.0	-0.540295	-0.518505	-0.517837	-0.531776	-0.524814	-0.515286	-0.471562	-0.466496	-0.545728	-0.509709	-0.498771	-0.523478	-0.520113	-0.519363	-0.525712	-0.506548	-0.575380	-0.452362	-0.485479	-0.480719
611.0	-0.503027	-0.498068	-0.577892	-0.548184	-0.530677	-0.568201	-0.503283	-0.501759	-0.525806	-0.442156	-0.546744	-0.550610	-0.464623	-0.535901	-0.513407	-0.544013	-0.561473	-0.499196	-0.541703	-0.535854
612.0	-0.536656	-0.550858	-0.503341	-0.462636	-0.555597	-0.550140	-0.555379	-0.471009	-0.479819	-0.534002	-0.510573	-0.584597	-0.553521	-0.553191	-0.587526	-0.576604	-0.398714	-0.573516	-0.559808	-0.489590
613.0	-0.575609	-0.548423	-0.568668	-0.540481	-0.532693	-0.592664	-0.601297	-0.539368	-0.551931	-0.530899	-0.550854	-0.547530	-0.534472	-0.523873	-0.573726	-0.557163	-0.513573	-0.592068	-0.596749	-0.510644
614.0	-0.539149	-0.529396	-0.520347	-0.546055	-0.573004	-0.532743	-0.397546	-0.572404	-0.572688	-0.548695	-0.484679	-0.529927	-0.588703	-0.568341	-0.522664	-0.590661	-0.543847	-0.609197	-0.506612	-0.536583
615.0	-0.537330	-0.488137	-0.578206	-0.547057	-0.547535	-0.569529	-0.524965	-0.598520	-0.568811	-0.485123	-0.591722	-0.518307	-0.536588	-0.489756	-0.480688	-0.530183	-0.592148	-0.511033	-0.461656	-0.531811
616.0	-0.479304	-0.518761	-0.621444	-0.562275	-0.569156	-0.595383	-0.605990	-0.557421	-0.521512	-0.486879	-0.578628	-0.504422	-0.505582	-0.513638	-0.491269	-0.593721	-0.561073	-0.496294	-0.547420	-0.546633
617.0	-0.589357	-0.522797	-0.577955	-0.489566	-0.502032	-0.608611	-0.566666	-0.522218	-0.559506	-0.538802	-0.528835	-0.549506	-0.486762	-0.568225	-0.513809	-0.523382	-0.584480	-0.564127	-0.593554	-0.553202
618.0	-0.495816	-0.482115	-0.555991	-0.582692	-0.557429	-0.624558	-0.610327	-0.566026	-0.577997	-0.555895	-0.483270	-0.582970	-0.556324	-0.584012	-0.618922	-0.550871	-0.502985	-0.556331	-0.507565	-0.545398
619.0	-0.481528	-0.511714	-0.583666	-0.517998	-0.623576	-0.601604	-0.605277	-0.543400	-0.582291	-0.604774	-0.507872	-0.466774	-0.597741	-0.557528	-0.591034	-0.538742	-0.554778	-0.581768	-0.535312	-0.500651
620.0	-0.563410	-0.577445	-0.601551	-0.508228	-0.522737	-0.535401	-0.593931	-0.543821	-0.590463	-0.548695	-0.622196	-0.531960	-0.604492	-0.500801	-0.539857	-0.521851	-0.549169	-0.625017	-0.569954	-0.564824
621.0	-0.469600	-0.582699	-0.569421	-0.556827	-0.599023	-0.554247	-0.566012	-0.397295	-0.571853	-0.602315	-0.468590	-0.591743	-0.604663	-0.526649	-0.559293	-0.577568	-0.476660	-0.515130	-0.542319	-0.572067
622.0	-0.509901	-0.601086	-0.543252	-0.503657	-0.519683	-0.543737	-0.501739	-0.526671	-0.566187	-0.570880	-0.577747	-0.567051	-0.564390	-0.583202	-0.587066	-0.526952	-0.596269	-0.539372	-0.578587	-0.497843
623.0	-0.572172	-0.525168	-0.544633	-0.528081	-0.520661	-0.595564	-0.582526	-0.509341	-0.545549	-0.582354	-0.583442	-0.522374	-0.569825	-0.576379	-0.520077	-0.495778	-0.609546	-0.591214	-0.539853	-0.577513
624.0	-0.542991	-0.499477	-0.567475	-0.601104	-0.622599	-0.580583	-0.610267	-0.539428	-0.534216	-0.624618	-0.563420	-0.578613	-0.555809	-0.564929	-0.556820	-0.541236	-0.581103	-0.565777	-0.636548	-0.583914
625.0	-0.628647	-0.538173	-0.562204	-0.588516	-0.536174	-0.601483	-0.541538	-0.577820	-0.553363	-0.582588	-0.560484	-0.542766	-0.551576	-0.570134	-0.554750	-0.542483	-0.582706	-0.628943	-0.618330	-0.573302
626.0	-0.618268	-0.532471	-0.591636	-0.542798	-0.577768	-0.581852	-0.597139	-0.673258	-0.524315	-0.621925	-0.573343	-0.629565	-0.516280	-0.493688	-0.526919	-0.626199	-0.559013	-0.531519	-0.598655	-0.587282
627.0	-0.610046	-0.507293	-0.579273	-0.604486	-0.535014	-0.614289	-0.553478	-0.584018	-0.584677	-0.578842	-0.599942	-0.590116	-0.543968	-0.561228	-0.589021	-0.585219	-0.504073	-0.602027	-0.563844	-0.554157
628.0	-0.512394	-0.607749	-0.634057	-0.593150	-0.672132	-0.607765	-0.638068	-0.623011	-0.608476	-0.567310	-0.550384	-0.596449	-0.604835	-0.515315	-0.584191	-0.593211	-0.540642	-0.516382	-0.554427	-0.558817
629.0	-0.593265	-0.525680	-0.598162	-0.568726	-0.564942	-0.583604	-0.604089	-0.576616	-0.592610	-0.564968	-0.574106	-0.535039	-0.649971	-0.592165	-0.587468	-0.588053	-0.529025	-0.486847	-0.512666	-0.588854
630.0	-0.623255	-0.590515	-0.594271	-0.601855	-0.584364	-0.595805	-0.612406	-0.516682	-0.594459	-0.593710	-0.586026	-0.560080	-0.519026	-0.632412	-0.568838	-0.565835	-0.552031	-0.516951	-0.565750	-0.527319
631.0	-0.574800	-0.531830	-0.605002	-0.488877	-0.567018	-0.619363	-0.594763	-0.488941	-0.612293	-0.572402	-0.650792	-0.582505	-0.569482	-0.573314	-0.554405	-0.615600	-0.573492	-0.577500	-0.592545	-0.518280
632.0	-0.527221	-0.544580	-0.573437	-0.514429	-0.594686	-0.629269	-0.525618	-0.550922	-0.620465	-0.599505	-0.572697	-0.564902	-0.595224	-0.583607	-0.649858	-0.561640	-0.609203	-0.597360	-0.578026	-0.551069
633.0	-0.544473	-0.630300	-0.591322	-0.599538	-0.575386	-0.499702	-0.621910	-0.581069	-0.593743	-0.563271	-0.538993	-0.569782	-0.577376	-0.582971	-0.563433	-0.518337	-0.635070	-0.544323	-0.540694	-0.548093
634.0	-0.598455	-0.588144	-0.599605	-0.545679	-0.561399	-0.573637	-0.601951	-0.566387	-0.621598	-0.598218	-0.616207	-0.594125	-0.625143	-0.583607	-0.568896	-0.607438	-0.634727	-0.553542	-0.620628	-0.584700
635.0	-0.597309	-0.615501	-0.538734	-0.571168	-0.553703	-0.560167	-0.588526	-0.584800	-0.617602	-0.569534	-0.559133	-0.588489	-0.539277	-0.654096	-0.610757	-0.583009	-0.614353	-0.621546	-0.545234	-0.629223
636.0	-0.611596	-0.584813	-0.612972	-0.609559	-0.530861	-0.646545	-0.583595	-0.593345	-0.539107	-0.560519	-0.579097	-0.617480	-0.619823	-0.611305	-0.578268	-0.580232	-0.587112	-0.525942	-0.575504	-0.647582
637.0	-0.611798	-0.593590	-0.589502	-0.570793	-0.464347	-0.591939	-0.655770	-0.593465	-0.600006	-0.576676	-0.504995	-0.554967	-0.579321	-0.615006	-0.476778	-0.592871	-0.659679	-0.543583	-0.647927	-0.619285
638.0	-0.594546	-0.576036	-0.610211	-0.543988	-0.572271	-0.590248	-0.575754	-0.626261	-0.613069	-0.618647	-0.547507	-0.580007	-0.555695	-0.586729	-0.572346	-0.630847	-0.611778	-0.571923	-0.645293	-0.622261
639.0	-0.579585	-0.647854	-0.608767	-0.582253	-0.611544	-0.609517	-0.586803	-0.569877	-0.641580	-0.628364	-0.600529	-0.550029	-0.581152	-0.588406	-0.632147	-0.638725	-0.586712	-0.610449	-0.588060	-0.588461
640.0	-0.604655	-0.630684	-0.629225	-0.578183	-0.626385	-0.547905	-0.612525	-0.589795	-0.634124	-0.624384	-0.564359	-0.611380	-0.657751	-0.630041	-0.670673	-0.583236	-0.626200	-0.641463	-0.625729	-0.577345
641.0	-0.649201	-0.628314	-0.655896	-0.655339	-0.619606	-0.567113	-0.646978	-0.571381	-0.643846	-0.623564	-0.625073	-0.631947	-0.650428	-0.603672	-0.664463	-0.607041	-0.611835	-0.523609	-0.639967	-0.640452
642.0	-0.566443	-0.599420	-0.562204	-0.649201	-0.569400	-0.624739	-0.627078	-0.556578	-0.540539	-0.573573	-0.637815	-0.629971	-0.662670	-0.656467	-0.586951	-0.620304	-0.605654	-0.590133	-0.653477	-0.645168
643.0	-0.573991	-0.597818	-0.624581	-0.630852	-0.614903	-0.592906	-0.601891	-0.582092	-0.568513	-0.572812	-0.658601	-0.625323	-0.588360	-0.634667	-0.599889	-0.609535	-0.659564	-0.616310	-0.648208	-0.595760
644.0	-0.605531	-0.636386	-0.620000	-0.666361	-0.607268	-0.591215	-0.580447	-0.618258	-0.556166	-0.638082	-0.677332	-0.589768	-0.622683	-0.621251	-0.600981	-0.562887	-0.582820	-0.562363	-0.623824	-0.611593
645.0	-0.524188	-0.558482	-0.682566	-0.615445	-0.613070	-0.530629	-0.603614	-0.550380	-0.580025	-0.614901	-0.567236	-0.605919	-0.560672	-0.622813	-0.577003	-0.567365	-0.595353	-0.621147	-0.575728	-0.581106
646.0	-0.586459	-0.591156	-0.607324	-0.615132	-0.606047	-0.649686	-0.588704	-0.659598	-0.659891	-0.643174	-0.637111	-0.611903	-0.563933	-0.609570	-0.606674	-0.597235	-0.584709	-0.599864	-0.617321	-0.623552
647.0	-0.619616	-0.597818	-0.626150	-0.566096	-0.608551	-0.636880	-0.619534	-0.626321	-0.588077	-0.609749	-0.629360	-0.558162	-0.572914	-0.636286	-0.594369	-0.616847	-0.580588	-0.590702	-0.653701	-0.606989
648.0	-0.644079	-0.601406	-0.556180	-0.638492	-0.670605	-0.597859	-0.633731	-0.676327	-0.592252	-0.557534	-0.648795	-0.630262	-0.642076	-0.633279	-0.646177	-0.635664	-0.613724	-0.639642	-0.608184	-0.616085
649.0	-0.594546	-0.618640	-0.631924	-0.596094	-0.629622	-0.610544	-0.626959	-0.622349	-0.631142	-0.588734	-0.623371	-0.552933	-0.597455	-0.596849	-0.606444	-0.636685	-0.612579	-0.642829	-0.603419	-0.603115
650.0	-0.589222	-0.589554	-0.574315	-0.562338	-0.656680	-0.626430	-0.625950	-0.604297	-0.558910	-0.585925	-0.658249	-0.634561	-0.608382	-0.616972	-0.595864	-0.613389	-0.572862	-0.611302	-0.594002	-0.585822
651.0	-0.600948	-0.605634	-0.535533	-0.571231	-0.598045	-0.623410	-0.593397	-0.606283	-0.596547	-0.627018	-0.617440	-0.638047	-0.606780	-0.586672	-0.595806	-0.618944	-0.580187	-0.610335	-0.575616	-0.613951
652.0	-0.632286	-0.587760	-0.603057	-0.587577	-0.572027	-0.607222	-0.635395	-0.578542	-0.609132	-0.667233	-0.629653	-0.607371	-0.596655	-0.629000	-0.627087	-0.652555	-0.566224	-0.627066	-0.644115	-0.600420
653.0	-0.609507	-0.576677	-0.596028	-0.581063	-0.654664	-0.616162	-0.634563	-0.580046	-0.675578	-0.582003	-0.625015	-0.600109	-0.560157	-0.607951	-0.622199	-0.586693	-0.579672	-0.589621	-0.647199	-0.584812
654.0	-0.581337	-0.635105	-0.656523	-0.613441	-0.656374	-0.596409	-0.644840	-0.604598	-0.617661	-0.608637	-0.613095	-0.654895	-0.588245	-0.600839	-0.651065	-0.608628	-0.575552	-0.602368	-0.618779	-0.538155
655.0	-0.625816	-0.637411	-0.646232	-0.582942	-0.637318	-0.507917	-0.601119	-0.544904	-0.651958	-0.600091	-0.528306	-0.607778	-0.620509	-0.647041	-0.657678	-0.531090	-0.584079	-0.617676	-0.596973	-0.556683
656.0	-0.671710	-0.646124	-0.667882	-0.622209	-0.583326	-0.595624	-0.611039	-0.584620	-0.658102	-0.626023	-0.560425	-0.597669	-0.613988	-0.627785	-0.664233	-0.598709	-0.607715	-0.561225	-0.618274	-0.612941
657.0	-0.646775	-0.623765	-0.554924	-0.674628	-0.548512	-0.619061	-0.615792	-0.644735	-0.660547	-0.629711	-0.609396	-0.645832	-0.612100	-0.622755	-0.633815	-0.615260	-0.650064	-0.567655	-0.573710	-0.601543
658.0	-0.586257	-0.560788	-0.577265	-0.640935	-0.565919	-0.589705	-0.630821	-0.636731	-0.599827	-0.643233	-0.682265	-0.583261	-0.614045	-0.623275	-0.632032	-0.633000	-0.635757	-0.626952	-0.579372	-0.645055
659.0	-0.603374	-0.579303	-0.668698	-0.644567	-0.584242	-0.550140	-0.670086	-0.624335	-0.550798	-0.658570	-0.648384	-0.552178	-0.661240	-0.630330	-0.648708	-0.604661	-0.622079	-0.624391	-0.587948	-0.594693
660.0	-0.642799	-0.600829	-0.677044	-0.625904	-0.592426	-0.504111	-0.612109	-0.644795	-0.613248	-0.623330	-0.598944	-0.646587	-0.626573	-0.607720	-0.606961	-0.636061	-0.591175	-0.594572	-0.595011	-0.618274
661.0	-0.590165	-0.588913	-0.635438	-0.614882	-0.604398	-0.562402	-0.609198	-0.661162	-0.567559	-0.606354	-0.564653	-0.603014	-0.554208	-0.617840	-0.606616	-0.615033	-0.652411	-0.591613	-0.555773	-0.638318
662.0	-0.636262	-0.598011	-0.587368	-0.622710	-0.643731	-0.581671	-0.603020	-0.621026	-0.609072	-0.581066	-0.577688	-0.521735	-0.601517	-0.639813	-0.587814	-0.579381	-0.560558	-0.592751	-0.580885	-0.622597
663.0	-0.644551	-0.614283	-0.590255	-0.561837	-0.621377	-0.570496	-0.557042	-0.607607	-0.598754	-0.601320	-0.622842	-0.621721	-0.557697	-0.600203	-0.592759	-0.548151	-0.596269	-0.604530	-0.607624	-0.623047
664.0	-0.568195	-0.623701	-0.636567	-0.604611	-0.581494	-0.604202	-0.631949	-0.584018	-0.560759	-0.584578	-0.615561	-0.635607	-0.592364	-0.613792	-0.641692	-0.545883	-0.599474	-0.600547	-0.636100	-0.601206
665.0	-0.563747	-0.614155	-0.657214	-0.615195	-0.634631	-0.640505	-0.618584	-0.603635	-0.559268	-0.601788	-0.614680	-0.625033	-0.668963	-0.652303	-0.653078	-0.623818	-0.645028	-0.551664	-0.609585	-0.653814
666.0	-0.596568	-0.597370	-0.615043	-0.621332	-0.620217	-0.620511	-0.643949	-0.570719	-0.618675	-0.569476	-0.592309	-0.604641	-0.585042	-0.577882	-0.633642	-0.655502	-0.591462	-0.550128	-0.616256	-0.579310
667.0	-0.571700	-0.641319	-0.599103	-0.578934	-0.624248	-0.573637	-0.623811	-0.580407	-0.585870	-0.587798	-0.643981	-0.600283	-0.620109	-0.623738	-0.632607	-0.594118	-0.594151	-0.572663	-0.623095	-0.557357
668.0	-0.548719	-0.647149	-0.638136	-0.631227	-0.612215	-0.591879	-0.563280	-0.597256	-0.630247	-0.597925	-0.666352	-0.580123	-0.669478	-0.603614	-0.579763	-0.590944	-0.663170	-0.599637	-0.577522	-0.627538
669.0	-0.601757	-0.618063	-0.662924	-0.589142	-0.614720	-0.595141	-0.587694	-0.623433	-0.584856	-0.615954	-0.573284	-0.633515	-0.611471	-0.574875	-0.633815	-0.618320	-0.664944	-0.646243	-0.597926	-0.608673
670.0	-0.626355	-0.630620	-0.644223	-0.661100	-0.643609	-0.604926	-0.610683	-0.568252	-0.611160	-0.610745	-0.555317	-0.573558	-0.634811	-0.619574	-0.555843	-0.555122	-0.588085	-0.638731	-0.579428	-0.614737
671.0	-0.610451	-0.554189	-0.675538	-0.584445	-0.644831	-0.587530	-0.607000	-0.602853	-0.572390	-0.622159	-0.625132	-0.613530	-0.596769	-0.553827	-0.614207	-0.614466	-0.597757	-0.564127	-0.602466	-0.580040
672.0	-0.580730	-0.586351	-0.585235	-0.649013	-0.577829	-0.633739	-0.647572	-0.614647	-0.633170	-0.585339	-0.593718	-0.613704	-0.581724	-0.623796	-0.552278	-0.580175	-0.650636	-0.568167	-0.648824	-0.603396
673.0	-0.598657	-0.605634	-0.662924	-0.568037	-0.584731	-0.646062	-0.594823	-0.566688	-0.563503	-0.589203	-0.622196	-0.621373	-0.543739	-0.575280	-0.611274	-0.593155	-0.640908	-0.620009	-0.586827	-0.571225
674.0	-0.590300	-0.649135	-0.558627	-0.572859	-0.655947	-0.641411	-0.628920	-0.632459	-0.578235	-0.562627	-0.625426	-0.597088	-0.597341	-0.607142	-0.618002	-0.608175	-0.640793	-0.648633	-0.598431	-0.573751
675.0	-0.650280	-0.658617	-0.621569	-0.659973	-0.589250	-0.545911	-0.567616	-0.632038	-0.578235	-0.631057	-0.626013	-0.618177	-0.644364	-0.614428	-0.524562	-0.640539	-0.602335	-0.620521	-0.648095	-0.585317
676.0	-0.647247	-0.627737	-0.558564	-0.628660	-0.568912	-0.557086	-0.620603	-0.609412	-0.604659	-0.622686	-0.602232	-0.640196	-0.593909	-0.635361	-0.583961	-0.599786	-0.597814	-0.649771	-0.640640	-0.667906
677.0	-0.597309	-0.585966	-0.550469	-0.636300	-0.622537	-0.590248	-0.587813	-0.671091	-0.550500	-0.602140	-0.658601	-0.602607	-0.664844	-0.563021	-0.640082	-0.578021	-0.668149	-0.634350	-0.585314	-0.598624
678.0	-0.657154	-0.597882	-0.570487	-0.628597	-0.532693	-0.583543	-0.622801	-0.595150	-0.611458	-0.584578	-0.583677	-0.648040	-0.630635	-0.645017	-0.597876	-0.651932	-0.595868	-0.633781	-0.553194	-0.603284
679.0	-0.634375	-0.581225	-0.628158	-0.586950	-0.621072	-0.573879	-0.558349	-0.571502	-0.597143	-0.598218	-0.609454	-0.618294	-0.593051	-0.657970	-0.671421	-0.592984	-0.620191	-0.653812	-0.554427	-0.578748
680.0	-0.556739	-0.640743	-0.650562	-0.646195	-0.594931	-0.579557	-0.608842	-0.625298	-0.586765	-0.606062	-0.637874	-0.625091	-0.647968	-0.615873	-0.643992	-0.555519	-0.604338	-0.630821	-0.555773	-0.594357
681.0	-0.613955	-0.628826	-0.611027	-0.607429	-0.657046	-0.615316	-0.610148	-0.609352	-0.601557	-0.673614	-0.570877	-0.606964	-0.626516	-0.579617	-0.669006	-0.583349	-0.617730	-0.643341	-0.538283	-0.614063
682.0	-0.650077	-0.581482	-0.582976	-0.617825	-0.602138	-0.638753	-0.572784	-0.566748	-0.625058	-0.601964	-0.620024	-0.651525	-0.637728	-0.649412	-0.580683	-0.623648	-0.604052	-0.586946	-0.628588	-0.609853
683.0	-0.565432	-0.583788	-0.641839	-0.590771	-0.586258	-0.623712	-0.588229	-0.617656	-0.574060	-0.582471	-0.580976	-0.633573	-0.659066	-0.628942	-0.630020	-0.613843	-0.635013	-0.617904	-0.640416	-0.640508
684.0	-0.625951	-0.622228	-0.650624	-0.613629	-0.599511	-0.585295	-0.570170	-0.635648	-0.667108	-0.572637	-0.630417	-0.606093	-0.658494	-0.641664	-0.601786	-0.573260	-0.639935	-0.632699	-0.601345	-0.648536
685.0	-0.591581	-0.640999	-0.626527	-0.622773	-0.560605	-0.646364	-0.624761	-0.572946	-0.566962	-0.652131	-0.667468	-0.615098	-0.633152	-0.596155	-0.600234	-0.618604	-0.667405	-0.608173	-0.620628	-0.591156
686.0	-0.619144	-0.633631	-0.573311	-0.635048	-0.626569	-0.660498	-0.640206	-0.641485	-0.616349	-0.659097	-0.608985	-0.613355	-0.550775	-0.641143	-0.615989	-0.581478	-0.596784	-0.648519	-0.616817	-0.608561
687.0	-0.621099	-0.623637	-0.589690	-0.679763	-0.628951	-0.653914	-0.618940	-0.640161	-0.663112	-0.578490	-0.577277	-0.554270	-0.593966	-0.618302	-0.620819	-0.626029	-0.627745	-0.589849	-0.629205	-0.640620
688.0	-0.617931	-0.597306	-0.671270	-0.672874	-0.640616	-0.628363	-0.600406	-0.597858	-0.601557	-0.635799	-0.573402	-0.578322	-0.635269	-0.593726	-0.645085	-0.602960	-0.648691	-0.646072	-0.669172	-0.642360
689.0	-0.686402	-0.574434	-0.537102	-0.613880	-0.588334	-0.667143	-0.642048	-0.618920	-0.581158	-0.595525	-0.581916	-0.624684	-0.663700	-0.582450	-0.613402	-0.592871	-0.602450	-0.641178	-0.561378	-0.616085
690.0	-0.671104	-0.601022	-0.664556	-0.665923	-0.665963	-0.666720	-0.624940	-0.625238	-0.637583	-0.585339	-0.616148	-0.673835	-0.584241	-0.547350	-0.627145	-0.616507	-0.588600	-0.618131	-0.598206	-0.624282
691.0	-0.640777	-0.653300	-0.606006	-0.576867	-0.581860	-0.654337	-0.658859	-0.600927	-0.594280	-0.605827	-0.599003	-0.627996	-0.605407	-0.624142	-0.588964	-0.631810	-0.605025	-0.665876	-0.632568	-0.619453
692.0	-0.624064	-0.541440	-0.614604	-0.521067	-0.576424	-0.607886	-0.637474	-0.628367	-0.637822	-0.645340	-0.600529	-0.626602	-0.626745	-0.609628	-0.639910	-0.617357	-0.640049	-0.613579	-0.620628	-0.614569
693.0	-0.592389	-0.658233	-0.621507	-0.626280	-0.612399	-0.648659	-0.637117	-0.580769	-0.598097	-0.629242	-0.616853	-0.604060	-0.611528	-0.620557	-0.638760	-0.592531	-0.646630	-0.622684	-0.659306	-0.628212
694.0	-0.626692	-0.656439	-0.603998	-0.642438	-0.605924	-0.642317	-0.637949	-0.628307	-0.602452	-0.655584	-0.645507	-0.597901	-0.601345	-0.594709	-0.651353	-0.618320	-0.635642	-0.629626	-0.618218	-0.640564
695.0	-0.564152	-0.675146	-0.580214	-0.608744	-0.628462	-0.628122	-0.631652	-0.574691	-0.559924	-0.559231	-0.576749	-0.630785	-0.648769	-0.553306	-0.596841	-0.609195	-0.643254	-0.639130	-0.564685	-0.609572
696.0	-0.620425	-0.643177	-0.596405	-0.593150	-0.671521	-0.610967	-0.652443	-0.590758	-0.603287	-0.664892	-0.584852	-0.595345	-0.594195	-0.623564	-0.584191	-0.629260	-0.577669	-0.635089	-0.640136	-0.637139
697.0	-0.642664	-0.632542	-0.618745	-0.636363	-0.606718	-0.633498	-0.555676	-0.636912	-0.638776	-0.654648	-0.554729	-0.592963	-0.615018	-0.596560	-0.598049	-0.627276	-0.625627	-0.671282	-0.599327	-0.656172
698.0	-0.658434	-0.677388	-0.584356	-0.587702	-0.615758	-0.622142	-0.570883	-0.639138	-0.643966	-0.588442	-0.637698	-0.582215	-0.673482	-0.646579	-0.594081	-0.596612	-0.584709	-0.625757	-0.661100	-0.668973
699.0	-0.668206	-0.657592	-0.610650	-0.658721	-0.597313	-0.648418	-0.670442	-0.663870	-0.603466	-0.621457	-0.610864	-0.593892	-0.664387	-0.666124	-0.615644	-0.606134	-0.650751	-0.560086	-0.624496	-0.618948
700.0	-0.636464	-0.575780	-0.624519	-0.666674	-0.667124	-0.651196	-0.609970	-0.641606	-0.588852	-0.600325	-0.641397	-0.603711	-0.644879	-0.659705	-0.653538	-0.653405	-0.599931	-0.592182	-0.562948	-0.647413
701.0	-0.658569	-0.636194	-0.571743	-0.658783	-0.621438	-0.578107	-0.654641	-0.673920	-0.653986	-0.643760	-0.617147	-0.649492	-0.603062	-0.569266	-0.652848	-0.608571	-0.590546	-0.656942	-0.627523	-0.634500
702.0	-0.634038	-0.650032	-0.681437	-0.642250	-0.623881	-0.655364	-0.643533	-0.647683	-0.530936	-0.612325	-0.646799	-0.632063	-0.596197	-0.665719	-0.616794	-0.628636	-0.608459	-0.626496	-0.624552	-0.656004
703.0	-0.641990	-0.664255	-0.668133	-0.645131	-0.643976	-0.626672	-0.536846	-0.665555	-0.591298	-0.628716	-0.636289	-0.585178	-0.622626	-0.611479	-0.572116	-0.622741	-0.639133	-0.636057	-0.646526	-0.605922
704.0	-0.600005	-0.637347	-0.667129	-0.596470	-0.659184	-0.603356	-0.652324	-0.658575	-0.616528	-0.661321	-0.641867	-0.596681	-0.601059	-0.552786	-0.647500	-0.650571	-0.626314	-0.673160	-0.579372	-0.645898
705.0	-0.669756	-0.657144	-0.603873	-0.612753	-0.637318	-0.642015	-0.649473	-0.679756	-0.649393	-0.665302	-0.644039	-0.653443	-0.625486	-0.602458	-0.641060	-0.630393	-0.633525	-0.657852	-0.654205	-0.606540
706.0	-0.683032	-0.627353	-0.624832	-0.615007	-0.608490	-0.653673	-0.616683	-0.629390	-0.613784	-0.608286	-0.632531	-0.630436	-0.642477	-0.607026	-0.662738	-0.636175	-0.665802	-0.673786	-0.552241	-0.600757
707.0	-0.596837	-0.610247	-0.590380	-0.637177	-0.631333	-0.656029	-0.622682	-0.601770	-0.620286	-0.586627	-0.635055	-0.668141	-0.651916	-0.617319	-0.611102	-0.661794	-0.594094	-0.670941	-0.635035	-0.551013
708.0	-0.610518	-0.602047	-0.625334	-0.552255	-0.581738	-0.638330	-0.599991	-0.644735	-0.583126	-0.619233	-0.620552	-0.625265	-0.587616	-0.650453	-0.633067	-0.616733	-0.623338	-0.660071	-0.645741	-0.571393
709.0	-0.608227	-0.629723	-0.543880	-0.644191	-0.644892	-0.613625	-0.665868	-0.631677	-0.634661	-0.639077	-0.670521	-0.637989	-0.592421	-0.666760	-0.586951	-0.623875	-0.589287	-0.659161	-0.544113	-0.602834
710.0	-0.619751	-0.625303	-0.625083	-0.651205	-0.639700	-0.610423	-0.619890	-0.606223	-0.670270	-0.625555	-0.635232	-0.662855	-0.647740	-0.669015	-0.618749	-0.660490	-0.635356	-0.656316	-0.612332	-0.587507
711.0	-0.677304	-0.614540	-0.609269	-0.633419	-0.666635	-0.623410	-0.636880	-0.622711	-0.672059	-0.655350	-0.636700	-0.628286	-0.635040	-0.636864	-0.610584	-0.622515	-0.625685	-0.599124	-0.573934	-0.621868
712.0	-0.614764	-0.641255	-0.676730	-0.575051	-0.640128	-0.618819	-0.672759	-0.624937	-0.679932	-0.677946	-0.629771	-0.664075	-0.609526	-0.604540	-0.613459	-0.609082	-0.647146	-0.607148	-0.611435	-0.657183
713.0	-0.655334	-0.586351	-0.637132	-0.557954	-0.610139	-0.645216	-0.648760	-0.580528	-0.649334	-0.618823	-0.609161	-0.627241	-0.630463	-0.589447	-0.611677	-0.608685	-0.664371	-0.600376	-0.624216	-0.633883
714.0	-0.638823	-0.587504	-0.561827	-0.624401	-0.649961	-0.549536	-0.613594	-0.605561	-0.553959	-0.657575	-0.631591	-0.580530	-0.590762	-0.593611	-0.573496	-0.654596	-0.595124	-0.656031	-0.617433	-0.658755
715.0	-0.618470	-0.631389	-0.623828	-0.672436	-0.605924	-0.599369	-0.609020	-0.672174	-0.571257	-0.670980	-0.656781	-0.657684	-0.650714	-0.640912	-0.563260	-0.631357	-0.589687	-0.634008	-0.623824	-0.646852
716.0	-0.614224	-0.622420	-0.654515	-0.672874	-0.611971	-0.665874	-0.572903	-0.593887	-0.622612	-0.610276	-0.615150	-0.599063	-0.625258	-0.625762	-0.586203	-0.620644	-0.618073	-0.644138	-0.562499	-0.619678
717.0	-0.598118	-0.678606	-0.564965	-0.652959	-0.642876	-0.630780	-0.605574	-0.565484	-0.668659	-0.631408	-0.604522	-0.660414	-0.669936	-0.636980	-0.574646	-0.560620	-0.649893	-0.583816	-0.649048	-0.623383
718.0	-0.647719	-0.645676	-0.674032	-0.607617	-0.648556	-0.612356	-0.624108	-0.655987	-0.617542	-0.616891	-0.642865	-0.639325	-0.618393	-0.600492	-0.630250	-0.662757	-0.568055	-0.608229	-0.622422	-0.597781
719.0	-0.646303	-0.621202	-0.673781	-0.675191	-0.661749	-0.611692	-0.637592	-0.656709	-0.566604	-0.574568	-0.650263	-0.573965	-0.636527	-0.602053	-0.636977	-0.624102	-0.618703	-0.607034	-0.617938	-0.642697
720.0	-0.617998	-0.641447	-0.608391	-0.674127	-0.657474	-0.607886	-0.633434	-0.641124	-0.541612	-0.636969	-0.630241	-0.661170	-0.668277	-0.603268	-0.672801	-0.591681	-0.653097	-0.665193	-0.635931	-0.606596
721.0	-0.650212	-0.680335	-0.626025	-0.606740	-0.639944	-0.606074	-0.655057	-0.601409	-0.618019	-0.618003	-0.644979	-0.591685	-0.660497	-0.644208	-0.622257	-0.617017	-0.650236	-0.575451	-0.579260	-0.618106
722.0	-0.673058	-0.665985	-0.669702	-0.676882	-0.576974	-0.599550	-0.673828	-0.618799	-0.676294	-0.641067	-0.616677	-0.602433	-0.646081	-0.608761	-0.610757	-0.644677	-0.637989	-0.631277	-0.636324	-0.622373
723.0	-0.586998	-0.647854	-0.658029	-0.674064	-0.647946	-0.640142	-0.655235	-0.633843	-0.642892	-0.621340	-0.591252	-0.618816	-0.628289	-0.627207	-0.633355	-0.636685	-0.556208	-0.627578	-0.591424	-0.621980
724.0	-0.555121	-0.611849	-0.619436	-0.681204	-0.593648	-0.622685	-0.655888	-0.616934	-0.609192	-0.652014	-0.645272	-0.611322	-0.658265	-0.651263	-0.674008	-0.596159	-0.592377	-0.670941	-0.638678	-0.601150
725.0	-0.606879	-0.626712	-0.660728	-0.604674	-0.646541	-0.617370	-0.664799	-0.577519	-0.666870	-0.652131	-0.659658	-0.645716	-0.649856	-0.582624	-0.667051	-0.596725	-0.632037	-0.665250	-0.671190	-0.618050
726.0	-0.651425	-0.580136	-0.638576	-0.660599	-0.642326	-0.622806	-0.580031	-0.641786	-0.660845	-0.666999	-0.631650	-0.672150	-0.610956	-0.656293	-0.660035	-0.609195	-0.658134	-0.672989	-0.625057	-0.605754
727.0	-0.645562	-0.669957	-0.602367	-0.609308	-0.589006	-0.633860	-0.611218	-0.638115	-0.642594	-0.650960	-0.630475	-0.642462	-0.641905	-0.656525	-0.671306	-0.611405	-0.626028	-0.642373	-0.552521	-0.647133
728.0	-0.614090	-0.680143	-0.563208	-0.603546	-0.608978	-0.651317	-0.619890	-0.596173	-0.603108	-0.564266	-0.663886	-0.645077	-0.627317	-0.609339	-0.676596	-0.636515	-0.576811	-0.671054	-0.628140	-0.638655
729.0	-0.664971	-0.545156	-0.616674	-0.603985	-0.644831	-0.624739	-0.617811	-0.583898	-0.652912	-0.651604	-0.680621	-0.669594	-0.646081	-0.610611	-0.676193	-0.620814	-0.610977	-0.574768	-0.625001	-0.668131
730.0	-0.648662	-0.618191	-0.678550	-0.622397	-0.649595	-0.653854	-0.656067	-0.659538	-0.676294	-0.633750	-0.651438	-0.585875	-0.673539	-0.631891	-0.656010	-0.626766	-0.657046	-0.631618	-0.580213	-0.643259
731.0	-0.686402	-0.640550	-0.606948	-0.658595	-0.618812	-0.660015	-0.599931	-0.672054	-0.666512	-0.634043	-0.638755	-0.603537	-0.598600	-0.545153	-0.617254	-0.656126	-0.593121	-0.616253	-0.603532	-0.626191
732.0	-0.603105	-0.657272	-0.679240	-0.653648	-0.645564	-0.620994	-0.661175	-0.614647	-0.662396	-0.652716	-0.682676	-0.612484	-0.610327	-0.627728	-0.643130	-0.655956	-0.600218	-0.647666	-0.668612	-0.634219
733.0	-0.585987	-0.577894	-0.671772	-0.550752	-0.629317	-0.642256	-0.671036	-0.632158	-0.648737	-0.634979	-0.647915	-0.630320	-0.637271	-0.593611	-0.652215	-0.636741	-0.608802	-0.632415	-0.619003	-0.614849
734.0	-0.654795	-0.647149	-0.630480	-0.615070	-0.632066	-0.637182	-0.625058	-0.648405	-0.631977	-0.671155	-0.662183	-0.584655	-0.628976	-0.634493	-0.670788	-0.629940	-0.611492	-0.649430	-0.649945	-0.572853
735.0	-0.587537	-0.625111	-0.627907	-0.611249	-0.637746	-0.641048	-0.659571	-0.637995	-0.646053	-0.623155	-0.664180	-0.664423	-0.648769	-0.636055	-0.667223	-0.663268	-0.664658	-0.643512	-0.641649	-0.606708
736.0	-0.614224	-0.680079	-0.594208	-0.648199	-0.663398	-0.661223	-0.590130	-0.605681	-0.608655	-0.552090	-0.640692	-0.669884	-0.663014	-0.640681	-0.661530	-0.608345	-0.621621	-0.663998	-0.635147	-0.644438
737.0	-0.669284	-0.651570	-0.637383	-0.629912	-0.648373	-0.646122	-0.669195	-0.577820	-0.663649	-0.603779	-0.626072	-0.606325	-0.552835	-0.634031	-0.617369	-0.649834	-0.660881	-0.661437	-0.650898	-0.662629
738.0	-0.581404	-0.612682	-0.604437	-0.600227	-0.601588	-0.596409	-0.675788	-0.629570	-0.545191	-0.623798	-0.636171	-0.633457	-0.572285	-0.597254	-0.629100	-0.627106	-0.658305	-0.668494	-0.639687	-0.643652
739.0	-0.545619	-0.641447	-0.642153	-0.586261	-0.615758	-0.628424	-0.611812	-0.631977	-0.648737	-0.614959	-0.564065	-0.634154	-0.613874	-0.627554	-0.665268	-0.657033	-0.665859	-0.616083	-0.669060	-0.657856
740.0	-0.569745	-0.596537	-0.606508	-0.583568	-0.644281	-0.626853	-0.634325	-0.637754	-0.657505	-0.629711	-0.613095	-0.651525	-0.656893	-0.647157	-0.580626	-0.614239	-0.663685	-0.639414	-0.636828	-0.610975
741.0	-0.600274	-0.626264	-0.679742	-0.657092	-0.627851	-0.614652	-0.608188	-0.639981	-0.655537	-0.655994	-0.588081	-0.662215	-0.615761	-0.668495	-0.611504	-0.628863	-0.591919	-0.622115	-0.601401	-0.596490
742.0	-0.584437	-0.615180	-0.661920	-0.670620	-0.622599	-0.643646	-0.550805	-0.605380	-0.665259	-0.626667	-0.636112	-0.593660	-0.642305	-0.667454	-0.623694	-0.624669	-0.624826	-0.648235	-0.626346	-0.639048
743.0	-0.621975	-0.664831	-0.669262	-0.651832	-0.564697	-0.671130	-0.598565	-0.628066	-0.661144	-0.640833	-0.624193	-0.599702	-0.654890	-0.630850	-0.643935	-0.638158	-0.603480	-0.598612	-0.625393	-0.651793
744.0	-0.663286	-0.591540	-0.676416	-0.681016	-0.664070	-0.651377	-0.621078	-0.629811	-0.650169	-0.676775	-0.633881	-0.574836	-0.606894	-0.545673	-0.631400	-0.629713	-0.601820	-0.602653	-0.590415	-0.636634
745.0	-0.661736	-0.619409	-0.602743	-0.576492	-0.635669	-0.626008	-0.613475	-0.616332	-0.676950	-0.604598	-0.673163	-0.613762	-0.631550	-0.576957	-0.674008	-0.605851	-0.623453	-0.627407	-0.595123	-0.600308
746.0	-0.667330	-0.647726	-0.672839	-0.618827	-0.663398	-0.621175	-0.615732	-0.609953	-0.608357	-0.634452	-0.668525	-0.639151	-0.630406	-0.602805	-0.598394	-0.614636	-0.665974	-0.647836	-0.619283	-0.616871
747.0	-0.652099	-0.659322	-0.678424	-0.650955	-0.628523	-0.582758	-0.576883	-0.575774	-0.628040	-0.598276	-0.672048	-0.625730	-0.563704	-0.640334	-0.567055	-0.605964	-0.643883	-0.632699	-0.617545	-0.574930
748.0	-0.656008	-0.639077	-0.591761	-0.660975	-0.546069	-0.639478	-0.602307	-0.639138	-0.585631	-0.645867	-0.658954	-0.637872	-0.611185	-0.592685	-0.646638	-0.605341	-0.539669	-0.648178	-0.619451	-0.654375
749.0	-0.628175	-0.642857	-0.625774	-0.647636	-0.584609	-0.671552	-0.594704	-0.644013	-0.613307	-0.640833	-0.646917	-0.662680	-0.640074	-0.588696	-0.633297	-0.639009	-0.592377	-0.593548	-0.596749	-0.577288
750.0	-0.660186	-0.611208	-0.642529	-0.646508	-0.608917	-0.643162	-0.655473	-0.608690	-0.663708	-0.660326	-0.661948	-0.628809	-0.601231	-0.647504	-0.629100	-0.661000	-0.668435	-0.588369	-0.639463	-0.605642
751.0	-0.683302	-0.620241	-0.647549	-0.593276	-0.644159	-0.608732	-0.666997	-0.599603	-0.540837	-0.632930	-0.650674	-0.650015	-0.547743	-0.668784	-0.649800	-0.623705	-0.656817	-0.563216	-0.633857	-0.646627
752.0	-0.573722	-0.603072	-0.640646	-0.578183	-0.611116	-0.616041	-0.609317	-0.597979	-0.668540	-0.643116	-0.662770	-0.646064	-0.605922	-0.672311	-0.620014	-0.620304	-0.615612	-0.516382	-0.629149	-0.633546
753.0	-0.559502	-0.665985	-0.634057	-0.597409	-0.672926	-0.615920	-0.672284	-0.609352	-0.587540	-0.612910	-0.626013	-0.607487	-0.606952	-0.606795	-0.657505	-0.607948	-0.643712	-0.616253	-0.590190	-0.642697
754.0	-0.650819	-0.637667	-0.627782	-0.632355	-0.647029	-0.602873	-0.643830	-0.599964	-0.614560	-0.628013	-0.620963	-0.639615	-0.656549	-0.603672	-0.653365	-0.640992	-0.630263	-0.600547	-0.576121	-0.646964
755.0	-0.677776	-0.613899	-0.640584	-0.668052	-0.628767	-0.656210	-0.659453	-0.661644	-0.583126	-0.643291	-0.637345	-0.617829	-0.621368	-0.641895	-0.661990	-0.589017	-0.653269	-0.605213	-0.635707	-0.597332
756.0	-0.648864	-0.631581	-0.632802	-0.651832	-0.663826	-0.663096	-0.631771	-0.646119	-0.634184	-0.643057	-0.655313	-0.589884	-0.640932	-0.573834	-0.662795	-0.657146	-0.598215	-0.638049	-0.601794	-0.621924
757.0	-0.610046	-0.651121	-0.663112	-0.573924	-0.632371	-0.670767	-0.624049	-0.593465	-0.640029	-0.650901	-0.643628	-0.581460	-0.569196	-0.667512	-0.636517	-0.612312	-0.631407	-0.624903	-0.560089	-0.650052
758.0	-0.656884	-0.672455	-0.634685	-0.582441	-0.649656	-0.645820	-0.675313	-0.649188	-0.602153	-0.623916	-0.572991	-0.638976	-0.590533	-0.641201	-0.667396	-0.571333	-0.649320	-0.630764	-0.593273	-0.648873
759.0	-0.629994	-0.649007	-0.611842	-0.651706	-0.634692	-0.546455	-0.647156	-0.636130	-0.632275	-0.635857	-0.615972	-0.674532	-0.634868	-0.644786	-0.666246	-0.555576	-0.662311	-0.622741	-0.610594	-0.640508
760.0	-0.658367	-0.585902	-0.607826	-0.637991	-0.654725	-0.595020	-0.643711	-0.577158	-0.646292	-0.619876	-0.634703	-0.589012	-0.634468	-0.646694	-0.654630	-0.641673	-0.621621	-0.612497	-0.607231	-0.590314
761.0	-0.559300	-0.640807	-0.582348	-0.609872	-0.619728	-0.565362	-0.572725	-0.647262	-0.661263	-0.614725	-0.591311	-0.606035	-0.566450	-0.600492	-0.676998	-0.651705	-0.621335	-0.599295	-0.640248	-0.565723
762.0	-0.639227	-0.616846	-0.613725	-0.668678	-0.600916	-0.599550	-0.590724	-0.577940	-0.654344	-0.628189	-0.580741	-0.602665	-0.602032	-0.650106	-0.640600	-0.580061	-0.573205	-0.625700	-0.619788	-0.613221
763.0	-0.584639	-0.655222	-0.654327	-0.657092	-0.662910	-0.601906	-0.629989	-0.578362	-0.666273	-0.660911	-0.624839	-0.652281	-0.633781	-0.638714	-0.639565	-0.632887	-0.656188	-0.641292	-0.654037	-0.632535
764.0	-0.607216	-0.620306	-0.632865	-0.610060	-0.641899	-0.642438	-0.585080	-0.609051	-0.624759	-0.608871	-0.608163	-0.650945	-0.613988	-0.652766	-0.653365	-0.603754	-0.638676	-0.622285	-0.584193	-0.615804
765.0	-0.682561	-0.629915	-0.647047	-0.639369	-0.653809	-0.605470	-0.664739	-0.602612	-0.639611	-0.656287	-0.608456	-0.659485	-0.653346	-0.562385	-0.665325	-0.605171	-0.632781	-0.646812	-0.628868	-0.601038
766.0	-0.651493	-0.662525	-0.594711	-0.660599	-0.629928	-0.656210	-0.634860	-0.641365	-0.677606	-0.602022	-0.574928	-0.627996	-0.620910	-0.594131	-0.661358	-0.634247	-0.664429	-0.668607	-0.642938	-0.665829
767.0	-0.681280	-0.615757	-0.606006	-0.643753	-0.654359	-0.651679	-0.603792	-0.652256	-0.649334	-0.651077	-0.680562	-0.630785	-0.592707	-0.619112	-0.630882	-0.618490	-0.626314	-0.622342	-0.654486	-0.645448
768.0	-0.633768	-0.651634	-0.630167	-0.677383	-0.663154	-0.672761	-0.592446	-0.634084	-0.631022	-0.632638	-0.667527	-0.639557	-0.564848	-0.630156	-0.663715	-0.602110	-0.614697	-0.603734	-0.616761	-0.627089
769.0	-0.660793	-0.606019	-0.637823	-0.666549	-0.607574	-0.665270	-0.601891	-0.571261	-0.643727	-0.636443	-0.635114	-0.666689	-0.638186	-0.651263	-0.617714	-0.622005	-0.666832	-0.650283	-0.589798	-0.573414
770.0	-0.594681	-0.631389	-0.631673	-0.680202	-0.635486	-0.629269	-0.585259	-0.579625	-0.611458	-0.605886	-0.601410	-0.647749	-0.619480	-0.597774	-0.641922	-0.608515	-0.639191	-0.603563	-0.627972	-0.617376
771.0	-0.649269	-0.573153	-0.647424	-0.603609	-0.647762	-0.599913	-0.673056	-0.613684	-0.639611	-0.667702	-0.614622	-0.622941	-0.635497	-0.631255	-0.610239	-0.613729	-0.558211	-0.586946	-0.634474	-0.656060
772.0	-0.621436	-0.649648	-0.625899	-0.592775	-0.655031	-0.643283	-0.631355	-0.606463	-0.647783	-0.626667	-0.620670	-0.647691	-0.640703	-0.649123	-0.650950	-0.627219	-0.631636	-0.585808	-0.654542	-0.642304
773.0	-0.636801	-0.675851	-0.590506	-0.634171	-0.622415	-0.618819	-0.601654	-0.606042	-0.633170	-0.632052	-0.632178	-0.622825	-0.579435	-0.620962	-0.636862	-0.639972	-0.625456	-0.630878	-0.663735	-0.617039
774.0	-0.668408	-0.639461	-0.622009	-0.622147	-0.672315	-0.584389	-0.587338	-0.610856	-0.606985	-0.594530	-0.591369	-0.661170	-0.651458	-0.657392	-0.630940	-0.643373	-0.664600	-0.623480	-0.579708	-0.586384
775.0	-0.608294	-0.631197	-0.607638	-0.632543	-0.590838	-0.599973	-0.650602	-0.596053	-0.639194	-0.621984	-0.636523	-0.673022	-0.634582	-0.624200	-0.668603	-0.611746	-0.648977	-0.636057	-0.648712	-0.605922
776.0	-0.611057	-0.635361	-0.621820	-0.656153	-0.641410	-0.623169	-0.669195	-0.658455	-0.592610	-0.666004	-0.652788	-0.620850	-0.619480	-0.602342	-0.646120	-0.571843	-0.590718	-0.650682	-0.648544	-0.626471
777.0	-0.639968	-0.669829	-0.674408	-0.634609	-0.629317	-0.673123	-0.643176	-0.617596	-0.598396	-0.659565	-0.673163	-0.620211	-0.583039	-0.621945	-0.651065	-0.617300	-0.619790	-0.579776	-0.624048	-0.618106
778.0	-0.636666	-0.680976	-0.658092	-0.658345	-0.633287	-0.657418	-0.581279	-0.606523	-0.606925	-0.587388	-0.587024	-0.654779	-0.609640	-0.632527	-0.597186	-0.642183	-0.644170	-0.620749	-0.597029	-0.586721
779.0	-0.659175	-0.665536	-0.634748	-0.651268	-0.602932	-0.643706	-0.616386	-0.616513	-0.606090	-0.605710	-0.594305	-0.634968	-0.557869	-0.663579	-0.629100	-0.639632	-0.593178	-0.586377	-0.654261	-0.664482
780.0	-0.648258	-0.626968	-0.670894	-0.652583	-0.665963	-0.647693	-0.608366	-0.651474	-0.574120	-0.638316	-0.638402	-0.673486	-0.612329	-0.606621	-0.630710	-0.594572	-0.635642	-0.631106	-0.628084	-0.636914
781.0	-0.591513	-0.621907	-0.661606	-0.649640	-0.620278	-0.642981	-0.649176	-0.672596	-0.615156	-0.612618	-0.621668	-0.636711	-0.655348	-0.664158	-0.632665	-0.632264	-0.621163	-0.605669	-0.637445	-0.654432
782.0	-0.603779	-0.676491	-0.648177	-0.643690	-0.630783	-0.648357	-0.632781	-0.629751	-0.672775	-0.631116	-0.626659	-0.670175	-0.671080	-0.641317	-0.634792	-0.595252	-0.649492	-0.581028	-0.617545	-0.658081
783.0	-0.621301	-0.640038	-0.599856	-0.657593	-0.645686	-0.603114	-0.664502	-0.642749	-0.649513	-0.642179	-0.649970	-0.651003	-0.673368	-0.640044	-0.650778	-0.610442	-0.645200	-0.651535	-0.613061	-0.653365
784.0	-0.542249	-0.650224	-0.603433	-0.648512	-0.638356	-0.572610	-0.642642	-0.656228	-0.663112	-0.577788	-0.661537	-0.652920	-0.659982	-0.648198	-0.664808	-0.594288	-0.606971	-0.656145	-0.609473	-0.618555
785.0	-0.631747	-0.583468	-0.564526	-0.617888	-0.610688	-0.576718	-0.647869	-0.591660	-0.607164	-0.578432	-0.636641	-0.591162	-0.645680	-0.655079	-0.610987	-0.617810	-0.610061	-0.650113	-0.555044	-0.643876
786.0	-0.664971	-0.633567	-0.632928	-0.642250	-0.668712	-0.611511	-0.593634	-0.669587	-0.644681	-0.635389	-0.637404	-0.639732	-0.643621	-0.647273	-0.654228	-0.606361	-0.641709	-0.672648	-0.605718	-0.638823
787.0	-0.675147	-0.615949	-0.662924	-0.647573	-0.657535	-0.619605	-0.608782	-0.663028	-0.634184	-0.587037	-0.676980	-0.587327	-0.630978	-0.654096	-0.656585	-0.628013	-0.648118	-0.643398	-0.615135	-0.650333
788.0	-0.647853	-0.575587	-0.663301	-0.650078	-0.671582	-0.615860	-0.596783	-0.659959	-0.599350	-0.641184	-0.644979	-0.662738	-0.636870	-0.652535	-0.664635	-0.645243	-0.665001	-0.670372	-0.636492	-0.620352
789.0	-0.659041	-0.619921	-0.633493	-0.616134	-0.665108	-0.624497	-0.643770	-0.598881	-0.588733	-0.662784	-0.678389	-0.605338	-0.613416	-0.597716	-0.677286	-0.637988	-0.647775	-0.664283	-0.623936	-0.636746
790.0	-0.654188	-0.677901	-0.607010	-0.662917	-0.667246	-0.592242	-0.549439	-0.649488	-0.636927	-0.640950	-0.658719	-0.647168	-0.595568	-0.627785	-0.633815	-0.603357	-0.659278	-0.646641	-0.601401	-0.617544
791.0	-0.622514	-0.638628	-0.661293	-0.622334	-0.639334	-0.618699	-0.602961	-0.616272	-0.669435	-0.647916	-0.569526	-0.659369	-0.591906	-0.661440	-0.663255	-0.575867	-0.623109	-0.622058	-0.623319	-0.587563
792.0	-0.606542	-0.631261	-0.655582	-0.595593	-0.586135	-0.648357	-0.614722	-0.601890	-0.644502	-0.612969	-0.637111	-0.669884	-0.586586	-0.668726	-0.629790	-0.635381	-0.607600	-0.634179	-0.664464	-0.620408
793.0	-0.663893	-0.647726	-0.653323	-0.619328	-0.661138	-0.665693	-0.644008	-0.653279	-0.676831	-0.582061	-0.618086	-0.627880	-0.658552	-0.664215	-0.588561	-0.634247	-0.661338	-0.508870	-0.637053	-0.645785
794.0	-0.596837	-0.666753	-0.583854	-0.566722	-0.654847	-0.667022	-0.635276	-0.668203	-0.666035	-0.626842	-0.672224	-0.665295	-0.646195	-0.614543	-0.677228	-0.655332	-0.630263	-0.587458	-0.622198	-0.655105
795.0	-0.610383	-0.604225	-0.655017	-0.649201	-0.613620	-0.608128	-0.619415	-0.672295	-0.634064	-0.647096	-0.673046	-0.595171	-0.672453	-0.626571	-0.617082	-0.635324	-0.650808	-0.625074	-0.636044	-0.645561
796.0	-0.645427	-0.591860	-0.595150	-0.676381	-0.671094	-0.642800	-0.587872	-0.641124	-0.655835	-0.622628	-0.644979	-0.642637	-0.659467	-0.659763	-0.670386	-0.622515	-0.669465	-0.673615	-0.627187	-0.629616
797.0	-0.600139	-0.612233	-0.641149	-0.633106	-0.619484	-0.649505	-0.594704	-0.635046	-0.657088	-0.613613	-0.647973	-0.664946	-0.632008	-0.642011	-0.635252	-0.643656	-0.569600	-0.664852	-0.636996	-0.653758
798.0	-0.677776	-0.627865	-0.626778	-0.677884	-0.618506	-0.586141	-0.645077	-0.611277	-0.614202	-0.612852	-0.671461	-0.659659	-0.640417	-0.650916	-0.644970	-0.590547	-0.637359	-0.636228	-0.608184	-0.631019
799.0	-0.675147	-0.660923	-0.633681	-0.654838	-0.599267	-0.589523	-0.618049	-0.679756	-0.623745	-0.566080	-0.671519	-0.639790	-0.632580	-0.660399	-0.594081	-0.639179	-0.625913	-0.644764	-0.664856	-0.633097
800.0	-0.663421	-0.648238	-0.592075	-0.590332	-0.610139	-0.646062	-0.630108	-0.630232	-0.619928	-0.588149	-0.646623	-0.632818	-0.658094	-0.625588	-0.644280	-0.572013	-0.623395	-0.640894	-0.659138	-0.600757
