475.0	-0.767094	-0.789111	-0.728151	-0.753417	-0.750452	-0.792622	-0.762498	-0.766804	-0.799834	-0.781939	-0.779330	-0.788489	-0.774768	-0.790451	-0.780167	-0.796720	-0.751870	-0.745902	-0.779051	-0.794114
476.0	-0.785222	-0.773816	-0.785812	-0.774209	-0.778938	-0.784544	-0.763289	-0.784437	-0.787809	-0.784327	-0.782476	-0.770908	-0.770003	-0.790035	-0.784691	-0.787473	-0.773264	-0.766027	-0.784342	-0.774299
477.0	-0.781684	-0.786781	-0.789219	-0.785773	-0.781042	-0.788693	-0.777621	-0.792404	-0.788778	-0.788122	-0.796446	-0.777254	-0.792278	-0.770515	-0.784208	-0.771222	-0.780743	-0.771692	-0.772514	-0.767180
478.0	-0.782387	-0.779944	-0.764742	-0.782150	-0.787882	-0.785467	-0.780764	-0.779183	-0.789389	-0.776877	-0.798748	-0.771021	-0.777936	-0.778168	-0.783074	-0.775081	-0.779840	-0.792265	-0.781094	-0.787522
479.0	-0.773847	-0.783774	-0.784783	-0.777498	-0.787106	-0.782120	-0.790334	-0.789310	-0.775641	-0.769953	-0.795103	-0.776896	-0.775147	-0.768409	-0.767788	-0.785622	-0.783758	-0.785036	-0.780693	-0.777153
480.0	-0.780886	-0.790778	-0.771828	-0.787809	-0.773156	-0.790286	-0.785158	-0.785270	-0.774052	-0.791494	-0.779959	-0.781798	-0.784664	-0.782218	-0.779392	-0.793365	-0.783031	-0.784444	-0.790362	-0.778796
481.0	-0.794970	-0.789213	-0.765602	-0.788234	-0.769714	-0.787698	-0.787947	-0.773404	-0.779089	-0.783385	-0.786626	-0.775753	-0.795130	-0.773733	-0.794649	-0.788820	-0.770089	-0.785218	-0.780577	-0.787309
482.0	-0.788451	-0.769174	-0.770831	-0.787942	-0.765931	-0.771830	-0.778767	-0.779747	-0.792732	-0.786660	-0.771239	-0.784690	-0.774455	-0.782653	-0.778862	-0.786531	-0.774589	-0.772328	-0.774297	-0.780667
483.0	-0.784792	-0.772802	-0.771299	-0.777254	-0.790174	-0.788959	-0.782977	-0.791723	-0.794838	-0.782071	-0.773907	-0.779427	-0.786761	-0.771426	-0.791799	-0.789185	-0.785838	-0.769670	-0.789403	-0.773749
484.0	-0.764657	-0.774540	-0.784321	-0.778413	-0.777037	-0.780319	-0.769304	-0.796489	-0.778624	-0.787154	-0.781308	-0.786150	-0.786267	-0.765383	-0.785769	-0.785480	-0.782159	-0.782851	-0.773561	-0.780538
485.0	-0.778407	-0.786912	-0.777834	-0.778581	-0.788982	-0.775237	-0.791737	-0.769718	-0.766833	-0.776846	-0.787072	-0.762794	-0.772852	-0.778212	-0.780782	-0.780901	-0.775721	-0.775855	-0.782641	-0.773969
486.0	-0.776929	-0.778795	-0.771303	-0.774104	-0.775578	-0.778745	-0.791898	-0.789662	-0.772010	-0.769764	-0.776336	-0.768164	-0.775084	-0.771548	-0.764541	-0.784095	-0.786558	-0.774946	-0.786024	-0.787968
487.0	-0.779071	-0.785341	-0.779439	-0.783033	-0.776738	-0.775446	-0.788305	-0.787550	-0.780853	-0.762793	-0.770266	-0.773514	-0.783649	-0.770095	-0.775502	-0.779758	-0.786026	-0.775024	-0.775280	-0.781547
488.0	-0.772228	-0.780984	-0.781465	-0.782677	-0.768315	-0.786532	-0.783424	-0.781153	-0.786907	-0.774785	-0.772461	-0.781179	-0.775991	-0.768850	-0.784177	-0.782134	-0.774673	-0.776682	-0.773360	-0.783022
489.0	-0.773992	-0.775781	-0.786815	-0.771707	-0.775365	-0.782060	-0.782816	-0.789478	-0.791453	-0.790675	-0.759022	-0.781487	-0.778663	-0.789524	-0.784253	-0.780589	-0.784334	-0.794610	-0.772283	-0.779735
490.0	-0.780597	-0.780574	-0.765634	-0.778105	-0.783651	-0.780445	-0.788207	-0.778356	-0.782129	-0.788516	-0.762149	-0.763045	-0.781284	-0.782284	-0.777507	-0.772292	-0.779642	-0.781406	-0.770328	-0.782168
491.0	-0.779212	-0.784577	-0.781353	-0.792495	-0.773843	-0.769014	-0.793662	-0.778068	-0.787103	-0.795049	-0.772319	-0.772927	-0.781392	-0.779057	-0.784240	-0.771704	-0.782049	-0.786074	-0.770300	-0.774578
492.0	-0.775784	-0.785386	-0.779802	-0.774444	-0.776417	-0.768224	-0.784902	-0.779465	-0.780403	-0.782931	-0.777868	-0.784200	-0.796926	-0.780049	-0.778399	-0.782578	-0.786860	-0.777939	-0.764947	-0.776798
493.0	-0.777359	-0.777934	-0.780172	-0.785411	-0.787434	-0.780053	-0.771995	-0.761864	-0.772026	-0.775254	-0.776516	-0.772971	-0.776339	-0.780724	-0.774386	-0.788168	-0.765180	-0.772961	-0.768048	-0.774308
494.0	-0.785090	-0.773317	-0.765570	-0.791263	-0.782625	-0.786108	-0.787808	-0.787546	-0.771012	-0.771781	-0.781870	-0.771904	-0.773342	-0.766455	-0.780829	-0.779871	-0.774651	-0.784074	-0.771027	-0.784772
495.0	-0.785773	-0.786730	-0.772153	-0.782033	-0.767966	-0.788665	-0.777636	-0.797386	-0.776028	-0.781731	-0.782985	-0.771941	-0.773101	-0.774483	-0.769364	-0.786000	-0.787707	-0.773250	-0.779148	-0.784373
496.0	-0.777885	-0.796050	-0.771764	-0.781499	-0.773506	-0.781188	-0.788486	-0.783477	-0.775648	-0.776171	-0.773371	-0.777804	-0.778527	-0.768125	-0.789552	-0.779554	-0.789082	-0.778620	-0.793657	-0.792139
497.0	-0.791157	-0.793001	-0.781532	-0.778857	-0.779453	-0.779099	-0.784342	-0.787683	-0.788844	-0.780000	-0.774059	-0.771316	-0.791456	-0.772551	-0.779839	-0.774769	-0.790853	-0.767908	-0.782647	-0.789827
498.0	-0.782720	-0.784279	-0.783130	-0.780817	-0.772390	-0.784534	-0.785545	-0.792176	-0.775394	-0.785481	-0.759054	-0.777710	-0.778157	-0.783082	-0.779836	-0.786925	-0.787597	-0.778247	-0.776107	-0.784850
499.0	-0.767094	-0.761943	-0.773344	-0.787024	-0.778413	-0.787398	-0.784452	-0.787588	-0.777364	-0.790073	-0.776643	-0.779813	-0.779055	-0.786987	-0.774638	-0.779749	-0.781646	-0.778698	-0.775330	-0.791080
500.0	-0.778850	-0.781288	-0.771354	-0.782150	-0.777075	-0.775667	-0.773103	-0.795989	-0.783617	-0.785597	-0.786892	-0.787475	-0.781490	-0.783819	-0.778282	-0.783862	-0.779702	-0.784748	-0.781761	-0.783952
501.0	-0.764977	-0.785441	-0.779016	-0.793159	-0.773932	-0.769536	-0.775724	-0.796264	-0.779140	-0.788740	-0.775635	-0.785340	-0.769402	-0.793029	-0.784401	-0.783730	-0.777971	-0.766403	-0.777695	-0.785400
502.0	-0.785895	-0.791286	-0.777382	-0.783827	-0.757127	-0.792691	-0.783582	-0.791961	-0.767593	-0.781182	-0.773367	-0.781920	-0.783950	-0.780585	-0.777608	-0.784911	-0.782710	-0.768410	-0.780733	-0.781151
503.0	-0.779356	-0.779217	-0.778576	-0.789291	-0.780120	-0.790280	-0.788311	-0.781295	-0.783291	-0.776934	-0.779027	-0.788185	-0.783890	-0.778287	-0.775956	-0.772434	-0.781347	-0.774877	-0.780586	-0.784935
504.0	-0.777625	-0.780673	-0.764806	-0.782363	-0.764215	-0.778669	-0.767341	-0.788104	-0.772371	-0.783177	-0.775613	-0.767630	-0.775631	-0.783104	-0.776164	-0.777036	-0.775734	-0.780845	-0.785523	-0.779452
505.0	-0.789243	-0.790141	-0.767959	-0.785252	-0.778146	-0.781463	-0.763827	-0.779642	-0.774312	-0.790583	-0.775979	-0.777163	-0.785455	-0.776421	-0.779010	-0.787853	-0.775202	-0.764585	-0.769157	-0.773558
506.0	-0.792533	-0.783092	-0.780258	-0.772364	-0.779929	-0.777095	-0.789154	-0.777524	-0.774549	-0.781229	-0.765244	-0.766625	-0.776972	-0.782354	-0.768608	-0.764846	-0.777864	-0.778739	-0.765354	-0.780878
507.0	-0.777920	-0.766870	-0.783946	-0.787396	-0.783572	-0.774441	-0.788416	-0.755055	-0.785276	-0.765724	-0.761675	-0.771451	-0.759664	-0.777799	-0.785157	-0.777851	-0.778780	-0.787441	-0.778356	-0.788110
508.0	-0.777112	-0.776255	-0.764647	-0.780067	-0.787466	-0.775405	-0.782050	-0.777229	-0.777063	-0.775585	-0.786923	-0.775182	-0.773212	-0.782644	-0.784691	-0.784174	-0.788125	-0.777946	-0.781463	-0.788521
509.0	-0.783814	-0.762903	-0.781414	-0.784529	-0.780807	-0.780334	-0.776142	-0.766646	-0.784124	-0.780791	-0.763286	-0.775769	-0.774180	-0.786290	-0.771700	-0.782619	-0.769585	-0.772353	-0.778713	-0.794017
510.0	-0.782618	-0.773727	-0.793570	-0.775304	-0.791791	-0.775585	-0.782293	-0.772694	-0.778991	-0.782600	-0.778746	-0.784024	-0.774221	-0.783372	-0.778875	-0.787290	-0.784085	-0.766027	-0.770074	-0.793024
511.0	-0.772167	-0.770489	-0.767417	-0.788618	-0.788352	-0.767719	-0.785614	-0.776102	-0.780131	-0.776675	-0.776813	-0.785842	-0.780061	-0.782820	-0.791390	-0.765538	-0.761278	-0.768883	-0.773172	-0.789014
512.0	-0.770823	-0.773695	-0.772271	-0.782233	-0.796257	-0.779478	-0.784133	-0.771089	-0.776167	-0.772415	-0.781693	-0.767724	-0.779643	-0.780595	-0.779738	-0.776283	-0.776209	-0.777475	-0.763631	-0.779207
513.0	-0.784032	-0.782308	-0.788770	-0.780918	-0.785498	-0.771445	-0.776965	-0.766234	-0.770506	-0.777949	-0.767550	-0.773232	-0.777376	-0.781484	-0.780873	-0.774533	-0.777427	-0.782544	-0.773213	-0.758136
514.0	-0.781245	-0.771593	-0.778029	-0.778222	-0.767044	-0.769267	-0.781553	-0.775763	-0.778114	-0.780199	-0.786781	-0.780218	-0.782325	-0.773358	-0.772428	-0.768748	-0.771517	-0.769247	-0.793588	-0.777546
515.0	-0.768569	-0.780200	-0.771873	-0.773212	-0.774278	-0.772187	-0.793361	-0.784760	-0.790342	-0.779720	-0.782694	-0.775866	-0.779033	-0.764280	-0.784212	-0.775443	-0.790740	-0.773105	-0.773617	-0.779433
516.0	-0.769047	-0.767350	-0.782235	-0.767198	-0.791121	-0.785650	-0.776149	-0.771735	-0.767846	-0.792143	-0.784548	-0.779481	-0.781354	-0.781871	-0.789110	-0.796943	-0.777848	-0.754335	-0.769248	-0.773291
517.0	-0.783974	-0.769462	-0.780134	-0.768627	-0.780479	-0.776495	-0.778428	-0.770744	-0.777937	-0.761595	-0.778332	-0.773970	-0.792626	-0.762956	-0.785580	-0.783636	-0.763450	-0.772786	-0.774792	-0.776255
518.0	-0.777618	-0.774172	-0.762067	-0.783300	-0.781525	-0.775973	-0.778795	-0.781906	-0.789246	-0.765787	-0.778503	-0.773995	-0.786169	-0.758985	-0.782853	-0.763146	-0.780602	-0.772673	-0.779183	-0.778033
519.0	-0.778064	-0.751704	-0.776901	-0.756910	-0.782647	-0.778783	-0.767658	-0.777216	-0.787546	-0.774841	-0.767423	-0.766531	-0.782777	-0.771359	-0.760065	-0.773803	-0.768799	-0.778353	-0.784138	-0.775740
520.0	-0.766356	-0.764950	-0.762608	-0.768341	-0.773757	-0.784986	-0.777712	-0.775076	-0.777471	-0.779156	-0.763286	-0.769818	-0.775906	-0.768409	-0.784202	-0.774609	-0.766187	-0.761670	-0.765605	-0.770932
521.0	-0.754716	-0.763735	-0.769675	-0.779016	-0.782339	-0.770636	-0.774756	-0.766456	-0.768004	-0.763865	-0.768623	-0.775571	-0.771517	-0.771167	-0.759813	-0.766766	-0.763953	-0.767971	-0.772154	-0.774405
522.0	-0.752054	-0.774882	-0.763373	-0.770500	-0.744763	-0.759945	-0.781274	-0.762972	-0.766833	-0.770376	-0.780025	-0.755886	-0.750969	-0.766865	-0.780889	-0.761761	-0.766628	-0.762610	-0.764634	-0.765704
523.0	-0.763406	-0.754936	-0.760921	-0.757386	-0.759924	-0.745629	-0.764429	-0.771301	-0.757873	-0.760240	-0.770045	-0.763140	-0.768801	-0.774524	-0.762114	-0.746779	-0.761247	-0.776485	-0.769335	-0.767871
524.0	-0.752664	-0.751672	-0.769618	-0.757577	-0.763643	-0.762188	-0.767911	-0.763637	-0.766200	-0.755671	-0.760633	-0.758712	-0.778154	-0.770991	-0.769080	-0.754018	-0.758950	-0.768679	-0.759810	-0.766395
525.0	-0.753113	-0.760055	-0.734297	-0.765737	-0.757222	-0.756721	-0.760060	-0.771637	-0.766960	-0.759137	-0.767139	-0.755729	-0.761181	-0.759111	-0.748905	-0.768213	-0.765400	-0.766874	-0.755550	-0.775991
526.0	-0.749874	-0.770163	-0.751048	-0.765261	-0.737135	-0.763705	-0.750658	-0.762371	-0.758727	-0.754315	-0.762686	-0.744801	-0.749419	-0.752239	-0.744744	-0.763335	-0.753538	-0.769450	-0.753546	-0.750944
527.0	-0.748623	-0.757047	-0.742386	-0.761197	-0.758494	-0.736306	-0.755248	-0.742515	-0.752997	-0.754315	-0.753716	-0.766280	-0.747554	-0.740388	-0.738282	-0.760911	-0.748126	-0.746748	-0.757023	-0.754681
528.0	-0.749906	-0.755320	-0.742736	-0.753671	-0.743492	-0.731250	-0.754583	-0.759014	-0.745841	-0.752456	-0.745220	-0.747094	-0.740155	-0.753658	-0.768198	-0.731577	-0.754702	-0.734272	-0.742520	-0.759141
529.0	-0.754908	-0.746041	-0.763723	-0.731857	-0.733448	-0.739119	-0.749993	-0.761357	-0.743941	-0.730427	-0.744778	-0.737987	-0.755806	-0.756211	-0.755588	-0.732333	-0.755520	-0.728567	-0.758056	-0.736499
530.0	-0.753562	-0.720764	-0.731526	-0.747416	-0.733543	-0.754351	-0.735557	-0.755879	-0.755846	-0.724660	-0.756716	-0.714311	-0.729373	-0.736416	-0.746699	-0.736959	-0.739945	-0.746247	-0.723320	-0.753614
531.0	-0.741921	-0.729915	-0.722036	-0.737255	-0.728775	-0.724518	-0.732771	-0.740108	-0.731973	-0.729797	-0.730407	-0.724422	-0.746131	-0.731877	-0.748905	-0.726762	-0.746364	-0.734178	-0.738730	-0.745637
532.0	-0.727363	-0.718172	-0.726909	-0.722839	-0.719367	-0.730080	-0.725047	-0.740267	-0.728997	-0.714984	-0.724185	-0.690289	-0.730511	-0.738623	-0.728069	-0.714141	-0.737176	-0.741764	-0.700455	-0.736719
533.0	-0.698053	-0.711069	-0.700604	-0.726173	-0.720448	-0.730207	-0.735652	-0.715661	-0.712248	-0.715173	-0.708330	-0.719053	-0.717643	-0.708742	-0.727564	-0.738974	-0.723677	-0.721827	-0.719342	-0.723592
534.0	-0.702831	-0.721436	-0.717641	-0.706391	-0.723563	-0.701986	-0.709344	-0.704039	-0.717060	-0.732475	-0.710004	-0.716101	-0.724377	-0.710318	-0.716373	-0.725723	-0.716597	-0.721858	-0.735410	-0.721426
535.0	-0.744775	-0.709757	-0.710890	-0.706709	-0.733352	-0.718672	-0.717037	-0.719493	-0.707118	-0.713503	-0.715468	-0.730922	-0.717611	-0.687560	-0.706412	-0.711937	-0.709958	-0.709194	-0.716210	-0.716087
536.0	-0.700105	-0.680193	-0.695190	-0.710011	-0.703761	-0.691304	-0.719253	-0.702931	-0.715382	-0.698533	-0.677252	-0.703729	-0.708442	-0.727843	-0.713221	-0.708979	-0.705395	-0.718943	-0.697949	-0.688547
537.0	-0.716620	-0.685504	-0.679744	-0.703502	-0.704683	-0.681065	-0.715043	-0.704261	-0.695847	-0.693491	-0.696234	-0.711202	-0.700695	-0.703856	-0.718769	-0.689433	-0.703539	-0.702454	-0.693376	-0.696178
538.0	-0.709822	-0.709501	-0.695731	-0.700898	-0.683387	-0.672880	-0.697694	-0.715218	-0.677578	-0.716403	-0.686664	-0.688500	-0.690482	-0.698781	-0.716909	-0.700260	-0.710870	-0.709790	-0.686360	-0.695016
539.0	-0.676985	-0.702046	-0.697960	-0.688133	-0.698612	-0.676672	-0.678541	-0.684310	-0.683087	-0.711959	-0.713857	-0.691640	-0.712615	-0.691910	-0.703291	-0.681911	-0.690071	-0.675182	-0.675178	-0.702081
540.0	-0.680897	-0.704798	-0.688056	-0.712996	-0.678969	-0.671774	-0.689368	-0.685007	-0.685683	-0.684415	-0.692949	-0.681215	-0.697280	-0.685480	-0.689326	-0.690126	-0.697308	-0.679508	-0.679563	-0.686694
541.0	-0.679069	-0.665027	-0.658630	-0.673400	-0.677475	-0.679959	-0.690096	-0.657329	-0.674791	-0.676347	-0.690738	-0.671763	-0.670500	-0.682328	-0.693015	-0.676214	-0.665150	-0.672392	-0.686203	-0.696743
542.0	-0.668680	-0.678881	-0.674840	-0.665462	-0.677507	-0.684320	-0.662396	-0.654796	-0.687013	-0.665726	-0.677157	-0.656722	-0.663227	-0.650366	-0.668552	-0.646345	-0.663325	-0.663050	-0.690150	-0.681261
543.0	-0.680352	-0.669954	-0.660413	-0.691467	-0.659930	-0.652970	-0.664707	-0.635922	-0.681345	-0.679782	-0.665503	-0.668591	-0.666041	-0.661209	-0.666913	-0.663656	-0.659990	-0.671044	-0.648303	-0.661792
544.0	-0.648702	-0.654724	-0.651751	-0.661810	-0.656147	-0.623580	-0.622792	-0.651661	-0.652565	-0.664560	-0.652585	-0.643219	-0.651560	-0.621494	-0.632458	-0.640774	-0.621727	-0.650668	-0.630857	-0.644520
545.0	-0.651427	-0.611562	-0.612548	-0.641901	-0.628018	-0.632871	-0.646504	-0.630190	-0.639267	-0.625103	-0.627191	-0.638980	-0.658295	-0.617838	-0.631166	-0.641120	-0.620374	-0.628380	-0.637967	-0.628724
546.0	-0.638248	-0.610058	-0.647739	-0.625739	-0.612062	-0.618492	-0.628269	-0.606914	-0.591552	-0.606005	-0.624065	-0.644036	-0.605144	-0.616514	-0.625586	-0.602438	-0.582112	-0.614555	-0.639471	-0.620811
547.0	-0.601178	-0.593740	-0.631401	-0.581825	-0.594740	-0.609011	-0.628174	-0.595229	-0.586866	-0.588388	-0.568825	-0.573509	-0.624716	-0.600974	-0.617106	-0.591674	-0.584566	-0.601076	-0.588854	-0.589910
548.0	-0.588095	-0.572303	-0.603695	-0.596431	-0.582598	-0.568307	-0.608768	-0.575120	-0.595605	-0.554320	-0.578426	-0.590654	-0.585161	-0.585214	-0.607366	-0.624848	-0.598380	-0.577785	-0.588259	-0.586362
549.0	-0.560036	-0.555377	-0.558378	-0.566012	-0.575701	-0.556551	-0.554380	-0.566855	-0.584808	-0.592169	-0.569835	-0.587263	-0.598757	-0.570179	-0.564305	-0.587771	-0.574025	-0.577095	-0.559944	-0.531250
550.0	-0.533516	-0.580973	-0.543283	-0.522161	-0.532378	-0.552506	-0.535258	-0.564005	-0.512112	-0.568344	-0.563234	-0.545657	-0.554302	-0.550542	-0.536564	-0.562025	-0.521792	-0.548851	-0.549169	-0.521766
551.0	-0.521267	-0.555633	-0.549461	-0.531052	-0.533459	-0.550420	-0.501606	-0.547633	-0.506539	-0.532669	-0.513048	-0.505401	-0.515632	-0.519054	-0.517177	-0.551765	-0.489822	-0.516343	-0.513430	-0.536588
552.0	-0.487724	-0.517045	-0.502137	-0.486471	-0.500784	-0.491134	-0.481535	-0.472454	-0.484977	-0.509505	-0.502025	-0.488633	-0.495902	-0.495949	-0.508004	-0.503546	-0.487557	-0.518036	-0.505506	-0.532412
553.0	-0.474577	-0.465148	-0.493825	-0.456401	-0.482190	-0.472362	-0.492331	-0.469604	-0.458381	-0.460940	-0.448775	-0.500188	-0.471019	-0.450655	-0.457724	-0.424199	-0.458293	-0.486312	-0.488248	-0.497429
554.0	-0.452771	-0.445630	-0.436979	-0.460529	-0.417350	-0.454665	-0.442280	-0.433819	-0.440967	-0.442346	-0.451617	-0.491679	-0.455842	-0.464839	-0.454887	-0.472670	-0.410465	-0.430514	-0.437882	-0.443227
555.0	-0.417176	-0.404676	-0.426788	-0.394165	-0.415443	-0.400624	-0.412838	-0.450287	-0.468197	-0.420600	-0.441195	-0.432802	-0.430231	-0.426700	-0.430299	-0.407203	-0.407004	-0.427379	-0.419088	-0.418105
556.0	-0.350477	-0.402116	-0.384751	-0.379876	-0.402411	-0.368074	-0.374532	-0.375551	-0.376377	-0.425328	-0.421613	-0.397633	-0.370788	-0.363344	-0.393101	-0.384542	-0.372077	-0.392269	-0.400921	-0.378851
557.0	-0.362341	-0.392837	-0.361822	-0.379241	-0.370309	-0.392724	-0.384663	-0.308732	-0.350730	-0.337715	-0.312333	-0.321329	-0.347707	-0.285805	-0.342979	-0.372582	-0.350995	-0.339919	-0.361769	-0.346192
558.0	-0.309751	-0.326605	-0.282524	-0.314148	-0.325492	-0.328887	-0.337493	-0.314433	-0.332683	-0.315970	-0.281697	-0.290242	-0.304389	-0.326781	-0.290020	-0.309318	-0.315438	-0.308258	-0.348300	-0.339598
559.0	-0.256199	-0.295569	-0.237939	-0.292556	-0.287033	-0.298864	-0.314699	-0.254897	-0.246562	-0.257666	-0.269379	-0.299976	-0.275933	-0.269730	-0.202070	-0.253923	-0.288063	-0.302929	-0.286596	-0.246331
560.0	-0.255237	-0.225818	-0.229341	-0.250642	-0.230774	-0.179723	-0.220359	-0.180479	-0.191470	-0.253569	-0.232110	-0.244083	-0.216490	-0.198494	-0.219408	-0.228114	-0.263834	-0.270014	-0.193882	-0.150238
561.0	-0.202005	-0.210780	-0.178068	-0.136014	-0.239356	-0.203425	-0.191867	-0.205496	-0.183555	-0.195266	-0.204001	-0.152706	-0.176967	-0.184625	-0.167709	-0.207656	-0.165661	-0.138354	-0.188871	-0.182583
562.0	-0.096183	-0.198301	-0.108325	-0.143318	-0.134467	-0.113674	-0.176988	-0.134244	-0.140494	-0.159969	-0.113671	-0.203889	-0.162739	-0.121900	-0.149741	-0.137154	-0.162200	-0.097288	-0.159428	-0.139875
563.0	-0.049686	-0.117671	-0.080300	-0.073144	-0.089968	-0.055209	-0.050357	-0.066159	-0.127830	-0.105763	-0.062190	-0.135121	-0.089384	-0.066425	-0.063052	-0.080185	-0.104932	-0.042117	-0.090206	-0.067648
564.0	-0.017619	-0.045680	-0.031893	-0.042344	-0.038160	-0.064058	-0.008569	-0.066792	-0.041392	-0.000817	-0.102301	-0.091160	-0.087487	-0.045937	-0.073139	-0.056894	-0.023750	-0.007948	-0.006576	-0.038130
565.0	0.013807	-0.011765	-0.014378	0.033228	0.000618	0.060456	-0.026614	0.025044	0.005151	0.043935	0.020244	0.014033	0.042465	0.044841	0.001256	0.044768	0.038238	0.053807	0.065151	0.039436
566.0	0.109367	0.048708	0.035939	0.016399	0.056241	0.063300	0.126293	0.124480	0.087156	0.085220	0.121312	0.083115	0.083253	0.052090	0.075651	0.125027	0.063726	0.083274	0.087390	0.082143
567.0	0.118026	0.188530	0.154408	0.154842	0.102964	0.125873	0.153202	0.119097	0.141931	0.134069	0.148790	0.112946	0.172101	0.131836	0.144687	0.115900	0.118791	0.189542	0.158491	0.116059
568.0	0.191780	0.216687	0.208228	0.293602	0.182426	0.171697	0.211136	0.163431	0.221719	0.227984	0.218905	0.206206	0.230911	0.205278	0.224126	0.219765	0.199658	0.290795	0.183862	0.227539
569.0	0.293113	0.299876	0.264596	0.336151	0.204675	0.295578	0.305160	0.225817	0.236601	0.325681	0.259017	0.285337	0.264427	0.347119	0.251867	0.226689	0.271715	0.307409	0.218317	0.209639
570.0	0.395086	0.371227	0.350581	0.329800	0.366458	0.360363	0.344415	0.345520	0.343935	0.344591	0.341766	0.393984	0.308060	0.365400	0.350220	0.334016	0.310733	0.328726	0.334208	0.330226
571.0	0.399896	0.401304	0.436248	0.378699	0.429074	0.456119	0.422610	0.362304	0.386995	0.418336	0.394827	0.386762	0.385842	0.394399	0.441637	0.411128	0.335591	0.399258	0.390275	0.384239
572.0	0.428436	0.413782	0.553761	0.453636	0.498047	0.467496	0.537527	0.429123	0.460451	0.460882	0.412198	0.370119	0.426313	0.522370	0.508152	0.405778	0.486312	0.470731	0.478603	0.546278
573.0	0.534258	0.552005	0.574462	0.509521	0.622960	0.524064	0.558422	0.544076	0.512377	0.577803	0.507265	0.478138	0.544883	0.521740	0.530533	0.583293	0.556167	0.542517	0.503661	0.565748
574.0	0.601920	0.604478	0.680191	0.683844	0.640759	0.665959	0.633134	0.615328	0.634276	0.654701	0.625704	0.611278	0.546780	0.607475	0.571829	0.665441	0.604624	0.606779	0.647116	0.682881
575.0	0.658358	0.683188	0.700255	0.791487	0.609293	0.739593	0.766413	0.724264	0.635542	0.658798	0.802573	0.645191	0.667246	0.697307	0.666714	0.667014	0.652767	0.682641	0.694413	0.762959
576.0	0.711911	0.810532	0.813946	0.860390	0.801907	0.764559	0.800603	0.727431	0.752375	0.789586	0.770989	0.807534	0.805419	0.774531	0.798797	0.848621	0.811355	0.838125	0.730433	0.827335
577.0	0.791117	0.879004	0.894836	0.871186	0.891540	0.831240	0.917737	0.846501	0.824881	0.819210	0.795625	0.858089	0.837037	0.747739	0.840093	0.842326	0.859812	0.873861	0.821580	0.750711
578.0	0.909765	0.927958	0.937192	0.912147	0.923007	0.922572	0.919320	0.888936	0.966411	1.011454	0.895113	0.948524	0.903436	0.948837	0.982263	0.936749	1.032875	0.955992	0.896127	0.880091
579.0	0.921630	1.008587	0.964580	1.000420	1.006282	1.006634	0.947179	0.954171	1.001556	1.051793	1.003446	1.041157	0.984696	1.012823	1.000231	1.060128	1.057103	0.966023	0.958771	0.990002
580.0	1.059199	1.030665	1.056934	1.034713	1.090194	1.072999	1.128261	1.070391	1.050948	1.046436	1.135782	1.060939	1.031491	1.102340	1.041527	1.122762	1.092975	1.013985	1.135741	1.080756
581.0	1.084852	1.076739	1.144512	1.125209	1.118482	1.196249	1.188411	1.071025	1.057914	1.181951	1.104198	1.176809	1.282542	1.159707	1.130423	1.241735	1.124440	1.120567	1.127284	1.220185
582.0	1.194843	1.265835	1.162664	1.167123	1.330167	1.214895	1.183029	1.286048	1.247253	1.186048	1.264012	1.266929	1.323646	1.268766	1.265028	1.263138	1.199015	1.195174	1.290472	1.347681
583.0	1.297137	1.259436	1.261706	1.224596	1.362270	1.260718	1.271987	1.338932	1.397015	1.290679	1.262117	1.355794	1.395736	1.274755	1.336586	1.348118	1.373336	1.298935	1.279823	1.388191
584.0	1.353255	1.261036	1.435906	1.337953	1.354642	1.289476	1.395136	1.384850	1.419495	1.371673	1.383082	1.481083	1.338822	1.363642	1.461733	1.350321	1.427142	1.375736	1.431109	1.409859
585.0	1.438233	1.450772	1.382086	1.388440	1.347967	1.394397	1.435974	1.493470	1.415379	1.530825	1.410560	1.442146	1.365698	1.491298	1.436515	1.381796	1.417388	1.471974	1.495632	1.448484
586.0	1.483448	1.575237	1.517114	1.544029	1.475105	1.499317	1.474280	1.502021	1.517014	1.575262	1.431405	1.432726	1.566159	1.632508	1.530770	1.481254	1.481578	1.534355	1.520063	1.540809
587.0	1.514233	1.668025	1.611061	1.562128	1.508161	1.619406	1.621172	1.512471	1.645245	1.543746	1.579849	1.473861	1.585130	1.642910	1.585620	1.619741	1.551747	1.605828	1.681685	1.538925
588.0	1.638974	1.713139	1.604692	1.592929	1.627989	1.623831	1.645865	1.687909	1.600285	1.601419	1.663546	1.733233	1.724251	1.745980	1.661276	1.676710	1.683904	1.629966	1.740571	1.640042
589.0	1.700543	1.737456	1.704371	1.698666	1.766570	1.763830	1.786425	1.744278	1.722500	1.720547	1.782301	1.685189	1.747017	1.659300	1.742922	1.713535	1.811655	1.784509	1.707683	1.771620
590.0	1.777184	1.767852	1.789082	1.671993	1.717304	1.692092	1.702849	1.779112	1.765561	1.714244	1.823044	1.807653	1.784643	1.826987	1.761836	1.762635	1.815117	1.829964	1.695154	1.859862
591.0	1.840677	1.856481	1.756599	1.847904	1.924539	1.862113	1.851007	1.876965	1.809254	1.771917	1.792092	1.870141	1.873491	1.857877	1.839068	1.857372	1.840289	1.835606	1.870245	1.851698
592.0	1.865048	1.839203	1.936212	1.940305	1.879723	1.900984	1.989985	1.914649	1.894425	1.920039	1.869156	1.863546	1.910484	1.883408	1.986282	1.811105	1.979683	1.796422	1.981438	1.885299
593.0	2.069957	1.975186	2.033025	1.910140	1.840628	1.981887	1.927935	2.005852	1.839333	2.004185	1.992649	1.915044	2.044230	2.009803	1.927018	2.029851	1.955140	1.904884	2.024663	1.833484
594.0	2.056489	1.944790	1.976657	2.072714	1.948060	1.994844	2.090023	1.973868	1.948884	1.925396	1.972119	2.029029	1.980361	2.068746	2.067297	1.968791	2.091702	2.051278	2.076031	1.971971
595.0	2.020253	2.071814	2.044809	2.156860	1.962045	2.146536	1.984286	2.036886	2.098962	2.054924	2.089295	2.031227	2.070790	2.106570	1.921659	2.131513	2.019960	1.965072	2.049720	2.014365
596.0	2.052962	2.062216	2.061050	2.057791	2.031018	2.119358	2.109334	2.003952	2.122076	1.980863	2.132880	2.083667	2.071422	2.061812	1.963901	2.009078	1.963636	2.050337	2.055671	2.034148
597.0	2.133130	2.058376	2.058503	2.152097	2.148939	2.181930	2.098887	2.120172	2.143289	2.037591	2.130038	2.043160	2.057826	2.054562	2.137594	2.135920	2.185470	2.082625	2.004616	2.096012
598.0	2.190851	2.180921	2.124424	2.145746	2.241432	2.263781	2.132445	2.155956	2.133157	2.168064	2.189731	2.214295	2.149204	2.151329	2.165335	2.218068	2.239277	2.129020	2.131471	2.186767
599.0	2.166480	2.192119	2.182385	2.221953	2.187716	2.277686	2.173916	2.243042	2.194582	2.282149	2.242160	2.164681	2.203587	2.233911	2.249817	2.197295	2.244626	2.122437	2.225750	2.219112
600.0	2.335474	2.164283	2.315821	2.233384	2.179452	2.285903	2.151123	2.203141	2.301283	2.203046	2.264269	2.163425	2.244375	2.262595	2.123094	2.131199	2.130405	2.278235	2.332559	2.182056
601.0	2.157501	2.305705	2.302446	2.297525	2.188987	2.300124	2.230267	2.223092	2.212312	2.165858	2.133196	2.360937	2.203271	2.342971	2.247611	2.174318	2.175716	2.319300	2.244230	2.205922
602.0	2.205602	2.277229	2.268370	2.249260	2.297373	2.256828	2.305612	2.215491	2.270887	2.191070	2.241213	2.420598	2.257023	2.271105	2.147997	2.208311	2.213160	2.123377	2.181899	2.398108
603.0	2.274546	2.244593	2.307541	2.271487	2.312312	2.302968	2.255593	2.291810	2.348459	2.340137	2.213735	2.323884	2.217500	2.342971	2.302777	2.262761	2.341541	2.264128	2.249555	2.253655
604.0	2.249534	2.244593	2.328560	2.264184	2.293876	2.256512	2.288834	2.347862	2.323763	2.356840	2.319540	2.308811	2.312355	2.273627	2.413424	2.293606	2.254066	2.308328	2.324728	2.242350
605.0	2.230614	2.322983	2.328560	2.419138	2.322483	2.306444	2.340752	2.260776	2.354792	2.333519	2.252583	2.328908	2.377805	2.200185	2.282286	2.365367	2.347519	2.397669	2.316898	2.314262
606.0	2.274226	2.312744	2.356266	2.323245	2.341236	2.296647	2.350566	2.380480	2.237959	2.366295	2.311644	2.316661	2.284847	2.278985	2.353529	2.349630	2.306299	2.385130	2.300923	2.324311
607.0	2.355356	2.309545	2.317095	2.304193	2.387959	2.337731	2.297381	2.303844	2.285452	2.336671	2.263637	2.226855	2.293700	2.318385	2.369291	2.231287	2.258156	2.391399	2.262084	2.407529
608.0	2.418849	2.265070	2.314866	2.292762	2.309769	2.295699	2.270156	2.323161	2.354792	2.304210	2.241528	2.172217	2.265876	2.311451	2.317277	2.321303	2.261618	2.253470	2.274300	2.245176
609.0	2.271981	2.245553	2.270918	2.277520	2.314219	2.241975	2.265090	2.254443	2.248090	2.220379	2.371969	2.286831	2.418909	2.263225	2.333985	2.230657	2.185155	2.326510	2.345088	2.280033
610.0	2.231897	2.286827	2.227288	2.138125	2.253828	2.319717	2.185630	2.281360	2.202497	2.254731	2.313224	2.253546	2.252280	2.294115	2.329887	2.240414	2.337765	2.203000	2.303742	2.232929
611.0	2.285770	2.206837	2.206588	2.209887	2.201065	2.244819	2.215388	2.264893	2.281969	2.235192	2.263321	2.306927	2.121379	2.183794	2.165965	2.352778	2.282070	2.286071	2.188164	2.160702
612.0	2.328740	2.290987	2.201811	2.224176	2.140039	2.288431	2.264141	2.110355	2.263605	2.210925	2.203944	2.364077	2.265243	2.261019	2.211989	2.355925	2.154004	2.315538	2.089186	2.215657
613.0	2.244083	2.216116	2.281746	2.051758	2.186127	2.119042	2.129595	2.155956	2.144239	2.235822	2.222894	2.204874	2.245640	2.161415	2.259905	2.257096	2.294342	2.334347	2.174382	2.200270
614.0	2.250496	2.128127	2.146398	2.221000	2.134318	2.099764	2.174866	2.117322	2.225927	2.303580	2.239318	2.207700	2.207065	2.112559	2.153356	2.171801	2.181380	2.129333	2.306248	2.203410
615.0	2.213939	2.110849	2.175060	2.218143	2.059624	2.135791	2.161886	2.269960	2.256956	2.261034	2.196048	2.174101	2.201058	2.163306	2.154932	2.096892	2.163444	2.087327	2.164359	2.129613
616.0	2.095291	2.119808	2.213276	2.107325	2.179452	2.236919	2.102053	2.181290	2.164503	2.121737	2.109508	2.171903	2.238052	2.128319	2.170379	2.120183	2.171625	2.157233	2.162167	2.267786
617.0	2.086953	2.095811	2.136208	2.049535	2.093316	2.073850	2.083375	2.085338	2.082181	2.013009	2.099402	2.226855	2.069525	1.988685	2.158715	2.023871	2.141732	2.193596	2.120195	2.113284
618.0	2.087915	2.146365	2.021879	2.044772	2.101897	2.045724	2.007713	2.080587	2.086297	2.076355	2.071292	2.033111	1.959177	1.952437	1.967053	2.110740	2.097366	1.992031	2.049720	2.041371
619.0	2.123189	2.061576	2.008504	1.996508	2.052314	1.958817	2.144791	2.009019	1.987828	2.015845	2.030865	1.967797	2.048341	2.022412	2.071710	2.072027	2.066844	1.945950	1.999918	2.001175
620.0	1.970228	1.971667	1.943537	1.951419	2.024661	1.883919	1.944398	2.067287	1.999543	1.934851	1.949695	2.002966	1.931669	1.974186	1.911887	1.965014	1.968041	1.986702	2.111425	1.965690
621.0	1.856069	1.972627	1.936212	1.988887	2.016397	1.939539	1.984603	1.962467	1.984662	2.003239	1.898529	2.023377	1.882028	1.957165	1.889505	1.947704	1.937519	1.986075	1.974547	1.949675
622.0	1.905773	1.922073	1.897041	1.895534	1.898158	1.931639	1.936483	1.812996	1.813371	1.983700	1.901687	1.878619	1.900050	1.890342	1.852623	1.845412	1.942868	2.044381	1.829526	1.915759
623.0	1.842601	1.890077	1.879844	1.900931	1.887034	1.897508	1.870635	1.883932	1.849782	1.872136	1.902003	1.849102	1.848512	1.852518	1.796511	1.794109	2.027197	1.921499	1.930696	1.863003
624.0	1.885250	1.777451	1.776981	1.893628	1.833953	1.792272	1.846892	1.843081	1.845033	1.848184	1.829361	1.781276	1.786224	1.804292	1.832763	1.813623	1.788056	1.814917	1.748088	1.802395
625.0	1.743834	1.871199	1.751822	1.802815	1.859063	1.733175	1.801621	1.860181	1.846299	1.806899	1.825571	1.721300	1.676191	1.758588	1.830557	1.917488	1.767288	1.849399	1.713947	1.819981
626.0	1.665910	1.828645	1.693543	1.795830	1.807890	1.674079	1.762366	1.718944	1.710786	1.666026	1.714712	1.714706	1.706861	1.768044	1.694691	1.750989	1.845639	1.717112	1.764689	1.765340
627.0	1.749927	1.625790	1.636857	1.655799	1.723025	1.683243	1.606926	1.685693	1.641762	1.712668	1.771878	1.633064	1.748914	1.631878	1.627546	1.657511	1.654641	1.757550	1.749028	1.725144
628.0	1.713370	1.684983	1.620296	1.691363	1.646742	1.621302	1.681955	1.619507	1.594902	1.621904	1.642701	1.584392	1.642676	1.646377	1.626285	1.671044	1.655899	1.666956	1.575503	1.657313
629.0	1.619092	1.624190	1.591316	1.580545	1.663588	1.742024	1.635735	1.561556	1.652211	1.588813	1.621224	1.650648	1.596513	1.541415	1.651189	1.666953	1.541678	1.606141	1.637208	1.578492
630.0	1.512629	1.574277	1.591635	1.522755	1.575862	1.561890	1.597745	1.580240	1.532845	1.527359	1.565636	1.663837	1.496599	1.572620	1.627546	1.571900	1.405745	1.563509	1.571745	1.529190
631.0	1.514874	1.519244	1.542591	1.608170	1.586033	1.446541	1.535696	1.513421	1.520813	1.493952	1.483834	1.489562	1.489010	1.568522	1.556934	1.530669	1.385922	1.480438	1.528520	1.496217
632.0	1.498840	1.406618	1.488452	1.422098	1.429335	1.498685	1.437557	1.455153	1.370102	1.469370	1.533737	1.447798	1.436840	1.505797	1.495779	1.466462	1.469936	1.457867	1.489681	1.506265
633.0	1.447533	1.526923	1.415524	1.501481	1.381976	1.409882	1.311243	1.459903	1.339073	1.443213	1.456672	1.361760	1.393839	1.300286	1.472136	1.372983	1.386551	1.425893	1.438313	1.414255
634.0	1.364799	1.417816	1.334953	1.409397	1.381658	1.363742	1.332453	1.363316	1.383083	1.345831	1.360026	1.380600	1.299615	1.397683	1.372837	1.367632	1.381517	1.403636	1.376921	1.445658
635.0	1.261863	1.297831	1.333998	1.361133	1.368627	1.352365	1.278319	1.382317	1.376118	1.249079	1.353394	1.235214	1.407118	1.297134	1.435569	1.369206	1.307257	1.348464	1.355309	1.312510
636.0	1.266353	1.320868	1.327628	1.296675	1.326035	1.301801	1.313775	1.296498	1.372951	1.256327	1.284541	1.247147	1.399530	1.280113	1.218058	1.346859	1.333374	1.162886	1.333384	1.295552
637.0	1.259298	1.277674	1.279540	1.249680	1.211293	1.179816	1.242229	1.250897	1.287464	1.175648	1.236850	1.290166	1.308469	1.316361	1.305693	1.237643	1.279882	1.245017	1.266354	1.185328
638.0	1.246471	1.208882	1.253426	1.273177	1.215107	1.105866	1.250143	1.226196	1.229839	1.232691	1.226743	1.187799	1.223731	1.164119	1.226884	1.180990	1.253451	1.189532	1.181785	1.268859
639.0	1.130067	1.137531	1.186230	1.183317	1.265963	1.161486	1.210254	1.191995	1.166832	1.092763	1.235902	1.195649	1.223731	1.230942	1.224362	1.161476	1.161885	1.115865	1.135115	1.166800
640.0	1.131350	1.109695	1.127633	1.122034	1.188408	1.108078	1.060197	1.190095	1.093692	1.237733	1.136729	1.076326	1.144685	1.196585	1.171403	1.088455	1.159053	1.092354	1.130416	1.121266
641.0	1.132312	1.134972	1.071583	1.127749	1.141367	1.134940	1.103251	1.132460	1.103507	1.154848	1.082405	1.068789	1.013468	1.138273	1.152174	1.055407	1.073780	1.078874	1.057436	1.123150
642.0	1.085814	1.049542	1.097379	1.051542	0.999925	1.040133	1.123196	1.087175	1.074378	1.090872	1.078299	1.072244	1.001137	1.059157	1.075887	1.080901	1.050181	0.951603	1.019223	1.077616
643.0	0.981917	1.013707	0.954070	1.071547	0.987847	1.081216	0.996248	1.071975	1.005988	1.055260	0.995866	0.968935	1.073543	0.993280	0.947903	0.906534	0.947602	1.044079	0.939978	0.984349
644.0	1.031300	0.975312	0.974770	0.946758	0.983080	1.024016	0.964274	0.933271	1.018020	1.021538	0.927013	0.976785	1.043506	0.979096	0.897465	0.936434	0.877748	0.994236	0.914607	0.848060
645.0	0.939267	0.980751	1.000884	0.843879	0.946209	0.948486	0.970922	0.912370	0.977176	0.971429	0.963018	0.904249	0.970151	0.908176	0.886432	0.944618	0.960503	0.942826	0.851650	0.965193
646.0	0.859420	0.909400	0.986235	0.921356	0.875012	0.877064	0.934199	0.913637	0.894855	0.935502	0.838894	0.893886	0.937900	0.940011	0.900618	0.880410	0.931869	0.890162	0.952507	0.918403
647.0	0.823825	0.845728	0.877002	0.917863	0.838142	0.929208	0.850939	0.902870	0.878707	0.794629	0.855634	0.840819	0.871818	0.877287	0.795014	0.869709	0.874287	0.895177	0.903644	0.816972
648.0	0.873529	0.833889	0.801845	0.882300	0.838778	0.890021	0.812950	0.859485	0.806517	0.838435	0.843000	0.761061	0.819963	0.779259	0.830320	0.849880	0.819221	0.810852	0.850710	0.800956
649.0	0.745581	0.824611	0.757578	0.812443	0.827653	0.693138	0.829728	0.819901	0.769473	0.715840	0.774464	0.846157	0.719733	0.744902	0.788079	0.848621	0.755346	0.804269	0.791824	0.826706
650.0	0.753277	0.772777	0.739744	0.748620	0.770441	0.685553	0.738554	0.716981	0.762507	0.700713	0.746986	0.790577	0.732380	0.697937	0.743316	0.745071	0.710349	0.714615	0.740143	0.796560
651.0	0.764821	0.768618	0.722866	0.684162	0.655698	0.740857	0.726841	0.704314	0.731162	0.733174	0.685713	0.783041	0.768425	0.798801	0.668606	0.738146	0.635146	0.666340	0.731373	0.712400
652.0	0.664130	0.671670	0.638791	0.709564	0.705282	0.647314	0.696766	0.702731	0.628577	0.727501	0.692977	0.705795	0.629936	0.666102	0.667660	0.661349	0.604624	0.671669	0.694726	0.641743
653.0	0.639439	0.588480	0.720636	0.654949	0.618510	0.609707	0.653395	0.673913	0.661505	0.628543	0.601700	0.638597	0.675151	0.700144	0.626679	0.658516	0.567494	0.671982	0.646177	0.637975
654.0	0.668940	0.637434	0.669364	0.629547	0.579733	0.600226	0.676505	0.638762	0.606413	0.666677	0.646234	0.614418	0.648907	0.644353	0.660725	0.638058	0.639237	0.617437	0.598880	0.638917
655.0	0.577228	0.687668	0.627963	0.623196	0.621689	0.564199	0.610024	0.592211	0.568419	0.599864	0.606754	0.575481	0.591362	0.589508	0.585069	0.594624	0.615637	0.568849	0.546572	0.571401
656.0	0.664772	0.535687	0.552806	0.586998	0.577508	0.594538	0.508719	0.479474	0.542773	0.570555	0.624125	0.562921	0.558162	0.495893	0.474422	0.518771	0.609029	0.527156	0.513997	0.566062
657.0	0.527524	0.515529	0.518730	0.499995	0.480883	0.499730	0.574567	0.497208	0.590266	0.560785	0.491157	0.479080	0.546464	0.559879	0.486085	0.555910	0.505192	0.540322	0.606084	0.542196
658.0	0.510208	0.487053	0.470642	0.495550	0.410003	0.542710	0.602742	0.439889	0.509527	0.521076	0.460205	0.488815	0.520536	0.482970	0.468432	0.509643	0.434708	0.539068	0.483928	0.512363
659.0	0.453128	0.479694	0.481152	0.453954	0.486286	0.476028	0.481177	0.450973	0.450953	0.481052	0.446940	0.491955	0.449079	0.477297	0.485140	0.431901	0.464916	0.451922	0.472652	0.466829
660.0	0.434850	0.434899	0.450261	0.426011	0.471348	0.446322	0.465348	0.391755	0.433855	0.433148	0.437781	0.461496	0.431372	0.467525	0.371340	0.461802	0.446665	0.404274	0.451040	0.399313
661.0	0.422985	0.413462	0.461407	0.338373	0.425578	0.394494	0.505870	0.422156	0.452219	0.436300	0.384720	0.385820	0.414615	0.428125	0.377014	0.460858	0.456420	0.424023	0.463255	0.419411
662.0	0.378732	0.363548	0.401854	0.314559	0.419539	0.360047	0.345365	0.406322	0.424990	0.353415	0.379667	0.391158	0.405761	0.411420	0.290956	0.361714	0.429044	0.377942	0.383697	0.342160
663.0	0.407913	0.330912	0.329563	0.295824	0.367094	0.348038	0.336184	0.327470	0.286310	0.336081	0.368612	0.355047	0.373511	0.367607	0.311446	0.352901	0.276750	0.319635	0.336088	0.306988
664.0	0.338007	0.307235	0.276061	0.353932	0.273965	0.360363	0.287748	0.281235	0.342352	0.302045	0.289653	0.303235	0.284347	0.284394	0.341708	0.289952	0.278008	0.271046	0.325125	0.308244
665.0	0.319408	0.286438	0.295169	0.305350	0.258391	0.289258	0.285215	0.302769	0.277761	0.296372	0.267544	0.319250	0.226801	0.293534	0.261639	0.251554	0.307901	0.222771	0.236170	0.309501
666.0	0.196590	0.284838	0.247399	0.235494	0.314014	0.233953	0.262105	0.265718	0.228685	0.290384	0.211010	0.263356	0.218896	0.303936	0.287803	0.228263	0.231124	0.240012	0.205475	0.190169
667.0	0.221282	0.236524	0.247718	0.220253	0.245041	0.276617	0.217151	0.267934	0.212854	0.210966	0.209114	0.248284	0.220477	0.206224	0.266998	0.176330	0.212245	0.244401	0.205788	0.221886
668.0	0.206531	0.212847	0.207273	0.194850	0.235188	0.190026	0.145288	0.215683	0.184675	0.236178	0.223643	0.225989	0.189807	0.195822	0.249975	0.199936	0.208783	0.201454	0.168514	0.172270
669.0	0.169333	0.164853	0.143580	0.238669	0.177340	0.185918	0.156685	0.175782	0.148264	0.163378	0.150685	0.161303	0.156292	0.222299	0.157927	0.197103	0.170395	0.167913	0.140325	0.139297
670.0	0.117384	0.100861	0.134026	0.151031	0.164944	0.183390	0.116796	0.133031	0.182775	0.144469	0.119733	0.135240	0.150600	0.104414	0.213408	0.212211	0.148683	0.188602	0.134373	0.073665
671.0	0.157468	0.108220	0.103772	0.145951	0.120128	0.123977	0.117429	0.129230	0.158395	0.139111	0.163002	0.160361	0.093687	0.129945	0.148470	0.134469	0.088898	0.064779	0.108376	0.133644
672.0	0.153620	0.097982	0.082753	0.037356	0.069272	0.088266	0.034802	0.113080	0.101087	0.101923	0.087517	0.077463	0.081040	0.117022	0.139644	0.125342	0.099282	0.066346	0.091149	0.098159
673.0	0.085958	0.081344	0.070970	0.027195	0.081668	0.067092	0.088937	0.086796	0.078290	0.108856	0.077094	0.054226	0.100327	0.066275	0.110642	0.091979	0.079458	0.031550	0.045105	0.075863
674.0	0.075376	0.085503	0.030844	0.066569	0.048295	0.042442	0.016758	0.051011	0.063093	0.047402	0.074568	0.043864	0.092739	0.052406	0.081010	0.065226	0.115959	0.077631	0.072669	0.042890
675.0	0.012204	0.004553	0.000590	0.061806	0.012060	-0.033404	0.029421	0.049428	0.033330	-0.046829	0.006347	0.081231	0.028553	0.062177	0.073760	-0.008109	0.022505	-0.026129	-0.008142	0.067698
676.0	-0.003189	-0.007925	0.051863	0.053550	-0.019724	0.014632	0.009793	-0.046208	-0.029994	0.041098	0.018665	0.010893	0.014009	0.013636	-0.002212	0.019903	0.016527	0.014309	0.011277	-0.009239
677.0	-0.013129	0.005513	-0.042721	-0.035358	-0.046741	-0.028663	0.010109	0.004460	0.002935	-0.035168	-0.059031	-0.030556	0.018119	-0.014102	-0.036572	-0.049970	0.001423	-0.027697	-0.054499	0.007091
678.0	-0.029484	-0.081196	-0.091128	-0.051552	-0.073440	-0.075751	-0.014584	-0.033541	-0.011630	-0.088429	-0.044819	-0.067609	-0.063140	-0.072099	-0.029952	-0.016292	-0.065599	-0.006694	-0.064522	0.001124
679.0	-0.048083	-0.097834	-0.074249	-0.037898	-0.082340	-0.138640	-0.080748	-0.058875	-0.020812	-0.052502	-0.040081	-0.042175	-0.044802	-0.038057	-0.007886	-0.107883	-0.064026	-0.061552	-0.081436	-0.110042
680.0	-0.067964	-0.136549	-0.132210	-0.080447	-0.096325	-0.090604	-0.051940	-0.077242	-0.090785	-0.082441	-0.011972	-0.096184	-0.107722	-0.068001	-0.031213	-0.137154	-0.067802	-0.081615	-0.126853	-0.082722
681.0	-0.063154	-0.118311	-0.128388	-0.129346	-0.086472	-0.108933	-0.081381	-0.103210	-0.119597	-0.095363	-0.077350	-0.127899	-0.082428	-0.117488	-0.121055	-0.108197	-0.138600	-0.110454	-0.117143	-0.126372
682.0	-0.127289	-0.132070	-0.092083	-0.159194	-0.149406	-0.113990	-0.127602	-0.169712	-0.162341	-0.133496	-0.150624	-0.133551	-0.136179	-0.104564	-0.160774	-0.131174	-0.089828	-0.115783	-0.129046	-0.089316
683.0	-0.175710	-0.147748	-0.156413	-0.147445	-0.145591	-0.156969	-0.136149	-0.183645	-0.139861	-0.169739	-0.179050	-0.141402	-0.155783	-0.137976	-0.183471	-0.211433	-0.173842	-0.149012	-0.134684	-0.148982
684.0	-0.177955	-0.173664	-0.187941	-0.185549	-0.153220	-0.153809	-0.156727	-0.188396	-0.158542	-0.198733	-0.189157	-0.132923	-0.197203	-0.189984	-0.220668	-0.168628	-0.218838	-0.148072	-0.152224	-0.202367
685.0	-0.198478	-0.135909	-0.185393	-0.217619	-0.166887	-0.230287	-0.229223	-0.197896	-0.208568	-0.182345	-0.190736	-0.226498	-0.208585	-0.236634	-0.170231	-0.226856	-0.188631	-0.254967	-0.179161	-0.224349
686.0	-0.231828	-0.202141	-0.259277	-0.236036	-0.212021	-0.207217	-0.186169	-0.171612	-0.189254	-0.192430	-0.157257	-0.228696	-0.213012	-0.242622	-0.222245	-0.248888	-0.206881	-0.271581	-0.234914	-0.232200
687.0	-0.225735	-0.255574	-0.253544	-0.222065	-0.226960	-0.240400	-0.226690	-0.215946	-0.191154	-0.243169	-0.210949	-0.248479	-0.273087	-0.278871	-0.249355	-0.233465	-0.188946	-0.251519	-0.215808	-0.235654
688.0	-0.262292	-0.282131	-0.254181	-0.214126	-0.280676	-0.228391	-0.204530	-0.259014	-0.231048	-0.224260	-0.233058	-0.226812	-0.225976	-0.269099	-0.248409	-0.201991	-0.222929	-0.242114	-0.279392	-0.290923
689.0	-0.269667	-0.279251	-0.252907	-0.243339	-0.301654	-0.290648	-0.275127	-0.301132	-0.209834	-0.244745	-0.280749	-0.248165	-0.251903	-0.335291	-0.236115	-0.249202	-0.201532	-0.288195	-0.270308	-0.270197
690.0	-0.297886	-0.285650	-0.268194	-0.250642	-0.309282	-0.295388	-0.308684	-0.330900	-0.279491	-0.299582	-0.276643	-0.280822	-0.276881	-0.271621	-0.279302	-0.290434	-0.261946	-0.266879	-0.287222	-0.324838
691.0	-0.293718	-0.275732	-0.292397	-0.288746	-0.288622	-0.260625	-0.334643	-0.319183	-0.283923	-0.262709	-0.299384	-0.279880	-0.294588	-0.299674	-0.320913	-0.284139	-0.341870	-0.275343	-0.318858	-0.298146
692.0	-0.349515	-0.348043	-0.315645	-0.337328	-0.330260	-0.314034	-0.323247	-0.337233	-0.280757	-0.288866	-0.322756	-0.310652	-0.285418	-0.355780	-0.336044	-0.337645	-0.322361	-0.296659	-0.321677	-0.267057
693.0	-0.319051	-0.333644	-0.339848	-0.280807	-0.345834	-0.345636	-0.332111	-0.347684	-0.340598	-0.332357	-0.316439	-0.294324	-0.307235	-0.335922	-0.327533	-0.352123	-0.369560	-0.361549	-0.322929	-0.299402
694.0	-0.348553	-0.313487	-0.389210	-0.329389	-0.343610	-0.354801	-0.328628	-0.348317	-0.328884	-0.369861	-0.360340	-0.375652	-0.309764	-0.347584	-0.364730	-0.361566	-0.373021	-0.358414	-0.339217	-0.360010
695.0	-0.362341	-0.382918	-0.390165	-0.373526	-0.356323	-0.377555	-0.383713	-0.321716	-0.328884	-0.347170	-0.362235	-0.388527	-0.354663	-0.315434	-0.345501	-0.326629	-0.362952	-0.410451	-0.355818	-0.351531
696.0	-0.356249	-0.377159	-0.410547	-0.410042	-0.385883	-0.354485	-0.385296	-0.350534	-0.331100	-0.384043	-0.396346	-0.364034	-0.401774	-0.377844	-0.380807	-0.376358	-0.377741	-0.386627	-0.363961	-0.338027
697.0	-0.432248	-0.390277	-0.446215	-0.416392	-0.378890	-0.393356	-0.370417	-0.421786	-0.368778	-0.405158	-0.403294	-0.416159	-0.393870	-0.392658	-0.369774	-0.382339	-0.350051	-0.413272	-0.372105	-0.363778
698.0	-0.396333	-0.367240	-0.437935	-0.418615	-0.390651	-0.397148	-0.394160	-0.439836	-0.385559	-0.443606	-0.413085	-0.438454	-0.402090	-0.376268	-0.358426	-0.385801	-0.393788	-0.359354	-0.420968	-0.379165
699.0	-0.400181	-0.437311	-0.422967	-0.454813	-0.400186	-0.405365	-0.446395	-0.394552	-0.406139	-0.454322	-0.404242	-0.434686	-0.364464	-0.418505	-0.395938	-0.437733	-0.423052	-0.427379	-0.410945	-0.413394
700.0	-0.442830	-0.434752	-0.384433	-0.426871	-0.412264	-0.481843	-0.428034	-0.421786	-0.439067	-0.453061	-0.448775	-0.450700	-0.434974	-0.421026	-0.445430	-0.394928	-0.426198	-0.453711	-0.411258	-0.407742
701.0	-0.441547	-0.448510	-0.450673	-0.430046	-0.468205	-0.445500	-0.453993	-0.443003	-0.412788	-0.433521	-0.447196	-0.498493	-0.468489	-0.450025	-0.463398	-0.443713	-0.471509	-0.429573	-0.512647	-0.454532
702.0	-0.471691	-0.461628	-0.450355	-0.445287	-0.476787	-0.433175	-0.393527	-0.436353	-0.435585	-0.458419	-0.468357	-0.469541	-0.465960	-0.494626	-0.450159	-0.461969	-0.427142	-0.476281	-0.445399	-0.387644
703.0	-0.475218	-0.498744	-0.457998	-0.451003	-0.507268	-0.475522	-0.475837	-0.441103	-0.470096	-0.476697	-0.486454	-0.429976	-0.460585	-0.472719	-0.451420	-0.433642	-0.481264	-0.475968	-0.467324	-0.447624
704.0	-0.450847	-0.496824	-0.510290	-0.464657	-0.473291	-0.461617	-0.449561	-0.464537	-0.477062	-0.451800	-0.472463	-0.454783	-0.475761	-0.474925	-0.490761	-0.517174	-0.483152	-0.471892	-0.473589	-0.474002
705.0	-0.488558	-0.479546	-0.513793	-0.516033	-0.520968	-0.470782	-0.490178	-0.474037	-0.497452	-0.503801	-0.469936	-0.492212	-0.484615	-0.511394	-0.472540	-0.514184	-0.489885	-0.491892	-0.478287	-0.500349
706.0	-0.495196	-0.489337	-0.486023	-0.504030	-0.492361	-0.499256	-0.486284	-0.497376	-0.530571	-0.508496	-0.483201	-0.511618	-0.515158	-0.505973	-0.503465	-0.532282	-0.533528	-0.496218	-0.499962	-0.494257
707.0	-0.502090	-0.546738	-0.523347	-0.520224	-0.498178	-0.536073	-0.498124	-0.473087	-0.523099	-0.483631	-0.536199	-0.501005	-0.529576	-0.513916	-0.491202	-0.510344	-0.532584	-0.500074	-0.495514	-0.508325
708.0	-0.489360	-0.544018	-0.509048	-0.491488	-0.516105	-0.499793	-0.515187	-0.492246	-0.510244	-0.525105	-0.521165	-0.529988	-0.519964	-0.527596	-0.529660	-0.500115	-0.546776	-0.501359	-0.518975	-0.516113
709.0	-0.537909	-0.495288	-0.536945	-0.554549	-0.531234	-0.505861	-0.554475	-0.490694	-0.556565	-0.511144	-0.538757	-0.528324	-0.533686	-0.543576	-0.551191	-0.540749	-0.529910	-0.523491	-0.542403	-0.509676
710.0	-0.555899	-0.527316	-0.536213	-0.558804	-0.516740	-0.503048	-0.527344	-0.536264	-0.521325	-0.546346	-0.524134	-0.543208	-0.504882	-0.549502	-0.536154	-0.538640	-0.558355	-0.540324	-0.545379	-0.549024
711.0	-0.509241	-0.559408	-0.573887	-0.523018	-0.561016	-0.526971	-0.539722	-0.538069	-0.543426	-0.545117	-0.504489	-0.536205	-0.554808	-0.527186	-0.524302	-0.540465	-0.542842	-0.530293	-0.519601	-0.548553
712.0	-0.572414	-0.521717	-0.544684	-0.531084	-0.560698	-0.555508	-0.541875	-0.537182	-0.536112	-0.507204	-0.536736	-0.513000	-0.533054	-0.538438	-0.546557	-0.557210	-0.559582	-0.530763	-0.539303	-0.571006
713.0	-0.568053	-0.563088	-0.542232	-0.553819	-0.535016	-0.568339	-0.561186	-0.572333	-0.553019	-0.536576	-0.563013	-0.554700	-0.556230	-0.550479	-0.536028	-0.574804	-0.560274	-0.557095	-0.546381	-0.560925
714.0	-0.575011	-0.566223	-0.576626	-0.573061	-0.565975	-0.550009	-0.587209	-0.559508	-0.581040	-0.567808	-0.573341	-0.592319	-0.562301	-0.591046	-0.554217	-0.549058	-0.569871	-0.571327	-0.550391	-0.552918
715.0	-0.563659	-0.553105	-0.600319	-0.538958	-0.597187	-0.572447	-0.545167	-0.558621	-0.568945	-0.598535	-0.588691	-0.569804	-0.577604	-0.577807	-0.587348	-0.557902	-0.586517	-0.602675	-0.600725	-0.553200
716.0	-0.562152	-0.550161	-0.593632	-0.601892	-0.572681	-0.594190	-0.541432	-0.586046	-0.574961	-0.592232	-0.575742	-0.599415	-0.567961	-0.577586	-0.583565	-0.565582	-0.545548	-0.584838	-0.567712	-0.588340
717.0	-0.598324	-0.584621	-0.601179	-0.601289	-0.586444	-0.601869	-0.569227	-0.587439	-0.625494	-0.603231	-0.591786	-0.555862	-0.562775	-0.584395	-0.588798	-0.595325	-0.567795	-0.604399	-0.555778	-0.612520
718.0	-0.563146	-0.587277	-0.588090	-0.627676	-0.611109	-0.618966	-0.564700	-0.601721	-0.609979	-0.593367	-0.620496	-0.622118	-0.593509	-0.620233	-0.567772	-0.621449	-0.592905	-0.593364	-0.579583	-0.597510
719.0	-0.606181	-0.600939	-0.567995	-0.595478	-0.629131	-0.575323	-0.601708	-0.586837	-0.609156	-0.608841	-0.637962	-0.579162	-0.576340	-0.587830	-0.601975	-0.600424	-0.595988	-0.620950	-0.616292	-0.605455
720.0	-0.608778	-0.623272	-0.619937	-0.599225	-0.616925	-0.583476	-0.613295	-0.596496	-0.568597	-0.619241	-0.607452	-0.609495	-0.624020	-0.610336	-0.609856	-0.617042	-0.603005	-0.595465	-0.592268	-0.613808
721.0	-0.621701	-0.611050	-0.607740	-0.621325	-0.597823	-0.594284	-0.629155	-0.629272	-0.629008	-0.596014	-0.596145	-0.611693	-0.606725	-0.618153	-0.612914	-0.606561	-0.615560	-0.591954	-0.594993	-0.619555
722.0	-0.597138	-0.604075	-0.622835	-0.623230	-0.598586	-0.633535	-0.651284	-0.635922	-0.623942	-0.613789	-0.627444	-0.618067	-0.624273	-0.640690	-0.626784	-0.600613	-0.588468	-0.629101	-0.612847	-0.629195
723.0	-0.615063	-0.633543	-0.634427	-0.639678	-0.637267	-0.632776	-0.628839	-0.594722	-0.648639	-0.651922	-0.632308	-0.623625	-0.613713	-0.631360	-0.636273	-0.633629	-0.628776	-0.644116	-0.632016	-0.623449
724.0	-0.619873	-0.628551	-0.612612	-0.645711	-0.656529	-0.651327	-0.622697	-0.628132	-0.648797	-0.616846	-0.647089	-0.644601	-0.614851	-0.648318	-0.629054	-0.636021	-0.666503	-0.653677	-0.643511	-0.633780
725.0	-0.633181	-0.637478	-0.638949	-0.652665	-0.651729	-0.640424	-0.629472	-0.654099	-0.657662	-0.635093	-0.637709	-0.643471	-0.617570	-0.666536	-0.647117	-0.659879	-0.642086	-0.649853	-0.627725	-0.632964
726.0	-0.680897	-0.650405	-0.646974	-0.633963	-0.627065	-0.622189	-0.641818	-0.646721	-0.654528	-0.646092	-0.643489	-0.661526	-0.650801	-0.644031	-0.652192	-0.626705	-0.651588	-0.628725	-0.656447	-0.617984
727.0	-0.662266	-0.655844	-0.654044	-0.630978	-0.651475	-0.651200	-0.656698	-0.648779	-0.648037	-0.644957	-0.651385	-0.654995	-0.636573	-0.658530	-0.667701	-0.651318	-0.631954	-0.636624	-0.624687	-0.666314
728.0	-0.669417	-0.627432	-0.633089	-0.679941	-0.676013	-0.663273	-0.647517	-0.655239	-0.650950	-0.660211	-0.659154	-0.657507	-0.649948	-0.651028	-0.640623	-0.670045	-0.663168	-0.617534	-0.636370	-0.657835
729.0	-0.632219	-0.637990	-0.678470	-0.672003	-0.668830	-0.660523	-0.627351	-0.662491	-0.668776	-0.665096	-0.661776	-0.649657	-0.653078	-0.682359	-0.673565	-0.692549	-0.641173	-0.681702	-0.660676	-0.656736
730.0	-0.663549	-0.657124	-0.676910	-0.650252	-0.656116	-0.674839	-0.670279	-0.670186	-0.634201	-0.683280	-0.676999	-0.656973	-0.681692	-0.673092	-0.688570	-0.687797	-0.648819	-0.671295	-0.654129	-0.680508
731.0	-0.664254	-0.658916	-0.673311	-0.665303	-0.648011	-0.678410	-0.675977	-0.670503	-0.687931	-0.664907	-0.656343	-0.658951	-0.683779	-0.679869	-0.647117	-0.668755	-0.658196	-0.674429	-0.681223	-0.663801
732.0	-0.682148	-0.674146	-0.696782	-0.682322	-0.656497	-0.681697	-0.681771	-0.676425	-0.686791	-0.667113	-0.698508	-0.676661	-0.697407	-0.669594	-0.687403	-0.674263	-0.669146	-0.672674	-0.673674	-0.664995
733.0	-0.689106	-0.676993	-0.682610	-0.667303	-0.678492	-0.680812	-0.696935	-0.665911	-0.669789	-0.708650	-0.666450	-0.696538	-0.690514	-0.689924	-0.658370	-0.678228	-0.698315	-0.685965	-0.695475	-0.689771
734.0	-0.679358	-0.673442	-0.700922	-0.675591	-0.697404	-0.681096	-0.693927	-0.691087	-0.690622	-0.705246	-0.675988	-0.679645	-0.681977	-0.685700	-0.657771	-0.691668	-0.682960	-0.695652	-0.686329	-0.695518
735.0	-0.684841	-0.676609	-0.690604	-0.675400	-0.691142	-0.688144	-0.702095	-0.700524	-0.717757	-0.697840	-0.682147	-0.661997	-0.691810	-0.695156	-0.678293	-0.692927	-0.676037	-0.700636	-0.689805	-0.677995
736.0	-0.700779	-0.690336	-0.694808	-0.698167	-0.691174	-0.688586	-0.688324	-0.683075	-0.677166	-0.698628	-0.694339	-0.676913	-0.677709	-0.694368	-0.689074	-0.697396	-0.700140	-0.686059	-0.681787	-0.676676
737.0	-0.703024	-0.695935	-0.700986	-0.702168	-0.694829	-0.679390	-0.697789	-0.710626	-0.713261	-0.703702	-0.714615	-0.684574	-0.699841	-0.699727	-0.701494	-0.698246	-0.682928	-0.691451	-0.706500	-0.703620
738.0	-0.697027	-0.705278	-0.709712	-0.717568	-0.717873	-0.717882	-0.702823	-0.703976	-0.713514	-0.693428	-0.711994	-0.681654	-0.703983	-0.696134	-0.717256	-0.700040	-0.706717	-0.700793	-0.720689	-0.701453
739.0	-0.709629	-0.688512	-0.696018	-0.708709	-0.691746	-0.717123	-0.719475	-0.686717	-0.685936	-0.689646	-0.681895	-0.708847	-0.721342	-0.708805	-0.717792	-0.715022	-0.710146	-0.711106	-0.713046	-0.708268
740.0	-0.720693	-0.712157	-0.688725	-0.701914	-0.717937	-0.708275	-0.694687	-0.711829	-0.706675	-0.712243	-0.710730	-0.715724	-0.698830	-0.700515	-0.713599	-0.684271	-0.726288	-0.724993	-0.718716	-0.713795
741.0	-0.730088	-0.712029	-0.726909	-0.703216	-0.727663	-0.710202	-0.719127	-0.720569	-0.713197	-0.723809	-0.707698	-0.710983	-0.691273	-0.719238	-0.727091	-0.722481	-0.710902	-0.697627	-0.726108	-0.719102
742.0	-0.700811	-0.704062	-0.732354	-0.733603	-0.727695	-0.706031	-0.704881	-0.723926	-0.718042	-0.714606	-0.692380	-0.705550	-0.698735	-0.736763	-0.721323	-0.695571	-0.698945	-0.705119	-0.720783	-0.694827
743.0	-0.730377	-0.711773	-0.719552	-0.733286	-0.726519	-0.713615	-0.706590	-0.723673	-0.727002	-0.726929	-0.720553	-0.717828	-0.704236	-0.745368	-0.718485	-0.722041	-0.707346	-0.703677	-0.719154	-0.735337
744.0	-0.719153	-0.723004	-0.717673	-0.726745	-0.722259	-0.733967	-0.734639	-0.715978	-0.737071	-0.694689	-0.735303	-0.721628	-0.718212	-0.720751	-0.685071	-0.716942	-0.711342	-0.716717	-0.717369	-0.733390
745.0	-0.733295	-0.711005	-0.737673	-0.728459	-0.725120	-0.718703	-0.722419	-0.720253	-0.723614	-0.725447	-0.724848	-0.725553	-0.739744	-0.738717	-0.696514	-0.725345	-0.721443	-0.734805	-0.716586	-0.718285
746.0	-0.737368	-0.717980	-0.726017	-0.718584	-0.732494	-0.729733	-0.722482	-0.711798	-0.740363	-0.747634	-0.726743	-0.735727	-0.736898	-0.736794	-0.707894	-0.730507	-0.735445	-0.727250	-0.717463	-0.715396
747.0	-0.723643	-0.722940	-0.726272	-0.729380	-0.711484	-0.726256	-0.737013	-0.738493	-0.725451	-0.736887	-0.745062	-0.740782	-0.742242	-0.734903	-0.721921	-0.735858	-0.727547	-0.739476	-0.711574	-0.722368
748.0	-0.743749	-0.739994	-0.733979	-0.731508	-0.725056	-0.725972	-0.738723	-0.741565	-0.745334	-0.712463	-0.710225	-0.738615	-0.744076	-0.724659	-0.731000	-0.723866	-0.744318	-0.738096	-0.730054	-0.724378
749.0	-0.740190	-0.732570	-0.731686	-0.735064	-0.736563	-0.705810	-0.744674	-0.728106	-0.724849	-0.718924	-0.726333	-0.727625	-0.740029	-0.723871	-0.737967	-0.737085	-0.713419	-0.734930	-0.738918	-0.728491
750.0	-0.733584	-0.739866	-0.747959	-0.743478	-0.721369	-0.729037	-0.744168	-0.724560	-0.750210	-0.735690	-0.744873	-0.732963	-0.736645	-0.752933	-0.725578	-0.748164	-0.738875	-0.729727	-0.752136	-0.739922
751.0	-0.734001	-0.739738	-0.740634	-0.747321	-0.734910	-0.735705	-0.737108	-0.745334	-0.751540	-0.736761	-0.728102	-0.748444	-0.749609	-0.734588	-0.739228	-0.736110	-0.755992	-0.739695	-0.746905	-0.735337
752.0	-0.743396	-0.759863	-0.732960	-0.739351	-0.724866	-0.748947	-0.734797	-0.752205	-0.738274	-0.736604	-0.746610	-0.730859	-0.738795	-0.730743	-0.733333	-0.745395	-0.736263	-0.743802	-0.746937	-0.736593
753.0	-0.752984	-0.747641	-0.756207	-0.743574	-0.741998	-0.722464	-0.735304	-0.743085	-0.728649	-0.756206	-0.732239	-0.740562	-0.727350	-0.742247	-0.745722	-0.733497	-0.743846	-0.731513	-0.737759	-0.739294
754.0	-0.739805	-0.761591	-0.760666	-0.743320	-0.748959	-0.734884	-0.752621	-0.739032	-0.745176	-0.758192	-0.764202	-0.754755	-0.742463	-0.757566	-0.730244	-0.758173	-0.756212	-0.740322	-0.748691	-0.752766
755.0	-0.743011	-0.721532	-0.737386	-0.731603	-0.757000	-0.745976	-0.752082	-0.750875	-0.742675	-0.747823	-0.741461	-0.754410	-0.761687	-0.736731	-0.753981	-0.753578	-0.752342	-0.761795	-0.754642	-0.751164
756.0	-0.759398	-0.754808	-0.743978	-0.729348	-0.742316	-0.750717	-0.751576	-0.753852	-0.758411	-0.752740	-0.735903	-0.746842	-0.744676	-0.746250	-0.745532	-0.749895	-0.759391	-0.755369	-0.743366	-0.755718
757.0	-0.745737	-0.765974	-0.751844	-0.738398	-0.748196	-0.760450	-0.757749	-0.739570	-0.766833	-0.740827	-0.747210	-0.745021	-0.750273	-0.754351	-0.748212	-0.761446	-0.764614	-0.754773	-0.730649	-0.751604
758.0	-0.754588	-0.729467	-0.734966	-0.724998	-0.751883	-0.758301	-0.766487	-0.745650	-0.757841	-0.758223	-0.744809	-0.753437	-0.760486	-0.741680	-0.759750	-0.761981	-0.742053	-0.767814	-0.744650	-0.768028
759.0	-0.751830	-0.745593	-0.773802	-0.741319	-0.744254	-0.769950	-0.761010	-0.747139	-0.765725	-0.761816	-0.760412	-0.763925	-0.741926	-0.769134	-0.758898	-0.754963	-0.738938	-0.754617	-0.761627	-0.763631
760.0	-0.760167	-0.761015	-0.781681	-0.753830	-0.731572	-0.766644	-0.759839	-0.767026	-0.766295	-0.759200	-0.772284	-0.754253	-0.757703	-0.755675	-0.744145	-0.760471	-0.747780	-0.743582	-0.763099	-0.745166
761.0	-0.763534	-0.755928	-0.762959	-0.755703	-0.750802	-0.754161	-0.761801	-0.765347	-0.750495	-0.767835	-0.773042	-0.747941	-0.765639	-0.750443	-0.759088	-0.757827	-0.747433	-0.740009	-0.765542	-0.755215
762.0	-0.769165	-0.776719	-0.754997	-0.756180	-0.756396	-0.776473	-0.765347	-0.769021	-0.743656	-0.759957	-0.773696	-0.769231	-0.769118	-0.759111	-0.779054	-0.766514	-0.745703	-0.745526	-0.769107	-0.744099
763.0	-0.774428	-0.779752	-0.765188	-0.759736	-0.760210	-0.766233	-0.755153	-0.764397	-0.767624	-0.774299	-0.767076	-0.750108	-0.755522	-0.748646	-0.753508	-0.760093	-0.752059	-0.770262	-0.763663	-0.769818
764.0	-0.775499	-0.756215	-0.753628	-0.769643	-0.771122	-0.760513	-0.770286	-0.761421	-0.755656	-0.770883	-0.765181	-0.759999	-0.756154	-0.753941	-0.770247	-0.759904	-0.759296	-0.747908	-0.778049	-0.754681
765.0	-0.766709	-0.765686	-0.753628	-0.749003	-0.753599	-0.765412	-0.779419	-0.761389	-0.753598	-0.767205	-0.773181	-0.775518	-0.742147	-0.762326	-0.762587	-0.756064	-0.779356	-0.764742	-0.766388	-0.757131
766.0	-0.765651	-0.772565	-0.764456	-0.772637	-0.767235	-0.767719	-0.773261	-0.758951	-0.758031	-0.767646	-0.762086	-0.763297	-0.755553	-0.770250	-0.766968	-0.763933	-0.765841	-0.761544	-0.757023	-0.765955
767.0	-0.769117	-0.768182	-0.756590	-0.777346	-0.769456	-0.759218	-0.770634	-0.781029	-0.775312	-0.773237	-0.772770	-0.758743	-0.768169	-0.787885	-0.752121	-0.763618	-0.766313	-0.771165	-0.763506	-0.767023
768.0	-0.761258	-0.776808	-0.782818	-0.765991	-0.756460	-0.777803	-0.774499	-0.765379	-0.751097	-0.776887	-0.769129	-0.760282	-0.763553	-0.775712	-0.766275	-0.751123	-0.782955	-0.750573	-0.770319	-0.755121
769.0	-0.772013	-0.775765	-0.771162	-0.769293	-0.763643	-0.761746	-0.769621	-0.765157	-0.759709	-0.752456	-0.768434	-0.769577	-0.770382	-0.770048	-0.779417	-0.749486	-0.761939	-0.761262	-0.767766	-0.773134
770.0	-0.775524	-0.766646	-0.770408	-0.773336	-0.754298	-0.767055	-0.786111	-0.755910	-0.770442	-0.764369	-0.771349	-0.763799	-0.769118	-0.787734	-0.784435	-0.771244	-0.774346	-0.757783	-0.768048	-0.758450
771.0	-0.776602	-0.761207	-0.783382	-0.767166	-0.768503	-0.778201	-0.760915	-0.756100	-0.788946	-0.757215	-0.772233	-0.755069	-0.771612	-0.769071	-0.782336	-0.772012	-0.766659	-0.774331	-0.781065	-0.771896
772.0	-0.768120	-0.758231	-0.783952	-0.774628	-0.766504	-0.783940	-0.781220	-0.763732	-0.777604	-0.761658	-0.770582	-0.759183	-0.779103	-0.772024	-0.779609	-0.764972	-0.750989	-0.770980	-0.769060	-0.765924
773.0	-0.770977	-0.757975	-0.770761	-0.784074	-0.760465	-0.772623	-0.784440	-0.777042	-0.775410	-0.750155	-0.779299	-0.773665	-0.773851	-0.788355	-0.775205	-0.779371	-0.762097	-0.764679	-0.774745	-0.768970
774.0	-0.784256	-0.773141	-0.774353	-0.779715	-0.761482	-0.783583	-0.776817	-0.780896	-0.786144	-0.776732	-0.765876	-0.774299	-0.779128	-0.780932	-0.771779	-0.768150	-0.778991	-0.764648	-0.780289	-0.775470
775.0	-0.776451	-0.784090	-0.757258	-0.776860	-0.792192	-0.778691	-0.777852	-0.782524	-0.781182	-0.768875	-0.766318	-0.776092	-0.784943	-0.785411	-0.768103	-0.764877	-0.786209	-0.774328	-0.768869	-0.770351
776.0	-0.770714	-0.780254	-0.766589	-0.767007	-0.779983	-0.761651	-0.783126	-0.780152	-0.774299	-0.760303	-0.767550	-0.778111	-0.786407	-0.770842	-0.769585	-0.769567	-0.787383	-0.786171	-0.764790	-0.785331
777.0	-0.786613	-0.776901	-0.774242	-0.775974	-0.789347	-0.778521	-0.777972	-0.772865	-0.776471	-0.769717	-0.769445	-0.776253	-0.777658	-0.776485	-0.771457	-0.768748	-0.775444	-0.772316	-0.755081	-0.784533
778.0	-0.776304	-0.775762	-0.784210	-0.783354	-0.763134	-0.787774	-0.790395	-0.779199	-0.781293	-0.777110	-0.769982	-0.775201	-0.775052	-0.769922	-0.779537	-0.771597	-0.779312	-0.774761	-0.763694	-0.786756
779.0	-0.786424	-0.772831	-0.782869	-0.774914	-0.793559	-0.781782	-0.768386	-0.783572	-0.792650	-0.770133	-0.761517	-0.771947	-0.792073	-0.792856	-0.776841	-0.768150	-0.782647	-0.792698	-0.767923	-0.788436
780.0	-0.774280	-0.776783	-0.758628	-0.778927	-0.775537	-0.782948	-0.762371	-0.769781	-0.780805	-0.770562	-0.773260	-0.773907	-0.799870	-0.789777	-0.779234	-0.780158	-0.783994	-0.782714	-0.783158	-0.782548
781.0	-0.775646	-0.773173	-0.782003	-0.773339	-0.796260	-0.767561	-0.795226	-0.788519	-0.782540	-0.785062	-0.767550	-0.780718	-0.791952	-0.776642	-0.784410	-0.781005	-0.780432	-0.782209	-0.788814	-0.789620
782.0	-0.760328	-0.768374	-0.785038	-0.770595	-0.757222	-0.776830	-0.769779	-0.779763	-0.781100	-0.788308	-0.787075	-0.762417	-0.784105	-0.775110	-0.787916	-0.768434	-0.786382	-0.770106	-0.770406	-0.793756
783.0	-0.783548	-0.776178	-0.777630	-0.775768	-0.778334	-0.774175	-0.795251	-0.787204	-0.773466	-0.788194	-0.782195	-0.786452	-0.789455	-0.783123	-0.778613	-0.762328	-0.769082	-0.781087	-0.779944	-0.786863
784.0	-0.777910	-0.781406	-0.793882	-0.787148	-0.780104	-0.765696	-0.786551	-0.779367	-0.793277	-0.776628	-0.787394	-0.776190	-0.790416	-0.772166	-0.796638	-0.777709	-0.784381	-0.779378	-0.781604	-0.771862
785.0	-0.782637	-0.764342	-0.788538	-0.783684	-0.784885	-0.781810	-0.773594	-0.788221	-0.790124	-0.778570	-0.790404	-0.775009	-0.776108	-0.767527	-0.795390	-0.767615	-0.783043	-0.773560	-0.786697	-0.770549
786.0	-0.775524	-0.784986	-0.771424	-0.795251	-0.789837	-0.793058	-0.784728	-0.784190	-0.776702	-0.785112	-0.780666	-0.774733	-0.780225	-0.785291	-0.797448	-0.795646	-0.780460	-0.781955	-0.780909	-0.785949
787.0	-0.772199	-0.781009	-0.783611	-0.779480	-0.786210	-0.787663	-0.790046	-0.777169	-0.795956	-0.781863	-0.767265	-0.787739	-0.778189	-0.785373	-0.786488	-0.790636	-0.782222	-0.797601	-0.774889	-0.785959
788.0	-0.790057	-0.787783	-0.783114	-0.778324	-0.776363	-0.772791	-0.780486	-0.786802	-0.788449	-0.793230	-0.794443	-0.788606	-0.781914	-0.786571	-0.799891	-0.789647	-0.790992	-0.785309	-0.770096	-0.778403
789.0	-0.788483	-0.796124	-0.790433	-0.791984	-0.773461	-0.790450	-0.779925	-0.772254	-0.789053	-0.797305	-0.782621	-0.774067	-0.769655	-0.786495	-0.800254	-0.785310	-0.793235	-0.779171	-0.777585	-0.789407
790.0	-0.793424	-0.790624	-0.788219	-0.789793	-0.762562	-0.793645	-0.781961	-0.775931	-0.786805	-0.783993	-0.779135	-0.779722	-0.785439	-0.793143	-0.784580	-0.785795	-0.792298	-0.781425	-0.762441	-0.773014
791.0	-0.787485	-0.791072	-0.782506	-0.788361	-0.768061	-0.777797	-0.784484	-0.776982	-0.780185	-0.780508	-0.792412	-0.788257	-0.791680	-0.780901	-0.786737	-0.778310	-0.779293	-0.787087	-0.770983	-0.783864
792.0	-0.789467	-0.789255	-0.769264	-0.785767	-0.789814	-0.794701	-0.792614	-0.783325	-0.776854	-0.792099	-0.799468	-0.787394	-0.783333	-0.786013	-0.779890	-0.771965	-0.777933	-0.787093	-0.777705	-0.782661
793.0	-0.777323	-0.795078	-0.767545	-0.785545	-0.784799	-0.786162	-0.781432	-0.784763	-0.781242	-0.794148	-0.795814	-0.792788	-0.777285	-0.799529	-0.783928	-0.782975	-0.780652	-0.787300	-0.783079	-0.783186
794.0	-0.785459	-0.778373	-0.778029	-0.790117	-0.790955	-0.787442	-0.795257	-0.790292	-0.778111	-0.773697	-0.800706	-0.794186	-0.780244	-0.777162	-0.790765	-0.771663	-0.789953	-0.783732	-0.784182	-0.778529
795.0	-0.794614	-0.795494	-0.774605	-0.780966	-0.796721	-0.789689	-0.789109	-0.781590	-0.781996	-0.786244	-0.787735	-0.791601	-0.776744	-0.798151	-0.786484	-0.757575	-0.782065	-0.778005	-0.788921	-0.784008
796.0	-0.781123	-0.784503	-0.788305	-0.793114	-0.783880	-0.777689	-0.793573	-0.780865	-0.797855	-0.783079	-0.793799	-0.786276	-0.778856	-0.785720	-0.786702	-0.784857	-0.788685	-0.781726	-0.796294	-0.789256
797.0	-0.778000	-0.792093	-0.792257	-0.786535	-0.789182	-0.787922	-0.788137	-0.798681	-0.786853	-0.783083	-0.787965	-0.780850	-0.786628	-0.786814	-0.785378	-0.772758	-0.787524	-0.778087	-0.792467	-0.791674
798.0	-0.789695	-0.787434	-0.792385	-0.782026	-0.782657	-0.793013	-0.797103	-0.797924	-0.792865	-0.796272	-0.775787	-0.784514	-0.775972	-0.789714	-0.787077	-0.780007	-0.778751	-0.773077	-0.785902	-0.778127
799.0	-0.787075	-0.788023	-0.793732	-0.779359	-0.784322	-0.797337	-0.797372	-0.800096	-0.779118	-0.790366	-0.780287	-0.789457	-0.785227	-0.784472	-0.786617	-0.771890	-0.796385	-0.788372	-0.777523	-0.779019
800.0	-0.789634	-0.784350	-0.771439	-0.801335	-0.778798	-0.792170	-0.795235	-0.787046	-0.781160	-0.791882	-0.783073	-0.785645	-0.787940	-0.790085	-0.772942	-0.786481	-0.781533	-0.787105	-0.787042	-0.792669
