500.0	-0.585200	-0.608508	-0.605331	-0.596647	-0.583133	-0.599037	-0.594574	-0.617127	-0.608579	-0.591495	-0.598096	-0.588929	-0.596920	-0.594023	-0.608931	-0.612340	-0.601362	-0.610842	-0.613169	-0.598732
501.0	-0.600238	-0.606366	-0.600871	-0.601150	-0.597302	-0.599853	-0.589931	-0.608931	-0.600840	-0.584932	-0.599240	-0.597602	-0.605007	-0.589221	-0.601827	-0.609716	-0.593968	-0.611196	-0.609002	-0.599482
502.0	-0.599533	-0.602523	-0.606281	-0.599230	-0.608291	-0.601685	-0.599372	-0.596499	-0.601393	-0.595072	-0.601242	-0.609424	-0.599322	-0.599570	-0.602820	-0.607401	-0.608095	-0.606506	-0.601333	-0.587918
503.0	-0.604047	-0.593932	-0.600186	-0.599274	-0.600372	-0.596212	-0.601981	-0.594335	-0.602167	-0.603193	-0.601792	-0.606141	-0.603839	-0.598956	-0.600415	-0.601558	-0.595377	-0.603520	-0.600535	-0.596481
504.0	-0.600502	-0.592872	-0.603940	-0.608083	-0.602085	-0.600537	-0.602180	-0.592436	-0.604378	-0.609931	-0.601374	-0.597358	-0.591213	-0.597092	-0.599864	-0.600125	-0.598523	-0.604317	-0.591867	-0.604294
505.0	-0.596935	-0.601154	-0.597095	-0.603778	-0.603153	-0.595859	-0.602512	-0.598199	-0.597192	-0.604708	-0.601704	-0.601240	-0.598440	-0.603297	-0.607144	-0.605836	-0.601890	-0.590713	-0.593131	-0.594362
506.0	-0.599269	-0.595522	-0.596145	-0.592342	-0.599749	-0.587077	-0.605231	-0.591685	-0.585319	-0.592790	-0.602320	-0.592500	-0.608224	-0.594089	-0.602555	-0.607291	-0.596873	-0.595867	-0.597077	-0.590345
507.0	-0.600744	-0.599056	-0.600539	-0.592761	-0.602597	-0.606539	-0.601428	-0.603852	-0.597192	-0.590551	-0.595808	-0.593809	-0.600864	-0.595821	-0.596709	-0.594922	-0.603452	-0.589164	-0.597719	-0.596569
508.0	-0.586565	-0.600381	-0.594334	-0.589140	-0.600528	-0.593961	-0.595635	-0.595263	-0.580389	-0.587610	-0.599284	-0.586578	-0.594099	-0.588278	-0.596158	-0.598097	-0.597137	-0.590669	-0.588432	-0.591846
509.0	-0.584936	-0.583596	-0.593517	-0.593512	-0.599705	-0.593961	-0.596984	-0.596764	-0.588105	-0.594765	-0.589340	-0.586490	-0.582398	-0.598364	-0.595209	-0.588087	-0.597599	-0.597393	-0.596345	-0.593259
510.0	-0.583241	-0.583044	-0.586517	-0.585983	-0.588983	-0.588577	-0.595060	-0.590361	-0.590405	-0.583725	-0.586589	-0.594763	-0.592645	-0.592444	-0.585503	-0.599287	-0.604442	-0.597305	-0.583954	-0.595113
511.0	-0.592026	-0.590707	-0.589321	-0.590509	-0.588672	-0.582818	-0.595613	-0.593562	-0.590073	-0.584033	-0.583685	-0.591391	-0.589935	-0.595908	-0.586121	-0.589013	-0.591020	-0.599561	-0.576728	-0.585181
512.0	-0.585090	-0.587218	-0.595571	-0.598015	-0.589339	-0.589923	-0.581904	-0.579828	-0.581097	-0.575561	-0.580231	-0.584959	-0.597140	-0.593803	-0.586209	-0.584250	-0.581536	-0.584453	-0.573225	-0.590721
513.0	-0.578860	-0.578251	-0.586671	-0.587374	-0.582399	-0.589328	-0.581683	-0.586894	-0.576100	-0.586469	-0.580517	-0.581277	-0.580371	-0.580978	-0.574010	-0.586455	-0.585519	-0.586997	-0.576063	-0.567172
514.0	-0.587666	-0.587770	-0.574415	-0.582053	-0.587382	-0.574786	-0.584182	-0.587954	-0.573425	-0.581640	-0.577239	-0.592811	-0.581539	-0.581570	-0.579458	-0.576445	-0.580700	-0.585780	-0.586481	-0.577434
515.0	-0.578507	-0.581807	-0.572163	-0.585343	-0.577394	-0.572910	-0.584115	-0.584354	-0.586469	-0.581465	-0.578361	-0.583451	-0.577749	-0.584705	-0.569818	-0.575519	-0.583737	-0.575229	-0.580607	-0.588205
516.0	-0.566927	-0.562725	-0.569844	-0.579802	-0.574324	-0.561392	-0.583253	-0.575279	-0.582799	-0.589103	-0.569231	-0.584538	-0.580195	-0.579158	-0.573480	-0.581626	-0.574847	-0.576644	-0.574046	-0.584717
517.0	-0.577979	-0.571139	-0.580841	-0.579625	-0.584690	-0.576970	-0.572220	-0.575389	-0.571965	-0.562809	-0.569869	-0.591170	-0.588392	-0.573392	-0.583385	-0.582817	-0.576057	-0.585470	-0.580851	-0.580833
518.0	-0.572255	-0.567252	-0.576160	-0.567504	-0.574569	-0.574433	-0.582457	-0.576052	-0.577824	-0.576153	-0.574071	-0.583606	-0.576162	-0.572690	-0.585326	-0.584008	-0.555461	-0.580604	-0.577526	-0.574852
519.0	-0.573796	-0.554862	-0.575232	-0.569999	-0.584312	-0.567945	-0.577991	-0.579651	-0.563166	-0.573168	-0.556713	-0.583917	-0.570499	-0.561333	-0.568539	-0.575541	-0.576563	-0.576445	-0.564558	-0.572910
520.0	-0.568534	-0.566523	-0.565913	-0.574856	-0.582310	-0.572888	-0.568240	-0.567308	-0.571059	-0.560000	-0.564435	-0.569544	-0.566290	-0.576549	-0.566333	-0.574769	-0.573483	-0.573924	-0.558751	-0.567304
521.0	-0.558759	-0.578428	-0.543963	-0.569226	-0.570476	-0.558700	-0.581705	-0.564879	-0.561574	-0.571544	-0.568329	-0.569122	-0.575832	-0.570388	-0.583010	-0.573513	-0.571546	-0.563837	-0.563428	-0.580789
522.0	-0.577979	-0.574695	-0.568210	-0.572847	-0.561222	-0.567570	-0.572905	-0.570907	-0.567698	-0.566496	-0.577085	-0.565862	-0.576427	-0.574159	-0.574627	-0.577261	-0.566727	-0.578215	-0.566376	-0.578251
523.0	-0.563712	-0.575026	-0.573930	-0.571832	-0.575726	-0.563267	-0.576598	-0.567087	-0.556798	-0.570491	-0.567493	-0.567215	-0.569948	-0.576922	-0.571098	-0.571859	-0.571458	-0.570230	-0.566575	-0.571917
524.0	-0.570075	-0.566148	-0.584308	-0.556664	-0.572545	-0.571101	-0.567400	-0.572916	-0.571700	-0.558968	-0.561685	-0.573093	-0.568957	-0.560368	-0.566200	-0.574769	-0.555109	-0.566779	-0.570809	-0.582400
525.0	-0.570031	-0.543068	-0.574526	-0.576070	-0.570565	-0.583965	-0.559196	-0.571724	-0.573314	-0.558353	-0.559529	-0.569521	-0.578189	-0.560719	-0.556317	-0.575519	-0.562701	-0.563328	-0.562475	-0.569908
526.0	-0.564109	-0.563078	-0.557787	-0.577638	-0.579485	-0.581031	-0.571601	-0.577443	-0.565377	-0.574024	-0.574577	-0.567747	-0.574840	-0.559009	-0.567281	-0.582707	-0.571546	-0.563417	-0.569302	-0.576132
527.0	-0.575513	-0.578317	-0.560503	-0.577351	-0.581998	-0.570990	-0.566736	-0.565629	-0.563166	-0.567023	-0.565557	-0.574091	-0.570918	-0.567275	-0.561281	-0.576732	-0.576167	-0.570539	-0.566132	-0.576596
528.0	-0.568270	-0.574872	-0.560282	-0.566643	-0.572078	-0.567703	-0.557626	-0.575941	-0.573027	-0.559078	-0.569275	-0.573248	-0.567172	-0.555962	-0.574671	-0.565862	-0.562657	-0.577927	-0.574888	-0.566774
529.0	-0.580005	-0.575247	-0.572406	-0.572781	-0.573123	-0.564569	-0.567687	-0.569692	-0.582202	-0.568098	-0.574313	-0.575200	-0.569728	-0.554164	-0.565119	-0.559225	-0.579644	-0.572375	-0.570787	-0.562250
530.0	-0.574611	-0.581210	-0.572119	-0.560793	-0.562935	-0.566048	-0.564945	-0.570002	-0.572385	-0.565816	-0.565997	-0.571096	-0.567789	-0.557913	-0.560972	-0.568971	-0.576101	-0.568836	-0.573514	-0.567128
531.0	-0.572299	-0.580548	-0.567835	-0.548540	-0.573301	-0.567923	-0.570716	-0.569339	-0.575857	-0.565289	-0.568219	-0.564198	-0.572196	-0.570541	-0.583275	-0.584228	-0.572404	-0.569057	-0.563627	-0.558697
532.0	-0.578838	-0.568776	-0.574658	-0.572737	-0.567851	-0.557309	-0.577902	-0.559005	-0.565664	-0.570557	-0.579373	-0.570697	-0.575876	-0.573918	-0.571473	-0.563414	-0.578940	-0.572420	-0.568903	-0.565450
533.0	-0.568116	-0.572950	-0.560371	-0.571942	-0.577550	-0.559737	-0.576465	-0.551939	-0.570020	-0.561821	-0.558693	-0.569788	-0.573782	-0.561837	-0.557266	-0.569941	-0.562987	-0.574056	-0.574445	-0.565958
534.0	-0.575909	-0.563939	-0.571147	-0.562471	-0.578239	-0.565121	-0.559528	-0.561037	-0.568428	-0.570315	-0.555965	-0.571008	-0.556903	-0.560807	-0.562274	-0.562554	-0.569940	-0.563992	-0.575220	-0.574786
535.0	-0.563844	-0.569328	-0.565759	-0.559181	-0.577283	-0.559516	-0.573679	-0.556112	-0.567765	-0.565508	-0.567229	-0.574490	-0.559944	-0.551204	-0.579304	-0.560327	-0.572052	-0.578657	-0.564093	-0.564325
536.0	-0.555808	-0.559920	-0.553304	-0.553309	-0.570320	-0.577125	-0.572220	-0.557216	-0.578222	-0.574902	-0.565513	-0.571806	-0.563007	-0.556488	-0.567105	-0.562246	-0.577861	-0.571867	-0.564935	-0.565914
537.0	-0.561269	-0.558970	-0.568828	-0.558409	-0.574080	-0.557243	-0.579140	-0.561412	-0.565067	-0.550584	-0.562697	-0.573647	-0.570279	-0.560412	-0.570678	-0.573446	-0.565099	-0.558462	-0.571341	-0.572314
538.0	-0.552000	-0.553095	-0.563374	-0.550416	-0.552080	-0.563179	-0.564724	-0.569273	-0.568361	-0.551220	-0.569055	-0.563289	-0.569331	-0.564183	-0.572951	-0.565597	-0.576211	-0.570407	-0.560857	-0.561963
539.0	-0.555897	-0.571736	-0.568519	-0.568542	-0.557997	-0.556934	-0.560324	-0.577907	-0.554698	-0.570600	-0.553281	-0.553640	-0.560010	-0.560412	-0.547692	-0.560901	-0.567739	-0.567664	-0.562009	-0.565207
540.0	-0.553166	-0.555149	-0.560194	-0.556576	-0.548677	-0.543761	-0.557361	-0.555869	-0.574641	-0.561338	-0.554073	-0.558786	-0.574642	-0.565433	-0.553383	-0.575519	-0.558124	-0.567332	-0.570211	-0.560374
541.0	-0.558539	-0.550931	-0.557787	-0.551807	-0.560444	-0.560332	-0.556609	-0.563488	-0.568030	-0.562216	-0.561487	-0.567725	-0.559217	-0.560456	-0.562671	-0.565377	-0.565715	-0.569765	-0.584065	-0.549251
542.0	-0.564065	-0.564425	-0.567194	-0.559358	-0.573568	-0.560862	-0.552408	-0.566226	-0.573159	-0.570096	-0.561487	-0.563222	-0.567524	-0.551138	-0.556604	-0.567692	-0.566771	-0.562952	-0.579188	-0.561919
543.0	-0.555214	-0.564116	-0.556771	-0.564281	-0.562690	-0.557993	-0.560722	-0.557128	-0.561795	-0.554820	-0.559661	-0.563688	-0.554435	-0.545832	-0.554398	-0.555058	-0.561028	-0.561116	-0.552544	-0.554040
544.0	-0.556975	-0.556585	-0.563330	-0.561433	-0.553659	-0.566026	-0.568616	-0.552336	-0.561773	-0.552801	-0.554689	-0.561492	-0.580635	-0.566595	-0.550471	-0.567648	-0.563273	-0.545124	-0.562209	-0.555651
545.0	-0.549005	-0.554443	-0.559774	-0.559027	-0.570431	-0.571520	-0.562071	-0.562604	-0.556666	-0.549925	-0.552467	-0.551622	-0.557740	-0.555983	-0.546390	-0.559842	-0.561798	-0.554060	-0.565312	-0.558145
546.0	-0.560432	-0.558153	-0.560393	-0.560484	-0.557085	-0.560266	-0.562093	-0.564746	-0.562348	-0.567857	-0.558517	-0.556102	-0.565100	-0.554756	-0.566884	-0.554485	-0.567255	-0.560453	-0.554162	-0.556666
547.0	-0.566266	-0.563387	-0.557213	-0.550836	-0.542849	-0.568629	-0.554443	-0.559425	-0.560070	-0.556159	-0.562609	-0.565374	-0.569684	-0.563241	-0.555634	-0.573424	-0.568620	-0.556161	-0.540862	-0.552892
548.0	-0.559705	-0.558661	-0.557986	-0.571434	-0.556640	-0.564944	-0.557206	-0.551453	-0.562082	-0.560175	-0.549167	-0.564708	-0.561002	-0.561552	-0.556891	-0.570095	-0.573417	-0.551804	-0.559482	-0.553466
549.0	-0.556689	-0.558020	-0.545332	-0.567460	-0.561912	-0.558391	-0.548296	-0.558674	-0.561795	-0.551155	-0.558011	-0.557522	-0.555713	-0.567669	-0.564038	-0.560217	-0.569258	-0.567774	-0.550992	-0.546624
550.0	-0.554333	-0.564006	-0.563528	-0.557570	-0.565427	-0.550116	-0.558555	-0.559888	-0.552399	-0.565816	-0.558033	-0.558121	-0.548507	-0.569840	-0.551332	-0.546415	-0.559510	-0.557975	-0.565733	-0.550553
551.0	-0.553078	-0.560737	-0.554762	-0.578852	-0.557152	-0.557839	-0.556388	-0.562671	-0.552686	-0.558968	-0.566811	-0.562424	-0.553047	-0.558264	-0.563244	-0.569478	-0.554361	-0.568814	-0.581427	-0.559469
552.0	-0.558913	-0.548612	-0.564942	-0.558828	-0.553637	-0.555522	-0.563176	-0.575500	-0.560756	-0.573651	-0.569187	-0.559873	-0.554391	-0.563416	-0.553582	-0.559622	-0.562436	-0.559214	-0.572405	-0.562162
553.0	-0.571616	-0.552477	-0.563970	-0.560263	-0.571388	-0.568078	-0.559572	-0.564481	-0.546009	-0.552866	-0.554403	-0.558653	-0.561178	-0.561443	-0.559251	-0.557086	-0.566859	-0.548862	-0.567551	-0.549493
554.0	-0.560256	-0.545078	-0.556639	-0.565495	-0.571410	-0.560178	-0.554288	-0.569825	-0.567035	-0.569854	-0.554711	-0.559030	-0.555933	-0.564118	-0.559935	-0.566677	-0.561226	-0.549437	-0.563672	-0.561367
555.0	-0.572519	-0.563542	-0.556904	-0.568123	-0.565805	-0.567372	-0.556742	-0.560749	-0.555737	-0.577338	-0.578053	-0.562268	-0.562544	-0.563460	-0.556825	-0.564098	-0.563537	-0.567243	-0.575198	-0.565472
556.0	-0.557812	-0.572332	-0.566421	-0.571412	-0.555150	-0.560355	-0.555968	-0.549311	-0.560933	-0.566957	-0.578449	-0.560272	-0.577264	-0.557540	-0.554839	-0.571616	-0.566639	-0.569765	-0.567506	-0.572623
557.0	-0.559904	-0.574121	-0.570661	-0.557437	-0.556373	-0.560377	-0.553514	-0.563200	-0.569578	-0.566628	-0.576601	-0.562601	-0.565982	-0.574510	-0.562803	-0.566876	-0.568862	-0.572132	-0.572073	-0.549140
558.0	-0.555698	-0.564227	-0.560503	-0.545118	-0.561912	-0.558258	-0.561584	-0.558784	-0.560535	-0.561799	-0.568241	-0.570564	-0.574179	-0.553857	-0.567127	-0.561915	-0.556605	-0.564921	-0.575398	-0.558035
559.0	-0.549424	-0.564447	-0.550588	-0.569182	-0.561111	-0.564922	-0.563022	-0.562185	-0.575812	-0.556115	-0.563533	-0.570919	-0.569772	-0.556554	-0.561832	-0.572212	-0.555637	-0.571513	-0.575775	-0.555188
560.0	-0.561026	-0.559081	-0.564235	-0.562007	-0.558130	-0.560443	-0.560656	-0.560065	-0.567897	-0.560175	-0.561641	-0.563400	-0.563271	-0.567889	-0.565119	-0.567515	-0.562326	-0.559280	-0.575752	-0.564369
561.0	-0.555610	-0.556011	-0.555336	-0.562647	-0.573813	-0.564260	-0.563994	-0.566424	-0.567168	-0.573059	-0.561619	-0.565906	-0.562985	-0.571177	-0.569531	-0.558718	-0.580700	-0.568217	-0.566819	-0.553091
562.0	-0.555897	-0.569063	-0.552178	-0.551631	-0.584223	-0.562120	-0.546416	-0.564481	-0.564161	-0.565091	-0.554337	-0.575377	-0.551989	-0.563197	-0.550692	-0.566677	-0.559202	-0.562443	-0.559948	-0.567547
563.0	-0.559837	-0.565265	-0.567238	-0.555781	-0.559443	-0.549917	-0.550264	-0.564150	-0.558081	-0.564323	-0.568197	-0.563488	-0.551835	-0.571769	-0.560884	-0.556293	-0.553283	-0.550720	-0.560302	-0.554724
564.0	-0.559265	-0.557203	-0.566775	-0.554611	-0.565093	-0.548748	-0.563818	-0.557526	-0.562370	-0.555061	-0.559595	-0.560317	-0.559613	-0.564907	-0.557707	-0.549127	-0.551038	-0.566337	-0.557886	-0.555695
565.0	-0.563646	-0.556717	-0.561938	-0.560638	-0.569119	-0.569093	-0.560169	-0.554743	-0.561707	-0.554556	-0.558539	-0.571362	-0.552782	-0.554120	-0.556670	-0.567692	-0.560632	-0.568040	-0.564182	-0.554371
566.0	-0.552616	-0.558462	-0.562159	-0.546509	-0.560978	-0.551859	-0.561142	-0.549797	-0.575812	-0.556334	-0.575303	-0.566217	-0.548221	-0.560368	-0.550273	-0.569323	-0.580568	-0.549857	-0.546404	-0.561169
567.0	-0.556183	-0.561576	-0.571280	-0.558541	-0.548832	-0.563709	-0.550131	-0.543879	-0.571855	-0.556224	-0.563533	-0.563355	-0.549918	-0.564074	-0.554729	-0.550075	-0.561116	-0.554370	-0.561389	-0.539187
568.0	-0.562237	-0.554332	-0.564677	-0.557084	-0.553037	-0.555257	-0.546814	-0.560418	-0.558191	-0.548389	-0.550729	-0.566483	-0.557035	-0.568612	-0.545530	-0.545092	-0.552293	-0.561116	-0.555337	-0.552032
569.0	-0.557350	-0.555856	-0.566995	-0.559711	-0.555862	-0.557155	-0.552143	-0.550636	-0.564802	-0.538622	-0.562675	-0.557100	-0.558269	-0.552256	-0.535757	-0.553911	-0.544679	-0.540368	-0.545318	-0.547375
570.0	-0.540727	-0.550025	-0.562932	-0.546111	-0.549655	-0.549167	-0.548030	-0.544586	-0.545655	-0.553876	-0.550135	-0.552820	-0.555955	-0.540483	-0.533596	-0.551221	-0.557067	-0.547866	-0.566886	-0.554548
571.0	-0.559155	-0.555812	-0.540739	-0.541475	-0.559487	-0.551021	-0.549755	-0.557548	-0.543511	-0.543780	-0.548837	-0.563289	-0.551019	-0.554843	-0.546655	-0.555124	-0.541731	-0.562244	-0.573780	-0.546028
572.0	-0.551361	-0.548214	-0.535218	-0.544124	-0.573168	-0.549586	-0.558666	-0.557835	-0.533075	-0.537503	-0.524241	-0.528687	-0.547736	-0.543574	-0.543125	-0.557241	-0.545295	-0.558506	-0.546914	-0.542563
573.0	-0.541322	-0.545498	-0.546723	-0.551984	-0.552525	-0.549233	-0.555902	-0.526148	-0.547733	-0.539895	-0.536913	-0.546498	-0.544431	-0.542675	-0.547515	-0.554992	-0.546858	-0.542071	-0.556091	-0.551568
574.0	-0.553915	-0.551461	-0.547077	-0.547061	-0.546519	-0.539568	-0.523686	-0.535842	-0.548485	-0.547775	-0.536517	-0.537049	-0.554942	-0.550919	-0.549942	-0.543571	-0.548992	-0.539284	-0.541638	-0.554834
575.0	-0.538702	-0.560715	-0.545619	-0.550350	-0.552414	-0.540495	-0.533304	-0.537343	-0.550762	-0.539742	-0.539949	-0.556235	-0.536300	-0.540527	-0.557442	-0.552456	-0.546946	-0.549968	-0.550305	-0.556799
576.0	-0.539362	-0.535338	-0.529366	-0.545714	-0.553971	-0.547755	-0.528506	-0.539286	-0.538315	-0.537020	-0.545207	-0.537959	-0.538525	-0.532129	-0.558215	-0.540131	-0.545625	-0.532604	-0.530887	-0.551458
577.0	-0.537183	-0.536642	-0.542903	-0.546509	-0.529725	-0.549255	-0.531757	-0.542135	-0.528609	-0.538161	-0.549827	-0.545877	-0.553113	-0.531910	-0.548111	-0.543813	-0.533919	-0.528600	-0.549773	-0.535192
578.0	-0.545395	-0.532821	-0.542505	-0.534300	-0.547031	-0.530499	-0.536931	-0.553043	-0.527260	-0.527824	-0.529455	-0.539422	-0.536344	-0.529301	-0.533949	-0.547650	-0.541379	-0.533112	-0.550239	-0.525106
579.0	-0.533462	-0.535581	-0.541733	-0.533240	-0.550812	-0.535707	-0.540115	-0.543239	-0.542228	-0.533442	-0.547913	-0.534144	-0.537798	-0.530375	-0.532206	-0.537287	-0.546990	-0.544217	-0.544209	-0.537576
580.0	-0.526505	-0.533881	-0.519539	-0.534123	-0.547609	-0.542724	-0.543984	-0.539949	-0.545412	-0.531643	-0.533085	-0.525759	-0.541434	-0.533489	-0.545552	-0.527718	-0.546439	-0.545411	-0.547645	-0.536185
581.0	-0.544580	-0.543554	-0.521946	-0.539863	-0.552391	-0.523813	-0.540690	-0.549709	-0.522551	-0.532433	-0.522261	-0.524318	-0.540376	-0.544626	-0.539441	-0.518325	-0.519924	-0.546783	-0.541793	-0.539606
582.0	-0.527936	-0.536840	-0.531707	-0.534322	-0.541069	-0.534669	-0.521652	-0.529482	-0.517466	-0.537876	-0.536671	-0.526868	-0.531848	-0.533686	-0.534654	-0.534024	-0.520893	-0.532559	-0.546537	-0.530491
583.0	-0.531238	-0.538718	-0.518590	-0.523305	-0.555906	-0.536192	-0.529148	-0.528577	-0.513928	-0.534255	-0.529015	-0.523009	-0.532796	-0.535265	-0.542111	-0.532899	-0.536164	-0.514487	-0.530998	-0.529189
584.0	-0.506029	-0.539844	-0.512053	-0.526507	-0.523074	-0.521077	-0.527268	-0.526744	-0.523811	-0.532630	-0.516937	-0.509102	-0.547472	-0.516738	-0.535272	-0.537926	-0.534315	-0.540500	-0.531885	-0.520582
585.0	-0.524721	-0.526305	-0.529499	-0.527897	-0.532105	-0.527674	-0.503985	-0.523675	-0.527636	-0.530238	-0.532359	-0.538469	-0.526075	-0.522088	-0.539640	-0.528556	-0.520519	-0.543398	-0.523572	-0.507229
586.0	-0.541190	-0.520762	-0.525855	-0.526109	-0.536554	-0.516045	-0.524880	-0.521401	-0.537939	-0.523500	-0.521799	-0.529153	-0.530747	-0.521057	-0.523845	-0.526681	-0.518516	-0.527958	-0.536008	-0.510760
587.0	-0.534034	-0.541235	-0.513842	-0.524277	-0.530770	-0.535000	-0.505445	-0.521047	-0.537055	-0.544680	-0.510513	-0.529486	-0.534360	-0.506828	-0.521551	-0.531642	-0.516294	-0.524950	-0.525235	-0.517448
588.0	-0.511203	-0.525488	-0.521946	-0.515159	-0.528679	-0.511058	-0.521121	-0.532574	-0.526884	-0.508290	-0.530049	-0.519127	-0.522263	-0.517944	-0.520337	-0.517421	-0.539354	-0.526454	-0.521866	-0.516499
589.0	-0.516927	-0.521093	-0.531022	-0.530061	-0.530992	-0.513353	-0.533946	-0.520539	-0.542405	-0.518847	-0.517685	-0.525648	-0.519861	-0.527657	-0.508315	-0.526505	-0.522081	-0.509754	-0.519849	-0.511930
590.0	-0.519613	-0.530965	-0.525502	-0.521076	-0.520960	-0.523725	-0.527666	-0.519987	-0.528034	-0.519966	-0.518433	-0.516177	-0.512523	-0.502400	-0.507785	-0.522646	-0.531807	-0.517120	-0.524880	-0.503676
591.0	-0.539428	-0.521888	-0.506886	-0.533284	-0.522362	-0.526284	-0.531801	-0.535356	-0.523369	-0.522271	-0.511283	-0.536827	-0.518340	-0.512836	-0.520911	-0.535280	-0.530530	-0.511523	-0.506881	-0.524289
592.0	-0.514462	-0.512899	-0.538464	-0.533880	-0.530614	-0.522599	-0.525897	-0.529946	-0.537806	-0.527758	-0.517619	-0.530661	-0.532972	-0.528907	-0.510675	-0.531135	-0.528748	-0.527140	-0.504177	-0.527732
593.0	-0.512898	-0.526350	-0.533385	-0.525933	-0.512352	-0.523570	-0.523421	-0.527009	-0.540747	-0.526836	-0.530203	-0.544258	-0.532465	-0.525508	-0.523691	-0.526108	-0.518626	-0.523225	-0.523173	-0.541923
594.0	-0.523026	-0.528161	-0.504744	-0.527169	-0.521072	-0.545305	-0.517340	-0.525419	-0.530798	-0.516762	-0.532337	-0.525826	-0.549323	-0.521518	-0.515683	-0.527541	-0.528660	-0.511236	-0.521999	-0.518507
595.0	-0.527121	-0.532026	-0.528196	-0.535514	-0.540246	-0.547313	-0.521718	-0.528268	-0.520539	-0.518671	-0.537089	-0.526979	-0.542602	-0.542193	-0.533971	-0.518347	-0.516778	-0.524176	-0.523816	-0.533581
596.0	-0.536764	-0.531606	-0.533584	-0.524188	-0.521339	-0.529307	-0.534366	-0.515063	-0.531682	-0.514545	-0.516079	-0.529109	-0.546877	-0.530551	-0.525985	-0.521610	-0.537616	-0.529087	-0.520868	-0.523936
597.0	-0.537667	-0.532357	-0.513842	-0.526772	-0.524253	-0.531139	-0.540889	-0.535025	-0.539487	-0.529580	-0.526155	-0.528399	-0.523717	-0.537501	-0.526514	-0.540285	-0.533237	-0.521345	-0.521866	-0.522700
598.0	-0.527892	-0.524605	-0.543323	-0.526109	-0.530436	-0.539259	-0.530894	-0.509499	-0.532898	-0.539588	-0.521909	-0.538846	-0.540332	-0.544605	-0.526426	-0.538918	-0.521861	-0.520504	-0.523085	-0.515704
599.0	-0.522696	-0.529552	-0.514858	-0.525005	-0.510417	-0.526086	-0.525146	-0.534671	-0.536833	-0.523763	-0.534163	-0.535674	-0.522748	-0.543596	-0.532559	-0.530606	-0.531059	-0.544438	-0.521378	-0.523782
600.0	-0.538526	-0.529994	-0.540628	-0.523460	-0.528790	-0.520503	-0.525190	-0.529571	-0.532323	-0.521700	-0.531325	-0.535142	-0.526097	-0.544363	-0.534897	-0.525292	-0.534975	-0.534860	-0.517499	-0.522612
601.0	-0.536192	-0.528735	-0.528505	-0.526462	-0.544450	-0.526218	-0.535759	-0.541141	-0.532500	-0.524115	-0.533635	-0.541530	-0.536674	-0.529082	-0.522566	-0.513827	-0.542897	-0.544770	-0.516701	-0.521663
602.0	-0.516773	-0.534300	-0.533474	-0.526904	-0.550567	-0.515030	-0.536687	-0.526347	-0.530731	-0.538908	-0.541115	-0.551333	-0.540839	-0.527372	-0.540368	-0.528423	-0.537792	-0.542889	-0.532040	-0.542850
603.0	-0.532097	-0.533947	-0.522807	-0.526374	-0.542471	-0.530433	-0.549269	-0.538646	-0.535905	-0.533333	-0.533943	-0.543526	-0.526868	-0.524763	-0.528897	-0.520089	-0.554317	-0.532980	-0.542104	-0.546337
604.0	-0.530864	-0.528492	-0.552156	-0.531827	-0.538533	-0.527696	-0.545443	-0.554655	-0.546451	-0.537349	-0.543337	-0.546409	-0.546744	-0.538071	-0.529161	-0.541410	-0.531455	-0.544194	-0.543722	-0.547000
605.0	-0.526615	-0.539756	-0.550720	-0.536464	-0.548610	-0.527895	-0.541419	-0.530520	-0.544152	-0.537415	-0.556251	-0.547629	-0.544144	-0.540307	-0.517756	-0.534972	-0.525271	-0.545455	-0.545938	-0.537995
606.0	-0.537909	-0.534455	-0.538884	-0.530392	-0.544183	-0.537251	-0.552607	-0.537233	-0.537652	-0.533486	-0.521337	-0.540820	-0.543064	-0.550437	-0.530485	-0.542777	-0.542721	-0.548043	-0.543079	-0.534111
607.0	-0.542973	-0.558551	-0.539436	-0.549776	-0.537510	-0.529815	-0.551701	-0.530984	-0.545699	-0.536208	-0.542413	-0.547829	-0.546172	-0.521978	-0.543876	-0.532833	-0.537594	-0.538067	-0.549995	-0.548964
608.0	-0.528376	-0.548435	-0.533010	-0.532953	-0.540758	-0.529771	-0.550197	-0.528489	-0.537276	-0.536691	-0.546483	-0.545544	-0.546348	-0.539957	-0.535449	-0.538830	-0.543227	-0.544593	-0.540752	-0.531595
609.0	-0.545505	-0.543046	-0.526142	-0.548981	-0.538444	-0.539789	-0.540513	-0.538249	-0.552907	-0.547445	-0.538365	-0.542461	-0.518230	-0.539847	-0.549633	-0.539139	-0.546461	-0.549592	-0.541926	-0.537443
610.0	-0.545945	-0.536619	-0.549572	-0.543241	-0.545807	-0.542326	-0.534410	-0.533744	-0.554676	-0.516499	-0.543733	-0.539023	-0.529116	-0.546819	-0.529073	-0.555918	-0.552601	-0.552666	-0.544032	-0.541813
611.0	-0.539560	-0.555326	-0.532060	-0.539157	-0.544851	-0.546122	-0.546306	-0.539794	-0.552907	-0.534540	-0.548771	-0.542173	-0.535749	-0.540834	-0.541978	-0.532987	-0.534623	-0.552512	-0.544409	-0.543115
612.0	-0.539758	-0.552411	-0.529057	-0.551763	-0.547209	-0.533213	-0.550617	-0.541274	-0.538315	-0.550123	-0.539597	-0.525449	-0.533126	-0.542302	-0.531853	-0.541873	-0.535129	-0.541562	-0.538335	-0.538966
613.0	-0.524941	-0.551240	-0.529764	-0.554125	-0.539468	-0.537450	-0.542127	-0.543129	-0.546562	-0.542507	-0.542787	-0.538979	-0.533435	-0.542938	-0.527132	-0.547870	-0.544239	-0.552489	-0.544874	-0.539518
614.0	-0.544866	-0.533770	-0.546723	-0.547171	-0.544539	-0.550160	-0.524327	-0.548207	-0.549767	-0.545689	-0.541863	-0.531083	-0.543593	-0.523908	-0.535074	-0.539271	-0.535415	-0.551826	-0.543434	-0.539165
615.0	-0.544030	-0.547949	-0.547032	-0.541762	-0.556707	-0.536810	-0.543321	-0.553087	-0.552642	-0.544680	-0.528641	-0.541485	-0.531672	-0.525859	-0.532801	-0.526725	-0.541048	-0.547136	-0.564137	-0.531065
616.0	-0.535377	-0.544924	-0.523072	-0.520457	-0.544606	-0.546144	-0.553602	-0.548318	-0.539398	-0.520647	-0.541093	-0.535829	-0.553509	-0.534804	-0.522852	-0.533318	-0.531213	-0.548065	-0.549153	-0.520295
617.0	-0.554950	-0.531540	-0.524066	-0.542314	-0.532972	-0.544555	-0.541839	-0.536968	-0.528896	-0.525124	-0.529983	-0.550291	-0.535683	-0.544758	-0.546104	-0.548024	-0.530728	-0.537935	-0.531198	-0.538370
618.0	-0.544404	-0.530921	-0.531398	-0.541828	-0.544539	-0.541311	-0.545090	-0.539375	-0.529272	-0.532828	-0.539421	-0.531615	-0.543153	-0.541952	-0.546479	-0.531841	-0.549234	-0.539151	-0.542946	-0.536803
619.0	-0.544624	-0.525532	-0.528704	-0.552713	-0.554594	-0.520216	-0.534211	-0.534031	-0.556312	-0.540817	-0.539883	-0.537759	-0.527044	-0.537479	-0.541736	-0.547848	-0.541511	-0.536187	-0.546515	-0.547154
620.0	-0.529939	-0.531606	-0.537139	-0.539996	-0.545785	-0.538708	-0.533371	-0.541892	-0.537585	-0.538864	-0.535065	-0.534254	-0.529050	-0.554515	-0.531037	-0.538411	-0.538034	-0.536961	-0.543877	-0.530425
621.0	-0.531194	-0.549473	-0.540076	-0.533395	-0.530481	-0.545835	-0.531049	-0.541119	-0.531306	-0.535967	-0.526661	-0.537825	-0.532069	-0.541908	-0.549677	-0.537485	-0.544261	-0.531409	-0.543057	-0.518551
622.0	-0.548983	-0.546293	-0.540893	-0.537987	-0.552280	-0.530102	-0.543166	-0.556664	-0.544329	-0.534320	-0.530181	-0.531970	-0.530614	-0.533094	-0.533816	-0.522492	-0.524831	-0.543907	-0.541372	-0.532742
623.0	-0.528772	-0.530347	-0.548976	-0.521959	-0.540113	-0.537317	-0.531403	-0.536769	-0.535595	-0.542507	-0.532557	-0.527778	-0.528609	-0.518295	-0.531787	-0.521941	-0.518010	-0.520261	-0.522464	-0.528681
624.0	-0.525712	-0.538364	-0.537691	-0.533130	-0.535886	-0.536214	-0.528130	-0.526457	-0.535330	-0.533772	-0.538805	-0.526225	-0.530702	-0.537983	-0.531963	-0.530760	-0.522873	-0.539041	-0.509896	-0.534089
625.0	-0.518292	-0.529199	-0.537493	-0.523901	-0.535508	-0.539877	-0.532884	-0.518508	-0.531328	-0.522315	-0.514957	-0.526669	-0.535088	-0.521956	-0.516256	-0.529041	-0.512333	-0.531896	-0.503157	-0.531506
626.0	-0.521727	-0.525775	-0.525965	-0.522400	-0.515666	-0.526703	-0.525345	-0.512281	-0.534888	-0.528109	-0.524153	-0.525892	-0.511752	-0.517001	-0.522191	-0.524741	-0.522917	-0.538443	-0.520890	-0.515969
627.0	-0.533220	-0.521800	-0.510264	-0.523305	-0.534529	-0.515450	-0.516743	-0.514136	-0.529471	-0.498567	-0.525187	-0.540421	-0.515872	-0.515686	-0.522389	-0.512284	-0.520959	-0.527118	-0.526920	-0.518330
628.0	-0.509574	-0.530215	-0.507371	-0.509176	-0.514309	-0.518098	-0.498944	-0.506275	-0.523479	-0.512153	-0.529455	-0.506263	-0.513338	-0.524149	-0.500836	-0.517377	-0.487446	-0.518491	-0.542702	-0.508531
629.0	-0.521111	-0.497726	-0.513643	-0.523438	-0.505167	-0.511809	-0.512785	-0.509631	-0.507804	-0.508883	-0.509831	-0.517109	-0.517812	-0.513493	-0.513433	-0.522492	-0.504544	-0.509953	-0.515127	-0.505155
630.0	-0.505039	-0.490968	-0.510309	-0.498380	-0.517513	-0.504549	-0.515173	-0.509366	-0.516559	-0.508597	-0.509875	-0.501893	-0.505494	-0.504176	-0.514690	-0.492242	-0.508922	-0.502299	-0.523173	-0.502970
631.0	-0.518425	-0.496357	-0.505715	-0.493324	-0.507792	-0.507881	-0.499430	-0.501284	-0.489652	-0.501969	-0.514891	-0.516089	-0.515277	-0.518427	-0.501719	-0.480049	-0.507888	-0.511656	-0.517676	-0.496900
632.0	-0.506954	-0.523854	-0.505031	-0.488997	-0.500095	-0.499805	-0.503278	-0.477900	-0.473689	-0.512636	-0.500085	-0.492688	-0.502475	-0.498168	-0.502006	-0.488163	-0.497612	-0.490907	-0.506770	-0.508531
633.0	-0.499292	-0.496821	-0.496043	-0.472748	-0.465906	-0.495612	-0.494588	-0.481323	-0.478796	-0.484981	-0.493111	-0.488851	-0.498442	-0.476857	-0.487380	-0.482518	-0.483662	-0.504843	-0.483628	-0.494759
634.0	-0.500701	-0.485403	-0.490346	-0.457470	-0.476027	-0.483145	-0.489879	-0.469973	-0.467852	-0.468981	-0.477755	-0.479934	-0.491501	-0.461269	-0.471452	-0.487281	-0.479371	-0.473212	-0.485069	-0.483658
635.0	-0.486214	-0.485204	-0.480894	-0.479482	-0.465172	-0.462998	-0.478823	-0.476553	-0.460158	-0.467950	-0.473817	-0.470241	-0.461113	-0.481944	-0.452944	-0.476741	-0.467335	-0.482546	-0.478220	-0.487543
636.0	-0.463119	-0.454350	-0.474843	-0.458354	-0.465950	-0.453929	-0.475705	-0.459750	-0.472937	-0.457656	-0.461497	-0.455669	-0.455318	-0.481045	-0.466401	-0.446954	-0.456685	-0.468788	-0.470506	-0.480348
637.0	-0.459839	-0.479660	-0.459186	-0.432611	-0.453182	-0.452208	-0.462240	-0.468273	-0.447534	-0.471066	-0.457889	-0.451366	-0.450867	-0.478677	-0.442841	-0.454186	-0.460491	-0.423773	-0.457450	-0.453863
638.0	-0.451715	-0.438625	-0.448432	-0.429211	-0.444084	-0.441638	-0.430665	-0.428814	-0.436302	-0.447297	-0.428101	-0.444224	-0.448884	-0.433600	-0.449591	-0.448740	-0.452196	-0.432555	-0.466538	-0.448942
639.0	-0.435819	-0.391384	-0.420630	-0.439323	-0.431984	-0.427030	-0.389517	-0.440053	-0.420472	-0.419664	-0.409137	-0.427211	-0.436632	-0.429215	-0.428479	-0.419349	-0.423854	-0.422468	-0.424599	-0.426563
640.0	-0.408122	-0.392267	-0.410030	-0.398435	-0.434742	-0.419792	-0.397698	-0.410221	-0.402209	-0.398704	-0.414197	-0.394273	-0.424578	-0.407619	-0.400353	-0.382307	-0.393621	-0.405834	-0.423579	-0.399328
641.0	-0.369373	-0.368635	-0.376905	-0.400422	-0.396637	-0.383648	-0.423634	-0.390127	-0.371035	-0.371049	-0.386037	-0.387619	-0.403843	-0.365963	-0.380719	-0.369740	-0.401542	-0.345668	-0.400194	-0.415219
642.0	-0.331505	-0.353838	-0.384634	-0.370839	-0.356153	-0.355624	-0.386421	-0.373125	-0.384743	-0.355905	-0.389557	-0.384957	-0.369467	-0.335268	-0.356674	-0.375252	-0.384379	-0.394553	-0.374259	-0.368871
643.0	-0.348458	-0.357151	-0.355485	-0.340593	-0.328348	-0.339515	-0.347285	-0.324325	-0.345609	-0.358978	-0.323336	-0.325070	-0.346109	-0.357631	-0.340129	-0.343502	-0.314626	-0.322884	-0.346994	-0.326938
644.0	-0.310589	-0.343016	-0.320152	-0.314541	-0.316113	-0.313257	-0.326943	-0.285020	-0.332344	-0.337249	-0.325536	-0.306216	-0.343685	-0.321894	-0.309465	-0.294775	-0.297903	-0.297889	-0.320616	-0.331352
645.0	-0.288573	-0.267041	-0.288353	-0.274581	-0.303879	-0.286777	-0.255746	-0.292969	-0.292104	-0.303888	-0.296056	-0.261190	-0.287053	-0.269713	-0.279023	-0.278679	-0.278319	-0.275105	-0.289805	-0.301336
646.0	-0.237274	-0.237888	-0.273116	-0.233959	-0.259836	-0.255002	-0.265032	-0.256756	-0.239042	-0.255164	-0.275376	-0.244111	-0.250033	-0.265328	-0.256521	-0.233480	-0.225729	-0.242589	-0.240373	-0.246161
647.0	-0.165501	-0.198575	-0.185446	-0.204596	-0.194438	-0.206014	-0.240268	-0.215464	-0.214500	-0.175932	-0.221476	-0.209509	-0.210809	-0.229591	-0.248139	-0.220030	-0.221328	-0.202773	-0.187839	-0.181054
648.0	-0.194783	-0.145791	-0.170430	-0.168389	-0.170859	-0.157248	-0.191403	-0.208840	-0.186421	-0.154203	-0.159876	-0.171581	-0.158144	-0.195827	-0.189238	-0.164247	-0.172479	-0.177114	-0.156584	-0.144638
649.0	-0.117725	-0.141153	-0.137747	-0.127766	-0.148392	-0.104510	-0.137231	-0.162690	-0.151268	-0.116672	-0.142276	-0.127441	-0.129497	-0.124134	-0.132103	-0.095676	-0.148934	-0.118717	-0.098286	-0.114181
650.0	-0.083600	-0.082405	-0.086735	-0.095533	-0.087888	-0.090387	-0.102959	-0.112344	-0.105280	-0.115355	-0.107736	-0.102599	-0.071764	-0.082915	-0.080262	-0.083108	-0.088423	-0.110090	-0.087203	-0.095422
651.0	-0.057840	-0.030724	-0.054715	-0.027755	-0.051852	-0.069204	-0.031762	-0.077456	-0.054428	-0.092749	-0.058895	-0.085742	-0.031438	-0.048494	-0.052466	-0.046508	-0.053216	-0.058108	-0.059273	-0.054371
652.0	0.006007	-0.032049	-0.022916	-0.045859	-0.030053	-0.023306	-0.026676	-0.031747	-0.016621	-0.040293	-0.009835	-0.015430	-0.020641	-0.041478	-0.048716	-0.037909	-0.012509	-0.026477	-0.024028	-0.017293
653.0	0.006888	0.020736	-0.015187	-0.014067	0.035790	-0.051551	-0.011641	-0.021590	-0.001366	0.035427	0.034385	0.056879	0.000734	-0.028981	0.018126	0.005747	-0.038474	0.039441	0.003680	-0.009127
654.0	0.017236	0.021177	0.014846	-0.004574	0.016660	0.009573	0.017767	0.016169	0.030251	0.039598	0.057705	0.001649	0.011752	-0.002233	0.016361	0.015890	0.038761	0.018869	0.015428	-0.004713
655.0	0.048279	0.086109	0.065195	0.029425	0.028449	0.054809	0.055798	0.065189	0.032683	0.062643	0.050665	0.050225	0.029601	0.035259	0.051878	0.063074	0.091791	0.083017	0.029393	0.056642
656.0	0.061269	0.128072	0.069391	0.021036	0.071826	0.062753	0.039435	0.045316	0.053466	0.088322	0.068705	0.076176	0.032906	0.038986	0.047907	0.039702	0.039421	0.075939	0.068184	0.103210
657.0	0.079102	0.110625	0.073808	0.082190	0.090066	0.085481	0.085868	0.046420	0.023839	0.106758	0.068265	0.097691	0.090420	0.088974	0.070408	0.049183	0.111815	0.127257	0.122049	0.033909
658.0	0.110806	0.101349	0.097657	0.074684	0.090733	0.071800	0.083436	0.098753	0.116477	0.118171	0.076625	0.118541	0.102539	0.095771	0.094013	0.057120	0.088050	0.162870	0.098552	0.069001
659.0	0.059507	0.140219	0.127911	0.096099	0.147901	0.103575	0.143357	0.090583	0.133944	0.096443	0.104785	0.123199	0.114659	0.159133	0.145413	0.098572	0.083429	0.121948	0.141777	0.107624
660.0	0.078441	0.115483	0.129015	0.134072	0.112532	0.137116	0.123236	0.129446	0.119573	0.140997	0.106545	0.142939	0.121049	0.133481	0.102837	0.156559	0.104994	0.126151	0.153747	0.133667
661.0	0.124236	0.164514	0.167660	0.145994	0.127659	0.116594	0.146452	0.133862	0.161802	0.112245	0.143725	0.167781	0.133830	0.134139	0.159752	0.186325	0.190370	0.173267	0.143550	0.146909
662.0	0.159682	0.144637	0.173623	0.160124	0.234653	0.161830	0.161930	0.191936	0.205136	0.182260	0.134485	0.161793	0.164900	0.164614	0.215784	0.184782	0.196531	0.183884	0.130694	0.142936
663.0	0.180157	0.226795	0.231038	0.205382	0.243773	0.226043	0.204383	0.232345	0.204252	0.242397	0.213466	0.208150	0.245551	0.215260	0.212255	0.253794	0.236138	0.241175	0.223571	0.140067
664.0	0.224851	0.242918	0.263942	0.222382	0.268242	0.254508	0.261429	0.267013	0.228130	0.270929	0.272866	0.243639	0.244450	0.289146	0.287700	0.287969	0.291369	0.308641	0.276106	0.262115
665.0	0.308734	0.281347	0.319149	0.287731	0.336087	0.337036	0.303219	0.343856	0.319884	0.304729	0.321266	0.321271	0.286097	0.372898	0.336011	0.302300	0.329436	0.348015	0.299603	0.331195
666.0	0.387773	0.416953	0.392465	0.434105	0.417723	0.409193	0.413995	0.421361	0.429989	0.373646	0.401126	0.407775	0.317829	0.420475	0.413663	0.388731	0.454640	0.407517	0.446345	0.389239
667.0	0.431585	0.513468	0.484771	0.503428	0.520714	0.491721	0.530077	0.482747	0.501844	0.521137	0.502107	0.439715	0.446958	0.444592	0.493961	0.448262	0.520652	0.440476	0.487353	0.521881
668.0	0.570729	0.613516	0.610865	0.627061	0.651065	0.587268	0.632672	0.559811	0.546948	0.605197	0.638727	0.596975	0.592615	0.569124	0.559921	0.518817	0.604268	0.533601	0.590427	0.610824
669.0	0.676188	0.762374	0.666735	0.777850	0.775855	0.726065	0.705859	0.759647	0.704588	0.674333	0.686688	0.707655	0.719320	0.707030	0.721180	0.754075	0.730352	0.783114	0.714559	0.692704
670.0	0.909342	0.873465	0.823303	0.883601	0.925336	0.862213	0.895792	0.902292	0.873282	0.888985	0.868628	0.876671	0.917422	0.860064	0.887733	0.876004	0.866117	0.866285	0.893665	0.873459
671.0	1.102867	1.047942	1.028454	1.081856	1.037224	1.000348	1.097665	1.059732	1.020752	1.098369	1.103149	1.102469	1.075639	1.058482	1.029359	1.103766	1.053373	1.109384	1.119098	1.054213
672.0	1.310262	1.246272	1.237358	1.253398	1.256107	1.282134	1.294232	1.265971	1.278106	1.223253	1.305110	1.353552	1.272418	1.286937	1.234076	1.303305	1.296078	1.290989	1.382879	1.303827
673.0	1.550241	1.590147	1.631539	1.476822	1.563300	1.622176	1.531703	1.566939	1.499863	1.486409	1.601011	1.525229	1.572545	1.438875	1.519974	1.573620	1.525802	1.546917	1.623164	1.490320
674.0	1.847684	1.841924	1.881076	1.847722	1.864931	1.864904	1.840814	1.849359	1.892526	1.778098	1.825412	1.890986	1.870028	1.732227	1.812931	1.853637	1.942560	1.890661	1.953445	1.832628
675.0	2.164720	2.184252	2.241028	2.163430	2.249756	2.131906	2.201223	2.235782	2.272808	2.078785	2.219214	2.188205	2.286504	2.067674	2.262956	2.179956	2.213212	2.138405	2.077577	2.148232
676.0	2.585235	2.489035	2.534732	2.616017	2.550053	2.588678	2.592587	2.520631	2.602238	2.513356	2.547015	2.547530	2.539915	2.536861	2.593857	2.605493	2.596084	2.596288	2.463274	2.576393
677.0	2.935296	2.873327	2.918975	2.971464	2.917082	2.961598	2.930884	2.756901	2.971465	2.969874	3.004617	2.935689	2.863841	2.887656	2.935788	2.896534	2.871136	2.824124	2.911037	2.883168
678.0	3.190687	3.308415	3.239178	3.284963	3.217379	3.169021	3.213904	3.141116	3.247833	3.299094	3.251018	3.204073	3.209802	3.198986	3.187272	3.286794	3.276012	3.239979	3.245751	3.227463
679.0	3.481304	3.524855	3.490923	3.569762	3.499881	3.500015	3.549991	3.412716	3.442396	3.507600	3.589819	3.463586	3.511692	3.532241	3.582147	3.588859	3.537862	3.545235	3.589332	3.421680
680.0	3.712477	3.699333	3.738252	3.730927	3.744567	3.714057	3.682656	3.743936	3.703287	3.755612	3.759220	3.685391	3.696793	3.687906	3.736567	3.701307	3.713895	3.784131	3.677998	3.717421
681.0	3.967868	3.882644	3.921541	3.894300	3.882481	4.025192	3.861755	3.920586	3.900061	3.902663	3.950620	3.802948	3.806971	3.821646	3.946138	3.868876	3.839318	3.848279	3.813214	3.893982
682.0	4.027312	3.933441	4.047414	3.949494	3.980356	3.945753	3.970099	4.002287	3.935436	3.988261	4.126621	3.951557	3.932575	3.948809	3.988052	3.930612	3.999949	3.863763	4.008279	4.033024
683.0	4.062539	3.999698	3.914916	3.993649	4.013722	3.952373	4.062965	3.993455	4.050405	3.964118	3.922020	4.015881	3.884097	4.034315	3.853486	4.029830	3.920734	3.923487	4.054829	3.962400
684.0	3.899617	3.891478	3.791252	3.881054	3.931418	3.912654	3.877233	3.931627	3.955334	3.907053	3.873620	4.040279	3.959018	3.909345	3.990258	3.866671	3.861323	3.921275	3.844247	3.898396
685.0	3.697065	3.820804	3.806710	3.865600	3.675610	3.842042	3.594212	3.821221	3.718763	3.806092	3.750420	3.756368	3.776121	3.795336	3.628473	3.809345	3.746901	3.744315	3.689081	3.741698
686.0	3.624411	3.602155	3.532881	3.554308	3.508778	3.548560	3.574313	3.551829	3.614849	3.544911	3.473219	3.541217	3.654925	3.593630	3.584353	3.518304	3.557665	3.582839	3.584899	3.728456
687.0	3.250131	3.359213	3.369467	3.269509	3.241848	3.319071	3.406269	3.346472	3.429130	3.360548	3.295018	3.292795	3.366256	3.411655	3.421109	3.319867	3.388233	3.432423	3.356584	3.441544
688.0	3.113629	3.144981	3.232553	3.201069	3.086138	3.184467	3.249282	3.156573	3.084223	3.292509	3.116817	3.153058	3.141491	3.277915	3.211538	3.099381	3.214401	3.071868	3.174819	3.145803
689.0	2.851634	2.932958	2.974182	2.814714	2.963795	2.884366	2.910984	2.955633	2.825543	2.908419	2.870416	2.951215	2.943169	2.984124	2.907110	2.832593	2.756714	2.903756	2.844538	2.903031
690.0	2.697519	2.705475	2.642938	2.653549	2.592317	2.692389	2.647864	2.756901	2.655301	2.669186	2.511815	2.640688	2.623651	2.668409	2.624741	2.728965	2.734710	2.729008	2.731489	2.655846
691.0	2.393692	2.409527	2.377943	2.375373	2.421037	2.458487	2.444443	2.478677	2.339136	2.436538	2.450215	2.503169	2.427533	2.493012	2.423995	2.473202	2.422251	2.419329	2.463274	2.406453
692.0	2.149309	2.151124	2.194654	2.185507	2.274225	2.123080	2.294089	2.218117	2.133519	2.225837	2.190614	2.203732	2.200564	2.205799	2.168098	2.182161	2.244017	2.251217	2.188410	2.225477
693.0	2.100873	2.018610	2.013574	1.902916	2.056232	2.014955	1.918203	1.944309	1.892526	2.028305	2.008013	1.928693	2.127846	2.028210	1.985000	2.041050	1.977767	2.085317	1.953445	2.026846
694.0	1.904926	1.802170	1.803786	1.878631	1.798199	1.765606	1.831970	1.783116	1.868206	1.742981	1.755012	1.786738	1.779681	1.784846	1.854846	1.776467	1.913955	1.828725	1.822662	1.795109
695.0	1.739803	1.647570	1.677913	1.706427	1.649163	1.604523	1.716993	1.732328	1.684698	1.718838	1.684612	1.700234	1.755442	1.688377	1.656305	1.637561	1.671909	1.676098	1.722913	1.625169
696.0	1.552003	1.539791	1.616081	1.519873	1.562633	1.540751	1.565091	1.513282	1.616159	1.490579	1.509711	1.565154	1.576952	1.513857	1.616597	1.506372	1.549346	1.559304	1.515213	1.468250
697.0	1.484192	1.394688	1.455759	1.394473	1.433839	1.410119	1.462717	1.423632	1.435304	1.458535	1.488591	1.492180	1.468096	1.396780	1.440558	1.450810	1.404779	1.414418	1.401056	1.464498
698.0	1.424747	1.369952	1.400110	1.281878	1.382010	1.373268	1.402133	1.417449	1.366322	1.338480	1.386070	1.395030	1.366731	1.350299	1.309080	1.395909	1.320943	1.324169	1.376451	1.413736
699.0	1.301896	1.340578	1.213950	1.302410	1.318836	1.272205	1.249568	1.281649	1.282307	1.246957	1.311270	1.292112	1.289826	1.315001	1.309742	1.319401	1.286176	1.305367	1.234807	1.365844
700.0	1.191373	1.214248	1.216600	1.269294	1.223853	1.218584	1.205125	1.196857	1.218853	1.160043	1.214030	1.257511	1.209175	1.289349	1.233193	1.214890	1.273414	1.319745	1.192026	1.192373
701.0	1.157248	1.096089	1.201584	1.230437	1.196493	1.234030	1.196722	1.200390	1.160263	1.163774	1.185430	1.182984	1.203666	1.195730	1.191721	1.232750	1.205421	1.150527	1.176066	1.197007
702.0	1.127525	1.140923	1.165147	1.150738	1.146443	1.147972	1.123756	1.192220	1.126656	1.123389	1.156169	1.177882	1.180970	1.161747	1.173852	1.184684	1.158992	1.148094	1.148579	1.081360
703.0	1.108151	1.120383	1.133348	1.076999	1.099508	1.166507	1.086831	1.059732	1.147218	1.122292	1.150009	1.078736	1.108913	1.116144	1.127305	1.175203	1.085499	1.102084	1.079863	1.141832
704.0	1.107490	1.074003	1.150131	1.074350	1.069923	1.060368	1.078650	1.106986	1.144565	1.056667	1.067949	1.042581	1.103404	1.139603	1.037741	1.065181	1.055353	1.068020	1.097375	1.083346
705.0	1.010398	1.056777	1.105081	1.080973	1.055020	1.024400	1.032217	1.118689	1.143459	1.089151	1.066849	0.982250	1.051399	1.070541	1.047007	1.061432	1.050292	1.054084	1.131289	1.120424
706.0	1.020966	1.056997	0.992900	1.078986	1.020986	1.010057	1.009443	1.035001	1.010803	1.042401	1.055849	1.003322	1.045009	1.002355	1.052742	1.057243	1.068555	1.023558	1.090946	1.061055
707.0	0.970988	1.030715	0.993783	1.004144	1.033220	0.983799	0.992859	1.006957	1.022742	0.984239	0.985009	0.978258	1.004243	0.988104	1.004431	0.962214	1.075597	1.051208	1.004719	1.021329
708.0	0.987501	1.038887	0.978546	1.037260	1.061026	0.979385	0.995513	0.988851	0.992452	0.944294	1.006789	0.955412	1.007768	0.961794	0.981930	1.015351	1.003203	0.954987	1.031540	0.977851
709.0	0.967246	0.981685	0.982742	0.985599	0.941129	0.961732	0.948195	0.951533	0.980513	0.901934	0.924288	1.018404	0.987275	0.952148	0.944648	0.993302	0.973057	0.955871	0.938884	0.978513
710.0	0.917709	0.928900	0.933718	0.929964	0.967822	0.930619	0.920336	0.931660	0.899372	0.917078	0.941009	0.979810	0.941661	0.975168	0.941560	0.894084	0.940711	0.964277	0.946199	0.910316
711.0	0.913085	0.887821	0.903022	0.912964	0.951584	0.891562	0.927853	0.867404	0.919712	0.957243	0.933529	0.978923	0.920948	0.915533	0.889277	0.908195	0.895383	0.917383	0.936889	0.924220
712.0	0.877198	0.851821	0.883369	0.912964	0.884184	0.886707	0.858867	0.876678	0.934747	0.883059	0.902508	0.919258	0.869825	0.910271	0.919279	0.893422	0.826730	0.901899	0.869946	0.945187
713.0	0.874777	0.908802	0.802987	0.916276	0.921777	0.898402	0.865500	0.895447	0.921923	0.873841	0.836728	0.862697	0.830381	0.879796	0.876703	0.837639	0.900224	0.834433	0.896990	0.890894
714.0	0.844174	0.873023	0.833240	0.827745	0.886631	0.859565	0.806243	0.808667	0.856922	0.922126	0.869068	0.769761	0.858586	0.860941	0.855746	0.835214	0.872278	0.860092	0.853765	0.850947
715.0	0.853861	0.854913	0.770746	0.802798	0.834580	0.806827	0.857762	0.829203	0.815356	0.849259	0.845968	0.851385	0.785648	0.808760	0.845157	0.827056	0.814187	0.845493	0.858198	0.812986
716.0	0.801021	0.776509	0.723267	0.796616	0.857491	0.814109	0.811550	0.819708	0.834812	0.834115	0.790748	0.841182	0.786750	0.824108	0.771477	0.756721	0.814627	0.818064	0.782610	0.840133
717.0	0.782968	0.778938	0.771187	0.791538	0.806552	0.785423	0.782363	0.788132	0.776885	0.740836	0.773588	0.743588	0.738271	0.744521	0.740372	0.770612	0.741354	0.776921	0.771971	0.789813
718.0	0.781207	0.779380	0.738504	0.757760	0.731144	0.749675	0.770202	0.765609	0.785729	0.725692	0.719248	0.746249	0.765155	0.798017	0.685663	0.748563	0.746635	0.775151	0.734287	0.805483
719.0	0.687417	0.739626	0.718409	0.721994	0.708010	0.780348	0.713377	0.769362	0.706578	0.698915	0.716168	0.731832	0.704336	0.749783	0.726915	0.707112	0.738713	0.707906	0.682861	0.664896
720.0	0.627532	0.675798	0.698313	0.653113	0.703784	0.665162	0.652572	0.733370	0.638702	0.626048	0.701868	0.697230	0.721524	0.668443	0.716768	0.704907	0.690084	0.672514	0.691949	0.645915
721.0	0.638540	0.655479	0.664085	0.677839	0.670640	0.656997	0.649698	0.679271	0.686237	0.631974	0.579327	0.642666	0.650348	0.678089	0.695590	0.670952	0.629353	0.631150	0.695274	0.598464
722.0	0.631495	0.640903	0.680868	0.636334	0.646394	0.654791	0.626481	0.623184	0.649756	0.616610	0.633447	0.686140	0.657400	0.573509	0.645734	0.659487	0.611089	0.610357	0.624563	0.618990
723.0	0.590104	0.608437	0.602694	0.614256	0.593675	0.624118	0.595526	0.587192	0.596252	0.610904	0.593407	0.606290	0.582919	0.562547	0.591467	0.573498	0.591065	0.587353	0.638750	0.615458
724.0	0.569849	0.573762	0.526729	0.575621	0.573433	0.518862	0.555947	0.566214	0.556234	0.611782	0.552927	0.554610	0.591733	0.532510	0.578672	0.542409	0.539796	0.596864	0.552966	0.556752
725.0	0.530439	0.538425	0.538654	0.510051	0.558974	0.570056	0.519464	0.539275	0.516658	0.509943	0.526307	0.577677	0.527389	0.567808	0.495726	0.512864	0.519772	0.555721	0.511736	0.503121
726.0	0.465271	0.471284	0.491175	0.440949	0.482454	0.513346	0.498016	0.484072	0.466248	0.477241	0.474387	0.483410	0.460180	0.529879	0.511830	0.552552	0.524833	0.513472	0.506638	0.444415
727.0	0.458005	0.447432	0.455401	0.451546	0.451534	0.497899	0.436548	0.470161	0.447234	0.458585	0.438967	0.439936	0.448941	0.484495	0.424031	0.475602	0.432855	0.471444	0.461418	0.426317
728.0	0.386892	0.412978	0.446126	0.418430	0.399038	0.458401	0.421070	0.436156	0.380022	0.442563	0.415866	0.402451	0.440568	0.413459	0.398883	0.419819	0.397429	0.412605	0.396027	0.389018
729.0	0.397900	0.369027	0.394231	0.415559	0.423062	0.409634	0.399181	0.383823	0.400804	0.443660	0.380006	0.372951	0.385478	0.386272	0.399986	0.391597	0.367283	0.330540	0.360117	0.373569
730.0	0.400542	0.372340	0.351832	0.343808	0.353437	0.355793	0.343461	0.320008	0.360786	0.357624	0.354266	0.384707	0.377766	0.323568	0.383661	0.278267	0.312933	0.331425	0.344379	0.329208
731.0	0.354087	0.285764	0.301483	0.331444	0.298049	0.330416	0.333732	0.292185	0.307945	0.297706	0.345686	0.343451	0.297556	0.313482	0.321011	0.322144	0.340878	0.284530	0.340611	0.317290
732.0	0.300808	0.295040	0.255329	0.264771	0.266462	0.280326	0.321571	0.320670	0.288931	0.295292	0.276166	0.260940	0.292708	0.271387	0.287479	0.315089	0.303911	0.311295	0.280318	0.259467
733.0	0.252812	0.237397	0.204760	0.234083	0.262903	0.262232	0.274254	0.218875	0.237195	0.238007	0.274186	0.271586	0.282351	0.209121	0.217328	0.280252	0.258362	0.276346	0.230886	0.229230
734.0	0.200413	0.152808	0.182235	0.202954	0.208850	0.219644	0.207479	0.219759	0.219507	0.240861	0.208846	0.219018	0.220431	0.240254	0.192401	0.221823	0.174747	0.228788	0.231330	0.191490
735.0	0.173993	0.198526	0.202772	0.176461	0.217303	0.141529	0.203941	0.182662	0.168877	0.205305	0.174086	0.172883	0.158730	0.167464	0.157325	0.195806	0.193450	0.213746	0.176800	0.150881
736.0	0.124896	0.168931	0.176714	0.153500	0.167698	0.103134	0.126995	0.169634	0.138145	0.184454	0.195646	0.149150	0.176139	0.162860	0.119382	0.119959	0.142181	0.140308	0.184115	0.165448
737.0	0.128639	0.123655	0.078887	0.127670	0.116759	0.108871	0.109748	0.115756	0.129743	0.098199	0.130525	0.085048	0.124575	0.128877	0.110778	0.102320	0.121277	0.086556	0.095449	0.153750
738.0	0.082845	0.065349	0.074912	0.059892	0.087619	0.047527	0.081004	0.079984	0.082429	0.078665	0.060125	0.116544	0.122592	0.082397	0.082542	0.074980	0.066926	0.061561	0.058431	0.079815
739.0	0.029565	0.018085	0.049958	0.059009	0.032898	0.072241	0.055355	0.057019	0.060541	0.040037	0.033505	0.083495	0.076096	0.023419	0.039524	0.069027	0.030840	0.045413	0.054441	0.058407
740.0	0.025822	0.008147	0.044437	0.046204	-0.020043	0.010235	0.025063	0.040458	0.044180	0.002067	-0.003675	0.017841	0.037093	0.012457	0.023200	0.032867	0.028199	0.025505	-0.013167	0.009853
741.0	-0.008303	-0.014601	-0.004366	0.015958	-0.019376	0.000746	-0.020485	-0.000392	0.010352	-0.006274	0.012605	0.037803	-0.000368	-0.005521	0.002243	-0.009025	-0.010528	-0.052357	0.011438	0.010515
742.0	-0.033842	-0.026528	-0.031749	-0.039677	-0.041175	-0.018451	-0.036626	-0.031968	-0.038731	-0.032392	-0.025895	-0.018535	-0.030557	-0.010125	-0.042098	-0.046287	-0.003707	-0.031343	-0.024693	-0.028108
743.0	-0.058941	-0.094110	-0.069290	-0.053807	-0.054966	-0.022423	-0.070235	-0.077897	-0.033867	-0.042488	-0.059115	-0.058238	-0.064271	-0.038847	-0.057099	-0.075171	-0.063778	-0.055454	-0.033782	-0.091228
744.0	-0.109359	-0.102723	-0.081877	-0.107896	-0.098120	-0.073617	-0.075099	-0.105057	-0.069684	-0.086164	-0.103116	-0.074652	-0.099749	-0.070637	-0.081144	-0.070100	-0.063338	-0.105445	-0.099173	-0.057240
745.0	-0.105396	-0.087043	-0.100427	-0.143662	-0.112356	-0.114660	-0.081733	-0.121177	-0.145740	-0.105698	-0.070995	-0.115242	-0.110547	-0.095851	-0.092174	-0.130292	-0.097665	-0.101021	-0.102498	-0.124113
746.0	-0.136439	-0.158821	-0.152763	-0.142558	-0.145945	-0.171812	-0.136347	-0.152974	-0.136454	-0.135328	-0.135236	-0.129216	-0.113191	-0.115802	-0.115778	-0.172626	-0.156196	-0.124689	-0.123113	-0.137355
747.0	-0.163519	-0.164563	-0.137968	-0.140792	-0.134823	-0.164309	-0.148950	-0.148999	-0.141539	-0.165836	-0.145796	-0.156276	-0.177976	-0.184207	-0.173796	-0.179240	-0.181941	-0.165832	-0.140181	-0.126541
748.0	-0.194122	-0.143140	-0.171534	-0.159337	-0.171304	-0.196526	-0.168407	-0.199565	-0.175367	-0.185808	-0.152616	-0.170472	-0.187451	-0.166667	-0.199827	-0.158074	-0.177100	-0.176008	-0.158357	-0.181716
749.0	-0.199406	-0.186649	-0.195163	-0.207686	-0.207784	-0.220578	-0.201795	-0.184550	-0.185758	-0.213024	-0.184736	-0.204408	-0.225794	-0.189469	-0.214828	-0.184311	-0.203725	-0.219805	-0.230398	-0.164501
750.0	-0.217239	-0.203434	-0.224091	-0.231751	-0.229806	-0.241982	-0.221253	-0.227830	-0.216711	-0.225315	-0.248536	-0.217938	-0.222709	-0.239457	-0.201592	-0.231936	-0.234531	-0.247455	-0.182075	-0.247265
751.0	-0.230670	-0.242526	-0.240874	-0.239478	-0.248046	-0.224329	-0.217936	-0.239974	-0.218480	-0.255603	-0.258216	-0.221930	-0.237913	-0.279141	-0.234020	-0.240535	-0.256095	-0.250109	-0.220867	-0.255872
752.0	-0.285050	-0.257765	-0.255670	-0.242569	-0.268288	-0.283246	-0.265032	-0.254548	-0.264025	-0.269869	-0.281976	-0.262299	-0.259949	-0.271467	-0.269537	-0.273388	-0.297683	-0.281962	-0.247910	-0.289860
753.0	-0.291435	-0.308783	-0.277753	-0.290256	-0.319673	-0.284129	-0.295103	-0.252119	-0.269111	-0.277551	-0.275596	-0.272280	-0.294986	-0.282868	-0.328878	-0.292349	-0.325188	-0.296783	-0.286480	-0.298688
754.0	-0.298700	-0.304366	-0.305357	-0.307256	-0.271847	-0.293176	-0.332913	-0.298711	-0.281713	-0.322325	-0.316956	-0.300006	-0.295427	-0.301943	-0.310789	-0.307342	-0.299663	-0.296119	-0.307981	-0.300895
755.0	-0.327542	-0.333077	-0.306240	-0.358034	-0.310330	-0.334440	-0.336672	-0.355239	-0.322173	-0.324081	-0.305736	-0.326401	-0.333548	-0.308081	-0.318510	-0.347030	-0.333329	-0.311824	-0.325049	-0.332455
756.0	-0.356604	-0.373053	-0.341352	-0.345891	-0.358155	-0.343046	-0.347064	-0.369371	-0.352905	-0.356125	-0.346657	-0.349025	-0.346550	-0.340968	-0.340129	-0.367976	-0.329148	-0.333502	-0.356969	-0.360485
757.0	-0.355283	-0.392046	-0.359681	-0.367748	-0.362826	-0.368202	-0.378904	-0.351043	-0.368382	-0.394534	-0.367997	-0.378747	-0.356906	-0.375609	-0.362410	-0.367094	-0.332009	-0.373539	-0.361181	-0.346580
758.0	-0.380602	-0.398009	-0.387726	-0.409033	-0.379732	-0.384089	-0.368069	-0.382178	-0.378331	-0.391900	-0.401437	-0.376307	-0.384892	-0.391834	-0.404544	-0.388261	-0.373817	-0.365355	-0.375367	-0.396018
759.0	-0.397995	-0.405519	-0.381322	-0.386072	-0.401309	-0.415203	-0.381778	-0.392777	-0.405526	-0.420301	-0.410897	-0.400927	-0.387977	-0.401919	-0.399250	-0.402813	-0.398462	-0.394995	-0.385342	-0.392045
760.0	-0.404820	-0.416341	-0.413784	-0.412344	-0.416435	-0.413879	-0.395487	-0.421726	-0.429006	-0.394314	-0.430807	-0.420890	-0.408470	-0.416828	-0.415133	-0.392009	-0.412764	-0.412028	-0.378692	-0.420604
761.0	-0.405040	-0.413469	-0.433018	-0.426143	-0.420795	-0.425309	-0.425381	-0.446147	-0.422948	-0.427456	-0.443479	-0.454693	-0.406928	-0.413539	-0.441407	-0.414278	-0.448961	-0.437023	-0.426040	-0.435567
762.0	-0.447091	-0.430034	-0.441211	-0.445527	-0.430782	-0.443933	-0.422529	-0.433318	-0.435506	-0.447011	-0.429069	-0.452541	-0.454062	-0.434214	-0.442466	-0.435003	-0.447861	-0.442376	-0.443152	-0.439761
763.0	-0.461996	-0.448122	-0.451259	-0.459943	-0.463570	-0.461630	-0.449681	-0.447539	-0.459716	-0.448065	-0.467547	-0.472437	-0.456684	-0.462497	-0.441429	-0.429910	-0.456949	-0.434479	-0.453127	-0.448964
764.0	-0.450614	-0.460976	-0.461417	-0.456124	-0.462191	-0.462800	-0.479133	-0.458469	-0.453039	-0.465338	-0.447923	-0.455336	-0.464088	-0.476967	-0.454047	-0.464549	-0.454682	-0.463412	-0.469641	-0.461213
765.0	-0.459905	-0.464421	-0.478465	-0.497033	-0.486482	-0.483895	-0.465424	-0.470591	-0.456466	-0.454057	-0.471903	-0.482175	-0.476847	-0.479642	-0.485902	-0.463578	-0.479767	-0.477392	-0.495111	-0.455298
766.0	-0.480842	-0.487965	-0.491450	-0.481358	-0.479297	-0.497157	-0.497153	-0.488853	-0.506809	-0.491149	-0.479537	-0.482175	-0.478566	-0.508626	-0.475820	-0.490963	-0.486764	-0.484692	-0.483229	-0.469798
767.0	-0.497333	-0.514357	-0.509756	-0.486524	-0.494712	-0.476061	-0.504030	-0.495830	-0.502807	-0.504186	-0.506289	-0.501161	-0.494982	-0.509416	-0.501961	-0.493432	-0.476554	-0.512740	-0.498657	-0.480899
768.0	-0.500129	-0.513407	-0.502337	-0.500499	-0.494134	-0.496053	-0.500647	-0.508019	-0.507561	-0.508312	-0.509589	-0.513272	-0.486455	-0.519238	-0.510653	-0.508712	-0.504764	-0.513027	-0.512888	-0.489970
769.0	-0.499116	-0.516566	-0.513047	-0.512002	-0.509883	-0.502188	-0.518335	-0.517470	-0.512579	-0.515884	-0.505761	-0.527866	-0.517503	-0.509722	-0.514536	-0.508050	-0.498778	-0.541452	-0.510317	-0.511268
770.0	-0.519569	-0.515616	-0.514217	-0.518007	-0.512374	-0.519422	-0.520237	-0.518795	-0.507516	-0.525519	-0.514429	-0.509235	-0.520632	-0.520509	-0.533287	-0.509307	-0.503135	-0.529817	-0.502869	-0.534773
771.0	-0.507967	-0.499030	-0.526959	-0.530238	-0.535908	-0.528844	-0.540247	-0.520606	-0.529117	-0.532323	-0.536407	-0.533256	-0.524841	-0.522614	-0.522676	-0.533208	-0.511167	-0.528556	-0.526365	-0.520405
772.0	-0.534254	-0.532136	-0.525656	-0.527610	-0.534262	-0.533213	-0.526472	-0.522195	-0.537143	-0.533816	-0.529059	-0.536273	-0.531275	-0.520597	-0.523338	-0.534773	-0.538540	-0.529617	-0.527208	-0.512173
773.0	-0.541652	-0.524163	-0.526517	-0.540989	-0.545785	-0.546806	-0.539009	-0.524713	-0.523922	-0.539588	-0.537639	-0.522698	-0.525392	-0.529696	-0.532625	-0.548532	-0.526592	-0.539129	-0.552655	-0.524047
774.0	-0.541894	-0.538651	-0.536543	-0.548805	-0.542582	-0.543915	-0.538722	-0.538845	-0.531682	-0.546545	-0.550377	-0.547674	-0.537798	-0.555479	-0.547515	-0.540396	-0.547144	-0.553618	-0.545894	-0.543490
775.0	-0.552946	-0.538320	-0.537117	-0.535051	-0.544873	-0.551793	-0.545045	-0.554412	-0.537939	-0.538886	-0.544217	-0.534365	-0.538173	-0.558987	-0.556516	-0.541564	-0.553789	-0.533710	-0.554162	-0.538348
776.0	-0.543017	-0.553338	-0.544714	-0.544721	-0.555394	-0.545813	-0.542724	-0.551873	-0.534468	-0.546480	-0.549497	-0.545944	-0.543770	-0.554953	-0.560465	-0.553029	-0.556385	-0.562753	-0.552677	-0.557946
777.0	-0.548499	-0.555481	-0.552553	-0.543219	-0.564003	-0.553095	-0.561584	-0.553595	-0.541786	-0.553349	-0.531259	-0.558076	-0.552121	-0.547740	-0.552258	-0.545334	-0.555659	-0.566690	-0.571142	-0.567503
778.0	-0.558230	-0.552168	-0.563065	-0.550284	-0.572834	-0.554794	-0.561186	-0.550437	-0.563077	-0.559319	-0.552401	-0.557899	-0.557740	-0.555413	-0.562781	-0.551706	-0.556583	-0.552976	-0.567772	-0.565494
779.0	-0.555126	-0.559346	-0.556859	-0.565495	-0.556551	-0.562561	-0.555084	-0.562825	-0.565554	-0.558551	-0.549783	-0.560050	-0.567083	-0.553067	-0.563597	-0.562665	-0.553833	-0.560762	-0.555492	-0.566179
780.0	-0.560410	-0.562151	-0.554209	-0.562692	-0.562646	-0.557905	-0.564481	-0.551586	-0.565156	-0.565157	-0.560343	-0.567303	-0.566400	-0.558417	-0.561744	-0.553272	-0.572118	-0.570938	-0.556423	-0.560705
781.0	-0.558627	-0.574231	-0.566863	-0.569580	-0.561712	-0.553801	-0.566294	-0.578702	-0.564492	-0.562436	-0.574753	-0.569677	-0.558798	-0.560588	-0.570877	-0.566766	-0.587147	-0.569610	-0.570211	-0.565274
782.0	-0.565055	-0.565463	-0.570904	-0.566930	-0.567251	-0.566070	-0.562159	-0.559204	-0.574950	-0.564521	-0.569517	-0.575865	-0.571447	-0.567910	-0.563906	-0.559600	-0.581096	-0.572420	-0.569302	-0.575073
783.0	-0.581326	-0.569549	-0.570153	-0.567990	-0.563892	-0.570571	-0.554155	-0.571724	-0.572607	-0.568537	-0.563797	-0.579059	-0.575766	-0.569336	-0.559803	-0.567052	-0.577047	-0.578547	-0.570676	-0.571122
784.0	-0.577230	-0.577765	-0.562557	-0.578477	-0.574725	-0.562716	-0.568571	-0.574970	-0.565089	-0.563401	-0.576205	-0.574823	-0.583324	-0.572054	-0.568671	-0.572388	-0.582262	-0.577950	-0.582824	-0.576971
785.0	-0.579696	-0.581542	-0.583447	-0.581038	-0.574391	-0.566842	-0.570517	-0.564415	-0.567168	-0.578590	-0.577723	-0.575000	-0.570918	-0.567121	-0.569178	-0.572212	-0.574253	-0.571159	-0.574888	-0.587675
786.0	-0.568314	-0.564050	-0.572472	-0.568939	-0.573523	-0.580060	-0.569390	-0.576140	-0.575105	-0.579797	-0.586963	-0.581477	-0.567282	-0.563219	-0.571517	-0.564825	-0.583120	-0.576246	-0.581627	-0.579266
787.0	-0.571462	-0.589471	-0.577176	-0.577020	-0.574191	-0.580170	-0.582081	-0.582588	-0.574132	-0.581443	-0.580825	-0.588974	-0.573077	-0.569160	-0.573965	-0.576599	-0.572404	-0.573061	-0.569125	-0.571233
788.0	-0.583285	-0.581851	-0.585656	-0.585652	-0.571366	-0.576948	-0.582590	-0.582124	-0.560225	-0.574551	-0.578757	-0.565729	-0.574950	-0.578325	-0.579811	-0.583875	-0.582350	-0.585714	-0.578789	-0.558123
789.0	-0.581502	-0.594639	-0.584596	-0.585630	-0.589940	-0.587055	-0.586282	-0.572850	-0.575171	-0.574727	-0.586941	-0.579968	-0.580393	-0.578982	-0.584951	-0.579444	-0.579446	-0.587616	-0.589385	-0.575691
790.0	-0.585971	-0.585539	-0.580466	-0.578830	-0.592431	-0.585576	-0.577416	-0.585260	-0.575635	-0.583506	-0.571255	-0.590526	-0.589009	-0.577513	-0.585415	-0.572190	-0.580876	-0.574256	-0.583422	-0.580149
791.0	-0.585949	-0.581763	-0.585192	-0.584879	-0.580419	-0.584539	-0.572728	-0.591619	-0.590869	-0.590376	-0.585027	-0.585292	-0.585571	-0.589177	-0.582635	-0.582971	-0.591944	-0.572464	-0.588432	-0.586329
792.0	-0.575579	-0.588013	-0.586517	-0.581590	-0.591030	-0.590276	-0.584425	-0.589455	-0.587132	-0.591012	-0.584103	-0.588020	-0.590992	-0.579574	-0.584488	-0.583589	-0.587873	-0.590293	-0.578634	-0.589374
793.0	-0.583571	-0.591812	-0.582763	-0.591900	-0.592787	-0.598860	-0.591611	-0.597449	-0.593323	-0.589498	-0.595236	-0.590282	-0.582112	-0.587730	-0.597151	-0.584030	-0.591372	-0.588611	-0.590826	-0.579443
794.0	-0.580797	-0.593093	-0.586517	-0.582650	-0.587560	-0.581803	-0.596520	-0.575809	-0.590183	-0.587764	-0.591012	-0.591791	-0.584249	-0.574554	-0.591305	-0.597810	-0.582218	-0.589010	-0.596678	-0.582731
795.0	-0.585288	-0.588653	-0.591132	-0.587794	-0.592876	-0.576000	-0.588493	-0.574882	-0.585541	-0.584735	-0.593432	-0.585514	-0.584866	-0.586218	-0.598165	-0.598582	-0.582064	-0.591819	-0.601443	-0.584431
796.0	-0.581480	-0.585517	-0.602372	-0.581656	-0.590029	-0.586084	-0.588471	-0.589212	-0.575105	-0.591561	-0.592178	-0.591635	-0.583081	-0.593738	-0.586937	-0.590269	-0.582526	-0.599472	-0.597719	-0.587410
797.0	-0.595262	-0.597289	-0.594202	-0.579802	-0.587048	-0.588710	-0.587675	-0.593474	-0.587199	-0.590902	-0.590616	-0.592922	-0.574047	-0.577470	-0.597834	-0.597788	-0.589282	-0.598034	-0.590582	-0.586307
798.0	-0.577583	-0.600072	-0.588129	-0.584195	-0.582999	-0.591578	-0.590948	-0.595528	-0.580500	-0.595072	-0.594114	-0.589528	-0.594298	-0.594900	-0.593864	-0.597590	-0.596059	-0.599030	-0.595702	-0.595841
799.0	-0.591695	-0.588256	-0.597227	-0.584438	-0.587893	-0.585951	-0.599085	-0.601843	-0.597811	-0.589783	-0.593960	-0.600596	-0.594540	-0.593584	-0.597879	-0.594569	-0.596125	-0.585404	-0.590693	-0.591361
800.0	-0.589978	-0.589029	-0.588703	-0.599450	-0.592142	-0.595462	-0.588427	-0.600076	-0.603958	-0.591341	-0.581991	-0.603325	-0.598066	-0.591107	-0.600702	-0.591041	-0.594893	-0.592681	-0.592665	-0.601557
