475.0	4.710	-2.070	8.333	1.326	7.665	2.495	6.651	5.471	0.694	6.416	5.739	-5.919	-0.078	14.27	-0.503	2.052	0.436	-1.132	6.629	3.879	
476.0	3.564	3.442	1.762	3.007	1.318	0.558	6.276	7.454	1.448	7.332	2.539	1.526	4.239	7.046	3.554	0.163	1.186	1.887	4.574	3.928	
477.0	3.986	5.069	1.851	-0.420	3.842	4.435	7.158	8.131	0.683	4.940	1.150	-0.035	4.726	3.568	6.144	-0.559	7.951	1.589	0.911	6.436	
478.0	-0.695	8.092	0.723	2.294	1.986	6.191	2.175	6.896	3.939	7.044	3.758	-1.241	1.914	2.548	3.426	2.233	1.803	5.560	8.588	3.363	
479.0	5.352	3.093	0.083	7.988	0.134	5.738	2.776	6.872	-0.097	5.484	3.350	1.848	4.393	4.705	3.501	1.282	4.357	5.669	5.116	1.645	
480.0	6.483	5.062	5.024	5.527	1.409	4.202	2.586	5.028	2.429	2.383	0.412	3.226	4.785	4.881	6.358	2.739	7.646	5.908	1.800	5.745	
481.0	5.203	4.312	6.625	2.712	2.439	2.317	0.816	6.050	-1.399	1.353	5.783	2.986	5.155	6.960	1.086	1.601	3.755	6.144	1.858	5.733	
482.0	4.482	5.188	3.679	8.287	2.520	3.911	6.099	8.047	6.631	6.338	5.739	3.285	6.846	7.136	3.944	4.464	2.761	3.797	3.207	3.736	
483.0	6.953	5.768	4.301	7.596	4.568	3.093	2.644	4.437	1.943	5.022	4.564	0.773	3.175	3.151	3.809	7.215	6.247	3.370	6.449	3.455	
484.0	7.597	2.219	6.902	11.95	1.653	2.486	4.260	3.460	3.294	1.342	3.702	1.409	4.868	8.019	3.599	4.497	3.263	0.735	6.986	1.748	
485.0	9.556	5.441	8.481	6.069	3.627	0.532	5.100	4.288	0.606	1.856	6.773	6.520	5.080	5.194	3.665	0.312	4.323	5.695	4.461	3.980	
486.0	5.221	5.411	9.180	4.583	5.675	4.956	4.115	6.496	1.272	4.261	8.395	4.804	7.017	7.802	3.056	3.279	5.773	6.148	4.409	7.558	
487.0	2.194	4.901	6.317	1.634	5.449	6.272	4.451	7.088	4.588	2.561	8.189	7.258	8.147	5.220	6.589	3.084	5.728	6.279	4.609	9.069	
488.0	7.452	5.846	8.735	5.737	8.224	2.584	3.927	6.681	2.825	4.452	9.256	8.844	7.411	8.321	4.504	8.216	2.286	2.668	0.907	5.107	
489.0	1.987	5.241	7.259	8.420	8.468	5.992	4.670	6.216	2.026	5.197	2.124	9.524	8.402	5.440	7.186	6.469	7.143	3.867	4.030	6.918	
490.0	6.538	3.218	6.036	9.263	5.478	5.136	7.243	7.591	7.682	5.851	6.347	6.948	10.28	5.173	6.464	3.029	7.175	2.185	1.590	4.186	
491.0	8.708	5.071	7.564	5.464	8.064	7.650	11.73	8.795	6.599	7.713	9.024	2.554	10.50	6.021	8.314	6.823	9.870	8.029	7.583	4.229	
492.0	7.152	6.403	6.826	10.33	4.701	6.250	6.952	9.823	7.164	10.78	7.670	8.522	6.512	7.733	10.71	10.15	6.789	9.874	1.996	7.991	
493.0	12.93	6.561	6.408	4.797	6.143	3.848	5.503	10.85	10.17	8.303	7.060	12.19	6.068	7.476	8.378	12.93	10.40	7.044	10.76	6.019	
494.0	10.64	8.994	7.315	10.77	11.91	5.932	11.83	6.997	15.25	11.15	7.462	5.530	14.31	9.646	5.533	11.28	10.90	7.550	7.254	5.230	
495.0	9.697	5.871	9.337	5.560	7.032	7.585	8.962	13.20	10.59	9.688	8.835	8.903	10.12	7.997	9.935	10.48	11.33	9.911	6.037	7.616	
496.0	8.083	10.98	6.595	3.470	8.710	11.30	9.852	11.43	9.177	11.83	11.10	10.11	11.51	15.01	12.09	10.03	11.31	12.44	8.746	15.56	
497.0	8.531	4.062	9.892	5.326	7.674	10.55	11.19	8.888	12.88	10.46	7.866	6.597	10.56	11.94	14.57	9.862	8.139	12.90	8.749	4.432	
498.0	7.629	8.001	10.15	10.55	6.722	14.25	9.073	12.28	11.33	7.096	12.37	10.81	11.83	15.50	11.29	9.503	14.31	11.69	9.017	10.77	
499.0	10.33	11.12	10.54	9.763	9.509	10.34	9.179	9.151	7.784	13.63	13.95	10.82	8.003	10.52	15.32	9.658	12.05	9.294	15.10	9.352	
500.0	5.236	7.585	9.727	8.552	8.955	9.496	8.683	7.778	9.795	10.94	12.56	10.25	8.041	12.63	11.05	9.382	10.41	9.516	10.35	12.68	
501.0	8.082	6.526	14.20	7.849	11.33	12.62	9.855	15.36	8.655	12.70	12.84	8.137	9.405	9.627	10.28	10.59	14.70	8.152	11.04	12.66	
502.0	9.361	7.294	7.968	7.452	12.13	13.23	8.775	9.626	12.12	11.32	18.01	6.977	10.67	11.31	11.32	9.463	12.09	17.83	9.112	6.496	
503.0	7.026	9.378	8.894	14.14	12.71	10.20	12.13	9.019	12.22	9.344	11.91	11.18	12.50	9.839	9.670	10.47	13.15	12.31	7.368	12.26	
504.0	6.512	12.73	11.12	15.53	11.37	5.733	8.456	14.59	12.57	8.681	17.48	14.25	12.01	9.718	9.671	15.16	8.491	13.89	10.64	8.664	
505.0	11.80	5.977	9.502	12.81	9.224	9.302	12.95	13.37	11.32	13.48	11.63	9.271	11.02	10.47	10.92	10.67	9.785	14.74	16.79	10.51	
506.0	11.47	9.131	7.515	17.93	12.97	11.84	17.04	8.789	8.212	16.02	11.23	7.802	9.770	9.608	12.95	16.14	10.85	11.06	11.55	11.54	
507.0	16.53	11.93	12.77	11.79	8.630	15.09	12.88	5.900	16.81	12.12	9.503	10.70	12.00	14.79	15.27	11.44	16.63	8.769	11.93	11.62	
508.0	10.22	11.73	11.95	13.38	9.592	6.753	11.22	12.14	15.37	12.00	8.500	11.54	13.84	13.23	11.72	13.35	12.04	14.30	12.04	15.71	
509.0	13.77	12.65	9.344	12.98	10.12	11.80	12.63	10.19	11.32	18.18	13.09	12.73	9.938	13.26	14.95	12.05	14.61	12.61	8.361	15.58	
510.0	16.23	14.26	10.62	16.79	15.54	11.10	10.25	7.865	8.343	14.32	8.458	12.65	16.61	18.29	14.09	12.56	7.025	14.68	12.70	12.60	
511.0	10.74	8.168	12.99	14.39	14.37	9.681	13.33	16.54	19.82	13.42	11.58	17.78	14.13	13.03	14.66	13.07	15.45	17.38	8.037	14.64	
512.0	15.15	12.58	13.14	13.98	14.57	8.903	12.73	19.67	13.71	12.89	13.37	18.74	18.26	13.34	11.78	16.92	10.49	13.55	13.25	15.16	
513.0	11.22	11.24	12.53	9.486	14.37	9.451	18.76	19.42	15.09	14.83	13.89	15.48	16.56	15.12	16.92	12.42	13.69	14.73	14.24	14.67	
514.0	11.59	12.19	15.77	8.639	17.72	15.32	15.50	12.65	10.19	14.80	18.28	10.85	20.00	14.96	11.54	14.80	15.55	8.916	12.16	14.70	
515.0	15.44	11.90	17.10	15.87	17.54	13.09	13.91	17.25	19.85	14.68	9.968	10.76	17.83	15.56	13.37	18.35	17.43	11.11	16.00	16.01	
516.0	13.36	16.79	12.20	15.33	16.55	11.35	17.13	14.76	13.85	17.02	13.91	14.26	20.37	18.90	19.58	13.37	19.77	15.75	12.93	18.74	
517.0	12.37	12.17	14.21	17.49	16.20	15.59	12.52	18.15	14.52	21.48	17.77	16.30	20.09	18.41	15.22	18.09	20.96	18.71	18.97	17.88	
518.0	12.75	11.68	17.91	14.35	13.33	18.09	18.85	17.73	14.31	18.36	23.49	21.61	19.79	18.51	14.57	14.38	12.52	18.76	17.77	12.64	
519.0	17.12	19.94	18.26	20.97	16.00	20.73	21.06	16.98	17.92	16.76	14.15	16.66	14.06	21.08	15.28	17.67	15.95	21.84	14.92	16.21	
520.0	14.14	19.56	14.20	11.22	21.55	17.00	15.55	19.73	17.84	14.33	16.78	18.42	21.10	18.23	18.02	20.45	17.30	17.13	17.49	24.28	
521.0	15.62	16.95	11.19	21.24	20.15	24.63	21.25	16.18	20.83	22.06	18.88	19.20	16.42	21.60	21.97	21.24	15.07	20.67	18.97	25.42	
522.0	15.09	18.51	16.34	23.73	21.81	20.56	20.68	19.60	18.35	20.64	18.39	11.88	18.40	23.80	22.23	24.59	16.41	21.94	17.14	21.71	
523.0	17.29	19.76	19.93	20.65	19.41	18.33	23.00	27.58	18.31	17.91	24.71	20.14	23.32	19.78	20.53	18.57	19.34	19.77	22.59	24.21	
524.0	19.44	17.71	21.87	23.10	26.99	25.34	22.27	24.32	17.17	21.35	28.00	19.64	24.38	22.12	23.94	18.35	22.70	21.22	25.03	24.10	
525.0	22.82	18.18	20.08	24.03	23.57	22.84	23.71	26.11	22.42	28.76	23.86	25.07	25.26	23.21	24.85	29.24	21.48	23.34	23.04	30.28	
526.0	18.62	28.70	27.32	26.01	24.61	22.04	31.11	30.98	21.04	28.62	25.93	25.49	30.49	29.35	23.02	21.98	22.65	27.11	20.91	33.14	
527.0	26.11	28.86	23.11	25.31	31.25	22.49	31.54	26.15	24.63	28.91	34.24	40.02	31.45	30.33	26.74	25.03	33.35	29.12	24.55	25.69	
528.0	23.33	35.48	24.42	28.48	33.78	32.87	28.47	32.47	35.76	29.99	32.11	35.88	25.36	21.67	30.82	28.21	32.85	28.72	31.31	30.06	
529.0	35.94	36.74	29.72	32.50	30.97	36.74	29.97	30.00	34.91	36.42	30.71	35.06	24.55	38.49	23.88	33.20	35.46	32.94	33.55	32.81	
530.0	28.44	36.17	28.43	41.28	35.60	33.85	40.60	40.73	48.87	41.25	28.10	36.77	34.08	42.62	33.23	44.15	40.25	36.55	35.23	35.72	
531.0	35.57	41.01	35.99	32.67	32.11	36.72	38.03	45.06	37.07	38.92	36.93	39.59	37.99	35.95	43.69	45.46	37.72	37.47	34.00	37.18	
532.0	46.29	45.14	36.51	44.95	35.08	38.46	37.60	45.04	38.78	38.81	41.65	45.94	49.66	43.48	37.07	50.14	41.14	53.86	41.17	42.41	
533.0	42.92	38.67	40.66	43.15	47.64	47.53	39.83	48.84	39.91	47.05	42.91	29.00	49.11	44.22	46.99	53.90	51.22	50.42	46.45	39.51	
534.0	45.61	43.90	43.49	52.36	54.34	47.07	48.04	44.11	49.22	48.97	49.45	44.55	44.39	48.04	52.03	56.11	47.26	41.18	48.43	48.64	
535.0	41.85	43.59	49.12	55.22	54.78	52.94	52.14	56.57	48.79	47.86	58.21	50.14	53.85	52.16	55.15	47.79	62.49	39.55	43.90	53.11	
536.0	41.20	48.91	52.00	56.91	50.41	52.51	56.15	50.51	51.51	53.49	43.77	51.68	55.77	50.13	61.92	54.31	58.75	43.11	55.83	58.18	
537.0	41.25	43.49	53.32	51.23	50.65	57.95	57.26	50.99	47.99	51.45	54.23	56.48	58.54	50.70	62.65	59.20	66.57	63.19	65.15	63.70	
538.0	55.32	55.56	57.89	54.47	54.82	52.40	67.41	57.84	61.23	61.64	66.37	58.57	65.33	52.69	66.08	66.00	64.33	58.23	64.13	61.51	
539.0	52.41	67.92	64.15	60.82	62.98	60.50	58.22	61.12	66.35	65.69	56.68	55.40	68.12	60.31	60.17	74.74	64.69	61.01	66.31	63.43	
540.0	52.06	63.17	62.51	66.08	59.28	67.42	66.97	66.86	62.04	70.57	60.87	61.86	67.15	74.38	64.26	73.65	77.44	68.32	72.06	64.74	
541.0	59.93	64.75	66.21	62.55	66.60	77.87	73.19	77.39	68.35	60.32	73.42	66.09	70.01	70.70	68.66	69.58	86.45	69.39	70.44	64.44	
542.0	71.17	74.97	73.70	76.25	73.06	79.76	75.58	87.19	82.42	72.09	71.11	77.26	85.16	82.72	73.45	75.11	84.07	80.49	89.12	71.64	
543.0	75.25	74.40	89.06	79.06	79.81	89.00	91.01	77.19	74.93	93.03	79.57	85.47	80.01	87.23	89.64	91.63	86.85	85.21	90.72	79.46	
544.0	73.66	81.80	83.52	90.50	82.03	92.90	93.40	88.73	89.45	93.87	93.23	88.43	91.65	93.37	109.2	94.54	89.72	88.29	90.19	86.45	
545.0	84.51	91.86	92.55	105.2	96.20	94.04	91.79	105.7	99.35	103.9	86.54	97.12	102.2	102.7	115.4	95.52	99.25	98.45	100.9	94.49	
546.0	93.29	102.1	102.4	100.4	93.74	114.7	104.5	104.1	114.4	110.6	109.4	110.7	108.3	110.6	109.3	117.2	116.5	101.5	106.4	106.5	
547.0	102.1	113.8	110.2	109.1	126.2	106.1	122.7	111.1	117.0	126.6	124.7	111.6	117.6	112.4	105.6	117.3	119.3	107.8	110.8	116.9	
548.0	122.7	121.9	130.1	122.4	138.6	115.6	117.7	132.2	140.2	135.1	118.9	127.9	129.0	126.4	131.7	126.3	125.9	116.4	132.0	120.2	
549.0	110.3	142.8	132.0	138.0	122.8	138.1	129.9	140.8	130.5	156.4	138.1	137.8	130.9	136.6	132.3	131.1	142.9	127.2	139.6	137.4	
550.0	131.7	138.3	150.0	133.4	142.9	142.9	148.7	144.8	136.1	163.0	157.0	137.0	156.6	140.8	165.5	146.5	156.3	149.7	141.9	150.2	
551.0	157.5	161.1	169.9	163.3	161.4	149.9	163.1	149.8	162.5	166.4	157.6	155.5	180.4	176.6	177.8	165.3	167.7	169.7	166.0	161.6	
552.0	164.3	170.1	177.1	188.5	178.8	173.3	181.9	165.4	171.0	182.6	170.8	166.5	195.4	190.6	182.6	184.6	181.1	187.2	186.7	176.0	
553.0	173.1	181.7	191.5	180.9	188.0	179.9	185.3	190.9	186.6	184.1	186.8	194.2	184.4	198.4	198.3	198.1	194.1	196.0	191.2	187.2	
554.0	207.8	197.1	214.5	199.0	200.4	194.3	210.9	215.3	197.9	190.5	198.7	212.4	215.0	214.7	206.8	211.7	226.0	209.3	199.3	201.2	
555.0	203.6	216.3	222.6	230.5	212.3	214.4	212.2	221.5	226.7	236.0	222.3	223.2	214.5	212.9	211.9	224.7	219.1	238.6	218.0	219.0	
556.0	220.1	230.0	245.6	236.7	244.4	239.8	233.1	241.4	241.8	228.3	233.5	245.0	236.0	233.0	244.1	247.5	255.8	233.1	229.7	241.2	
557.0	240.0	259.3	258.0	260.7	253.8	272.3	249.4	250.9	263.7	261.6	271.3	259.2	261.3	250.4	266.8	273.7	276.4	261.1	271.5	268.4	
558.0	260.5	271.0	274.7	269.1	282.6	276.1	287.8	273.6	275.4	292.8	286.7	298.4	305.6	293.4	275.9	287.7	290.0	267.2	296.3	264.6	
559.0	267.8	308.1	287.3	296.6	294.5	309.7	290.5	301.8	298.3	321.5	332.0	297.6	324.8	311.9	332.0	299.6	314.7	310.6	328.3	310.9	
560.0	304.9	335.7	319.5	314.4	311.0	335.8	332.9	329.3	318.8	336.5	352.8	335.9	317.6	322.8	339.5	341.0	330.8	322.1	355.2	358.3	
561.0	335.5	343.4	346.7	358.4	349.4	345.4	365.4	352.9	341.0	361.6	353.7	369.4	353.1	354.8	358.5	374.1	346.0	339.6	375.2	377.8	
562.0	356.0	373.1	355.5	402.0	386.0	363.5	376.5	362.1	378.5	375.3	376.8	381.9	383.0	402.2	388.3	403.4	386.2	376.8	379.3	388.8	
563.0	379.8	407.9	400.4	423.8	379.9	390.9	400.9	412.6	425.2	417.7	438.0	400.4	408.1	415.3	438.8	421.5	411.1	401.3	415.7	422.5	
564.0	406.2	444.2	447.8	435.7	421.4	413.1	440.5	449.1	441.4	437.8	433.4	421.4	435.2	452.9	444.1	442.8	429.8	451.3	454.9	458.7	
565.0	435.3	454.1	451.0	475.3	450.4	452.5	483.8	471.6	439.1	467.7	470.6	462.4	488.0	475.1	463.7	461.7	467.6	471.8	489.4	479.1	
566.0	456.0	474.1	492.7	510.4	491.3	483.4	503.3	500.4	497.3	515.2	515.3	487.5	507.4	499.4	508.5	494.5	515.9	501.7	525.0	487.3	
567.0	494.3	500.8	519.5	557.5	512.7	506.6	534.1	513.1	511.9	540.4	522.6	533.1	535.2	524.1	550.6	505.0	553.6	515.4	548.4	548.1	
568.0	527.7	549.1	552.6	588.7	561.3	538.8	576.0	581.5	584.0	590.4	557.6	570.1	580.4	554.6	578.3	565.3	592.1	578.6	575.6	584.1	
569.0	570.6	576.3	588.6	589.8	619.6	585.0	593.9	593.7	626.9	570.2	586.4	615.1	618.3	628.3	617.9	604.7	625.3	612.6	636.8	622.3	
570.0	607.1	625.7	617.4	640.8	622.4	614.7	646.9	654.2	646.7	635.9	641.1	651.5	672.3	664.7	656.6	650.6	649.4	622.1	655.7	680.9	
571.0	638.2	659.8	675.5	660.5	686.7	661.2	676.6	702.6	684.3	678.0	669.7	662.3	664.2	672.7	686.0	679.2	659.0	702.9	690.5	679.0	
572.0	670.4	680.0	711.8	712.2	725.9	731.8	720.6	688.9	723.7	727.7	709.8	716.4	697.9	703.0	706.1	707.3	716.3	720.3	710.9	749.3	
573.0	694.9	742.7	732.1	761.9	744.1	743.9	749.3	761.9	756.2	785.0	735.4	787.9	731.7	761.0	741.9	755.4	758.4	769.3	764.3	756.8	
574.0	755.3	750.0	757.4	776.9	769.7	782.9	801.2	776.5	789.4	814.8	784.9	797.9	796.5	798.2	796.2	811.0	770.5	816.4	814.7	830.5	
575.0	820.8	844.9	802.6	805.2	816.0	828.2	829.3	840.3	870.3	827.5	836.3	854.6	841.6	841.2	829.1	852.7	857.5	831.9	841.9	846.4	
576.0	842.4	870.0	858.1	848.7	854.4	856.8	875.4	872.0	883.4	876.7	862.8	856.4	857.8	882.4	885.3	906.1	908.4	883.3	887.3	870.3	
577.0	871.5	906.6	915.9	926.9	881.5	918.2	884.3	924.4	898.6	908.1	932.7	927.0	946.4	925.1	924.3	918.6	969.4	936.3	945.5	929.0	
578.0	920.9	946.8	950.3	951.8	955.7	954.5	980.1	969.8	977.9	977.7	929.8	979.6	969.6	977.3	999.4	965.8	952.9	962.8	961.3	991.6	
579.0	965.4	984.9	964.5	1003	995.2	1008	965.4	1035	980.3	1023	993.2	975.3	1026	1051	1006	1020	1020	1005	1033	1002	
580.0	976.6	1083	1044	1045	1036	1056	1061	1053	1030	1079	1083	1096	1069	1069	1054	1018	1098	1052	1064	1034	
581.0	1026	1041	1090	1068	1084	1096	1071	1137	1131	1118	1123	1121	1091	1097	1085	1085	1113	1150	1138	1113	
582.0	1047	1108	1148	1099	1111	1138	1140	1147	1148	1152	1133	1170	1132	1175	1176	1150	1145	1174	1145	1150	
583.0	1150	1153	1184	1178	1162	1200	1212	1180	1192	1165	1204	1205	1180	1204	1267	1194	1188	1225	1209	1233	
584.0	1247	1195	1222	1214	1232	1215	1235	1261	1264	1213	1242	1244	1262	1242	1286	1280	1270	1257	1262	1298	
585.0	1203	1292	1221	1263	1273	1270	1269	1285	1297	1283	1293	1281	1330	1240	1307	1340	1259	1328	1291	1276	
586.0	1238	1294	1305	1341	1406	1364	1320	1302	1329	1305	1330	1339	1386	1364	1341	1344	1309	1350	1372	1342	
587.0	1281	1368	1379	1362	1379	1392	1377	1371	1368	1352	1437	1369	1397	1387	1372	1416	1350	1410	1405	1380	
588.0	1333	1345	1410	1435	1374	1440	1423	1435	1441	1379	1474	1381	1388	1473	1471	1428	1491	1425	1458	1431	
589.0	1375	1430	1412	1498	1415	1502	1481	1469	1464	1413	1463	1469	1475	1508	1442	1491	1503	1479	1538	1431	
590.0	1490	1510	1495	1480	1515	1517	1528	1532	1497	1485	1529	1516	1500	1548	1489	1540	1561	1557	1552	1573	
591.0	1505	1537	1437	1489	1565	1541	1571	1537	1505	1515	1543	1561	1531	1537	1577	1534	1553	1598	1579	1621	
592.0	1561	1512	1518	1500	1593	1564	1575	1579	1597	1577	1560	1610	1612	1581	1638	1601	1550	1606	1649	1605	
593.0	1587	1558	1597	1566	1607	1629	1626	1631	1604	1647	1623	1650	1628	1606	1625	1635	1659	1663	1655	1664	
594.0	1587	1584	1655	1622	1677	1596	1656	1590	1656	1670	1637	1661	1636	1651	1673	1663	1679	1652	1671	1737	
595.0	1577	1665	1685	1674	1701	1680	1701	1709	1684	1671	1698	1645	1679	1707	1712	1665	1671	1636	1679	1704	
596.0	1648	1622	1672	1715	1695	1695	1739	1711	1658	1664	1695	1715	1742	1677	1688	1745	1701	1686	1727	1705	
597.0	1632	1659	1717	1715	1707	1716	1755	1757	1737	1717	1772	1753	1774	1765	1756	1768	1690	1769	1736	1750	
598.0	1642	1705	1730	1672	1737	1732	1679	1790	1754	1758	1779	1806	1778	1789	1781	1779	1753	1784	1802	1805	
599.0	1728	1753	1760	1795	1767	1780	1778	1789	1794	1812	1763	1773	1792	1778	1769	1807	1768	1849	1802	1832	
600.0	1698	1752	1797	1765	1808	1747	1788	1795	1813	1805	1791	1805	1824	1846	1787	1806	1771	1855	1794	1792	
601.0	1740	1790	1851	1815	1786	1728	1828	1826	1789	1864	1762	1835	1785	1813	1849	1879	1825	1843	1864	1843	
602.0	1758	1738	1759	1853	1802	1718	1827	1827	1864	1826	1857	1851	1808	1813	1763	1832	1861	1873	1804	1873	
603.0	1805	1785	1757	1761	1819	1761	1814	1856	1863	1856	1869	1851	1864	1825	1806	1834	1812	1863	1882	1866	
604.0	1725	1771	1831	1808	1800	1795	1798	1872	1913	1833	1820	1885	1833	1867	1836	1846	1855	1888	1852	1881	
605.0	1741	1825	1818	1817	1859	1810	1836	1838	1812	1825	1848	1879	1807	1875	1870	1841	1876	1865	1902	1889	
606.0	1796	1795	1807	1846	1789	1766	1822	1865	1818	1851	1849	1838	1858	1869	1862	1885	1848	1852	1885	1858	
607.0	1756	1821	1781	1769	1824	1824	1856	1823	1803	1863	1862	1872	1883	1892	1812	1862	1875	1875	1927	1840	
608.0	1782	1820	1807	1806	1802	1854	1813	1805	1849	1830	1842	1862	1831	1838	1854	1900	1814	1908	1846	1872	
609.0	1771	1800	1835	1844	1820	1861	1786	1865	1884	1783	1840	1835	1875	1844	1840	1874	1889	1880	1842	1833	
610.0	1743	1781	1792	1813	1834	1868	1790	1859	1884	1850	1834	1850	1842	1822	1837	1851	1831	1846	1879	1833	
611.0	1734	1789	1810	1850	1784	1850	1820	1826	1853	1848	1827	1782	1820	1829	1800	1799	1800	1851	1805	1842	
612.0	1704	1770	1803	1780	1772	1809	1785	1805	1790	1718	1814	1795	1843	1841	1834	1845	1833	1815	1845	1861	
613.0	1687	1771	1776	1763	1801	1779	1806	1806	1785	1773	1807	1801	1818	1780	1817	1817	1749	1774	1846	1801	
614.0	1672	1760	1755	1742	1746	1750	1767	1727	1762	1748	1791	1767	1721	1788	1807	1740	1777	1771	1781	1775	
615.0	1676	1748	1725	1733	1724	1746	1760	1739	1710	1785	1749	1731	1757	1720	1809	1733	1746	1804	1783	1774	
616.0	1670	1675	1748	1710	1722	1732	1741	1741	1728	1812	1759	1770	1719	1759	1775	1710	1762	1778	1756	1779	
617.0	1683	1709	1692	1691	1717	1711	1710	1718	1710	1714	1759	1715	1698	1769	1738	1690	1768	1720	1745	1730	
618.0	1690	1672	1688	1661	1723	1696	1718	1717	1665	1696	1713	1744	1686	1683	1691	1708	1759	1714	1758	1700	
619.0	1593	1648	1693	1654	1665	1673	1671	1683	1657	1659	1694	1677	1650	1678	1662	1682	1696	1702	1701	1717	
620.0	1567	1575	1637	1643	1624	1606	1632	1652	1707	1614	1639	1654	1655	1644	1647	1634	1685	1649	1679	1694	
621.0	1561	1561	1622	1604	1596	1593	1621	1688	1659	1630	1579	1636	1638	1634	1635	1610	1696	1637	1643	1669	
622.0	1540	1564	1556	1481	1554	1567	1614	1618	1578	1582	1641	1581	1622	1559	1639	1615	1569	1608	1678	1639	
623.0	1517	1511	1522	1523	1533	1566	1529	1588	1545	1535	1608	1565	1572	1574	1574	1558	1539	1582	1564	1555	
624.0	1536	1501	1479	1522	1518	1498	1558	1530	1547	1508	1510	1533	1539	1536	1547	1528	1542	1548	1537	1587	
625.0	1502	1469	1491	1514	1475	1509	1489	1516	1541	1474	1508	1501	1522	1499	1586	1496	1527	1506	1525	1528	
626.0	1408	1448	1504	1435	1465	1420	1409	1513	1470	1489	1492	1486	1454	1436	1502	1475	1484	1479	1507	1536	
627.0	1355	1398	1444	1403	1392	1443	1392	1473	1455	1486	1447	1451	1466	1473	1442	1435	1434	1472	1453	1489	
628.0	1360	1410	1373	1369	1399	1376	1363	1422	1445	1396	1451	1387	1426	1397	1413	1410	1386	1479	1496	1437	
629.0	1351	1323	1370	1406	1365	1403	1375	1356	1403	1417	1393	1412	1399	1441	1373	1381	1352	1415	1383	1451	
630.0	1308	1327	1343	1361	1346	1347	1345	1348	1368	1379	1343	1393	1356	1358	1363	1332	1347	1372	1365	1409	
631.0	1258	1343	1292	1300	1369	1310	1328	1346	1338	1299	1319	1376	1334	1303	1327	1313	1320	1318	1350	1375	
632.0	1266	1279	1305	1274	1281	1340	1330	1334	1317	1284	1295	1314	1291	1256	1281	1268	1303	1317	1338	1336	
633.0	1229	1208	1281	1230	1246	1318	1245	1267	1251	1278	1270	1260	1298	1218	1237	1275	1249	1257	1275	1303	
634.0	1191	1217	1239	1239	1232	1191	1223	1229	1277	1209	1221	1211	1246	1311	1298	1245	1278	1217	1248	1265	
635.0	1141	1170	1197	1196	1205	1189	1198	1176	1249	1217	1181	1190	1257	1227	1226	1200	1271	1174	1263	1227	
636.0	1146	1155	1189	1164	1143	1151	1164	1179	1169	1224	1098	1150	1203	1139	1196	1156	1213	1202	1166	1189	
637.0	1119	1104	1160	1097	1123	1104	1156	1155	1128	1170	1138	1167	1179	1140	1180	1140	1132	1132	1178	1163	
638.0	1092	1098	1136	1119	1133	1143	1110	1133	1110	1122	1127	1121	1144	1133	1141	1126	1099	1105	1137	1154	
639.0	1074	1086	1127	1086	1058	1117	1068	1089	1083	1066	1056	1089	1070	1096	1152	1109	1087	1051	1095	1124	
640.0	1023	1068	1087	1084	1040	1086	1061	1056	1059	1065	1060	1039	1065	1071	1107	1113	1072	1079	1115	1098	
641.0	1014	1009	1077	1036	1038	1039	1060	1028	1043	1041	1046	1036	1014	1046	1084	1047	1063	1070	1059	1064	
642.0	1022	966.7	1018	1007	1009	1011	1037	1034	1052	1012	1032	1020	975.7	1032	1064	1041	1060	1034	1027	1027	
643.0	1002	1011	1020	1022	989.0	998.7	983.3	1009	1027	1021	976.0	985.9	1022	1023	1023	1006	1014	992.8	1016	1006	
644.0	949.0	931.7	1005	970.6	997.3	935.7	969.8	946.3	977.3	1007	995.1	981.1	968.0	987.8	990.0	978.3	977.0	988.4	970.8	958.8	
645.0	915.0	946.1	952.9	935.8	984.1	942.8	943.1	960.0	969.1	966.4	982.6	961.1	921.5	974.3	947.3	944.9	973.8	949.4	993.5	961.3	
646.0	901.5	911.7	902.4	968.3	982.3	911.1	901.6	933.4	930.6	938.6	940.1	952.9	920.7	936.8	934.1	945.9	956.8	947.5	949.7	978.6	
647.0	886.5	896.9	901.1	926.9	907.0	919.1	906.7	910.6	912.2	964.5	908.7	922.1	916.6	933.9	917.4	906.2	925.3	947.9	922.9	884.0	
648.0	876.2	851.4	881.2	892.5	876.1	882.8	895.6	873.0	884.7	940.0	915.3	903.1	852.2	895.4	911.0	895.9	880.1	879.7	940.1	885.7	
649.0	848.1	842.1	864.3	844.5	856.8	875.7	875.8	886.1	853.1	903.5	856.1	879.9	879.4	848.9	914.4	909.0	890.9	858.0	889.8	910.0	
650.0	811.7	816.5	867.3	848.6	812.1	849.2	876.2	841.3	846.9	869.4	846.5	859.3	842.2	875.9	871.2	866.4	871.3	865.3	853.6	872.4	
651.0	800.9	836.0	846.9	841.4	802.8	856.9	853.4	828.1	837.0	840.0	829.6	855.3	834.8	820.5	840.3	843.7	843.7	845.6	838.8	836.4	
652.0	783.9	818.7	826.5	797.1	804.0	822.4	834.1	818.9	810.2	801.6	816.5	834.1	831.0	812.3	827.8	820.2	822.2	842.6	822.1	840.0	
653.0	791.5	804.7	797.5	823.7	795.4	816.9	781.5	809.5	789.6	780.3	813.4	796.1	794.9	789.7	808.7	795.0	807.8	814.4	793.9	833.2	
654.0	797.2	751.3	756.9	757.4	793.7	788.5	781.2	794.3	747.9	789.7	789.4	781.7	794.4	788.4	785.3	778.1	782.8	784.8	778.0	803.3	
655.0	735.5	735.4	752.9	733.0	773.7	768.4	771.7	784.5	747.6	764.0	774.4	741.9	768.3	789.9	794.0	767.0	765.8	782.2	791.8	749.4	
656.0	723.0	749.1	728.5	742.4	750.2	748.5	744.1	741.7	727.2	776.1	778.8	729.3	740.8	752.4	766.9	742.5	746.1	715.4	772.5	722.2	
657.0	701.6	728.1	706.4	707.1	704.7	716.6	745.6	722.9	738.4	738.5	736.6	717.9	714.1	726.2	745.5	740.8	726.2	724.4	724.1	732.0	
658.0	675.0	707.4	703.0	710.1	713.8	703.0	727.3	725.4	713.0	709.0	716.6	711.3	725.0	729.6	704.8	718.2	707.3	682.8	698.8	711.2	
659.0	674.9	696.0	716.0	716.5	664.6	671.5	696.4	724.7	711.2	680.9	703.8	692.0	690.2	710.5	694.1	702.7	690.0	708.5	701.9	726.4	
660.0	664.7	666.9	696.4	690.3	654.6	670.9	666.9	690.0	669.5	680.2	681.3	670.9	687.6	659.9	694.4	699.6	706.0	645.9	730.6	677.3	
661.0	661.3	657.8	681.7	676.2	638.4	678.0	667.8	658.7	654.7	646.9	661.6	655.2	666.3	685.1	656.9	666.9	682.6	650.1	675.1	662.9	
662.0	629.1	627.6	659.1	643.8	632.1	641.6	631.2	649.1	650.5	640.2	645.7	648.4	664.8	663.5	659.3	649.2	653.8	643.2	668.2	651.7	
663.0	614.1	631.1	625.3	629.1	603.8	629.0	642.0	628.6	636.7	618.4	638.0	644.5	641.5	622.5	621.2	640.1	647.0	626.6	648.6	626.0	
664.0	628.8	605.8	621.1	606.3	613.8	601.8	623.3	608.3	622.1	590.5	614.6	614.1	630.8	629.9	635.1	606.4	611.3	635.0	643.6	630.7	
665.0	596.4	610.5	601.6	588.0	613.5	594.0	610.9	594.9	595.7	614.4	592.7	603.3	600.5	622.8	594.7	611.8	601.6	606.9	624.7	609.1	
666.0	583.2	606.7	595.0	603.6	584.7	590.6	590.0	575.2	585.1	637.6	572.8	590.8	587.1	592.6	575.3	595.7	594.6	573.4	601.4	590.8	
667.0	544.6	566.3	557.9	538.8	562.6	560.0	581.3	574.0	569.0	598.8	571.3	572.1	563.3	561.5	561.9	571.2	591.0	577.4	581.5	589.7	
668.0	548.5	551.9	544.3	549.6	567.2	534.4	556.0	575.3	551.7	572.0	565.1	562.5	560.3	572.4	558.0	556.5	572.2	568.0	572.2	558.6	
669.0	516.8	548.5	547.4	527.5	551.4	549.8	526.2	541.3	567.0	564.6	547.7	562.1	555.5	547.5	552.4	551.1	548.4	538.7	545.4	558.3	
670.0	506.8	518.8	536.8	524.9	528.4	503.5	523.9	531.9	541.6	518.6	529.9	536.6	537.0	526.4	544.7	549.6	536.8	532.0	549.7	554.9	
671.0	489.4	488.5	508.4	508.8	522.8	505.8	552.3	525.4	536.8	514.3	505.9	509.6	508.6	503.2	522.2	547.1	525.0	531.0	527.1	548.3	
672.0	497.0	461.8	493.3	492.1	508.7	512.5	505.3	506.8	513.7	505.8	502.2	485.8	510.6	485.2	517.7	502.0	503.1	495.2	511.3	519.5	
673.0	487.6	461.4	492.1	484.1	483.3	496.9	481.1	492.8	500.6	501.6	484.2	509.7	500.4	488.2	513.9	502.1	493.7	467.0	507.9	477.4	
674.0	447.8	444.6	450.7	484.5	458.9	466.2	475.7	471.1	463.8	477.3	484.6	508.2	490.8	481.7	494.6	469.5	466.1	474.1	487.1	462.0	
675.0	440.6	488.0	450.5	451.8	456.9	461.3	450.3	463.2	475.4	475.3	462.0	469.8	485.6	462.1	472.2	456.8	459.9	469.6	472.1	479.5	
676.0	434.7	456.8	455.7	424.0	447.0	418.2	441.2	453.8	450.7	447.7	466.6	463.7	458.5	460.9	456.7	475.4	448.8	449.8	427.4	463.5	
677.0	418.5	408.6	439.4	422.9	437.9	416.9	438.7	431.0	443.3	432.6	442.0	445.4	437.1	438.1	446.9	445.7	452.6	451.0	446.9	444.0	
678.0	406.8	417.7	435.1	408.9	409.0	420.2	420.4	414.0	423.2	403.3	401.2	427.7	431.5	420.9	432.4	424.9	422.3	413.8	414.1	422.4	
679.0	368.2	403.8	409.3	396.8	399.5	432.8	419.2	407.3	420.4	402.6	395.1	436.2	404.0	411.5	401.1	420.8	393.9	423.0	417.0	404.4	
680.0	374.4	390.1	397.4	391.7	397.0	405.9	391.4	389.0	403.7	408.3	387.3	402.5	396.4	409.0	399.4	405.1	416.0	401.8	415.0	383.9	
681.0	390.3	377.4	386.3	368.0	397.9	383.7	375.5	369.3	388.3	396.5	376.5	413.3	382.9	398.7	395.0	403.5	387.3	396.1	390.4	391.4	
682.0	355.0	370.5	381.3	377.5	359.5	367.5	358.0	373.5	368.5	374.4	382.0	397.7	385.4	387.6	369.5	377.9	372.7	373.1	375.8	375.5	
683.0	329.8	340.2	357.1	363.1	354.8	362.9	370.1	372.2	361.8	348.5	358.0	376.6	347.1	373.6	349.1	380.0	359.2	373.6	364.4	381.1	
684.0	324.9	332.2	345.4	352.3	344.1	343.3	370.9	356.2	349.1	333.6	342.0	355.8	348.1	342.0	349.3	365.5	361.6	348.0	353.4	363.4	
685.0	333.1	329.2	343.6	335.8	330.1	327.6	326.6	328.1	338.8	334.2	345.6	334.5	345.0	336.6	320.3	337.6	332.6	327.0	343.7	343.4	
686.0	318.9	326.4	315.7	336.7	323.4	320.3	313.0	327.9	310.6	327.6	327.2	319.5	342.7	332.6	322.4	314.5	317.1	330.4	330.3	335.1	
687.0	317.2	294.6	298.7	306.0	300.4	328.9	302.0	325.9	305.3	313.8	333.0	307.7	306.4	328.7	316.4	310.5	307.9	307.9	313.9	326.3	
688.0	293.5	295.0	294.5	323.0	312.9	284.4	291.1	296.9	304.9	304.3	301.1	322.8	296.6	290.2	298.1	311.1	316.4	300.5	312.8	303.7	
689.0	284.2	300.6	291.0	273.2	285.3	288.8	295.4	287.8	276.8	292.7	301.6	295.4	299.3	304.3	297.1	293.9	300.0	313.6	290.9	299.9	
690.0	286.2	281.5	273.0	276.3	294.6	277.7	285.9	286.8	294.0	294.4	269.1	294.0	272.2	288.3	299.7	301.6	284.7	300.8	293.9	281.1	
691.0	268.5	262.5	283.4	275.3	276.2	276.6	279.4	267.6	281.7	286.1	275.3	260.6	270.2	287.1	277.3	278.0	287.2	284.3	284.6	281.8	
692.0	254.7	265.4	259.0	268.8	266.2	258.1	270.6	263.4	259.0	255.3	279.3	270.1	265.4	283.3	267.0	243.5	263.4	265.7	267.7	267.4	
693.0	247.4	239.5	256.7	254.2	245.3	265.3	267.5	256.5	262.1	254.4	263.1	250.1	260.6	258.9	275.1	254.3	268.0	245.9	268.5	278.3	
694.0	245.2	239.7	240.3	222.6	232.8	235.8	234.2	246.0	259.4	256.0	244.4	231.8	232.4	251.9	254.4	241.8	253.9	255.4	241.3	252.9	
695.0	216.6	246.0	241.3	233.5	230.8	237.5	226.5	245.9	238.6	230.9	232.2	244.0	232.6	248.1	235.5	267.2	241.7	248.7	258.5	242.9	
696.0	229.2	234.3	239.4	223.5	226.0	237.2	243.7	224.9	225.9	219.7	243.7	240.2	228.8	232.6	235.5	253.7	246.3	239.4	242.2	233.0	
697.0	231.9	215.9	230.1	203.0	223.4	216.6	223.7	224.2	220.3	217.4	221.1	218.1	225.5	230.2	231.0	242.9	222.2	215.1	225.4	226.2	
698.0	233.2	213.4	228.7	216.3	223.7	215.0	223.9	211.6	222.9	206.8	214.6	224.5	218.6	220.8	223.2	222.5	219.4	215.6	235.2	216.8	
699.0	210.5	206.3	208.0	217.0	211.3	207.8	210.7	223.6	205.0	195.2	208.6	222.7	222.9	215.1	216.3	218.3	215.0	219.4	213.1	218.4	
700.0	213.0	194.3	202.0	210.2	210.0	205.5	207.2	200.7	199.4	202.9	200.1	224.0	217.5	213.2	196.7	205.8	218.4	200.3	211.0	211.6	
701.0	190.6	192.8	195.6	206.0	187.9	183.7	180.4	199.1	214.6	189.4	187.0	184.7	202.5	213.1	188.1	192.9	196.6	185.1	216.7	202.7	
702.0	206.7	184.3	182.6	189.0	205.0	189.8	186.1	184.5	190.8	188.3	183.7	186.7	185.2	208.5	197.7	191.1	201.4	199.4	203.5	186.3	
703.0	188.4	184.0	182.9	185.0	189.0	177.1	177.0	174.5	183.0	191.4	191.2	181.2	179.2	185.0	187.7	196.6	180.7	184.1	185.3	190.8	
704.0	178.7	161.9	177.5	167.3	179.7	180.0	161.1	178.9	171.3	172.4	183.5	174.1	187.0	173.9	188.2	180.0	181.2	178.2	184.7	191.5	
705.0	166.1	176.8	182.9	183.2	175.2	183.5	160.7	171.9	179.8	179.4	179.4	177.8	179.2	172.8	174.3	179.5	168.4	173.1	177.1	186.8	
706.0	167.6	166.4	158.4	166.3	158.7	176.4	162.7	184.3	167.9	162.1	177.2	173.5	168.6	170.1	165.9	173.3	178.2	160.6	169.8	163.4	
707.0	157.7	172.7	159.5	172.2	153.7	174.4	159.8	166.8	161.9	166.6	159.8	176.5	159.7	159.7	158.8	174.5	171.6	158.6	152.9	179.1	
708.0	149.2	149.0	148.2	157.1	160.4	164.7	146.9	160.4	158.8	150.1	165.2	161.3	149.3	160.1	173.7	167.6	174.1	169.6	148.1	161.3	
709.0	141.5	130.0	148.9	161.8	153.8	158.1	139.9	159.7	157.5	139.6	162.4	159.5	149.2	155.8	155.1	156.3	168.3	155.0	160.0	149.6	
710.0	142.0	142.8	152.3	141.8	143.9	149.2	140.0	152.2	145.7	138.2	157.0	141.7	156.4	150.5	137.7	142.4	159.9	132.2	160.2	144.2	
711.0	127.5	148.7	150.6	137.1	149.5	137.2	147.4	140.9	131.9	145.1	143.5	146.5	142.2	140.4	152.5	154.2	144.8	140.9	142.4	142.5	
712.0	121.4	143.4	155.1	133.1	147.0	127.8	150.8	135.8	134.5	150.0	140.0	137.1	141.9	129.5	138.9	146.5	132.8	135.8	144.1	139.1	
713.0	131.3	131.5	135.7	128.9	140.6	129.8	135.9	130.1	133.9	134.8	129.4	133.5	128.8	127.5	132.7	130.0	129.2	139.5	135.9	134.9	
714.0	119.5	131.0	129.8	126.6	132.4	132.0	132.5	129.1	131.5	123.3	119.1	130.2	135.7	139.7	137.3	136.4	147.3	140.3	127.7	119.1	
715.0	118.2	116.9	122.9	120.8	118.7	128.2	123.9	116.7	133.2	121.9	132.9	146.0	132.3	117.3	132.4	131.2	123.6	123.0	135.1	120.2	
716.0	123.2	126.2	122.9	119.2	123.4	120.8	114.2	130.1	127.9	122.3	129.3	126.3	119.1	126.3	133.0	125.5	123.9	129.6	130.4	119.1	
717.0	107.8	123.7	107.1	113.4	111.1	114.0	108.1	113.0	122.1	124.2	119.3	110.3	128.0	126.3	125.5	123.0	124.6	117.3	114.1	119.6	
718.0	125.4	108.5	114.8	114.9	113.9	110.7	111.3	116.0	126.7	122.1	109.8	113.2	113.0	115.2	124.4	123.5	117.5	112.3	105.0	122.7	
719.0	98.01	94.59	112.6	104.7	108.7	106.1	97.27	115.9	102.2	103.2	100.2	106.3	96.35	111.0	110.4	107.7	101.2	117.1	109.0	99.15	
720.0	111.1	88.57	100.5	94.36	98.67	107.0	109.3	108.3	104.6	113.4	109.5	117.9	106.4	103.8	95.24	112.6	107.3	115.2	104.8	90.41	
721.0	96.25	95.16	107.5	90.88	109.5	110.1	99.25	102.6	98.68	103.7	95.72	99.30	87.36	100.3	98.46	95.33	101.2	95.27	101.7	117.6	
722.0	94.94	96.97	99.20	107.0	99.23	94.63	98.13	92.68	93.98	103.8	97.21	99.07	98.29	97.45	96.39	93.26	101.3	98.49	110.8	96.41	
723.0	90.05	88.96	100.3	101.9	98.14	85.71	89.00	89.55	92.48	100.3	99.61	101.7	102.8	91.10	96.69	93.19	96.56	98.81	96.70	87.12	
724.0	94.85	94.88	84.91	85.08	82.11	95.35	90.41	92.53	89.16	94.52	92.72	96.41	92.70	88.35	97.73	86.25	89.60	93.35	78.64	84.16	
725.0	95.30	92.36	77.16	78.86	80.93	82.41	80.79	89.00	84.64	81.05	84.51	85.57	84.61	82.12	92.35	84.42	93.04	86.87	89.17	79.29	
726.0	83.90	87.72	81.77	72.72	91.95	76.32	79.49	83.80	81.22	77.54	83.27	85.89	86.04	79.19	88.38	79.54	83.33	81.98	82.29	87.78	
727.0	79.47	86.50	80.55	72.85	91.63	78.46	86.47	79.24	83.54	70.63	85.35	82.38	79.96	74.00	72.89	78.15	76.99	78.17	85.94	77.77	
728.0	74.16	79.60	82.08	79.78	81.17	78.88	79.42	78.35	81.74	77.75	77.31	72.82	77.50	81.69	77.34	82.28	74.73	77.05	79.95	83.19	
729.0	80.27	66.75	70.52	82.46	79.69	62.47	72.69	72.21	71.36	78.94	79.28	77.14	72.56	78.18	79.42	72.72	83.55	81.21	74.44	80.98	
730.0	70.87	69.53	71.93	68.14	66.16	71.85	77.43	64.41	74.14	79.74	80.04	62.44	71.10	74.20	80.66	71.24	74.30	74.80	72.25	78.49	
731.0	71.64	69.27	65.96	64.00	73.49	78.11	61.79	69.18	73.70	70.84	65.82	58.47	68.68	77.45	73.04	67.32	73.64	75.58	63.15	71.70	
732.0	66.34	60.33	65.65	62.92	66.75	67.09	59.66	69.84	70.86	67.99	66.74	74.43	65.64	69.69	62.65	62.33	66.37	71.46	66.90	70.46	
733.0	63.99	65.46	70.64	69.54	71.57	67.81	71.52	70.06	62.90	60.57	61.01	60.11	63.28	64.66	71.87	60.00	65.60	60.57	62.27	56.36	
734.0	61.66	59.82	53.91	60.33	60.74	65.61	65.77	63.82	56.94	60.30	51.62	63.03	62.20	65.84	64.13	59.58	69.57	61.27	70.26	51.00	
735.0	56.05	53.98	73.59	58.54	56.80	57.88	63.04	57.09	55.40	50.69	61.67	60.01	68.09	61.06	54.92	59.61	63.99	59.74	60.78	59.36	
736.0	62.48	59.77	60.27	61.61	49.95	52.68	55.45	54.21	54.81	55.63	64.29	64.01	54.90	63.77	67.81	65.04	61.57	54.37	56.46	65.86	
737.0	52.94	63.38	54.18	44.94	58.94	49.06	52.43	56.18	52.28	55.20	65.60	60.79	58.30	58.45	55.55	50.11	60.72	55.88	57.45	59.86	
738.0	41.13	56.12	57.75	58.33	64.24	52.84	58.48	56.67	58.63	57.08	56.05	56.72	49.00	56.83	61.31	48.39	52.69	53.85	55.83	56.38	
739.0	49.40	47.74	55.47	48.59	52.95	47.34	55.80	55.46	54.87	52.79	49.04	52.03	51.31	58.59	58.40	46.91	46.78	48.91	52.24	53.10	
740.0	51.50	46.84	42.83	50.52	45.99	51.67	45.40	40.33	51.94	45.84	52.64	45.11	46.94	48.67	56.16	58.74	57.09	45.30	53.19	50.33	
741.0	48.06	54.34	45.74	48.14	37.97	58.84	49.50	45.48	42.09	52.18	59.02	43.18	47.25	53.84	49.73	46.92	45.60	45.87	45.33	52.06	
742.0	44.42	39.53	43.75	44.94	49.74	47.73	45.84	47.94	37.81	48.46	49.27	45.93	51.68	53.85	42.49	48.37	42.95	46.70	45.44	43.78	
743.0	39.22	42.79	40.61	47.09	42.73	48.25	39.13	37.27	44.48	45.46	49.87	42.28	44.30	44.67	38.26	38.68	45.08	46.32	54.35	47.33	
744.0	38.35	44.01	44.65	41.25	37.87	36.93	43.11	39.89	44.31	43.01	41.24	37.55	49.76	41.19	45.02	38.05	43.28	45.64	43.53	48.49	
745.0	43.86	45.63	44.12	39.66	40.27	42.53	36.62	44.58	48.16	37.08	41.48	35.44	44.64	40.95	40.30	41.05	45.22	40.62	40.93	40.80	
746.0	36.21	38.92	42.28	41.15	31.36	46.32	36.08	40.05	38.09	34.75	38.25	36.85	36.98	39.21	33.23	35.94	41.56	37.51	36.82	33.16	
747.0	35.20	34.74	38.27	39.13	45.58	39.07	35.29	34.07	36.19	38.23	36.95	37.52	34.51	43.20	37.37	36.07	37.13	39.40	34.58	43.33	
748.0	35.65	31.37	29.05	31.64	38.23	36.91	44.30	38.61	31.45	38.51	39.38	34.89	28.41	40.43	37.19	32.39	32.62	34.00	36.64	31.62	
749.0	35.63	30.82	36.64	32.54	35.38	36.96	35.94	31.72	29.86	31.85	28.49	33.13	36.84	46.44	38.23	28.17	33.92	36.47	40.67	33.23	
750.0	34.87	30.20	34.99	35.98	37.43	33.84	31.22	38.04	35.08	36.03	32.43	32.19	33.78	41.08	38.58	32.59	41.34	35.95	28.87	38.42	
751.0	31.76	29.21	33.10	36.14	31.66	39.87	30.32	34.23	29.49	27.36	28.72	26.32	27.85	31.87	28.31	33.89	35.29	29.73	33.70	31.18	
752.0	31.97	31.77	32.19	35.26	27.03	29.45	34.43	36.95	34.18	32.01	26.18	29.05	39.20	29.21	30.21	30.01	28.20	27.44	29.88	32.05	
753.0	32.99	32.79	29.99	30.60	25.95	30.99	25.90	39.75	34.04	29.43	27.46	28.82	33.46	33.61	27.80	25.81	31.83	36.52	30.66	35.68	
754.0	37.43	29.57	33.07	31.30	24.06	33.46	30.43	28.84	28.83	28.38	30.81	24.19	25.04	29.29	29.10	28.14	28.46	25.83	23.63	38.83	
755.0	31.36	26.29	33.91	31.75	26.71	29.46	24.88	31.42	34.02	28.88	26.83	24.90	29.45	24.61	29.77	30.76	24.53	26.25	30.41	35.77	
756.0	30.43	28.48	23.82	33.36	25.91	29.10	22.95	29.48	28.90	28.66	21.87	23.74	21.93	25.20	23.87	30.55	24.54	28.23	26.86	32.28	
757.0	34.07	24.98	24.05	26.73	21.76	23.24	22.40	22.26	25.42	21.90	28.24	25.00	25.92	27.09	22.34	26.13	25.39	27.68	25.73	30.05	
758.0	28.98	18.29	21.75	29.25	24.57	21.32	32.63	26.28	24.60	30.15	21.07	27.57	28.13	26.11	26.02	27.02	31.33	28.19	29.85	26.18	
759.0	24.12	18.17	21.05	23.46	27.77	26.11	24.92	21.41	21.15	23.00	22.07	28.26	26.17	22.44	25.80	26.44	17.34	23.35	29.58	22.00	
760.0	29.42	17.68	24.95	24.73	33.31	18.84	28.85	25.16	18.74	29.08	30.47	28.69	22.21	26.51	23.79	18.77	20.37	23.98	19.56	25.01	
761.0	18.89	19.04	20.52	24.94	21.18	25.20	21.43	28.92	18.79	27.58	24.72	25.92	21.86	18.44	27.42	19.47	20.97	20.19	22.96	21.03	
762.0	20.97	22.09	23.73	23.75	14.39	20.37	16.55	20.94	19.44	21.99	18.70	21.89	20.37	31.01	17.91	23.07	21.58	21.87	21.44	21.91	
763.0	23.52	22.25	17.55	24.50	20.45	21.93	19.94	21.30	20.82	18.05	21.24	22.76	19.88	25.30	18.17	23.86	18.46	17.09	18.81	26.89	
764.0	26.02	18.38	21.46	21.61	21.67	14.89	24.20	24.65	25.06	20.88	18.21	21.64	17.73	26.40	16.47	19.13	16.11	17.65	20.11	25.07	
765.0	17.31	20.94	18.03	19.37	18.50	17.51	19.26	22.05	26.63	21.84	19.93	14.83	18.83	20.93	15.30	25.71	20.05	19.44	20.09	19.69	
766.0	16.57	18.49	18.90	23.63	13.95	18.61	19.44	19.01	17.57	15.53	20.12	21.74	18.40	16.41	14.64	20.38	17.69	18.70	20.98	13.72	
767.0	20.33	14.82	14.43	20.79	12.64	15.72	23.90	16.91	22.34	20.21	15.42	19.64	19.54	17.29	18.07	22.18	17.24	19.63	18.68	19.08	
768.0	15.55	16.15	15.44	18.26	11.41	21.92	16.37	16.13	21.80	20.88	16.92	15.22	21.50	19.79	19.83	16.46	16.69	21.73	19.00	17.37	
769.0	9.970	23.13	20.50	14.78	15.10	18.80	13.35	12.88	19.37	13.00	17.90	12.74	17.85	13.71	21.39	13.49	18.00	12.72	12.21	16.66	
770.0	12.95	13.14	15.66	13.02	21.74	13.23	12.32	17.67	17.99	15.23	16.91	14.04	18.70	21.64	16.64	17.19	21.65	20.58	23.20	11.43	
771.0	15.66	10.51	21.96	15.53	22.48	18.98	13.27	14.21	14.62	11.62	13.96	16.06	18.73	12.60	14.77	17.15	16.85	15.66	16.46	13.18	
772.0	18.23	8.286	16.05	18.12	15.07	12.12	14.82	18.59	15.69	18.60	17.45	15.99	19.15	19.17	15.32	15.66	14.94	14.72	14.14	10.43	
773.0	14.67	15.32	17.07	14.20	14.35	10.55	18.78	18.80	20.65	16.80	13.52	16.73	14.56	15.75	16.40	16.30	14.67	17.89	17.46	15.92	
774.0	11.66	11.16	13.13	10.78	11.85	10.84	11.65	13.98	12.85	17.30	11.85	16.85	13.85	8.697	14.20	12.96	15.79	16.84	15.90	11.49	
775.0	10.95	16.21	16.56	14.02	12.80	13.10	16.42	9.805	12.53	18.10	13.23	14.93	12.13	11.66	9.257	10.23	8.848	16.38	14.33	17.08	
776.0	11.11	14.60	15.92	7.889	7.432	12.76	7.951	9.366	14.25	10.91	8.623	13.31	13.33	10.23	13.02	9.907	11.42	16.50	14.20	15.89	
777.0	14.35	9.499	14.33	16.76	12.96	10.67	17.48	13.31	8.692	12.54	14.12	10.91	13.58	12.28	11.90	11.82	11.29	13.18	12.14	16.02	
778.0	7.017	15.29	9.694	8.619	8.971	14.69	12.33	11.62	12.18	16.30	9.628	8.169	15.57	16.46	15.99	6.027	8.395	13.88	10.90	14.04	
779.0	9.232	12.01	13.65	10.20	10.46	11.07	11.08	8.829	7.687	6.715	12.29	11.53	15.23	7.357	12.38	14.12	10.59	10.55	13.47	8.070	
780.0	6.201	9.706	10.17	14.19	11.53	8.488	14.13	7.546	10.75	12.10	13.70	8.963	17.16	8.446	11.23	11.65	8.399	17.67	14.74	10.75	
781.0	7.001	6.788	12.15	8.760	8.959	10.86	14.58	11.23	13.70	13.11	13.52	12.15	8.859	9.221	10.32	10.16	8.343	12.92	16.43	6.417	
782.0	7.511	8.600	8.183	14.09	10.09	10.33	10.86	13.18	10.90	12.57	18.17	9.908	9.704	10.97	16.22	11.50	10.58	11.48	12.94	4.358	
783.0	9.870	10.50	7.379	11.02	6.759	6.601	5.875	9.410	13.89	8.287	7.383	7.305	5.631	11.22	13.44	11.02	9.758	12.33	13.95	10.17	
784.0	8.933	11.70	8.926	11.14	8.641	10.21	9.429	13.74	7.745	9.808	10.62	7.418	1.984	9.844	7.612	11.58	11.99	5.197	7.192	11.63	
785.0	4.894	5.308	4.755	4.042	8.099	7.378	10.12	7.139	10.93	11.15	9.581	7.835	11.23	7.582	11.90	11.47	7.669	8.571	9.227	5.815	
786.0	10.51	10.49	7.630	13.17	5.589	12.80	12.66	8.307	11.81	7.818	6.407	7.719	8.351	10.13	6.115	8.424	10.58	10.31	9.804	10.68	
787.0	11.69	5.778	12.55	10.32	9.516	8.327	10.63	5.770	11.85	8.801	5.255	8.822	5.342	11.18	10.18	5.667	12.53	5.106	15.47	12.44	
788.0	10.93	8.554	8.849	10.51	6.983	10.11	9.419	10.39	5.510	9.911	12.75	9.144	8.740	11.43	9.103	12.68	7.093	9.218	9.051	7.631	
789.0	7.734	9.935	7.038	4.420	8.266	7.490	10.86	6.477	6.697	9.566	6.741	7.730	14.30	9.922	8.091	12.67	7.283	8.482	9.873	10.25	
790.0	6.072	10.96	4.872	8.272	5.256	6.879	13.71	10.11	7.649	11.66	6.868	6.606	7.209	9.845	5.814	9.486	9.486	6.346	9.715	9.085	
791.0	9.700	7.781	2.130	5.434	7.725	5.679	9.708	10.61	8.345	8.828	11.70	9.670	8.510	13.73	7.305	5.531	8.430	13.07	9.367	6.695	
792.0	7.059	9.578	4.775	8.913	8.688	1.663	3.090	8.421	10.49	8.782	8.475	13.14	8.414	6.122	6.558	2.947	7.788	8.591	11.39	6.103	
793.0	6.252	10.20	4.022	9.135	4.949	8.228	5.506	10.23	7.209	10.57	16.13	9.401	10.91	5.862	8.607	5.781	12.41	7.938	8.981	8.657	
794.0	7.873	10.67	10.11	4.263	9.043	9.959	7.828	11.41	13.05	11.35	5.361	7.908	4.814	5.497	5.453	6.533	7.535	8.671	10.37	6.209	
795.0	7.935	4.926	4.783	4.917	3.189	7.658	10.89	2.102	10.26	12.37	5.425	4.646	3.075	8.618	4.157	7.437	5.876	9.648	5.739	8.768	
796.0	8.002	7.935	4.644	8.807	8.244	9.436	4.329	8.327	5.134	8.805	4.116	8.066	-0.488	9.103	7.918	5.297	3.369	3.236	7.183	6.373	
797.0	4.019	8.647	9.214	5.610	6.431	6.931	4.039	5.936	6.865	6.515	6.052	6.586	7.548	6.214	4.671	7.475	8.584	5.095	4.186	4.842	
798.0	7.119	7.989	4.679	14.38	3.661	6.725	6.136	8.428	7.234	3.419	7.051	6.651	6.067	8.281	10.54	6.906	4.560	12.56	9.795	7.089	
799.0	3.373	8.153	1.597	9.607	4.411	4.249	6.349	8.566	7.807	15.37	7.885	5.274	6.434	10.77	7.111	7.735	2.306	10.08	8.294	6.078	
800.0	10.26	4.896	4.627	7.094	5.426	6.919	8.564	8.840	10.34	6.656	8.067	8.247	5.068	3.609	10.11	5.091	5.317	8.493	11.63	8.398	
