Wavelength	Smoothed_1	Smoothed_2	Smoothed_3	Smoothed_4	Smoothed_5	Smoothed_6	Smoothed_7	Smoothed_8	Smoothed_9	Smoothed_10	Smoothed_11	Smoothed_12	Smoothed_13	Smoothed_14	Smoothed_15	Smoothed_16	Smoothed_17	Smoothed_18	Smoothed_19	Smoothed_20
475.000000	45.059790	37.030909	35.040559	41.048042	33.986993	32.314755	37.504126	33.996713	38.613706	37.869650	33.531748	39.443497	38.550699	43.002797	34.000420	36.130490	35.873566	34.660420	30.905734	37.992797
476.000000	41.359231	38.028112	37.424266	40.029580	36.160839	36.264266	36.723147	35.320979	38.018252	37.297273	35.406364	39.527762	36.576434	40.571818	36.507622	36.949510	35.966434	37.473147	33.866853	37.394965
477.000000	39.517576	39.233660	39.266131	39.552797	38.065944	39.151259	37.144802	36.601818	38.378648	37.222098	37.142844	39.910373	36.589720	39.362914	38.331305	38.380862	36.447669	39.355828	36.420280	37.518228
478.000000	39.230443	40.666876	40.771469	39.633601	39.835956	41.250886	38.537890	37.946585	39.510361	37.698811	38.827156	40.637086	38.156410	39.233753	39.725105	40.296375	37.358613	40.627016	38.694755	38.295221
479.000000	40.193450	42.347086	42.145594	40.287902	41.604522	42.838298	40.671212	39.462634	41.228858	38.782098	40.545268	41.753660	40.842354	40.042005	40.942657	42.567879	38.740606	41.605268	40.819021	39.658578
480.000000	42.102214	44.293613	43.593823	41.531608	43.505291	44.188648	43.313566	41.257319	43.349604	40.526643	42.383147	43.305851	44.213403	41.645338	42.237599	45.067203	40.634988	42.609138	42.921818	41.540932
481.000000	44.694825	46.857716	45.371958	43.451515	46.001422	45.360536	45.285571	44.170699	45.366340	43.566970	44.315221	45.790746	47.240373	43.851119	44.509207	47.142797	44.034709	44.002378	45.160862	43.988765
482.000000	47.092051	49.125315	48.047949	45.894033	48.643683	47.364382	48.751469	46.754499	47.358741	46.982471	46.896550	48.483403	50.238228	46.543823	46.658159	49.709510	46.046434	46.595804	48.408112	46.382704
483.000000	49.276480	51.664219	50.834172	49.276434	51.780979	50.310653	52.163497	49.062494	50.057436	50.258275	50.342587	51.194942	52.940466	49.718718	49.465991	52.692051	49.394382	50.386573	50.793193	49.144988
484.000000	52.663217	54.322308	54.870513	52.452308	55.032844	53.359837	54.941142	52.007296	52.398904	53.950699	52.889021	54.288042	55.236177	52.958834	53.441305	55.385664	52.955897	54.677576	53.478811	53.435221
485.000000	56.432867	57.552448	59.808275	56.865152	58.569534	57.521841	57.969184	55.538065	55.084988	58.376573	56.636457	58.936923	58.206830	56.816783	57.357786	58.288462	57.528252	58.370723	56.291841	57.315594
486.000000	61.167343	61.085874	62.862587	61.615478	62.791538	61.559720	60.676527	59.735245	59.614615	62.819091	60.161445	63.027319	61.523590	60.526620	60.896270	63.201002	61.361235	61.884895	60.462331	60.978904
487.000000	65.314685	64.669953	67.032541	66.598788	66.847366	66.204476	63.967296	63.937925	64.490699	67.556550	64.274312	66.287179	65.525944	64.700070	65.757040	67.130140	64.831469	65.103893	64.115921	64.342914
488.000000	70.806923	68.909021	71.502098	71.127972	70.358275	70.003030	67.923403	68.622378	69.771772	71.939044	67.816923	70.386807	69.663963	69.005455	69.769347	71.041142	69.294592	67.925455	68.536037	68.540210
489.000000	75.625152	73.769860	75.686387	75.718904	74.670186	74.111026	72.149068	72.750583	74.886340	75.962424	72.787739	74.682214	73.980653	74.629837	73.863683	75.095012	73.331189	72.331655	73.143869	73.237040
490.000000	80.830909	79.406014	80.032075	79.788485	78.913916	78.340676	76.813147	77.675082	78.838695	80.373846	76.582681	78.180979	79.502914	79.634709	78.634009	80.085012	77.972261	76.344149	77.286061	77.733800
491.000000	85.300140	85.499837	84.711072	85.489044	82.987249	83.581748	81.739697	83.089277	82.839441	85.374732	81.937016	83.325431	84.390979	84.406084	83.517762	84.438298	83.017669	81.455548	82.657879	82.206923
492.000000	89.743566	90.538555	88.582704	90.536900	88.640396	87.899650	87.500326	88.249021	87.407319	89.700093	87.250769	87.322471	88.791725	89.567716	88.191235	89.866783	87.108392	87.315408	88.255012	86.519441
493.000000	94.116597	96.255944	92.942098	96.014103	93.466923	92.977179	94.053100	93.588182	91.671911	92.756270	93.182821	91.778392	92.667459	94.511678	92.959068	94.446457	91.598135	92.322634	92.736807	92.107319
494.000000	99.389790	101.653893	98.544545	101.613636	98.555571	98.431235	99.767296	98.807529	96.067110	97.147855	98.439091	97.375035	97.208648	99.395035	98.065571	98.937972	96.141911	96.954242	96.576131	97.982751
495.000000	104.633520	106.459231	104.837319	106.683450	104.842145	103.918252	106.365385	103.872028	100.542168	102.553939	103.691282	104.087389	102.454336	103.896014	102.484895	103.227692	101.393124	102.188951	101.271235	101.729091
496.000000	109.928765	112.597576	108.973986	111.888368	110.668368	109.174802	111.745781	108.870583	106.412494	107.966480	108.121422	107.660070	107.651702	107.607855	107.235594	108.223030	106.959394	106.732751	106.689254	106.408601
497.000000	113.925361	117.765781	113.931469	115.278951	115.911678	114.897552	116.613520	113.897646	110.864126	113.693473	112.872937	111.925641	112.132494	111.779441	112.791119	112.398951	112.659207	111.424872	110.078159	110.958392
498.000000	119.837995	122.436737	118.633427	118.180140	121.167902	118.758252	120.062005	118.245035	116.549953	118.290070	116.663566	117.036760	116.390909	116.219557	116.666946	116.787692	118.359021	114.940816	114.868904	115.394918
499.000000	124.580932	127.806061	123.521026	121.325175	126.134312	123.542611	123.368998	122.596457	121.822284	122.376224	121.965828	120.878974	120.790443	122.563124	121.513333	121.051748	122.902844	119.119441	119.362005	120.117296
500.000000	129.373193	132.286480	127.759441	124.026807	130.240326	127.909324	128.133100	126.155245	126.806527	127.763636	126.135897	123.732401	125.927972	126.973660	126.476457	126.825874	126.772494	123.654545	123.616783	123.965734
501.000000	134.030303	137.441958	132.365268	129.835431	134.851515	131.687413	132.598368	129.523776	131.644522	133.286247	131.533566	127.108159	129.604662	130.713753	131.257809	133.372028	129.961072	127.822844	128.553846	127.397669
502.000000	138.493007	140.732634	135.269697	134.565967	138.914918	135.688112	137.154079	131.950350	135.097436	136.502564	136.164569	129.937762	133.120047	134.884848	135.205594	137.921445	133.409091	130.650350	133.250583	131.054312
503.000000	142.131469	143.079021	139.053846	139.436597	141.744755	139.473193	141.604196	134.954779	138.682284	138.337995	140.560839	133.023776	135.751748	139.081352	138.080653	140.941026	135.420047	132.815851	136.183450	133.958508
504.000000	144.630769	144.475991	143.174126	144.261072	144.033333	142.610723	144.482284	136.376457	141.651049	141.031935	143.830536	137.172028	140.346853	142.303497	141.694406	143.692541	138.267133	136.568998	138.873427	136.685548
505.000000	145.993939	145.666434	146.550350	148.160140	146.051282	144.950816	147.064103	138.537529	143.907692	143.890443	144.744522	140.517716	143.471795	144.344755	144.004662	145.872261	141.409790	141.034033	140.985781	139.439394
506.000000	147.193939	148.504895	149.107692	150.120979	146.733800	146.716783	148.514685	140.320047	147.179254	145.324476	146.817483	142.787413	146.299068	146.121212	146.624242	147.753613	144.984848	144.529371	142.179487	142.920979
507.000000	147.890676	149.741958	151.130303	151.603730	148.259441	149.204429	150.447786	143.273427	148.108625	146.860606	148.610256	146.426807	146.961072	146.979487	149.428205	149.338928	146.420047	146.594639	142.468298	144.568298
508.000000	149.722145	151.284149	152.149883	152.939394	149.036597	149.752448	150.598135	146.105361	150.620047	148.024709	148.513753	148.386480	147.555944	148.754545	151.075524	150.281119	148.124009	147.444056	143.544988	145.702564
509.000000	151.455711	153.546387	151.917949	152.797436	149.006294	151.331002	150.526107	149.515618	153.109091	150.454779	149.645455	149.964802	148.559207	150.270396	152.076923	150.154079	149.310723	148.903030	143.807925	147.095571
510.000000	152.682517	154.513986	151.436364	152.178555	149.787413	152.345688	150.842890	151.246154	153.782984	153.542424	149.470163	150.106527	148.840093	150.570396	153.417716	152.297203	149.748019	149.712121	143.564569	148.012587
511.000000	154.251981	155.158741	152.996270	152.815385	150.894172	152.656410	151.037762	151.536364	153.946387	155.399534	149.271562	150.206527	147.617249	149.386014	153.695804	153.426573	149.750350	150.801166	144.411422	148.857809
512.000000	155.721678	154.508159	153.888112	151.623310	151.290909	154.368765	150.953613	151.235431	153.111189	155.103497	148.533333	151.072028	147.453846	148.572960	153.195571	153.276923	149.758741	150.677855	145.767366	148.755478
513.000000	155.879720	152.236597	154.559907	152.291375	152.893473	155.423077	150.257576	151.967366	152.170396	153.897436	147.477855	149.998368	147.358974	147.953380	152.803030	153.467832	148.713520	151.278089	146.097436	146.764802
514.000000	154.177622	150.411422	155.285315	152.281818	153.023776	156.738928	149.832168	150.506527	150.965967	152.924242	146.405594	149.456876	149.202331	146.862704	152.592308	153.703030	148.413054	150.504196	146.403730	145.954545
515.000000	152.995105	148.899068	155.029371	152.368765	152.544988	156.498834	149.496737	149.131702	150.274126	151.336364	144.891841	147.484615	149.183217	146.040559	151.210256	153.645455	148.902331	148.989744	146.137296	145.143124
516.000000	152.637762	149.127506	155.345221	150.679720	151.350350	155.941026	148.876690	145.562238	149.914452	149.533566	145.369464	145.760140	148.879021	145.404895	150.087646	153.029138	148.033566	146.746154	145.796503	143.781818
517.000000	150.983217	148.721445	154.544988	149.852214	151.093473	155.630536	149.394872	144.467133	148.067366	148.803263	145.010023	143.561072	146.428438	144.048019	149.637762	151.609557	145.380420	144.092774	144.365967	141.850816
518.000000	149.529138	147.998135	151.896037	149.100000	149.663636	154.084848	148.131002	142.650583	148.086713	148.262471	145.621911	141.244056	144.476457	143.231235	148.362937	149.591608	144.511189	141.638695	143.632401	140.161072
519.000000	148.488811	146.456177	148.346154	146.421212	148.640559	151.839161	146.639860	142.786946	146.553613	146.657809	146.094406	140.230303	143.113986	141.910256	145.487879	145.834499	142.486014	138.701166	141.825641	137.758974
520.000000	145.595105	144.140559	145.056410	143.796270	147.386014	148.884149	144.309324	140.646620	144.118182	144.092541	144.608625	138.416317	141.416317	140.037296	143.902098	143.752914	141.409091	135.437296	139.287879	135.966200
521.000000	144.625874	141.447552	142.615851	140.727506	145.650117	144.922145	142.011422	139.384615	142.128671	141.594639	142.694406	137.375758	138.773427	137.751748	141.232168	140.567133	140.055245	134.883683	137.917716	134.063636
522.000000	143.241725	138.613287	140.009324	136.886247	143.683217	140.472727	139.849184	138.130303	140.010723	138.458275	139.918881	136.264103	136.770396	135.375524	138.631702	137.555478	137.540093	132.786480	136.414918	132.518881
523.000000	139.333800	135.310956	137.600233	134.585781	141.757576	136.326573	137.584382	136.738695	136.902797	135.656876	136.715851	133.054779	134.568298	132.956876	136.067832	134.650816	134.456643	131.394172	133.289510	129.924942
524.000000	135.278089	133.310256	135.137063	131.773427	138.358974	133.192075	135.459441	134.446620	133.867599	131.977855	133.505128	130.936131	132.780420	130.099767	133.202098	132.424009	132.081585	127.176923	129.614685	128.081585
525.000000	132.249417	130.424476	131.577622	129.816084	134.206061	129.475758	132.626573	130.400000	130.919347	128.311422	129.417716	128.474592	130.110956	127.886014	130.151981	129.733333	130.084615	124.166434	125.952214	126.454312
526.000000	128.441492	127.092075	129.196737	126.048252	129.573893	126.177855	129.211189	125.764802	127.171562	124.976457	124.960140	125.423310	126.662937	125.522378	126.491608	126.682051	126.810023	122.934499	121.850583	124.562238
527.000000	124.093240	122.926573	126.315385	123.749883	124.725874	123.916783	125.545688	122.871795	123.190210	122.948951	120.292075	121.966667	122.541492	122.115618	123.912587	124.470629	122.671096	121.330536	118.927739	123.168531
528.000000	120.991142	119.682284	122.551142	121.608392	121.483916	121.662238	121.801632	119.629837	120.123543	120.507459	117.379767	118.842424	118.606527	118.879021	120.334965	122.010723	118.538462	118.979021	116.837995	120.415385
529.000000	118.821445	116.336364	117.868858	118.704662	118.631935	118.681352	118.216550	117.744009	116.508578	117.756177	113.280396	115.817669	115.538042	116.129371	117.145874	117.851981	114.801632	115.692541	114.013054	115.891235
530.000000	115.961538	113.284289	113.952121	115.223543	115.754545	116.967739	114.239487	113.650420	112.802121	115.168065	109.038765	112.633170	112.673357	112.921259	114.378065	115.847552	112.679814	112.743730	111.894592	111.819347
531.000000	114.687459	110.680420	109.893287	112.508252	113.145035	114.002121	110.531632	110.834802	109.637179	113.236177	106.019510	109.699254	109.336690	109.722657	110.563590	113.003543	110.031958	111.285828	109.849907	107.995455
532.000000	112.463217	107.909674	106.870559	109.740326	110.547319	110.272075	107.462937	107.211911	106.384895	110.530909	103.463916	105.732121	106.733800	106.667179	107.017576	109.745804	106.350466	107.715618	107.066364	104.076434
533.000000	108.468392	105.138019	104.082005	106.785245	108.638368	106.141305	103.109720	103.675408	103.718462	107.260047	101.369464	101.488648	103.994289	103.593846	104.021935	106.810186	103.375431	104.490000	103.946550	100.865128
534.000000	103.931865	102.002914	99.890326	104.414615	105.329441	102.032051	99.090093	100.438788	100.919930	102.173730	98.317855	97.906247	101.564079	100.323403	101.183916	103.304336	100.569674	100.169464	100.736830	98.399650
535.000000	99.330653	97.326340	96.258508	102.087063	101.018415	97.916853	94.955804	96.115105	97.591772	97.284172	95.388275	95.336760	98.320280	97.453100	98.655641	99.451026	97.096900	96.702751	96.934452	96.043753
536.000000	94.312448	93.080699	93.883310	98.513753	96.482657	93.916200	90.662145	92.029161	93.173730	92.609417	92.385851	92.339604	94.496457	93.896737	95.636993	95.566457	92.751422	94.389883	93.389068	93.443730
537.000000	89.872494	89.220256	91.420699	96.287622	90.949860	90.630443	86.883753	88.727879	89.425152	88.913124	88.858112	89.280862	91.566667	90.457995	93.535361	92.480839	88.521492	90.206457	90.411865	90.406573
538.000000	86.283986	86.437249	87.977972	93.138531	86.548228	87.117949	84.744196	85.451585	86.443520	85.530163	86.256317	85.851026	88.094732	87.343263	90.652145	89.228881	84.117716	86.178718	86.280210	87.144359
539.000000	82.916387	83.713450	84.547413	89.094103	82.526340	84.255455	81.776084	82.957902	83.267249	82.948555	82.699184	82.616830	84.977459	84.026527	87.249953	85.264848	80.791748	82.000979	82.151469	83.305501
540.000000	79.361818	81.596853	81.633054	84.594196	78.581795	82.956270	78.988368	80.013613	79.430117	80.394289	79.289650	78.876107	80.856364	80.472284	83.144848	82.123193	78.198135	78.288112	78.778182	79.312611
541.000000	77.131515	80.246294	78.783170	81.473007	75.931026	80.033683	76.973683	77.778182	76.616737	78.350023	76.993310	75.794709	78.213147	76.707692	79.246061	79.212937	75.847925	76.001375	75.148368	75.791911
542.000000	75.435897	78.034103	75.929720	77.070932	74.395828	77.014802	74.838228	75.267762	73.268998	75.862168	74.595315	72.666177	75.764615	74.010816	75.903939	76.262587	73.891678	72.864755	71.868462	71.790233
543.000000	73.189301	75.419371	72.520583	72.532075	74.136946	74.000769	71.744685	72.637506	71.752051	73.251235	72.158531	70.516527	73.713077	71.430839	71.652145	72.790233	72.072145	70.519044	69.720513	69.677949
544.000000	70.455105	71.868625	69.212727	69.028042	71.809441	70.853427	69.491189	70.049184	69.956084	71.137809	69.131049	68.765804	71.015594	69.016737	68.315967	69.233776	70.161841	68.740163	67.586410	66.562308
545.000000	68.299580	68.272774	66.789674	65.969347	69.473147	68.140583	67.764009	67.845804	67.275198	68.410210	66.804266	67.453100	69.122028	66.720186	65.407366	67.031678	67.609114	67.788881	65.052238	64.029697
546.000000	66.310932	66.713986	64.904056	63.422378	67.096946	64.985128	65.650000	64.712214	64.417086	65.865245	64.519324	65.629254	66.244545	64.721538	63.043124	64.875804	65.333077	66.247925	62.738042	62.060000
547.000000	64.388834	63.865571	63.680117	61.928881	64.455455	61.605408	64.615128	62.405991	62.332611	63.685128	62.697622	63.804545	63.997995	63.115268	61.624312	62.236830	62.714452	63.819394	59.765828	59.141235
548.000000	62.488252	60.612145	61.485082	61.299138	61.631841	59.377739	63.799161	59.929744	61.405035	60.951515	61.416853	61.881748	61.908112	60.502517	59.813357	59.965991	59.790163	61.815291	57.373916	57.189860
549.000000	60.609184	58.654685	59.903100	59.688951	58.843124	56.985245	61.146480	57.935431	59.329674	59.031235	59.642378	59.626224	59.362517	58.283660	56.832424	57.309487	56.985338	59.516480	55.779720	55.439674
550.000000	58.284545	57.192354	57.548065	58.786853	55.866807	55.823147	58.475874	55.458998	56.649930	56.532214	58.235967	57.024452	56.558718	55.516620	54.790769	54.603683	54.955804	57.009767	54.317786	53.951492
551.000000	56.023893	55.400420	56.047389	57.284779	53.651795	53.612914	55.963147	53.009207	54.093240	54.963939	56.648485	54.694872	54.190373	53.397622	52.951352	52.707809	52.926107	54.859767	52.715594	52.440909
552.000000	53.373776	54.152704	53.503427	54.901492	52.292145	51.681492	53.017343	50.793263	51.485198	52.665501	54.580629	52.350280	52.269837	50.953193	51.623100	50.886737	50.289021	51.658135	51.326597	50.853846
553.000000	51.130676	52.689417	51.636061	52.173800	50.910583	50.112284	50.542191	48.868625	49.225105	50.778322	51.832028	50.848834	50.955688	48.648019	49.447739	49.383916	47.940956	49.601212	49.994242	49.460140
554.000000	48.378438	50.186154	49.913450	50.039720	48.691981	48.447413	48.422261	47.464266	47.375152	49.048345	49.198415	48.952145	49.146317	46.602051	48.254732	47.932960	46.117576	47.687506	48.551772	47.232075
555.000000	45.758112	47.829674	47.512914	47.157739	46.955152	46.992494	46.925641	46.338182	45.201002	46.691235	46.620163	46.484732	48.039231	45.291119	46.040000	47.023636	44.483147	46.344779	45.864802	45.686270
556.000000	43.819767	46.586387	45.359301	45.243263	45.331352	45.296270	45.401492	44.719767	43.244172	44.705828	44.613963	44.120513	45.645548	44.204359	44.288578	46.431958	44.006713	44.187436	43.746597	43.769277
557.000000	42.113660	44.265501	43.524312	43.483939	44.190210	43.605758	44.396783	44.096597	42.498135	43.154732	43.443170	42.301049	43.375035	42.362494	42.666154	44.478718	42.537040	42.914732	41.211958	41.471422
558.000000	41.161375	42.203613	40.994965	42.081445	43.138112	42.425944	42.904103	42.750793	42.289814	41.429697	41.597366	40.369930	41.641002	40.361632	40.971235	42.495548	41.443450	40.987156	39.633287	39.486503
559.000000	40.375804	40.290932	38.760932	40.657459	41.590583	40.506783	40.860140	41.495967	40.241888	41.065874	40.269814	38.402191	39.025991	39.033427	38.961818	40.159534	39.731002	39.647436	38.073823	37.866294
560.000000	38.966014	38.582005	36.638601	39.138228	40.061305	38.994242	38.752751	39.821818	38.662681	39.986294	38.771795	36.887063	37.356946	37.802914	36.782704	37.785268	38.380793	38.257436	36.622308	36.881958
561.000000	37.491189	36.755268	35.025781	37.152937	38.682797	37.155221	36.555198	38.540909	36.798671	39.405455	37.133450	35.517040	36.117925	36.424848	35.312681	35.599953	37.194476	36.445128	35.275897	35.471282
562.000000	36.252168	35.671772	33.169254	35.413660	37.374685	35.629441	35.017413	37.257226	35.080443	37.634149	35.644709	34.161375	35.502471	34.861678	34.788135	33.698625	35.063613	34.485455	33.978042	34.434965
563.000000	35.086364	33.978578	33.157413	33.582890	35.337646	34.035851	34.198531	35.039441	32.785035	35.900956	34.460909	33.490350	35.176970	33.578135	34.215058	32.069907	34.075501	33.479394	32.868089	33.203240
564.000000	33.496480	32.213566	32.914126	32.606294	33.577296	32.501282	32.967972	33.567063	31.192774	33.804895	33.327669	32.428065	34.533054	32.032727	33.667786	30.565688	32.160070	31.811911	30.969371	31.104219
565.000000	31.779207	30.820793	32.202564	31.160000	31.112634	31.382704	31.788951	32.226597	29.555571	31.925478	32.084033	31.244149	33.449231	31.050466	32.479534	29.292005	31.145385	30.618485	29.048625	29.781282
566.000000	30.114709	29.722191	31.416270	30.260420	29.399231	30.893403	30.869697	30.851142	28.675618	30.311259	30.733613	30.014149	31.318392	30.258881	31.128462	28.638881	30.039930	29.803193	28.284312	28.251399
567.000000	28.760583	28.790350	30.677319	29.400490	27.756410	29.891235	29.944429	29.541329	28.319930	28.651282	29.425105	29.134755	29.353380	28.996923	30.212448	27.887855	28.451748	28.896690	26.569953	27.033636
568.000000	27.700583	28.037925	29.544103	28.651772	26.454848	28.836573	28.519814	27.571655	27.256853	27.397343	27.971399	27.753380	27.405851	27.921282	28.910000	27.473706	26.653473	27.302960	25.181492	25.579417
569.000000	26.911212	26.590000	28.118415	27.682611	24.450210	27.863566	26.927739	26.472844	26.339534	26.303986	26.200723	26.106131	25.747133	26.982261	27.275781	26.786434	25.584056	26.768951	24.237646	24.474685
570.000000	26.135012	25.921259	26.744406	26.372751	23.468345	26.710839	25.033147	25.250093	25.567413	25.554219	24.295315	24.744499	24.414779	25.917343	25.475431	25.370513	25.003706	25.811352	23.622238	23.775548
571.000000	24.948811	24.509417	25.021305	25.160466	23.116503	25.485501	23.977063	24.205501	24.130117	24.654732	22.861585	23.467692	23.647016	24.735711	23.958089	24.028788	24.327413	24.658368	22.890886	23.161911
572.000000	24.242191	23.015338	23.078019	24.306061	22.531492	23.961911	23.418228	22.952890	23.067063	23.627855	21.953893	21.984009	22.600629	23.355758	22.718135	23.189790	23.577646	23.416037	22.295874	22.561865
573.000000	23.224336	21.693100	21.918578	23.189464	21.708462	22.181096	22.637832	21.364406	21.755082	22.444382	21.363497	20.861119	21.986224	22.140932	22.038695	22.339790	23.018741	22.446317	21.497063	21.363893
574.000000	22.557389	20.503497	20.927016	22.073240	21.566410	21.084732	21.838322	20.598531	20.522681	21.181748	20.170350	19.967459	21.423590	20.791702	21.191841	21.734406	22.052564	21.577040	20.682354	20.046364
575.000000	21.313823	19.690186	19.673963	21.063869	20.932657	19.985711	20.858601	19.829138	19.408555	19.970583	18.778368	19.202797	20.577809	19.795058	20.294802	20.730396	21.110466	20.778182	20.123450	19.334895
576.000000	19.974872	18.978112	18.984172	20.068834	20.451818	19.348345	20.310140	18.711096	18.803846	18.658089	17.825152	18.829347	19.222238	18.934988	19.542494	19.673147	19.721002	19.618601	19.736900	18.532051
577.000000	18.898485	18.475524	18.379068	19.246690	19.226247	18.406737	19.658438	17.856014	17.891352	17.497716	17.455897	18.578415	18.744359	18.044126	19.143706	19.283450	18.201096	18.334452	18.884196	18.237949
578.000000	17.652937	17.868648	17.896900	17.953450	17.969604	17.544685	19.136737	17.280699	17.166620	16.745408	17.423310	18.271702	18.038765	16.992051	17.934219	18.821329	16.814219	17.660186	18.213613	17.037040
579.000000	17.283986	17.214942	17.332051	16.738741	16.885361	17.353776	18.235828	16.923357	16.968042	15.902704	16.555501	17.585175	17.405315	16.531818	17.076737	17.999814	16.538695	16.879604	17.300210	15.859510
580.000000	16.693846	16.914732	17.040256	16.203497	16.651632	16.833193	16.952471	16.749674	16.428042	15.544918	16.188834	16.921002	16.071632	15.957949	16.387366	16.870210	15.544942	16.103240	16.348298	15.167156
581.000000	15.375152	16.284848	16.222844	15.615851	16.328438	16.148904	16.362681	16.259580	15.851469	15.462145	16.269604	15.920210	15.081399	15.550117	15.329138	16.109347	14.944406	15.301469	15.759650	14.934219
582.000000	15.097459	15.773170	15.374802	15.161678	15.492168	15.139790	15.438205	15.550606	15.695874	15.794872	15.774452	14.887110	14.141305	14.987226	14.639277	15.599277	14.671469	14.660848	15.097506	14.627916
583.000000	14.401049	15.112774	14.643403	14.529091	14.884079	14.418485	14.258904	14.893823	15.108485	15.513939	15.107925	13.849021	13.640536	14.485315	13.771422	15.396900	14.347436	13.949660	13.872249	13.488953
584.000000	13.969417	14.223566	14.005921	13.924359	14.633054	13.893939	13.445524	14.255548	14.145338	14.741399	14.024662	13.191613	13.239464	13.980256	13.212541	15.292732	14.279133	13.474531	13.148788	12.483044
585.000000	13.070000	13.343240	13.253263	13.518625	14.442704	13.079347	13.083497	13.282867	13.164079	14.044294	12.969277	12.386683	12.744196	13.459287	12.845828	14.945235	13.652159	12.345068	12.286795	11.782305
586.000000	12.409184	12.589347	12.744709	13.209161	14.065529	12.490476	12.732890	12.530256	12.549953	12.997480	12.669138	11.844070	12.657469	12.755988	12.653753	13.932389	13.058755	11.303879	11.910490	11.154811
587.000000	11.816937	12.010932	12.286760	12.704319	13.441077	11.621881	12.463357	12.406154	11.891730	12.007119	12.449953	11.215476	12.566879	11.886338	12.700373	13.113818	12.051648	10.721641	11.706063	10.913587
588.000000	11.503312	11.411622	11.919991	11.648678	12.714639	10.801781	12.457734	12.343268	11.495576	11.238995	12.281855	10.417221	12.302166	11.208287	11.912704	12.125758	11.176702	10.561725	11.302023	10.032200
589.000000	11.317893	11.119128	11.479121	11.192925	12.023811	10.320483	12.032599	11.995420	11.339100	10.390469	11.870608	9.505030	11.753993	10.794319	11.588350	10.982587	10.582249	10.367734	10.569517	9.695093
590.000000	10.598291	10.812685	10.986037	10.666862	11.238893	9.898205	11.176023	11.643308	10.797138	9.990550	11.686914	9.117986	10.857981	9.999576	11.185748	10.062536	9.776562	10.588177	10.341254	10.004084
591.000000	9.425016	10.471597	10.500203	10.138445	10.634364	9.282860	10.876634	10.923580	10.247175	9.526044	11.632930	8.922170	10.173531	9.789308	10.323872	9.275550	9.409667	10.285021	10.474387	10.324147
592.000000	9.375089	10.125692	10.055730	9.510988	9.620566	8.852399	10.238312	10.012594	9.740035	9.271030	11.124527	8.724832	9.778413	9.720131	9.979832	8.908930	8.899156	10.106114	10.303620	10.414716
593.000000	8.957114	9.934138	9.539566	9.149727	8.845625	8.410942	9.698242	9.498312	8.968466	8.844902	10.876902	8.549832	9.390713	9.713946	9.249203	9.357527	8.748890	9.700121	9.731585	9.821452
594.000000	8.737464	9.513541	9.082541	8.396949	8.110510	7.991564	9.299371	8.908133	8.159009	8.516471	10.353298	8.256228	8.539396	9.694737	9.037054	9.513128	8.716907	9.264604	9.259653	9.517089
595.000000	8.226956	9.181571	8.359054	7.830361	7.952303	7.944287	8.969478	8.104844	7.483688	8.349797	10.040569	7.860089	8.114527	9.545716	8.838135	9.237643	8.561133	8.639786	9.010841	9.254170
596.000000	8.242618	8.631319	7.750464	7.704671	8.268056	8.030268	8.394452	7.544154	7.567772	7.952487	9.707138	7.854858	8.164618	8.991660	8.976254	8.751497	8.324932	8.165408	9.040277	8.729182
597.000000	8.596429	8.335070	7.586114	7.212256	8.090086	7.882650	7.926739	7.678692	8.035762	7.709737	9.186748	7.714184	8.084900	8.446876	8.999009	8.473082	8.056566	7.880466	8.921839	8.239021
598.000000	8.927098	8.213832	7.455135	6.716604	7.930587	7.751063	7.698149	7.685548	8.223345	7.664331	8.468890	7.331331	8.050086	8.017012	8.572557	7.875436	7.717287	7.556979	8.573131	7.806219
599.000000	8.615704	8.206168	7.276469	6.767431	7.938851	7.690238	7.409520	7.811503	8.515956	7.322944	7.764177	7.082378	7.843033	7.491100	8.379557	7.231121	7.353695	7.297767	8.004974	7.639044
600.000000	7.844308	7.709119	6.952499	6.366443	7.698298	7.523506	7.006058	7.655737	8.049555	7.107051	7.284028	7.186678	7.564275	6.693198	7.908378	6.664415	7.231960	7.007338	7.743212	7.134233
601.000000	7.277231	7.099417	6.843319	6.335804	7.765555	7.206277	6.766918	7.588986	7.393000	6.750478	6.780138	7.256814	7.362925	6.667790	7.583385	6.128958	7.116869	6.441333	7.470359	6.774303
602.000000	6.834510	6.719646	6.876536	6.229128	7.638515	7.035343	6.564639	7.529876	6.771548	6.626175	6.565228	6.860091	7.118336	7.007706	7.641590	6.078056	7.062124	6.119082	7.313991	6.527928
603.000000	6.338881	6.526275	6.828531	6.394657	7.284117	6.855862	6.546026	7.544023	6.253019	6.484168	6.534828	6.457016	6.671797	7.146923	6.981040	5.923147	6.933758	5.989886	7.104860	6.358828
604.000000	6.040224	6.135760	6.702676	6.262070	6.533058	6.881790	6.094119	7.263578	5.781667	6.323494	6.406776	5.954124	6.194900	6.972674	6.634790	5.630981	6.526452	5.708296	6.914790	6.263641
605.000000	5.831406	6.014781	6.104056	6.269333	6.104751	6.893681	5.711928	7.046930	5.572077	6.097396	6.435499	5.794851	6.028681	6.555275	6.407888	5.578776	6.157823	5.370235	6.785023	6.122958
606.000000	5.848783	5.527590	5.863196	6.211552	5.937611	6.447263	5.615072	6.429417	5.308543	6.009336	6.197103	5.893235	5.862869	6.266797	6.257249	5.524578	5.559848	5.452590	6.469315	5.830422
607.000000	5.962277	5.440483	5.739037	5.984135	5.439268	6.192620	5.431154	6.270629	5.126625	5.968753	5.674392	5.882583	5.705914	6.030559	5.984366	5.343681	5.029753	5.707413	6.134089	5.559876
608.000000	5.926033	5.506946	5.481077	5.732578	5.213788	5.732245	5.256711	5.759809	4.900182	5.654650	5.105476	5.583361	5.402925	5.641238	5.760261	4.933303	4.767923	5.562483	5.545636	5.295287
609.000000	5.718804	5.832699	5.309366	5.517224	5.343508	5.532632	5.234774	5.124688	4.579706	4.989179	4.845058	5.371578	5.135238	5.339305	5.636911	4.597515	4.282860	5.511769	5.057718	5.050650
610.000000	5.457126	5.792219	5.123026	5.118275	5.051203	4.918282	5.066678	4.320145	3.835653	4.675921	4.704231	5.200615	4.825098	4.999012	5.250494	4.322904	4.433217	5.348103	4.818373	4.695350
611.000000	5.304520	5.754592	5.172009	4.935126	4.929762	4.542748	4.848329	3.900741	3.267298	4.600147	4.420455	5.234312	4.617779	4.980767	5.041366	4.128552	4.469566	5.162259	4.612483	4.398662
612.000000	5.021986	5.981396	5.263902	4.862858	5.019406	4.249536	4.692147	3.843758	3.189725	4.355131	4.325995	4.682406	4.497175	4.969641	4.801352	4.261702	4.483478	4.941832	4.680389	4.595242
613.000000	4.987986	5.866009	5.314033	4.866205	4.899072	4.230326	4.339515	3.797149	3.166571	4.407168	4.048415	4.343641	4.286706	4.643392	4.450681	4.145641	4.164124	4.839907	4.882331	4.583478
614.000000	4.797767	5.315296	5.180389	4.694096	4.485056	4.120573	3.658007	3.858837	3.361009	4.366541	3.908012	4.080776	4.442091	4.505814	4.157760	3.792685	4.038508	4.400867	4.902133	4.342082
615.000000	4.572079	5.116037	4.964984	4.503100	4.361893	4.028834	3.441676	3.945942	3.680494	4.352140	3.961676	3.805963	4.408914	4.441601	3.938324	4.007988	3.689723	4.204739	4.709431	4.039769
616.000000	4.161909	4.657883	4.867469	4.317114	4.111082	3.581706	3.257531	3.726573	3.726800	4.252897	3.865375	3.710319	4.050513	4.386678	3.623608	4.265988	3.626382	4.020492	4.424895	3.718289
617.000000	3.951406	4.130951	4.718709	4.279576	3.909098	3.582219	3.169252	3.669762	3.607396	3.961881	3.795364	3.488848	3.851445	4.189105	3.706688	4.220688	3.596888	3.638653	4.215478	3.491350
618.000000	3.766531	3.581368	4.339797	4.050814	3.747361	3.324086	3.178774	3.450459	3.555520	3.551128	3.771156	3.289072	3.560503	3.951706	3.973161	4.062590	3.718541	3.480049	3.798690	3.292487
619.000000	3.693280	3.435830	3.834361	3.800657	3.673159	3.230233	3.302478	3.103245	3.310755	3.025762	3.829177	3.306042	3.388515	3.884606	4.158476	3.804121	3.439238	3.354524	3.422326	3.219916
620.000000	3.479793	3.391019	3.537133	3.534991	3.322119	3.128133	3.181296	2.769427	3.157513	2.824774	4.051051	3.359287	3.207524	3.772387	4.180986	3.492914	3.444772	3.502298	3.235000	3.275214
621.000000	3.151438	3.303946	3.219308	3.496368	3.251741	3.162683	3.160513	2.703706	3.300583	2.919536	4.066431	3.644611	3.143893	3.668186	4.116051	3.077932	3.310193	3.850846	2.970096	2.946751
622.000000	2.918902	3.457009	3.015266	3.327466	3.289737	3.223513	2.983410	2.949394	3.508417	2.864977	3.874093	3.421138	3.280333	3.513900	4.254259	2.943580	3.228925	4.073510	2.773273	3.325054
623.000000	2.867359	3.117548	2.878410	3.071131	3.194161	3.118273	2.960683	3.033054	3.578347	2.965897	3.499951	3.690231	3.239972	3.301909	4.054678	2.737821	3.046175	4.139786	2.780182	3.209487
624.000000	2.686911	2.954897	2.710037	2.968790	3.018998	2.960319	2.843084	3.080911	3.755497	3.041667	3.341114	3.771937	3.263112	3.193529	3.803371	2.414110	3.021401	4.003660	2.573431	3.176911
625.000000	2.385380	3.058541	2.819942	2.898513	2.947065	2.876135	3.009166	2.721604	3.774254	2.939674	3.333853	3.483406	3.241277	3.073513	3.412154	2.446800	2.834005	3.880916	2.281930	3.026466
626.000000	2.388324	2.589615	2.903366	3.158564	2.805224	2.570841	3.173408	2.406951	3.681557	2.907781	3.237263	3.196925	3.175312	2.995604	2.766308	2.616883	2.885352	3.373000	2.188291	2.961949
627.000000	2.477632	2.299550	2.860054	3.294571	2.835345	2.549706	3.275357	2.285848	3.233930	2.822259	3.191359	2.915392	3.254643	2.733431	2.440506	2.726888	3.009138	3.007587	2.125751	2.979133
628.000000	2.454436	2.280748	2.655858	3.290065	2.933448	2.331748	3.078226	2.337312	2.835415	2.806685	3.135452	2.827340	3.223140	2.326550	2.202361	2.812289	2.785026	2.661762	2.007093	3.011016
629.000000	2.406483	2.465331	2.425634	3.071790	2.808350	2.075814	3.113508	2.302543	2.445350	2.831590	2.995497	2.723622	3.000636	2.200802	1.959653	2.891242	2.387576	2.245387	1.956977	2.949455
630.000000	2.332105	2.519529	2.361254	3.059336	2.563688	2.251445	2.949420	2.194182	2.293396	2.775117	3.049487	2.555909	2.691888	2.266655	1.843541	2.769881	1.979212	2.211751	1.998552	2.776499
631.000000	1.924620	2.417238	2.261382	3.191100	2.569263	2.434284	2.767490	2.166315	2.201429	2.990848	2.969503	2.306338	2.637508	2.447848	1.980228	2.414993	1.995492	2.334860	1.836930	2.388357
632.000000	1.776273	2.476657	2.081895	2.890459	2.221620	2.554641	2.690336	2.381895	2.335830	2.849767	2.704797	2.014960	2.431119	2.511324	2.115492	2.520776	2.047937	2.193573	1.799343	2.353058
633.000000	1.814629	2.446783	1.990636	2.650825	2.036448	2.629469	2.618133	2.660697	2.606373	2.479275	2.546534	2.030953	1.977110	2.387373	2.052576	2.513308	2.002065	2.199441	1.798967	1.985704
634.000000	1.878730	2.539056	1.750779	2.620401	2.243683	2.858184	2.347401	2.669545	2.669401	2.657967	2.350364	2.015497	1.823643	2.465676	2.247263	2.510033	1.962415	2.241343	1.870657	1.816601
635.000000	2.025741	2.367818	1.967758	2.599888	2.423944	2.861846	2.462361	2.617487	2.700984	2.736410	2.395807	1.819499	1.743350	2.441573	2.207625	2.246338	2.004741	2.279301	1.718765	1.626030
636.000000	2.305268	1.857590	2.169445	2.679392	2.493226	2.993005	2.507189	2.393044	2.641385	2.908930	2.164061	1.701788	1.879196	2.494326	2.088233	2.046056	2.072168	2.294527	1.662949	1.822503
637.000000	2.298497	1.708711	1.976214	2.769746	2.805746	2.925545	2.210510	2.262182	2.593207	2.825205	1.814063	1.773814	2.027818	2.307343	2.013998	1.968629	2.221538	2.236403	1.676580	2.096869
638.000000	2.104476	1.808049	1.896571	2.824354	2.944716	2.692226	1.756319	2.100765	2.341343	2.625284	1.492890	1.819317	2.060245	2.168466	1.977485	1.980965	1.901786	1.980692	1.596436	2.194935
639.000000	2.248613	1.801669	1.868552	2.702704	2.718100	2.283669	1.950690	1.813669	2.101277	2.475837	1.445709	1.794965	1.903953	2.150718	2.019751	1.924513	1.761012	1.953378	1.700007	2.193580
640.000000	2.376503	1.678627	2.035368	2.587928	2.526592	2.034483	1.758517	1.552951	2.119322	2.352580	1.615347	1.555998	1.965981	2.542051	1.996606	1.849765	1.583487	2.071291	1.669862	2.163585
641.000000	2.302881	1.607653	2.180534	2.383252	2.443284	1.574646	1.691678	1.293196	2.126667	2.305238	1.915608	1.384758	2.154030	2.592946	2.162569	1.494275	1.771016	2.024522	1.686256	2.187182
642.000000	2.309648	1.677364	2.105925	2.019163	1.907084	1.160795	1.791571	1.444734	2.085904	2.258037	2.066112	1.528767	2.040520	2.202310	2.001499	1.675918	2.066023	1.968457	1.772196	2.086214
643.000000	2.359238	1.838818	2.016599	1.797674	1.783364	0.887788	1.717557	1.921212	1.954559	1.974895	2.284273	1.479555	2.093601	1.873455	1.904548	1.776483	2.409627	1.915779	1.703599	1.916893
644.000000	2.214646	1.758611	1.838599	1.751564	1.899571	0.696844	1.806401	1.969359	1.767128	2.224282	2.158238	1.703214	2.232459	1.697385	1.790653	1.721951	2.398869	2.117746	1.861839	1.623340
645.000000	2.270737	1.764751	2.028923	1.551082	1.774571	0.485608	2.179751	2.026117	1.669767	2.351044	2.200042	1.746664	2.159249	1.434972	1.586317	1.729995	2.339746	2.183834	1.782343	1.536242
646.000000	2.206473	1.608834	1.952960	1.427625	1.527063	0.689858	2.196485	1.915797	1.516044	2.478515	1.891140	1.691772	2.111228	1.274441	1.538876	1.590301	2.196110	2.168767	1.471667	1.492420
647.000000	1.841403	1.550182	1.803904	1.490622	1.614634	0.608837	2.149716	1.743214	1.577226	2.194676	1.471184	1.817403	2.030807	1.360946	1.442858	1.634359	1.926671	1.922685	1.247611	1.534807
648.000000	1.713830	1.505480	1.560515	1.579960	1.514557	0.667159	2.039026	1.521256	1.484371	2.124121	1.267172	1.872350	1.912557	1.423984	1.373471	1.753128	1.493179	1.578653	1.155284	1.313594
649.000000	1.894247	1.441287	1.512014	1.710219	1.384389	0.707336	2.105172	1.138779	1.410723	2.170793	1.206646	1.820471	1.803932	1.500935	1.547793	1.734312	1.323154	1.449538	1.301720	1.211606
650.000000	1.732781	1.330517	1.526678	1.631179	1.370231	0.778862	1.680814	1.166121	1.635394	2.126576	1.118881	1.677308	1.689256	1.707322	1.678350	1.595814	1.046555	1.537515	1.291438	1.133096
651.000000	1.638795	1.108998	1.243506	1.631932	1.357422	0.804382	1.519965	1.125797	1.781319	1.877515	1.196664	1.759904	1.605438	1.510776	1.834713	1.356459	1.206897	1.423172	1.272333	1.096713
652.000000	1.616573	1.104152	1.008657	1.677760	1.097699	0.896457	1.356387	1.495315	1.645699	1.827667	1.171751	1.852907	1.576767	1.295266	1.755869	1.393937	1.425249	1.396704	1.091599	1.214865
653.000000	1.772152	1.089825	0.794720	1.870124	1.071888	1.051128	1.166585	1.701641	1.633357	1.541445	1.234517	1.761888	1.538480	1.241510	1.658671	1.399699	1.465783	1.536471	1.117471	1.335441
654.000000	1.686350	1.097986	0.817140	1.914615	1.297622	1.408294	1.102951	1.556182	1.591664	1.342331	1.210135	1.960855	1.426166	1.152904	1.597464	1.378406	1.415147	1.770072	1.113177	1.411005
655.000000	1.647364	1.200023	1.024611	1.727450	1.295077	1.686562	1.010408	1.497098	1.419452	1.190301	1.225322	1.858459	1.502485	1.219228	1.412692	1.444881	1.459009	1.791660	1.152343	1.323956
656.000000	1.806706	1.073065	1.101939	1.524615	1.398450	1.962172	0.871175	1.508191	1.233713	1.057552	1.253040	1.664730	1.500986	1.252084	1.471984	1.268734	1.344904	1.837779	0.994280	1.438641
657.000000	1.851629	1.191769	1.371991	1.481669	1.514786	1.966026	1.181114	1.334469	1.088214	1.000972	1.357674	1.770869	1.504524	1.472310	1.754963	1.159445	1.276876	1.870016	1.018431	1.532534
658.000000	1.933063	1.291984	1.330930	1.556573	1.515660	2.053583	1.376261	1.159249	1.010168	1.269646	1.619028	1.760970	1.490848	1.620828	2.003713	1.174585	0.991774	1.906543	1.178142	1.446021
659.000000	1.820557	1.311152	1.357911	1.727685	1.659744	2.058159	1.452576	0.778685	0.921480	1.341960	1.596317	1.476224	1.508207	1.578720	2.198473	1.204776	1.038298	1.984821	1.229970	1.346217
660.000000	1.406252	1.229009	1.311506	1.663492	1.675068	2.095876	1.370599	0.914695	0.967681	1.283469	1.568128	1.233893	1.396935	1.567179	2.281942	1.228660	0.809114	2.130301	1.222704	1.249159
661.000000	1.389972	1.045324	1.283611	1.610811	1.693816	1.910788	1.346984	0.771322	1.020410	1.088089	1.468301	1.296590	1.426879	1.455809	2.210438	1.416648	1.143450	2.102790	1.177760	1.102580
662.000000	1.390986	1.156152	1.241259	1.488981	1.597732	1.646422	1.187166	0.916261	1.079615	1.126303	1.396988	1.289900	1.547848	1.540576	1.867767	1.589669	1.239538	1.960098	1.143902	1.200392
663.000000	1.388732	1.026562	1.095578	1.361709	1.540063	1.407524	1.090921	0.894373	1.196622	1.198566	1.471324	1.259336	1.515207	1.396254	1.443443	1.735883	1.114289	1.923326	1.383317	1.306166
664.000000	1.446958	0.885823	1.017795	1.042786	1.367235	1.311977	1.011524	0.720692	1.117534	1.209324	1.327100	1.387830	1.549193	1.286706	1.153963	1.914583	1.159210	1.741371	1.381233	1.444855
665.000000	1.482338	0.863597	1.025604	0.632713	1.185995	1.098865	1.032473	0.930205	1.001594	1.027783	1.027079	1.330466	1.803592	1.247198	0.838886	1.815802	1.311310	1.535909	1.450457	1.424998
666.000000	1.702974	0.727002	0.847991	0.321828	1.042040	1.023597	1.242007	1.000727	0.750212	0.930718	0.949713	1.062935	2.062324	1.146161	0.918564	1.461527	1.214177	1.355068	1.433212	1.558517
667.000000	1.717051	0.882098	0.850746	0.444002	0.711357	0.788655	1.628336	1.121210	0.807848	0.921079	0.997690	0.956821	2.003548	0.933524	1.218548	1.128193	1.308606	1.240478	1.448949	1.490000
668.000000	1.674807	0.829142	0.896522	0.654163	0.808005	0.866441	1.789592	1.078182	0.862291	0.788662	1.250070	0.867800	1.727580	0.923131	1.271317	1.077797	1.136991	1.090681	1.524170	1.519035
669.000000	1.529991	0.843674	1.177240	1.023298	0.850683	0.861166	1.868809	0.999056	0.936385	0.591995	1.141284	0.637608	1.485503	0.855170	1.295909	0.970291	1.114284	1.138904	1.406079	1.372441
670.000000	1.276958	0.870403	1.455235	1.143282	0.906490	1.119928	1.762590	1.205089	0.928168	0.361739	1.054112	0.674431	1.413333	0.941140	1.266268	0.915252	1.122275	1.260667	1.531676	1.251331
671.000000	1.176522	0.979406	1.710079	1.271152	1.008075	1.164844	1.632410	1.258163	0.946737	0.338252	1.055112	0.762991	1.343422	1.067862	1.277758	1.041156	1.250639	1.206366	1.552422	1.027853
672.000000	0.959821	1.211622	1.732851	1.343515	1.008772	1.276331	1.505916	1.285298	1.121359	0.515352	0.906751	0.833030	1.213662	0.976154	1.234730	1.096245	1.257343	1.230685	1.430520	1.018047
673.000000	0.748643	1.156636	1.537305	1.307408	1.082641	1.186741	1.333065	1.227245	1.341030	0.862522	1.068690	0.868879	1.139552	0.908734	1.228781	0.906319	1.228359	1.431077	1.474319	1.011466
674.000000	0.634366	1.143953	1.354741	1.340800	1.060620	1.112301	1.259960	1.024629	1.415354	1.114126	1.085918	0.868918	1.189797	0.838753	1.261552	0.933298	1.247249	1.354296	1.317117	0.982291
675.000000	0.569226	1.230751	1.252420	1.164389	1.189119	1.037807	1.263291	0.953988	1.432732	1.244385	1.094951	0.870249	1.245972	0.927925	1.498807	0.890718	1.323723	1.314044	1.136606	1.122688
676.000000	0.656084	1.320047	1.026156	1.043091	1.157744	1.123345	1.277254	0.773860	1.497002	1.321531	1.171107	0.804002	1.255431	0.914065	1.709744	0.889252	1.116226	1.189354	1.044408	1.057042
677.000000	0.699508	1.383876	1.063909	0.993184	1.203033	1.215932	1.333371	0.610380	1.654844	1.401098	1.263193	0.736345	1.022886	0.981301	1.626578	0.961634	1.200114	1.069606	1.066275	1.313077
678.000000	0.923508	1.326310	1.129711	0.911296	1.533681	1.414140	1.218170	0.615676	1.710375	1.269613	1.557149	0.835858	0.929916	1.119900	1.396161	1.053967	1.126242	1.118354	1.046681	1.477655
679.000000	1.152315	1.264289	1.170564	0.804897	1.596981	1.397998	0.995627	0.658212	1.632207	1.154056	1.491734	0.863033	0.734503	1.301594	1.266765	0.983953	1.237711	1.223725	0.861751	1.345970
680.000000	1.290797	1.355765	1.161483	0.813399	1.698860	1.444406	0.849981	0.674809	1.310021	1.105331	1.685501	1.055893	0.907191	1.454592	1.050585	0.970422	1.406713	1.333914	0.864841	1.161753
681.000000	1.309597	1.453070	1.058177	0.812494	1.655674	1.439105	0.979235	0.710685	0.996200	1.083117	1.812212	1.059490	1.084021	1.626319	0.855147	1.032436	1.452578	1.413499	0.838263	1.056585
682.000000	1.309893	1.452636	1.032583	0.766984	1.550256	1.323196	1.169161	0.670040	0.864324	1.162326	1.403438	1.182007	0.976394	1.449345	0.853576	0.927902	1.476110	1.533974	0.680797	0.984343
683.000000	1.206918	1.306674	0.863145	0.739077	1.380783	1.302124	1.211865	0.816221	0.818084	1.185779	1.489597	1.303315	1.186804	1.383935	0.920487	0.885573	1.490284	1.504133	0.701093	0.874974
684.000000	1.041669	1.328415	0.692040	0.793566	1.326867	1.328772	1.272848	0.877960	0.685876	1.211128	1.482308	1.198317	1.414203	1.311193	0.965322	0.872566	1.413909	1.071851	0.768545	0.757536
685.000000	0.931105	1.166450	0.669399	0.670900	1.236131	1.168014	1.250247	0.729310	0.729790	1.147007	1.401909	1.267028	1.399254	1.266347	1.185140	0.890897	1.372485	0.999886	0.926413	0.778503
686.000000	1.025501	1.229797	0.530541	0.647676	1.090648	1.258529	1.376995	0.612841	0.807585	0.969401	1.207338	1.303723	1.233058	1.098851	1.300837	0.992305	1.111126	0.791110	1.166639	0.779061
687.000000	0.966212	1.101296	0.768469	0.666522	1.000737	1.333788	1.211152	0.693214	1.045823	0.897124	1.206340	1.175690	1.123389	1.152564	1.371021	1.054093	1.218142	0.648364	1.266023	0.996974
688.000000	1.049513	0.954797	0.856221	0.624273	1.094364	1.194485	1.002587	1.016441	1.319107	0.778951	1.308709	1.279266	1.197382	1.168343	1.254040	0.937154	1.310000	0.766848	1.270695	0.919942
689.000000	1.160825	0.804932	0.946800	0.675562	1.116904	1.092471	0.840653	1.049641	1.387294	0.772718	1.228671	1.380333	1.148597	1.214937	1.409949	0.844559	1.366210	0.994676	1.250559	0.779767
690.000000	1.201895	0.800086	1.032226	0.919984	1.039580	1.172270	0.851559	1.076508	1.428753	0.700592	1.231655	1.393816	1.217562	1.248135	1.474149	0.690359	1.352238	1.151205	1.184937	0.600688
691.000000	1.025655	0.783718	1.095786	1.109072	0.890727	1.348287	1.004273	1.266874	1.311291	0.505464	0.948492	1.375748	1.406408	1.408399	1.397946	0.458774	1.383471	1.266986	1.098159	0.431152
692.000000	0.925217	0.744573	1.106207	1.105378	0.658030	1.509779	1.054401	1.372538	1.276706	0.585098	0.626063	1.355746	1.319622	1.262338	1.377639	0.495277	1.245364	1.293364	0.773266	0.395023
693.000000	0.871427	0.698457	1.009284	1.114124	0.497329	1.624949	0.976550	1.384974	1.082795	0.503613	0.589664	1.297674	1.439925	1.233296	1.199186	0.748445	1.180662	1.201277	0.493089	0.457667
694.000000	0.521492	0.760576	0.756005	0.966501	0.610357	1.647753	0.844625	1.452054	0.766851	0.614716	0.632452	0.890688	1.584135	1.250664	1.005438	0.878205	1.106690	0.962716	0.344879	0.608333
695.000000	0.562716	0.723888	0.653280	0.870119	0.569058	1.504965	0.920956	1.459431	0.484851	0.502082	0.604911	0.862371	1.667219	1.213967	0.780991	1.098960	1.096413	0.866967	0.494112	0.792709
696.000000	0.768245	0.711357	0.517925	0.995333	0.463573	1.406436	1.082839	1.237830	0.295814	0.434807	0.656221	0.891149	1.536541	1.226277	0.766308	1.369315	0.970830	0.640282	0.544252	0.968009
697.000000	0.966569	0.660168	0.743774	1.055219	0.560538	1.091566	1.008902	1.280883	0.481751	0.419224	0.804413	0.858709	1.471569	1.349121	0.775333	1.410622	0.869727	0.643569	0.619613	1.137807
698.000000	1.014807	0.556974	0.740331	0.983657	0.808455	0.754364	1.061240	1.216741	0.417578	0.500991	0.873305	1.129501	1.469075	1.403457	0.590387	1.294678	0.889051	0.690809	0.761876	1.016762
699.000000	1.023212	0.519284	0.888054	0.868333	0.913678	0.629566	1.219732	1.148632	0.484364	0.532837	0.906578	1.377893	1.349140	1.279895	0.848385	1.217138	0.845932	0.772072	0.693935	1.002872
700.000000	1.112981	0.520156	0.901021	0.845448	0.841296	0.620007	1.311415	1.195354	0.782946	0.352620	0.705089	1.347814	1.085706	1.291578	0.931298	0.914529	0.632510	0.672233	0.753240	0.916762
701.000000	0.944499	0.627606	1.047914	0.765879	0.677800	0.755387	1.191807	1.271585	0.908061	0.379107	0.705998	1.264186	0.999965	1.194937	0.997986	0.600890	0.630541	0.570685	0.888103	0.689212
702.000000	0.869420	0.697755	1.105881	0.538352	0.538389	0.845935	1.046217	1.215147	0.898844	0.480543	0.835235	1.023597	0.790322	1.034767	1.010751	0.690462	0.737949	0.576203	0.739007	0.754657
703.000000	0.646464	0.724888	1.172867	0.374846	0.549326	0.883671	0.906748	1.026998	0.715902	0.452240	0.852291	0.977480	0.541170	0.986107	1.031182	0.785524	0.882555	0.667569	0.745107	0.950431
704.000000	0.278287	0.829779	1.044494	0.109506	0.624382	1.004916	0.796506	1.247869	0.842152	0.603960	0.896883	0.691653	0.492618	0.953520	1.142890	0.778168	0.884620	0.568960	0.750660	1.125846
705.000000	0.390021	0.902515	1.005343	0.125037	0.521967	0.954168	0.803622	1.381776	0.856282	0.533399	1.005483	0.791422	0.340865	0.966054	1.236364	0.774399	0.882807	0.763965	0.947000	1.182991
706.000000	0.511217	1.020005	0.828245	0.283093	0.461037	0.902977	0.735622	1.186308	1.113555	0.583862	1.087632	0.829832	0.303252	0.892242	1.383401	0.837016	0.814881	1.027716	1.055569	1.273893
707.000000	0.863228	1.066760	0.765629	0.401748	0.558030	0.910270	0.708576	1.116259	1.302972	0.834497	1.150200	0.968774	0.355632	0.935839	1.196133	0.857655	0.603124	1.208070	1.085198	1.314331
708.000000	1.068054	0.983741	0.675538	0.434368	0.726998	0.862480	0.683790	1.079354	1.201508	0.991781	1.124844	1.269897	0.460727	0.884315	1.176513	0.883529	0.757816	1.366063	0.929245	1.280408
709.000000	1.330970	0.894695	0.777699	0.476517	0.600417	0.730438	0.703851	1.052837	1.244294	1.046152	0.952112	1.292681	0.574098	0.952263	1.214133	0.743042	0.865098	1.423443	0.726611	1.162427
710.000000	1.478002	1.035207	0.778809	0.645448	0.645508	0.610273	0.471848	0.992089	1.287261	0.869284	0.797371	1.147340	0.516485	0.926765	1.105779	0.699480	0.666014	1.561932	0.890305	1.231923
711.000000	1.499289	1.057706	1.011667	0.524305	0.686629	0.586459	0.371058	0.842914	1.037014	0.904541	0.880443	1.052338	0.716012	0.847503	0.944769	0.691937	0.826531	1.368548	0.858772	1.112846
712.000000	1.282275	0.949075	1.141762	0.629513	0.841415	0.589744	0.390783	0.750273	0.611105	0.912005	0.971282	0.838056	0.706131	0.787091	0.786811	0.761510	1.080844	1.290485	0.697916	1.213723
713.000000	0.866485	0.809254	1.210837	0.754543	0.888904	0.649263	0.406508	0.655513	0.283462	0.780065	1.010758	0.867681	0.718301	0.798503	0.758280	0.847751	1.125937	1.165816	1.026988	1.276135
714.000000	0.630483	0.751590	1.111434	0.713704	0.943650	0.654012	0.465522	0.866543	0.308671	0.647769	1.005263	0.710245	0.809473	0.798804	0.704499	0.877054	1.204881	0.945182	1.054098	1.068830
715.000000	0.662096	0.626252	1.010834	0.696928	1.018993	0.549762	0.561361	1.016396	0.448452	0.523459	1.134879	0.735821	0.800751	0.834876	0.801956	0.769294	1.323513	0.983988	1.171252	0.793224
716.000000	0.651499	0.795965	0.898984	0.867315	0.996562	0.680977	0.584366	1.029977	0.622261	0.723781	1.040212	0.747573	0.984077	0.847660	0.792289	0.915387	1.287781	0.895247	1.324473	0.721900
717.000000	0.927438	0.778457	0.917366	1.056070	0.927026	0.694841	0.670159	0.962245	0.748310	1.045720	1.022834	0.896317	1.086753	0.854166	0.715268	1.092653	1.112082	0.788296	1.329918	0.513972
718.000000	1.095536	0.687802	0.862126	1.032112	0.779317	0.691527	0.709669	0.925012	0.849054	1.031783	0.916853	0.927972	1.248079	0.944625	0.815166	1.167788	1.015772	0.767138	1.170462	0.642921
719.000000	1.210821	0.648683	0.940100	1.072128	0.522082	0.684254	0.679788	0.926051	0.883385	1.299697	0.761524	0.875002	1.311918	1.210476	0.812392	1.066867	0.855364	0.703051	1.145266	0.747147
720.000000	1.096126	0.866730	0.889639	1.154669	0.526965	0.942457	0.476818	0.829224	0.847662	1.404648	0.608834	0.877145	1.011807	1.140394	0.866513	1.025991	0.487942	0.703331	1.032853	1.086615
721.000000	0.914923	0.989037	0.915508	1.225270	0.562205	0.997548	0.545378	0.663284	0.640028	1.568329	0.462816	0.952825	0.985058	1.147538	0.859100	0.882331	0.472235	0.467513	0.823028	1.126086
722.000000	0.674851	0.951473	0.828415	1.518646	0.665070	1.119373	0.475483	0.466375	0.517825	1.638886	0.586189	0.686361	0.772019	1.018797	0.989825	0.856371	0.473671	0.498186	0.908270	1.247527
723.000000	0.683375	1.004315	0.746986	1.627713	0.707212	1.121462	0.524294	0.519557	0.421259	1.467233	0.788200	0.581387	0.731275	0.945305	1.032513	0.938890	0.283832	0.545343	1.025387	1.204564
724.000000	0.780879	0.923319	0.630019	1.614737	0.852620	1.175860	0.539368	0.580331	0.420809	1.034758	0.766925	0.596853	0.755627	0.784403	1.008198	0.915911	0.462543	0.641329	0.885748	1.225021
725.000000	0.863550	0.806800	0.544219	1.583695	1.072517	1.090044	0.537758	0.703291	0.814063	0.849517	0.843016	0.519676	0.880126	0.697977	1.120462	0.716441	0.662883	0.684317	0.844837	1.003294
726.000000	0.872312	0.810394	0.564676	1.503907	1.047580	0.991965	0.479550	0.864851	1.033841	0.891487	0.917872	0.700315	0.866494	0.611065	1.046238	0.806492	0.838932	0.847394	0.913455	0.910166
727.000000	1.163834	0.729991	0.639902	1.256697	0.884117	0.828821	0.568881	0.957897	1.291956	0.815786	0.926995	0.864585	1.123737	0.390834	0.975911	0.917462	0.839779	0.912683	1.296275	0.833674
728.000000	1.259583	0.675828	0.573131	0.944967	0.771846	0.749513	0.686021	1.185075	1.358389	0.660704	1.080476	0.875688	1.248000	0.478357	0.725695	1.155268	0.768238	0.917152	1.417172	0.996063
729.000000	1.311429	0.635970	0.636557	0.618301	0.621490	0.697543	0.641604	1.367550	1.260702	0.782301	1.160711	1.102622	1.285751	0.691625	0.489326	1.212441	0.930063	0.911287	1.606315	1.050361
730.000000	1.078480	0.548692	0.525156	0.575611	0.545210	0.701333	0.591963	1.387009	1.182054	0.709273	1.060746	1.290210	1.075352	0.828103	0.549501	1.191023	1.009802	0.865562	1.529233	0.940166
731.000000	0.914897	0.507200	0.487084	0.742758	0.499019	0.767734	0.613077	1.268923	1.008844	0.786016	0.998312	1.319522	1.015494	0.964858	0.613364	1.188993	1.137105	0.744534	1.404298	0.664350
732.000000	0.988424	0.472674	0.526984	0.769186	0.601310	0.749578	0.583751	0.966431	0.891147	0.804429	0.939909	1.096601	0.790466	1.035946	0.645538	1.205814	1.137601	0.827261	1.291828	0.537713
733.000000	0.954049	0.535214	0.533538	0.741387	0.665459	0.720047	0.536100	0.766998	0.733228	0.628308	0.865965	0.991445	0.482093	0.901907	0.684655	1.137170	0.841305	0.862681	1.122841	0.389000
734.000000	0.843312	0.553068	0.652865	0.879618	0.574275	0.714685	0.611995	0.376361	0.647809	0.448783	0.612261	0.908636	0.396578	0.874249	0.822221	0.954186	0.759867	0.942382	0.875021	0.322448
735.000000	0.735182	0.588816	0.667888	0.855121	0.537809	0.847751	0.754224	0.284308	0.782431	0.393557	0.561002	0.731480	0.420683	0.753049	0.905438	0.671897	0.777974	1.032186	0.738420	0.179639
736.000000	0.658601	0.550364	0.678615	0.677459	0.587879	0.961023	0.856261	0.377657	0.895793	0.414189	0.556042	0.697657	0.455483	0.646683	0.885026	0.506942	0.748124	1.019590	0.774883	0.176028
737.000000	0.540538	0.784394	0.851797	0.646245	0.755270	1.025804	0.975068	0.462023	0.875660	0.439124	0.364676	0.680765	0.746604	0.316450	0.827953	0.370657	0.522837	0.938217	0.858469	0.367970
738.000000	0.426210	0.942788	0.848317	0.561513	1.002161	1.054676	0.864592	0.479706	0.729198	0.502100	0.425748	0.715706	0.986142	0.300566	0.567797	0.458270	0.447382	0.953890	0.808207	0.468576
739.000000	0.411326	0.949800	0.959401	0.443047	1.071851	0.945578	0.697063	0.541035	0.779033	0.342986	0.639499	1.079830	1.128319	0.466594	0.548478	0.533457	0.695273	0.960294	0.933804	0.685848
740.000000	0.284538	0.883212	0.850781	0.582464	1.331275	0.970441	0.739709	0.707639	0.914897	0.456816	0.745881	1.236932	1.153695	0.639312	0.884890	0.629044	1.036678	0.933462	0.851939	0.763895
741.000000	0.437000	0.812946	0.766606	0.738555	1.549417	1.063893	0.657252	0.696946	0.978669	0.698403	0.863170	1.237984	1.314641	0.865387	0.943340	0.587583	1.293210	0.790455	0.895879	0.727287
742.000000	0.655068	0.638170	0.812970	0.823515	1.743399	0.910065	0.715086	0.695960	1.016261	0.694995	0.707562	1.183832	1.167907	0.864655	0.985478	0.651821	1.367604	0.716604	0.913755	0.766767
743.000000	0.762699	0.738054	0.725662	0.821953	1.626093	0.826357	0.744203	0.508357	0.931890	0.824028	0.727100	1.140480	0.971841	0.871627	1.027828	0.723294	1.249296	0.534685	1.071413	0.690147
744.000000	0.946802	0.831350	0.678890	0.712928	1.340254	0.858058	0.893807	0.474198	0.874462	0.921597	0.789343	1.153473	0.999720	1.030392	0.964816	0.936058	1.100944	0.460226	1.146974	0.546718
745.000000	1.010508	0.873247	0.537138	0.845846	1.213170	1.036709	0.950548	0.553200	0.828776	0.883758	0.870182	1.055343	0.941723	1.011783	0.942058	1.076296	0.954809	0.414075	1.197490	0.414403
746.000000	0.848930	0.808184	0.776487	0.901268	1.124788	1.145023	0.858615	0.677399	0.704261	0.841793	0.781166	0.744427	0.954993	0.965098	1.038881	1.089138	0.595070	0.258981	1.112681	0.320093
747.000000	0.744291	0.969205	1.021117	0.930939	1.152576	1.244830	0.807543	0.765235	0.510273	0.890445	0.621075	0.677601	1.054438	0.714401	1.001881	1.088126	0.379233	0.322986	0.860869	0.432800
748.000000	0.714443	1.007214	1.235508	0.722571	1.095336	1.179303	0.567944	0.724021	0.373627	1.095198	0.699042	0.644550	1.081296	0.764051	0.846634	1.139592	0.360681	0.382119	0.863238	0.532769
749.000000	0.712455	0.892627	1.426091	0.695051	0.878401	1.114825	0.636172	0.951434	0.375445	0.979636	0.966601	0.806331	1.007212	0.975361	0.952030	0.969858	0.546676	0.626483	1.024848	0.794193
750.000000	0.776902	0.844501	1.359804	0.695107	0.922103	1.151347	0.818839	1.131660	0.521497	1.164881	0.989503	0.836336	0.940051	1.045159	0.934571	0.874564	0.741009	0.737394	0.949557	0.830657
751.000000	0.857790	0.771156	1.275615	0.672769	0.973445	1.068410	1.036305	1.078497	0.676254	1.107308	0.917333	0.738497	1.154601	0.940492	0.804944	0.629921	0.932084	0.759284	1.007541	0.936420
752.000000	0.819529	0.544347	1.193403	0.575431	0.963762	0.916536	1.256119	1.064739	0.843303	0.895315	0.752946	0.700443	1.184902	0.816846	0.787576	0.584730	0.961998	0.678317	0.929890	0.931937
753.000000	0.836368	0.650671	1.049103	0.426900	0.809737	0.763007	1.551788	0.775622	0.915177	0.867862	0.715249	0.628991	1.178676	0.834520	0.593564	0.690576	1.065051	0.606993	0.854958	0.946767
754.000000	0.809667	0.689012	0.899182	0.301753	0.750667	0.606741	1.589331	0.685730	0.931769	0.632914	0.626382	0.770231	1.124627	0.867832	0.439086	0.982075	0.951252	0.630410	0.787984	0.807282
755.000000	0.829368	0.635730	0.872424	0.503739	0.734371	0.428727	1.675608	0.518021	0.847545	0.432464	0.649079	0.968119	1.010734	0.817587	0.441037	1.170991	0.951995	0.741550	0.925252	0.872960
756.000000	0.639611	0.651949	0.945760	0.586128	0.554345	0.363056	1.712904	0.568380	0.780009	0.220023	0.502601	1.041583	0.881357	0.868904	0.497217	1.287935	0.769497	0.755462	0.968193	0.861935
757.000000	0.705506	0.900788	0.856883	0.570455	0.702615	0.216704	1.571401	0.626536	0.830939	0.159727	0.527105	1.189408	0.756583	0.706175	0.402800	1.442224	0.825765	0.692338	0.883522	0.971312
758.000000	0.692240	1.002557	0.851091	0.569564	0.704662	0.095040	1.415413	0.676455	0.988023	0.332718	0.616049	1.393277	0.419844	0.847991	0.445625	1.387615	0.858851	0.694366	1.041436	0.993037
759.000000	0.661177	0.988193	0.736860	0.755655	0.548242	0.291112	1.269823	0.917189	1.166110	0.313014	0.535858	1.490860	0.199779	0.985669	0.649653	1.187874	1.003590	0.790769	1.118967	1.151788
760.000000	0.640709	1.172970	0.628270	0.872154	0.475837	0.374629	1.044662	1.010196	1.336212	0.469869	0.443888	1.486026	0.026217	0.817660	0.758876	1.081918	0.841988	0.782333	1.105117	1.119051
761.000000	0.327914	1.242324	0.639336	0.885389	0.444503	0.588347	0.877492	0.930420	1.365942	0.487555	0.510562	1.200301	0.274734	0.622632	1.022226	1.009869	0.914786	0.659427	1.166825	1.098916
762.000000	0.239221	1.275632	0.532492	1.000273	0.472660	0.713128	0.595713	0.942730	1.392103	0.474459	0.694506	0.884298	0.433524	0.794040	1.203152	0.945499	0.877599	0.632636	1.216016	1.034627
763.000000	0.393420	1.218797	0.506538	1.015159	0.359016	0.703340	0.716697	0.672506	1.151415	0.495014	0.645594	0.649986	0.451119	0.861308	1.232315	1.019704	0.842811	0.533205	1.154704	1.118676
764.000000	0.474704	1.256191	0.603653	1.005704	0.388503	0.744394	0.717573	0.590282	0.920058	0.608084	0.675415	0.489825	0.595515	0.804916	1.276956	1.070972	0.774084	0.623403	1.099385	1.120974
765.000000	0.577373	1.082002	0.752154	1.223681	0.291583	0.842559	0.792643	0.545657	0.758196	0.656000	0.932550	0.479611	0.750970	0.890224	1.265555	1.123287	0.733093	0.658713	1.166193	1.174075
766.000000	0.720280	1.139268	0.844245	1.267834	0.256296	0.846310	0.777000	0.561879	0.773494	0.598543	1.050196	0.318674	0.853599	0.988193	1.136650	1.331958	0.628443	0.634184	1.188466	1.067224
767.000000	0.877296	1.171159	0.823142	1.206240	0.416037	0.901044	0.618284	0.481872	0.919159	0.801811	1.100939	0.427499	0.798226	0.999907	0.989105	1.432054	0.648366	0.566643	1.089711	0.942802
768.000000	0.914883	1.139156	0.903226	1.117510	0.478107	0.930839	0.719305	0.358389	1.160485	0.948107	0.964641	0.595890	0.647741	1.072373	0.866643	1.385608	0.631347	0.577198	1.084765	0.939086
769.000000	0.761378	1.018387	0.919552	1.009790	0.486760	1.085494	0.758126	0.346946	1.396089	0.891580	0.625606	0.692040	0.627676	0.921998	0.770991	1.180075	0.747354	0.557019	0.999841	1.013939
770.000000	0.725168	0.991886	1.056748	0.901371	0.474072	1.119755	0.950988	0.278925	1.451068	1.053674	0.497445	0.759490	0.712408	0.726972	0.577270	1.230413	0.645315	0.663928	1.051816	0.889520
771.000000	0.624601	0.752252	1.041324	0.774375	0.483592	1.112212	1.019387	0.410296	1.339396	1.086800	0.530121	0.730953	0.802646	0.719315	0.595340	1.232531	0.664921	0.641825	1.004247	0.698322
772.000000	0.720131	0.698704	0.918354	0.779944	0.438112	0.971804	1.065245	0.781643	1.136373	0.879235	0.399448	0.824578	0.768044	0.933725	0.527305	1.101685	0.614357	0.714296	0.948699	0.734058
773.000000	0.762974	0.543790	0.727121	0.749655	0.428417	0.764566	1.120284	0.859021	0.978832	0.768296	0.268671	0.991063	0.629939	0.932096	0.465762	0.985466	0.423340	0.677301	0.800604	0.758079
774.000000	0.790200	0.711552	0.749378	0.807305	0.525492	0.824923	1.097823	1.053189	0.967103	0.780632	0.425054	0.963483	0.632587	0.821077	0.650086	0.868471	0.508040	0.676033	0.654867	0.625816
775.000000	0.811333	0.805128	0.775030	1.024793	0.547893	0.786580	0.944853	1.222373	0.882315	0.819904	0.650709	0.794364	0.751168	1.115124	0.849909	0.788641	0.579592	0.721615	0.487562	0.530888
776.000000	0.892515	1.047317	0.855800	0.977846	0.549900	0.673380	0.750655	1.257888	0.773739	0.843869	0.728604	0.661221	0.936970	1.217480	0.864793	0.846685	0.670657	0.721380	0.492821	0.599131
777.000000	0.737186	1.208166	0.797263	1.037667	0.588914	0.884599	0.582853	1.288662	0.645205	0.978406	0.701466	0.757935	0.928545	1.265424	0.848459	0.781538	0.751977	0.678669	0.448249	0.518452
778.000000	0.624914	1.219965	0.916816	1.006590	0.659911	0.996138	0.571042	1.205725	0.487420	1.062047	0.906737	0.829399	0.910618	1.052573	0.772231	0.742424	0.829121	0.544184	0.374266	0.653056
779.000000	0.316604	1.081970	0.978189	0.944368	0.750270	1.246021	0.644457	1.240848	0.371119	1.089280	1.028459	0.847124	1.018480	0.940895	0.652273	0.575636	0.921434	0.609154	0.569238	0.699718
780.000000	0.433872	1.104995	1.033758	0.864855	0.865918	1.511683	0.749266	1.260876	0.309935	1.183797	1.340021	0.711552	1.167072	0.788769	0.507466	0.800758	0.803709	0.664366	0.706678	0.865592
781.000000	0.482753	0.966079	1.029471	0.758270	0.725995	1.540993	0.726790	1.368683	0.100571	1.081331	1.432406	0.755005	1.137268	0.765956	0.533534	0.757000	0.706324	0.586037	0.717883	0.971841
782.000000	0.483814	0.897890	1.052795	0.800266	0.844545	1.449853	0.704082	1.559606	0.063480	0.859301	1.379991	0.966564	1.135466	0.775538	0.412112	0.951653	0.516678	0.644970	0.872387	0.980193
783.000000	0.572023	0.820310	0.805911	0.747921	1.100809	1.396445	0.621592	1.330436	0.370159	0.642457	1.348664	1.039986	0.896848	0.622755	0.416427	1.135340	0.383429	0.638762	0.759200	1.079897
784.000000	0.672252	0.967762	0.640566	0.662436	1.437359	1.437506	0.599800	1.241515	0.645068	0.707760	1.287462	1.006296	0.778312	0.538124	0.465601	1.130371	0.514580	0.668821	0.997319	1.021988
785.000000	0.854741	1.085965	0.657627	0.695949	1.535515	1.184765	0.557091	0.996392	0.825152	0.794315	0.949450	0.955338	0.813646	0.617198	0.521044	1.131758	0.567210	0.757946	1.108005	1.078175
786.000000	0.934196	1.172224	0.810998	0.927441	1.435273	0.802012	0.599688	0.880473	1.007026	0.708082	0.471506	1.079441	0.765193	0.736506	0.400172	0.991189	0.603618	0.717506	1.099485	1.009196
787.000000	0.930832	1.091760	0.916520	1.243520	1.309338	0.797205	0.584047	1.007753	1.158270	0.703881	0.254748	1.159301	0.587385	0.643681	0.379594	0.981026	0.562037	0.665082	1.164054	0.695154
788.000000	0.834702	0.828995	1.088445	1.406788	1.080119	0.696555	0.536741	1.001436	1.151965	0.743105	0.326424	1.195541	0.498133	0.460014	0.481145	0.935266	0.642142	0.585450	1.085082	0.582450
789.000000	0.675340	0.640420	1.197270	1.394273	0.869699	0.630026	0.532119	1.104091	1.049839	0.759476	0.433084	1.137343	0.456695	0.743371	0.542991	0.672839	0.756352	0.622711	1.153765	0.458765
790.000000	0.666112	0.719389	1.211455	1.198916	0.562515	0.664594	0.405324	1.198963	1.121473	0.631737	0.590622	0.948648	0.540895	1.003811	0.605452	0.616338	0.634000	0.511196	1.093520	0.664210
791.000000	0.560781	0.694154	1.240795	1.031270	0.182298	0.671310	0.394538	1.208797	0.936266	0.581058	0.645135	0.886131	0.720930	1.170231	0.883107	0.374469	0.721944	0.384406	1.025998	0.678245
792.000000	0.391000	0.715462	1.101688	0.915552	0.181214	0.654466	0.393028	1.227634	0.864047	0.539394	0.689184	0.853834	0.844138	1.170047	1.012702	0.475711	0.709343	0.422772	1.090373	0.578189
793.000000	0.284156	0.670960	0.638385	0.642238	0.135883	0.710401	0.518886	1.143816	0.820494	0.511238	0.790916	0.669023	0.923219	1.137049	1.089690	0.584800	0.830254	0.455079	1.066888	0.769779
794.000000	0.219212	0.801853	0.405797	0.488198	0.289186	0.724464	0.535501	1.136930	0.667881	0.651387	0.797587	0.597998	1.036653	1.127235	0.928263	0.618378	1.074601	0.599259	1.282308	0.675063
795.000000	0.332217	0.747555	0.446142	0.533149	0.448902	0.598837	0.629988	0.969200	0.807653	0.767396	0.731697	0.649152	0.937534	1.065448	0.871569	0.638699	1.055378	0.720634	1.385527	0.700205
796.000000	0.409725	0.622324	0.509399	0.784890	0.619681	0.407872	0.759697	0.949958	0.920112	0.801145	0.790247	0.758746	0.771580	0.964436	0.590343	0.762177	1.063730	0.875939	1.389832	0.585315
797.000000	0.501365	0.517698	0.588710	1.020779	0.763747	0.233998	0.819113	0.888133	1.013455	0.816707	0.850380	0.828459	0.642584	0.885936	0.414003	0.915488	1.053415	0.970632	1.364769	0.564997
798.000000	0.597093	0.477266	0.647632	1.158245	0.846152	0.117636	0.759851	0.746200	1.049331	0.813888	0.895709	0.806168	0.614044	0.858403	0.452443	1.090879	1.031879	0.959170	1.319548	0.713282
799.000000	0.686867	0.544615	0.649720	1.114720	0.831944	0.099210	0.533524	0.486636	0.989392	0.792490	0.909846	0.639748	0.749462	0.910294	0.815552	1.280594	1.006566	0.796014	1.263378	1.104203
800.000000	0.760643	0.763336	0.558531	0.807636	0.686175	0.219140	0.091748	0.071916	0.795287	0.752315	0.876406	0.277077	1.112336	1.070063	1.613224	1.476881	0.984923	0.435622	1.205469	1.811790
