Wavelength	Smoothed_1	Smoothed_2	Smoothed_3	Smoothed_4	Smoothed_5	Smoothed_6	Smoothed_7	Smoothed_8	Smoothed_9	Smoothed_10	Smoothed_11	Smoothed_12	Smoothed_13	Smoothed_14	Smoothed_15	Smoothed_16	Smoothed_17	Smoothed_18	Smoothed_19	Smoothed_20
475.000000	28.819441	30.470699	35.190979	29.034336	36.161538	33.962727	34.384895	32.827203	31.182657	32.158531	32.050559	25.291259	32.497203	27.043636	37.583007	32.502378	28.130979	29.793776	28.243497	30.336084
476.000000	28.879161	30.498531	32.062378	28.439720	32.898462	30.807552	32.558601	30.032657	31.352238	31.896923	29.938531	27.313986	32.243357	27.757203	33.418671	30.463497	29.129580	30.827203	28.700839	30.211259
477.000000	28.664545	30.262051	30.064848	28.259534	30.691282	28.939301	31.341096	28.348928	31.089371	31.345897	28.908951	28.592331	31.882028	28.301841	30.557855	29.240326	29.728811	31.187063	28.956317	29.830047
478.000000	28.281131	29.852692	28.982984	28.399429	29.387937	28.112494	30.617960	27.571760	30.546958	30.628904	28.710338	29.286049	31.470874	28.733240	28.814604	28.668776	30.028951	31.072867	29.094068	29.320152
479.000000	27.834452	29.361888	28.601375	28.765058	28.836364	28.081655	30.274779	27.496900	29.877902	29.869394	29.091212	29.554895	31.067552	29.107086	28.002960	28.584755	30.130280	30.684126	29.198228	28.809277
480.000000	27.430047	28.881072	28.704615	29.262075	28.884499	28.601305	30.197133	27.920093	29.235105	29.190816	29.800093	29.558625	30.729720	29.479068	27.936970	28.824172	30.133077	30.220350	29.352937	28.425128
481.000000	27.435897	28.587203	28.663030	29.383100	29.760070	29.662984	30.293100	28.678345	29.281399	28.955874	30.151841	29.290396	30.576247	30.325315	28.392261	28.656643	29.947040	29.858392	29.919907	28.982937
482.000000	27.823730	28.420746	28.944895	30.331259	30.397040	29.864825	30.320816	29.338415	29.393636	28.885828	30.468462	29.541002	30.638695	30.634149	29.208811	29.026807	30.307506	30.551888	30.773450	29.458555
483.000000	27.500186	28.763753	29.335268	30.701632	30.868275	30.389534	29.877016	29.748508	29.392844	29.159860	30.847343	29.787716	30.943170	31.207786	29.989953	29.281888	30.952984	31.028415	31.480023	29.280466
484.000000	27.605944	29.592308	30.182494	30.858112	31.338834	30.127552	29.963590	29.786807	29.323590	30.231958	31.157739	30.343590	31.749534	31.321166	31.644196	30.443939	31.520769	32.226923	31.783030	29.828112
485.000000	28.127762	30.272145	30.827855	30.912541	31.974452	30.918019	30.833800	30.338205	29.285804	31.420862	31.431259	31.206760	32.426667	31.506573	32.623287	31.100816	32.340583	33.286573	32.500932	30.874988
486.000000	28.286387	31.057226	31.873916	30.998555	32.730420	31.951655	31.988834	30.855175	30.324499	32.466037	32.314242	32.360093	33.342681	32.429744	33.437646	31.967879	33.764289	34.268112	33.401305	32.121259
487.000000	28.806107	32.022401	31.725711	31.468462	33.202261	33.046597	32.823916	31.801911	31.479091	33.792844	33.282098	33.332238	34.147366	33.324429	34.458089	32.616620	34.653730	34.865688	33.830793	33.516713
488.000000	29.864056	32.930210	32.263473	32.115245	33.054545	34.284825	33.938135	32.775035	33.089953	35.055594	34.723100	33.717413	35.048462	34.201748	35.997156	33.624079	35.695385	35.975734	34.196760	34.733869
489.000000	31.443660	33.733030	32.757669	33.308625	33.984779	35.218182	34.449814	34.452331	35.491026	35.741935	35.742867	35.023473	35.636900	35.475082	37.115758	35.275012	36.374382	36.554965	35.941072	36.359021
490.000000	33.006340	34.321958	33.390793	34.282354	35.347156	36.206317	35.379837	36.412960	36.947110	36.270070	36.879510	36.446573	36.319720	36.892634	37.994172	36.486457	38.015152	37.465828	37.212331	37.750000
491.000000	35.138182	35.083287	34.066667	35.835152	36.350326	36.588928	35.937319	38.212611	39.073217	37.357483	38.258205	38.362494	36.672238	38.964545	38.898601	37.904988	39.438182	38.250653	39.087179	39.693497
492.000000	36.606410	36.289767	35.247739	37.594429	37.320490	37.093776	37.022681	40.253217	40.422564	38.785594	39.332471	40.168462	38.770746	40.147716	39.904545	39.700233	40.650093	39.441422	41.252168	40.885478
493.000000	36.883263	37.715594	36.717156	38.253636	38.540839	37.851305	38.659347	42.008322	41.819091	40.433263	40.741935	41.560536	40.274266	41.587319	41.817343	41.628648	41.539604	40.379953	43.536923	41.939464
494.000000	37.948974	39.190350	39.009977	39.951795	39.929627	38.216527	41.085967	43.255734	42.436573	42.508485	42.476457	43.185897	42.180396	42.979580	43.275361	44.449021	42.994312	41.635688	45.021235	43.608834
495.000000	38.228555	39.894242	41.086970	41.462774	40.809114	40.039254	43.768648	43.950909	42.926923	44.187319	43.752890	45.108601	43.438788	44.558904	44.511841	46.257063	44.788601	42.638811	46.187040	44.636737
496.000000	38.416480	41.071259	43.017203	42.885804	42.171888	41.609114	45.555012	45.092238	43.329161	45.858928	44.740746	46.804779	44.884942	46.289464	45.260117	47.123007	46.861119	43.972145	46.909767	46.544079
497.000000	39.545664	42.506876	43.223147	44.171655	43.939347	43.159324	46.977203	46.250956	43.852005	47.727809	45.675991	47.596853	45.845524	46.982984	46.842028	47.746037	48.036200	45.013124	47.634149	47.404289
498.000000	40.796527	43.875408	44.241422	44.240956	45.047459	45.345874	48.338089	47.126643	45.348998	49.967879	46.598531	48.096737	47.254476	47.630769	48.146270	48.387599	49.421399	46.412517	47.703800	48.918648
499.000000	42.476317	45.455618	44.918485	45.565501	46.569231	46.485152	48.677739	47.677949	46.105035	51.271189	47.098275	48.977809	49.221795	48.883403	49.073450	49.802471	50.365012	47.895221	48.817389	50.501142
500.000000	44.602354	46.135478	45.393473	47.338392	47.667436	47.606527	49.360746	47.453193	46.974685	52.135361	48.010746	49.741026	50.477436	49.646923	49.827413	50.743613	51.846410	48.773893	50.703706	51.891469
501.000000	45.813566	46.655175	46.369883	48.188648	48.466970	48.717296	49.302611	48.127622	47.612308	52.301725	50.163613	51.081142	52.260793	50.985571	50.353030	52.564172	53.100280	50.029557	52.441841	52.751935
502.000000	45.785804	47.024126	46.745897	48.649534	48.650140	49.904103	49.418205	48.823147	48.593776	52.494289	51.674872	51.876387	54.043054	51.606900	51.325524	53.281212	52.958322	51.775408	55.058904	53.413706
503.000000	45.623660	47.670513	47.421119	48.816061	49.715851	51.120769	50.708252	49.058904	50.328555	52.650746	53.072867	51.947086	55.320909	53.029184	52.970280	54.352564	53.464848	52.829487	57.312890	54.322354
504.000000	46.104336	48.027622	48.457762	49.199674	51.159324	51.445734	51.851818	49.817319	50.889207	52.457809	54.100420	52.136317	56.162005	53.948298	53.938089	56.433846	54.150816	54.208648	58.256364	55.107739
505.000000	45.302960	48.479371	49.132331	49.709161	51.466247	51.918322	52.959464	51.056037	51.866131	52.437622	54.633240	52.525128	56.135828	55.568089	56.087226	56.935781	55.197413	55.438298	59.370466	56.291166
506.000000	45.547786	48.690886	50.199161	49.945361	52.069394	52.096620	53.302937	52.988415	52.452821	53.062727	55.038741	53.379744	56.063776	56.244755	56.485851	56.433869	55.390536	56.324452	59.933427	56.992890
507.000000	45.774755	49.312587	50.477436	50.370023	52.743590	51.954452	54.275874	53.963263	52.815897	54.425804	55.115594	53.847086	55.363846	56.101608	57.542261	55.915524	55.294639	56.270233	59.939977	56.396760
508.000000	46.195641	50.228275	51.653287	49.708788	53.004802	52.008135	54.444476	54.588462	53.673450	55.502471	54.894615	54.433497	55.507016	56.494779	57.852657	55.728718	55.475455	56.600886	58.641818	56.591445
509.000000	47.327925	50.971235	52.030746	50.448858	53.291259	51.347669	54.563403	54.746084	53.672401	55.396620	54.341725	54.925944	56.270513	56.241375	57.214312	56.221725	55.511305	56.312378	57.532634	56.835618
510.000000	48.332051	50.873217	52.802401	51.491748	52.605967	51.419464	54.778718	55.006037	54.066457	55.441958	54.611119	55.633963	56.140909	56.483730	56.115804	56.242145	55.521445	55.780886	57.879231	57.492121
511.000000	47.924103	50.730699	53.701329	51.299301	52.562308	52.330093	54.606340	55.380256	54.455618	54.437925	54.871049	56.422284	56.061841	56.624172	55.149464	56.417879	55.991772	55.226667	57.442121	58.062867
512.000000	47.513263	50.586224	53.154172	51.111841	51.407576	52.720163	54.420513	54.677343	55.160163	54.217389	54.625688	56.545991	55.548135	56.137483	54.046620	55.557716	55.602378	55.759697	57.078298	58.302587
513.000000	48.153380	50.838741	52.464942	50.238485	51.531166	53.635734	54.465967	54.247506	54.997110	53.479044	54.698135	55.841329	54.807249	55.754009	53.623636	56.511678	55.541049	55.419347	56.498042	58.736760
514.000000	48.821235	50.730256	51.121235	49.125967	50.704942	54.402005	54.019114	53.991795	53.996247	52.696503	54.340396	55.514172	54.153636	55.419091	53.552681	57.684918	54.520979	56.448928	55.504639	58.978135
515.000000	48.263427	50.131492	49.890303	49.525524	49.763520	54.797669	53.375921	52.658904	53.617669	52.337226	54.026737	55.076713	54.026131	55.066200	54.241026	58.211026	54.528042	56.812284	54.953473	59.097273
516.000000	48.460746	48.934615	49.107576	49.415594	49.506037	53.968392	51.955967	51.496760	52.173147	51.628741	53.254009	55.010793	53.163147	54.258298	53.973823	57.880023	53.584732	56.534033	54.810396	57.986573
517.000000	47.698718	47.985361	48.322168	49.353287	49.551911	52.749138	50.780256	51.297552	50.919161	50.923893	52.303473	54.440210	52.645967	53.083939	53.762424	56.548741	52.659277	56.378718	54.974382	56.011772
518.000000	46.431119	47.237249	47.503823	48.632494	49.793636	52.010769	48.930373	49.873566	50.071445	50.799580	51.442914	53.587972	52.410466	52.305361	53.229277	55.955944	51.067016	57.030186	54.335408	54.788928
519.000000	45.139114	45.912494	46.458998	48.461282	49.066737	50.739604	47.508089	48.933776	49.319814	50.606573	51.153963	52.880769	52.571585	51.510163	52.169907	54.669953	50.907739	56.640862	54.051212	54.070466
520.000000	43.991958	44.887179	46.215291	47.662984	48.056317	49.248601	46.692844	47.774103	48.992028	50.874009	50.861026	52.221352	52.513030	51.140186	51.796177	53.016550	50.524406	56.172890	53.734499	53.114336
521.000000	42.279231	44.342331	45.678998	46.532704	47.328765	48.219091	46.478159	46.745268	49.682261	50.775664	49.836573	50.994848	51.458368	51.024802	51.202751	50.833263	50.466737	54.545082	53.190117	52.636270
522.000000	41.172424	44.266620	44.313543	45.711329	46.041865	46.739650	46.893939	45.908695	49.891655	50.828625	49.512238	49.977879	50.964172	50.206946	50.309907	48.906550	49.973497	53.568275	52.289324	51.580699
523.000000	40.160117	43.803660	43.171818	44.036900	46.173170	46.203147	46.883660	46.077786	49.405221	50.249627	49.890210	48.879371	49.714126	48.964755	49.561352	48.061725	49.077716	51.653007	51.541142	51.118858
524.000000	39.311072	42.926107	42.129277	42.150350	45.346434	45.552401	46.546620	45.765664	48.424009	49.292308	48.976270	47.568718	48.942028	48.640583	48.694522	46.830583	48.615175	50.017459	49.280629	50.273217
525.000000	37.978228	42.102681	41.845408	42.175361	45.269161	44.549860	46.246970	44.763846	47.454242	47.816993	47.019044	46.466620	48.770280	47.251981	47.970350	46.209953	48.341515	48.092354	47.374592	49.288951
526.000000	37.523590	41.060280	41.548788	41.635152	45.425245	43.001865	45.823660	44.882075	46.142261	46.054802	45.134522	45.328625	47.417179	45.693543	47.165082	45.389930	47.463450	46.155944	47.055012	48.205967
527.000000	36.797016	39.735921	40.815198	41.284779	44.738881	42.794336	45.684639	45.238089	44.856434	44.424569	43.481096	44.300886	47.142354	44.134476	45.393287	45.233636	45.808555	44.561772	46.580070	46.402890
528.000000	35.844359	38.767016	40.501142	40.770443	44.100186	42.904942	44.284336	43.414009	43.603217	43.323310	42.532867	44.134615	46.289487	42.859510	43.983823	45.953217	44.775688	43.885921	45.468928	45.174988
529.000000	35.050117	37.529044	40.269604	40.410909	41.870583	42.525291	42.344639	42.570093	42.513333	42.415548	41.925035	43.678298	45.470606	41.713566	42.875897	45.878788	44.723450	43.215082	44.816527	43.866247
530.000000	35.200186	36.777949	40.125478	39.404848	39.945082	41.875385	41.122844	41.192191	41.691259	41.572541	41.333566	42.811911	44.350956	40.731282	41.765152	45.162098	43.754685	43.001888	43.624033	42.232937
531.000000	35.117972	36.273893	39.640769	39.313007	38.153800	40.986317	40.492984	40.127179	41.114592	40.623986	40.786550	42.089324	42.590909	39.890163	40.577156	44.031562	42.134452	42.015524	43.371235	41.263753
532.000000	35.144942	35.969044	38.941026	38.498881	36.293007	39.916830	39.924312	38.434336	39.861585	39.549837	40.228112	41.736387	41.256224	38.775804	39.111002	42.688322	41.076667	41.134685	42.495501	39.828858
533.000000	34.146340	34.785897	37.551422	36.962541	35.189720	38.692867	38.970746	37.718042	38.267855	38.934359	39.414196	40.150956	39.353240	37.595315	37.771725	41.043380	40.221632	40.030023	41.126667	38.900326
534.000000	33.213939	33.977226	36.804266	35.405991	33.944103	36.808089	37.612587	36.661235	36.430303	37.510723	37.829394	37.658904	37.106434	36.571235	36.254872	39.396177	39.712564	38.687552	38.477226	37.788834
535.000000	32.219068	33.449580	35.747622	34.548834	32.586713	34.553357	35.982984	35.023683	34.762378	36.248298	35.400000	36.082867	35.627902	35.194499	35.288904	37.646620	38.000210	36.977179	36.871492	36.818858
536.000000	30.674732	31.933427	34.153590	33.255967	31.707879	32.978135	34.667716	33.620513	33.215664	34.728345	33.877483	34.639883	34.357179	34.064755	34.311888	35.451259	36.777925	35.215338	36.163077	35.199371
537.000000	29.448531	30.461562	31.566946	31.889254	30.451422	32.217040	33.299091	32.322401	31.538112	33.150490	32.412657	33.282867	33.704009	33.521189	33.336807	33.487133	35.162401	33.254056	34.758112	33.640746
538.000000	27.921818	29.213683	30.158811	30.343380	30.074639	30.747366	31.128252	30.598345	30.916340	31.832821	31.358508	31.909860	33.162424	32.737902	32.807576	31.477249	33.703800	31.616900	33.223054	32.682028
539.000000	26.311585	28.044918	28.550653	28.982751	28.868555	29.934918	29.337646	30.155851	30.103566	31.036294	30.168788	30.565431	32.672914	31.722168	32.048788	29.743170	31.994685	30.552121	31.514196	31.321305
540.000000	25.176853	27.161189	27.182331	28.007366	27.981002	29.030093	28.142145	28.915198	29.719207	30.048182	29.601935	29.337692	31.479044	31.325944	30.910793	27.918998	30.297156	30.087669	29.929604	30.104406
541.000000	24.533613	26.095082	26.026270	27.121678	27.276737	27.868718	27.642517	27.730303	28.894103	28.581911	28.570233	28.397949	30.987133	30.032145	29.882634	26.880956	28.311585	28.975315	28.745361	29.286946
542.000000	24.045967	24.715408	25.289883	25.571375	26.240350	26.732821	27.053193	26.160746	27.642681	27.551445	27.602214	27.221352	29.884289	28.890373	28.515734	25.615058	27.177739	28.493543	27.478298	28.778089
543.000000	23.271865	23.766923	24.027902	25.020699	25.173473	25.564009	26.217529	25.253846	26.471352	26.510163	26.506643	25.448275	28.108881	27.825688	27.589231	25.452797	26.421841	27.877110	25.995058	28.545851
544.000000	22.541282	22.891049	23.715268	24.210093	24.322401	24.426224	24.913357	24.198788	25.609674	25.250909	25.563380	24.093916	26.184732	26.312424	26.013939	25.653357	25.799487	26.935058	24.732821	28.133217
545.000000	21.777483	22.007925	22.861399	22.848928	22.832494	22.953170	23.740559	23.114545	24.383706	24.575128	24.066387	23.485781	24.518159	25.204009	25.080326	25.809977	24.507483	25.764732	24.285478	27.330303
546.000000	20.617016	20.405851	21.906737	22.065128	21.594219	22.062657	23.295128	22.162587	23.100839	23.197249	23.201445	22.959347	23.388019	24.035105	24.123939	25.054918	24.171422	24.845897	24.155105	25.948881
547.000000	20.031002	19.477925	20.827366	20.946294	20.703869	21.495991	22.562098	21.591981	22.260256	22.140886	22.395221	22.368415	22.503753	23.323427	23.510583	23.904662	23.685897	23.595897	23.635594	25.312121
548.000000	18.996737	18.542914	19.781958	20.295944	20.404825	20.752704	22.254709	20.720117	22.154895	21.668112	21.545338	21.885128	22.048671	22.658834	22.971305	22.740396	23.032587	22.393823	23.209091	24.432541
549.000000	17.943846	18.287622	18.817459	19.439394	19.624709	20.361538	22.308974	20.359231	21.529977	21.027296	21.012727	22.065221	21.955408	22.189394	22.511725	21.812821	22.381072	21.782681	22.584545	23.118718
550.000000	17.184685	17.908322	18.197483	18.996597	18.725035	19.788765	21.683427	19.315524	21.019441	20.073007	20.655198	21.809510	21.222238	22.003030	22.074662	21.062587	21.912075	21.132611	22.064126	22.270886
551.000000	16.693939	17.434662	17.959720	18.696643	18.337296	19.171469	21.341935	18.786737	20.368555	18.544709	20.096224	21.365012	21.063217	21.268531	21.898765	20.236457	20.930932	20.250420	21.210886	22.070769
552.000000	16.015361	16.953007	17.576807	18.058065	18.154429	18.521212	20.493380	18.137716	19.791352	17.939977	19.608228	20.575082	20.199207	20.502517	21.408415	18.920000	19.750070	20.129534	20.614522	21.474359
553.000000	15.541632	16.998298	17.400746	17.997786	17.834336	18.405455	19.073753	17.451911	19.152634	17.248112	19.296200	19.858135	19.500932	19.995594	20.778135	18.553054	18.723193	19.455944	19.357389	20.212517
554.000000	15.045897	16.766970	16.945594	16.821632	17.522774	17.676550	17.927389	17.008904	18.627925	16.539021	18.832051	19.081702	18.227552	18.924312	19.444779	17.760513	17.600932	18.737646	18.225711	19.253869
555.000000	14.206830	16.277925	16.555874	15.905478	16.662984	16.707389	17.195851	16.719604	17.551841	15.882681	18.239347	17.907133	17.226760	17.882098	18.498252	17.544639	16.073170	17.740979	17.575268	18.115221
556.000000	13.730699	15.353566	15.782960	15.402890	16.240093	15.967506	16.439744	16.208601	16.444639	15.064079	17.287972	16.789417	16.352214	16.873869	17.360583	16.786200	15.553520	17.056503	17.201375	17.423893
557.000000	13.378135	14.827296	15.292378	14.972121	15.843800	15.668392	15.338625	15.497226	15.658462	14.881585	16.552657	15.746503	15.788089	16.365105	16.377529	16.236667	15.200956	16.383636	16.350839	16.423310
558.000000	13.054615	14.044242	14.448671	14.501352	15.355035	15.100657	14.635828	15.309371	14.891399	14.704312	15.779674	15.103730	15.063566	15.830490	15.451772	15.825548	14.979277	15.490676	15.745781	15.598765
559.000000	12.755455	13.545152	13.983263	13.532797	14.492751	14.116531	14.049021	14.785361	14.155897	14.322611	15.077762	14.591096	14.718275	15.429907	14.957552	15.679837	14.870490	14.350210	15.089184	15.448135
560.000000	12.367879	12.975967	13.428275	13.269301	13.747203	13.361235	13.573193	13.944429	13.749441	14.095315	14.698881	14.063660	13.998159	15.080769	14.447483	15.464615	15.062844	13.721305	14.587599	15.472867
561.000000	12.263520	12.922587	13.150490	13.320643	13.308951	12.206538	13.490653	13.628834	13.721189	13.942517	14.324779	13.669464	13.395921	14.634224	14.248718	15.090303	14.512821	13.151818	14.043776	15.659184
562.000000	11.603287	12.967483	12.774476	12.696075	12.882720	11.702326	13.243739	13.104709	13.217086	14.005431	14.045781	13.452075	12.703800	13.612872	13.669114	14.556340	14.035548	13.026457	13.552284	14.970023
563.000000	11.549879	12.993706	12.372839	12.363814	11.974259	11.270732	12.815340	12.691865	12.629091	13.658718	13.952121	13.546084	12.369427	12.911287	13.256317	13.720723	13.739161	12.852587	13.053566	14.138788
564.000000	11.597890	12.521585	11.741697	11.681063	11.080669	10.489855	12.335958	12.454774	12.050420	12.839967	13.642723	13.495012	11.619245	11.967767	12.680443	13.075492	13.256434	12.534872	12.569021	13.505739
565.000000	11.135086	11.757240	11.366093	11.548713	10.540277	10.184105	11.723573	12.053564	11.342867	12.079473	13.270172	13.176345	11.132007	11.290214	12.699375	12.394524	12.639534	12.300047	12.478065	12.552790
566.000000	10.810401	10.908235	10.663585	10.998371	10.453662	10.102294	10.994963	11.539329	10.962378	11.222051	12.150674	12.730946	10.765725	10.789049	12.182417	11.256014	12.248089	12.630177	12.080949	12.068415
567.000000	10.388522	9.998114	10.004121	10.838671	9.977193	10.055172	10.218494	10.724601	10.808634	10.635739	11.452774	11.863580	10.624021	10.748909	11.794224	10.665893	11.728648	12.479916	11.295839	11.307126
568.000000	9.838592	9.144967	9.487366	10.181716	9.896706	10.469786	9.667786	10.311699	10.479494	9.979317	10.921497	11.147016	10.477965	10.746744	11.539804	10.178061	11.463030	11.826172	10.732347	10.776455
569.000000	9.047168	8.296235	9.389900	9.215112	9.794737	10.185900	9.279655	9.480422	10.331277	9.721480	10.186979	10.410159	10.428336	10.818932	10.976075	9.544210	11.327268	11.121452	9.945599	10.418093
570.000000	8.491224	7.864545	9.100951	9.043490	9.843268	9.812359	9.085753	8.675594	10.076452	9.514077	9.730646	9.816634	10.251748	10.778809	10.155462	9.011422	10.873221	10.629552	9.578716	9.642655
571.000000	8.295802	7.764503	8.960140	8.897788	9.891471	9.086550	8.649772	8.147925	9.624277	8.978378	9.692883	9.195676	10.080809	10.335697	9.504319	8.535305	9.895739	9.845860	9.713795	9.529044
572.000000	7.806021	7.765793	8.694737	8.249923	9.728436	9.040816	8.415902	7.681114	9.047914	8.793853	9.446874	8.876788	9.837909	9.320093	8.927935	8.315070	9.327245	9.547872	9.621464	9.203527
573.000000	7.925156	7.700646	8.500233	8.033051	8.970555	8.379939	8.319865	7.563527	8.485140	8.639550	9.266886	8.630212	9.718007	8.826480	8.762459	8.091807	8.767159	9.047361	9.281175	8.924599
574.000000	7.709807	7.597788	8.088671	8.009620	8.280911	7.879986	7.958233	7.477368	7.635326	8.643921	9.080725	8.339072	9.217035	8.369811	8.802326	8.236343	8.396783	8.554925	8.877434	8.366445
575.000000	7.492960	7.680734	7.645769	8.121704	7.824918	7.397503	7.838431	7.293823	7.273303	8.345168	8.882450	8.021909	8.508347	7.845513	8.510564	7.885452	7.967214	8.441089	8.559252	7.886709
576.000000	7.117249	7.617718	7.136228	7.627832	7.092883	6.833981	7.615676	7.190734	7.341508	7.967287	8.253972	7.913734	8.294483	7.439769	8.083816	7.497252	7.528492	8.381345	8.329233	7.723949
577.000000	6.568559	7.127911	6.736660	7.444974	6.431114	6.629774	7.382515	7.101261	7.400855	7.854100	8.048737	7.628103	7.867830	7.015744	7.901869	7.412723	7.175357	8.140464	8.156228	7.497704
578.000000	6.084443	6.677664	6.577981	6.893718	6.285042	6.757939	7.364443	6.941830	7.224042	7.775734	7.776002	7.368667	7.345907	6.707848	7.600879	7.314981	7.108935	7.920054	7.880124	7.357543
579.000000	5.521625	6.606040	6.609576	6.258462	5.999128	6.297751	7.308392	6.832965	7.060291	7.397660	7.018152	7.232149	6.892986	6.678692	7.240501	7.088541	6.800580	7.646166	7.596662	7.017457
580.000000	5.313438	6.540166	6.426098	5.997576	5.954772	6.163513	6.986466	6.974650	6.566315	6.867466	6.719110	7.061119	6.630007	6.389443	7.075114	6.884396	6.334704	7.310464	7.541981	6.509508
581.000000	5.355042	6.227049	6.570573	5.760037	6.073709	5.804760	6.487613	6.945632	6.196874	6.410462	6.610872	7.044392	6.385755	5.897473	6.903559	6.169704	6.051179	6.761865	7.470909	6.325956
582.000000	5.219256	6.152744	6.851937	5.155984	6.131916	5.873678	6.224480	6.826037	5.939517	6.573075	6.258953	7.225650	6.027536	5.464235	7.010590	6.134117	5.900459	6.408793	7.216193	6.017340
583.000000	5.222021	6.110972	6.839939	5.043061	6.070918	5.518622	6.077981	6.558399	5.395021	6.272172	5.998758	7.098219	5.648739	5.642014	7.482217	6.029117	5.756797	5.957744	6.617226	5.636979
584.000000	5.092524	5.959424	6.613834	4.830963	5.868471	5.534860	6.020315	6.130403	4.939224	6.139564	5.657051	6.768604	5.451002	5.567152	7.892182	5.604261	5.641033	5.620473	5.939221	5.203587
585.000000	4.943075	5.756142	6.100452	4.859578	5.338716	5.508727	5.922534	5.613103	4.996960	5.982828	5.700734	6.469531	5.334280	5.447473	7.230800	4.899587	5.372739	5.294604	5.386972	5.127888
586.000000	4.683762	5.373443	5.661256	4.706639	4.936970	5.525161	5.637105	5.160979	4.964993	6.037186	5.593730	6.328247	5.518422	5.185287	6.932793	4.272730	5.268981	5.017413	5.227972	5.042902
587.000000	4.389762	4.984765	5.515378	4.715315	4.766865	5.713483	5.403858	5.013110	4.949788	6.045303	5.324704	5.950389	5.280168	4.642991	6.330767	4.082280	4.896350	5.106657	4.850499	4.879520
588.000000	4.298242	4.714569	5.196508	4.596671	4.758338	5.510993	5.294207	4.688497	4.667524	5.666972	4.917121	5.435210	5.180277	4.418594	5.722832	4.020399	4.815776	5.093716	4.819340	4.902233
589.000000	4.290872	4.701911	4.977322	4.524319	4.607557	5.183014	5.189841	4.583702	4.611858	5.286744	4.689394	4.657918	5.163867	4.365970	5.309256	4.065918	4.659462	4.999510	4.894776	4.702981
590.000000	4.222660	4.247606	4.841797	4.327811	4.490170	5.089872	4.748988	4.619781	4.493793	5.004357	5.084252	4.278124	5.026217	4.284040	4.934287	4.145368	4.514096	4.887403	4.579364	4.595291
591.000000	4.645746	3.967005	4.868797	4.157739	4.371413	4.676336	4.386522	4.621277	4.441166	4.956343	5.214343	4.146100	4.893103	4.281548	4.573956	4.206620	4.443387	4.696448	4.337793	4.174205
592.000000	4.609252	4.087769	4.793786	4.056054	4.228753	4.390974	3.952737	4.530939	4.163476	5.013273	5.219846	4.128371	4.514932	4.204678	4.544471	4.617422	4.476058	4.574487	4.353653	3.972986
593.000000	4.454501	3.870809	4.593338	4.241967	4.178818	3.980203	3.731093	4.280249	3.827730	4.800091	5.056238	4.105065	4.323571	4.391359	4.616212	4.761979	4.419417	4.526977	4.291925	3.963860
594.000000	4.502394	3.671608	4.398741	4.304848	3.806289	3.770932	3.439643	3.968949	3.726422	4.839566	4.647389	4.028804	4.189256	4.281427	4.521037	4.572779	4.309897	4.259119	4.064450	3.844452
595.000000	4.157380	3.597690	4.080977	4.271683	3.540681	3.631956	3.219193	3.438636	3.927844	4.765494	4.495221	3.959767	4.202674	4.470506	3.954587	4.425732	4.056434	3.799014	3.970387	3.733448
596.000000	3.978643	3.434424	3.926273	3.967350	3.599949	3.675611	3.064669	3.348998	3.828841	4.724319	4.089751	3.999203	4.176597	4.351494	3.902793	4.048347	3.980364	3.439723	3.947298	3.598131
597.000000	3.782587	3.538841	3.948385	3.587112	3.590930	3.724399	3.023869	3.135960	3.807648	4.379653	3.503848	4.113704	4.026753	4.177737	3.617643	3.761527	3.672298	3.131061	3.820441	3.422529
598.000000	3.706935	3.460371	3.910711	3.166998	3.605107	3.548105	2.857086	3.330690	3.495683	3.814476	3.070170	4.099555	3.943853	3.932466	3.585098	3.659270	3.756149	3.019131	3.976753	3.250639
599.000000	3.610396	3.229809	3.793375	2.937072	3.597911	3.354970	2.945350	3.403168	3.416140	3.455897	3.226865	3.821900	3.697280	3.855937	3.638881	3.758900	3.729963	3.132352	3.923072	3.192231
600.000000	3.490814	2.870361	3.842408	2.646408	3.645734	3.487939	2.856445	3.294110	3.550035	3.168858	3.584965	3.890515	3.384632	3.709061	3.544988	3.662296	3.560825	3.277490	3.699723	3.014224
601.000000	3.556483	2.816480	3.724503	2.827366	3.458648	3.430599	3.090571	3.404625	3.397287	2.783587	3.706261	3.874047	3.161235	3.593091	3.437145	3.461336	3.441128	3.351879	3.401634	2.999161
602.000000	3.244548	2.904650	3.694695	3.284737	3.194459	3.406033	3.260490	3.416571	3.188534	2.709063	3.848762	3.777669	2.836340	3.228611	3.460615	3.292839	3.399786	3.245646	3.088436	3.334317
603.000000	3.056231	2.808678	3.582075	3.602821	3.063175	3.489254	3.384044	3.183816	3.019131	2.678527	3.893002	3.547995	2.614424	3.187800	3.432865	3.279497	3.232126	3.248960	2.872086	3.522837
604.000000	3.088005	2.879774	3.370881	3.793690	2.931455	3.434387	3.245452	2.989049	2.931380	2.694853	3.610497	3.187739	2.380121	2.972287	3.318534	3.189508	3.050364	3.114846	2.397676	3.396392
605.000000	2.719681	2.994571	3.010807	3.899897	3.052303	3.469172	3.094629	2.524632	3.132923	2.775741	3.340093	2.844403	2.478186	3.296152	3.173284	3.125054	2.959636	2.878242	2.252252	3.288765
606.000000	2.461284	2.954578	2.769513	3.840259	3.002746	3.548371	3.041667	2.446678	3.062807	2.885114	3.074436	2.680853	2.438063	3.387408	3.163527	2.961774	2.757438	2.808079	2.321163	3.353224
607.000000	2.316145	3.128422	2.355552	3.429695	2.873198	3.391706	3.076224	2.273140	2.965231	3.047590	2.805869	2.645846	2.695893	3.404706	3.148520	2.850559	2.349839	2.965718	2.432550	3.209499
608.000000	2.256277	3.113445	2.167429	3.150312	2.702387	3.131028	2.968212	2.683503	2.894613	3.170914	2.646417	2.524807	2.802462	3.271650	3.150448	2.867536	2.443373	3.177678	2.619746	3.075420
609.000000	2.130361	2.911660	1.936734	2.943951	2.710841	2.687972	2.559725	2.822184	2.814881	3.320601	2.518294	2.284629	2.950534	3.185739	2.924464	2.784655	2.608389	3.307473	2.483597	2.998569
610.000000	2.122578	2.642324	2.119860	2.730746	2.618809	2.517855	2.573189	2.908557	2.838667	3.228545	2.615121	2.177126	2.913578	2.903814	2.583089	2.337879	2.763441	3.008865	2.504709	2.843671
611.000000	2.093930	2.527182	2.260725	2.762070	2.320473	2.267608	2.869916	2.945459	2.573469	2.968459	2.627653	2.247741	2.729811	2.711508	2.409993	2.074748	2.810790	2.658711	2.664476	2.943030
612.000000	2.202946	2.538219	2.278462	2.565690	2.074030	2.046585	2.837629	2.738310	2.545688	3.037152	2.584580	2.282005	2.521357	2.579476	2.421473	1.830981	2.796371	2.391096	2.776112	2.903758
613.000000	2.232979	2.409629	2.073541	2.463410	1.990140	1.876154	2.699016	2.512296	2.435911	2.895942	2.438462	2.314543	2.460189	2.489336	2.566851	1.813023	2.488928	2.197578	2.497958	2.747762
614.000000	2.216753	2.451270	1.996508	2.285781	2.095452	1.610345	2.480436	2.281942	2.250953	2.886035	2.415979	2.220161	2.515888	2.233065	2.637601	1.737762	2.348198	2.080110	2.242739	2.442646
615.000000	2.315198	2.656958	1.850149	2.300841	1.946175	1.400816	2.178718	2.009040	2.224755	2.694471	2.525739	2.340317	2.493452	2.237853	2.556886	1.704270	2.340762	2.059450	2.399984	2.426441
616.000000	2.252904	2.719270	1.746797	2.318639	1.983867	1.362716	1.959242	1.752373	1.999145	2.518357	2.394949	2.593499	2.344310	2.240629	2.510100	1.939837	1.988361	1.975564	2.488513	2.443275
617.000000	2.432932	2.783753	1.508925	2.162972	1.866373	1.298100	1.702084	1.963361	1.819207	2.447235	2.466576	2.641594	2.279587	2.332874	2.559240	2.018704	1.884347	2.081557	2.547389	2.181114
618.000000	2.656096	2.526012	1.546275	2.341830	1.787895	1.443373	1.609058	2.328995	1.827359	2.233065	2.565960	2.431918	2.086207	2.276874	2.242566	2.010625	2.201909	2.172002	2.412375	2.280872
619.000000	2.621611	2.231620	1.579552	2.516394	1.985545	1.438828	1.351147	2.683322	1.785583	2.057019	2.475632	2.368282	1.931145	2.223028	1.992557	2.187336	2.271618	2.063839	2.253821	2.338925
620.000000	2.679963	2.078326	1.774744	2.530457	1.849396	1.630944	1.528161	2.952716	1.781832	1.674079	2.565343	2.216781	1.639818	2.031772	1.832016	2.219865	2.284960	1.897772	2.091485	2.279121
621.000000	2.539907	2.045417	1.944380	2.385275	1.866529	1.733156	1.777741	3.091042	1.742587	1.562312	2.412900	2.255814	1.433816	1.926604	1.821303	2.483604	2.082445	1.693937	2.046494	2.234490
622.000000	2.432238	1.979487	1.908653	2.266566	1.735203	1.824538	1.758653	2.847678	2.001443	1.474389	2.202848	2.190044	1.514879	2.085900	2.072166	2.316739	1.843841	1.838035	1.806315	2.062599
623.000000	1.887816	2.118056	1.971762	2.232578	2.042091	1.778876	1.980580	2.668657	2.200233	1.400886	1.937900	2.022371	1.909573	2.048872	2.320380	2.238282	1.670867	1.709681	1.449221	1.896026
624.000000	1.719543	2.191914	1.937455	1.914681	1.944009	1.547564	1.910021	2.187354	2.238834	1.404079	1.932986	1.602744	2.220977	2.095448	2.262217	2.032387	1.729469	1.694096	1.326520	1.803692
625.000000	1.672417	2.422275	1.814608	1.778699	1.689168	1.319357	1.757317	1.628685	2.192725	1.384653	2.001508	1.644890	2.076266	2.125471	2.101923	1.786846	1.795580	1.810986	1.444103	1.755580
626.000000	1.365212	2.367410	1.611217	1.538655	1.612408	1.282492	1.504028	1.121851	2.062156	1.476786	1.846152	1.721382	2.038650	2.105387	2.026254	1.714886	1.911012	1.887175	1.564308	1.672401
627.000000	1.292368	2.290429	1.382601	1.426552	1.425401	1.242252	1.199471	1.346916	1.881410	1.531289	1.850984	1.621075	1.953802	2.119012	2.087268	1.355408	2.319021	2.180170	1.729837	1.686541
628.000000	1.401396	2.193531	1.306357	1.699317	1.384240	1.075890	1.400807	1.526552	1.596800	1.587664	1.677429	1.581021	1.845823	1.980681	1.769340	1.111604	2.429506	2.319009	1.775977	1.952205
629.000000	1.571350	2.023760	1.311301	1.878224	1.445597	1.127527	1.403865	1.796594	1.418734	1.737643	1.677634	1.747117	1.777028	1.800657	1.677333	1.315636	2.288061	2.359517	2.148776	2.144275
630.000000	1.809371	1.965056	1.233089	1.971795	1.310333	1.234956	1.283641	2.126347	1.283520	1.683084	1.584573	1.781266	1.526821	1.713914	1.638669	1.427529	2.001233	2.523445	2.042578	2.288872
631.000000	1.849702	1.767091	1.414438	2.074478	1.387706	1.463396	1.357191	2.387019	1.043487	1.705958	1.613249	1.961991	1.520149	1.400014	1.534634	1.614408	1.570492	2.166207	1.963723	2.313692
632.000000	1.781051	1.629501	1.485350	2.150112	1.400441	1.549019	1.464946	2.271783	1.188135	1.650508	1.542378	1.754441	1.551413	1.325872	1.446145	1.609448	1.295175	2.084289	1.935457	2.069240
633.000000	1.592019	1.598366	1.633200	2.034305	1.890161	1.543942	1.493606	2.242709	1.293312	1.712851	1.595564	1.662497	1.607380	1.127086	1.597030	1.685170	1.045972	1.852182	1.802538	1.826205
634.000000	1.610042	1.485303	1.595839	1.967653	2.015273	1.539569	1.389508	1.860021	1.364058	1.750702	1.891238	1.467277	1.632697	1.186536	1.823706	1.639303	0.791438	1.831944	1.506653	1.483986
635.000000	1.560529	1.447935	1.590699	1.878576	2.197315	1.459100	1.370247	1.547594	1.391333	1.739408	2.049545	1.581587	1.557606	1.239415	1.962091	1.410061	0.797832	1.948033	1.478685	1.059452
636.000000	1.430284	1.256047	1.560984	1.742828	2.184149	1.455394	1.318259	1.361217	1.402657	1.608371	2.274895	1.661639	1.642261	1.073886	1.968240	1.313888	0.835000	1.818620	1.381026	0.961527
637.000000	1.174879	1.172620	1.272669	1.737816	2.030720	1.464203	1.170716	1.380550	1.176590	1.419198	2.164730	1.612611	1.606140	1.126900	1.816762	1.079140	0.925669	1.802529	1.188956	0.947984
638.000000	1.150727	1.196737	1.231014	1.681485	1.854895	1.238953	1.197765	1.462387	1.087869	1.223660	2.072254	1.550711	1.311373	1.083154	1.452487	0.917788	1.084002	1.710823	0.963855	0.842450
639.000000	1.275974	1.136469	1.135378	1.472865	1.600914	1.343814	1.047455	1.559457	1.105865	1.277606	1.993399	1.422550	1.185002	1.041002	1.267145	0.902942	0.974648	1.601119	0.837883	0.934061
640.000000	1.222753	1.016147	1.091478	1.244797	1.337490	1.296233	1.020119	1.557823	1.156711	1.162501	1.430965	1.307464	0.823949	1.064098	1.090655	0.836562	0.918359	1.656009	0.507508	1.001044
641.000000	1.369767	0.979923	1.034865	1.036783	1.062051	1.607788	1.032364	1.757480	1.305077	1.163557	1.179632	1.215594	0.825128	0.885648	0.911608	0.952974	0.912047	1.412790	0.603291	1.107033
642.000000	1.512154	1.056923	0.938186	0.704664	0.891170	1.555096	1.179695	1.751555	1.455953	1.151275	0.853166	0.942876	0.775047	0.834312	0.781876	1.149503	1.048145	1.385047	0.824865	1.061734
643.000000	1.595939	1.165261	0.827741	0.678105	1.130674	1.436944	1.121487	1.751350	1.562737	1.120058	0.823524	1.035979	0.991077	0.742124	1.155970	1.344259	1.078942	1.498888	0.770193	1.058816
644.000000	1.548166	1.388093	0.927569	0.719124	1.121254	1.340350	1.176515	1.421979	1.701485	1.167294	0.781769	0.968459	1.205075	0.683709	1.352795	1.362517	1.145175	1.536315	0.706249	0.989664
645.000000	1.543720	1.384981	0.945240	0.779967	1.076193	1.180653	1.235138	1.171517	1.556319	1.188937	0.768921	1.275312	1.486487	0.778800	1.436172	1.195112	1.215846	1.366186	0.832184	1.001629
646.000000	1.519758	1.402998	0.939744	1.044534	0.840601	1.147529	1.194096	0.930862	1.471389	1.265534	0.830014	1.430159	1.556858	0.770828	1.375492	1.146359	1.260149	1.046147	0.930357	1.192473
647.000000	1.368112	1.341732	1.034867	1.235228	0.615487	1.105184	1.134760	0.753401	1.270802	1.304138	0.879974	1.400186	1.526019	0.972035	1.265399	1.088674	1.322860	1.076760	1.154562	1.195858
648.000000	1.271886	1.323655	1.325704	1.386911	0.751643	0.962685	1.021172	0.768296	1.370788	1.234205	0.910608	1.313965	1.299930	0.974881	1.245091	0.803084	1.458725	0.961063	1.222121	1.099459
649.000000	1.155788	1.421177	1.593336	1.593594	0.769951	0.849732	0.935585	0.902991	1.261508	1.337217	0.859676	1.279277	1.306860	0.983284	1.228168	0.614667	1.392389	0.857741	1.116375	1.061170
650.000000	1.076536	1.327636	1.730277	1.553403	0.743149	0.675818	0.837387	0.904508	1.299657	1.281065	0.593037	1.163007	1.253660	1.094324	1.153392	0.484793	1.480914	0.975834	0.984373	1.127375
651.000000	1.253597	1.355639	1.592401	1.611242	0.644065	1.051811	0.791804	1.299949	1.307126	1.296333	0.828233	1.019483	1.290529	1.095772	1.118967	0.704858	1.568876	0.899021	1.074848	1.428207
652.000000	1.265205	1.268713	1.288019	1.639704	0.633396	1.225093	0.859009	1.566751	1.045555	1.163082	1.106748	0.953350	1.357550	1.103809	0.947235	0.954037	1.693636	0.988681	1.028781	1.541373
653.000000	1.108527	1.091002	1.045107	1.603911	0.815662	1.271128	0.922739	1.745697	0.788834	1.043622	1.472671	0.916851	1.455683	1.025744	0.847503	1.174900	1.703529	1.297858	0.929746	1.691846
654.000000	0.948110	1.038648	1.153949	1.339790	0.927238	1.339077	0.982079	1.629068	0.572634	1.065571	1.554054	0.762751	1.420427	0.914459	0.656872	1.224347	1.525140	1.420660	0.964953	1.596646
655.000000	0.951457	1.018140	1.008841	1.052904	1.110364	1.386765	0.873420	1.528958	0.510548	0.975154	1.522093	1.096042	1.300646	0.839350	0.476112	1.266221	1.220084	1.376702	1.053998	1.535002
656.000000	0.900709	1.054993	0.838711	0.860315	1.188590	1.577569	0.787890	1.393131	0.620804	0.944417	1.334357	1.136944	1.024627	0.775737	0.439974	1.240310	1.129513	1.375219	1.136417	1.500026
657.000000	0.975718	1.109005	0.796674	0.754049	1.395240	1.741529	0.835401	1.097769	0.892203	0.853823	1.293466	1.019667	0.929995	0.859091	0.511422	1.117925	0.838783	1.377972	1.437872	1.282168
658.000000	0.969895	1.248839	0.788226	0.601739	1.590235	1.832000	0.780881	0.871914	1.175678	0.718925	1.298639	1.255755	0.810098	0.773501	0.648317	0.852420	0.795217	1.327096	1.618814	1.038247
659.000000	0.877033	1.455888	0.974837	0.701263	1.492501	1.866993	0.925883	0.697242	1.231821	0.782583	1.207855	1.488170	0.982879	0.811021	0.953594	0.810625	0.813063	1.327823	1.696394	0.782063
660.000000	0.977939	1.495604	1.028744	0.812296	1.393233	1.855746	0.945145	0.601354	1.448233	0.912462	1.078839	1.454664	1.287590	0.975590	1.157639	0.920026	0.990298	1.224662	1.630709	0.834510
661.000000	1.146322	1.438879	0.939706	1.054552	1.148315	1.943331	1.082559	0.713485	1.687527	1.066301	1.172697	1.403571	1.271552	0.858874	1.208634	1.264769	1.070179	1.138527	1.568224	0.793760
662.000000	1.148725	1.358459	0.730427	1.190855	0.968152	1.747354	1.138725	0.949930	1.705671	1.269044	1.432296	1.370646	1.354448	0.910226	1.152492	1.318706	1.183100	1.313704	1.388704	0.733026
663.000000	1.135846	1.200161	0.892200	1.293844	0.884557	1.488823	1.102096	1.141879	1.653485	1.477406	1.605105	1.153277	1.478592	0.921110	1.024869	1.343149	1.292457	1.603441	1.200576	0.944210
664.000000	1.371580	1.094319	1.130580	1.298210	0.858786	1.233368	1.155753	1.360093	1.516828	1.624163	1.306653	1.173848	1.389233	0.906711	1.039860	1.338618	1.265499	1.777471	1.120287	0.963329
665.000000	1.595744	1.030732	1.089403	1.366191	0.900737	1.083385	1.109086	1.462734	1.577217	1.589462	1.030744	1.194089	1.162503	0.992688	0.820886	1.235380	1.024557	1.755879	1.026669	1.110921
666.000000	1.616280	0.839361	0.958718	1.225580	0.931163	1.108154	1.113991	1.581436	1.419082	1.539182	1.035303	1.109627	0.843061	1.008499	0.881448	1.177965	0.949336	1.569900	1.006781	1.156175
667.000000	1.649811	0.866075	0.663159	1.219427	0.843436	1.196513	1.167420	1.565263	1.500189	1.389709	1.086841	1.056967	0.755231	1.205207	0.859152	1.009818	0.811921	1.458170	1.204998	1.208734
668.000000	1.598312	0.982984	0.700056	0.991949	0.749436	1.244149	1.082984	1.452051	1.320098	1.338937	1.254984	1.284660	0.628716	1.192221	1.115382	0.966445	0.831569	1.463867	1.238007	1.207126
669.000000	1.413254	1.144030	0.621364	1.020203	0.832200	1.292189	1.249452	1.472862	1.224587	1.228364	1.314643	1.287145	0.891333	1.344925	1.406149	1.091268	0.809851	1.404893	1.296669	1.230149
670.000000	1.427515	1.220417	0.699361	1.182240	0.873755	1.117772	1.154235	1.469326	1.273848	1.326683	1.346853	1.267389	1.236634	1.452480	1.407205	1.362923	0.749420	1.183380	1.339872	1.348266
671.000000	1.395846	1.196949	0.623611	1.183114	0.841410	0.968632	1.219396	1.327930	1.463734	1.306070	1.312431	1.231867	1.204252	1.397240	1.531862	1.343858	0.623207	1.131769	1.316466	1.403221
672.000000	1.185650	1.169168	0.729767	1.137529	0.977466	0.940051	1.100737	1.360070	1.428448	1.317487	1.452464	1.111156	1.478296	1.319497	1.703196	1.141289	0.797217	1.092119	1.119818	1.345399
673.000000	1.148023	1.119336	1.045464	1.166685	0.939322	1.031413	1.050487	1.201247	1.619960	1.310506	1.263916	1.093760	1.524937	1.321403	1.630646	1.190869	0.847485	1.069308	0.882448	1.423121
674.000000	1.137163	1.008639	1.416270	1.025422	1.172818	1.127478	1.039967	1.046007	1.607373	1.356601	1.023382	1.057308	1.288559	1.269911	1.756587	1.073494	0.826410	1.052716	0.881371	1.303217
675.000000	0.962168	1.050140	1.641907	1.130319	1.313252	1.277016	1.196030	0.973981	1.637914	1.366895	1.023953	0.911480	1.245455	1.154548	1.530333	0.847986	0.697718	0.822014	0.958895	1.257622
676.000000	0.911692	0.959748	1.685545	0.949883	1.432308	1.473921	1.300916	1.005037	1.612643	1.450587	1.024758	0.897925	1.003753	0.887972	1.460212	0.946979	0.802597	0.571772	1.166765	1.199774
677.000000	0.927026	0.983760	1.500126	0.965427	1.279396	1.703869	1.342592	0.952974	1.683152	1.236380	1.066350	0.928051	0.831366	0.994413	1.041837	1.021937	0.934881	0.441063	1.574366	1.188797
678.000000	0.876520	1.085287	1.571914	0.796499	1.241478	1.696991	1.312793	1.031657	1.444000	1.097711	1.126613	0.885573	0.734692	0.874585	0.973065	1.127494	1.011413	0.570023	1.727606	1.158695
679.000000	1.003233	1.284387	1.351352	0.904478	1.279105	1.469786	1.353247	1.273396	1.517629	1.023193	1.264434	0.776569	0.784065	0.903625	0.754196	1.154765	1.031886	0.698166	1.823746	1.177510
680.000000	1.131949	1.365641	1.228385	1.116324	1.060583	1.252005	1.399611	1.255310	1.322317	1.257667	1.386452	0.807991	0.736713	0.808298	0.544548	1.277583	1.004100	0.709119	1.908818	1.103618
681.000000	1.206420	1.279872	0.886301	1.147494	1.104758	1.179643	1.544207	1.364161	1.300019	1.272629	1.294424	0.839592	0.484625	0.835914	0.720154	1.176692	0.875902	0.884228	1.742809	1.147124
682.000000	1.215783	1.143953	0.806093	1.229839	1.179054	1.066224	1.454515	1.439326	1.261814	1.066883	1.234296	0.740527	0.614545	0.732848	0.911520	1.233133	0.912552	0.847566	1.448242	1.005093
683.000000	1.294305	1.052851	0.996163	1.153858	1.099953	0.835807	1.371583	1.189415	1.207422	1.059529	1.067545	0.895834	0.689890	0.836091	1.030837	1.277935	0.774872	0.976811	1.231520	0.932876
684.000000	1.293802	0.973746	0.967720	0.913776	1.147718	0.716317	1.254098	1.118261	1.054023	1.032751	1.137744	1.054746	0.818068	0.826040	1.181979	1.083921	0.680536	1.039352	0.853620	0.781625
685.000000	1.136040	1.079420	1.164142	0.904408	1.201436	0.627872	1.216326	1.147103	1.078378	1.047646	1.262159	1.283839	0.879748	0.739378	1.175277	1.029585	0.587175	0.946970	0.728238	0.767839
686.000000	1.060112	1.138641	1.091228	0.603075	1.105296	0.557214	1.122054	1.017965	1.051469	1.156494	1.229450	1.291951	0.938259	0.944932	1.094876	1.111744	0.651760	0.956599	0.782410	0.776597
687.000000	0.892967	0.953783	1.105429	0.421527	0.887289	0.394469	0.906238	0.976604	1.124284	1.108061	1.370953	1.321597	1.089177	1.215186	1.001366	1.123480	0.792168	0.746942	0.968364	0.778133
688.000000	0.608816	1.157543	1.230193	0.570443	0.860991	0.323907	0.790732	0.995224	1.037497	1.081303	1.442960	1.164308	1.158110	1.322695	1.055655	0.986501	0.967655	0.742846	1.055515	0.856867
689.000000	0.641517	1.319149	1.196608	0.823823	0.876193	0.282737	0.695294	1.074471	1.142394	1.151103	1.637492	1.004357	1.113193	1.354601	0.993012	0.915462	1.020245	0.736695	0.939196	0.865226
690.000000	0.530534	1.371226	1.067012	0.987347	0.926005	0.394704	0.713872	0.983695	0.972098	1.120685	1.543974	0.971816	1.071655	1.255469	0.872228	0.939538	1.029238	0.711923	0.851075	0.725730
691.000000	0.704946	1.217413	1.010497	1.152084	1.155692	0.434527	0.701998	1.156809	1.184030	1.183175	1.337886	0.832772	0.866758	1.428916	0.838455	0.907587	0.777005	0.743026	0.959974	0.809282
692.000000	0.895748	0.999401	1.138676	1.388403	1.086462	0.515291	0.481559	1.279394	1.371573	1.034804	1.178331	0.724622	0.983816	1.358005	0.891690	0.952035	0.842445	0.722897	0.970692	0.907751
693.000000	1.088881	0.834189	1.220401	1.350221	1.030573	0.574438	0.484172	1.290333	1.327760	0.918091	1.302128	0.845569	1.176566	1.345485	0.972925	0.832049	0.781240	0.737014	1.070270	0.893019
694.000000	1.272193	0.641009	1.151238	1.346501	0.889014	0.756669	0.813459	1.363147	1.254373	0.801016	1.363872	1.089772	1.157485	1.304639	1.034960	0.816678	0.792128	0.576848	0.850720	0.695065
695.000000	1.173333	0.441420	1.400942	1.332674	1.002837	0.809632	0.881082	1.271939	1.261573	0.756033	1.482713	1.300492	0.898711	1.189338	1.193907	0.945182	0.758751	0.600448	0.807580	0.637590
696.000000	1.035872	0.467932	1.274301	1.035555	0.755450	0.671235	1.073413	1.156145	1.266608	0.903068	1.425807	1.387103	0.739909	1.035420	1.228305	0.895776	0.838212	0.842294	0.970350	0.536510
697.000000	0.831758	0.413175	1.430261	0.828431	0.690632	0.714177	1.081611	0.978632	1.104517	0.974084	1.434394	1.385867	0.638695	0.990814	1.259410	0.840413	1.011172	0.820040	1.027510	0.507492
698.000000	0.660618	0.687608	1.400909	0.865170	0.746869	0.773608	0.912895	0.744291	1.057303	0.995263	1.375289	1.233214	0.607466	0.804431	1.122641	0.770716	1.151881	0.910483	1.116490	0.420851
699.000000	0.530228	0.720368	1.237918	0.685855	0.768643	0.717431	1.042944	0.600848	1.130145	1.062310	1.251841	1.180611	0.602634	0.529660	1.143939	0.823674	1.154434	1.030848	0.900135	0.463112
700.000000	0.514818	0.777795	0.945455	0.552280	0.762860	0.742664	1.057860	0.398634	1.215382	0.957021	0.976748	1.255007	0.751170	0.537245	0.991226	0.755860	1.119021	1.028485	0.924744	0.405487
701.000000	0.665830	0.691289	0.822298	0.537035	0.690664	0.770667	0.949685	0.267967	1.321753	0.974021	0.814476	1.109259	0.806473	0.769096	0.935191	0.728648	1.021058	0.970324	0.910520	0.509457
702.000000	0.620270	0.650044	0.681573	0.672193	0.557359	0.814154	0.754974	0.237660	1.392044	0.787396	0.704814	1.058578	0.988755	0.927235	0.814336	0.680825	0.899198	0.836047	0.996427	0.568387
703.000000	0.658389	0.681312	0.630373	0.618002	0.484354	0.754702	0.783485	0.328965	1.292294	0.679797	0.758242	0.890084	1.034946	1.220492	0.792527	0.500310	0.794874	0.494049	1.150443	0.734214
704.000000	0.701210	0.674986	0.590186	0.976702	0.600699	0.693184	1.035697	0.431765	1.236883	0.772641	0.781923	0.827462	0.993112	1.350035	0.770490	0.473797	0.770818	0.201979	0.904366	0.921818
705.000000	0.741807	0.640583	0.795035	1.161573	0.767527	0.600576	0.914657	0.469625	1.240333	0.780252	0.773450	0.824389	1.013040	1.268345	0.876524	0.558946	0.717872	0.150373	0.927240	1.170175
706.000000	0.910888	0.811841	0.942930	1.190452	0.788254	0.518245	0.945294	0.645909	1.199622	0.919879	0.723427	0.748837	0.923186	0.973566	0.874352	0.422047	0.730028	0.088443	1.076485	1.393182
707.000000	0.854455	0.966303	1.368811	1.070378	0.787312	0.644012	0.883242	0.753324	0.899786	0.950168	0.746026	0.635599	0.855653	0.849965	0.838723	0.410401	0.845364	0.049981	1.221608	1.594531
708.000000	0.909457	0.978753	1.389333	0.990399	0.751438	0.673538	0.676361	0.840664	0.809156	0.894273	0.700056	0.436420	0.902503	0.523371	0.872455	0.432436	0.952490	0.183678	1.341058	1.514848
709.000000	0.879429	0.980354	1.212844	1.034172	0.767821	0.585375	0.727998	0.973783	0.560855	0.920119	0.757434	0.362387	0.833758	0.363385	1.036531	0.601170	0.821361	0.505615	1.288578	1.491506
710.000000	0.931956	1.104566	1.122914	1.201965	0.614727	0.797005	0.624305	1.183622	0.499005	0.823336	0.836091	0.583902	0.990326	0.552765	1.114131	0.610601	0.775242	0.659839	1.374319	1.208795
711.000000	0.860373	1.091380	1.147394	1.239587	0.529914	1.056131	0.486918	1.047056	0.535266	0.504490	0.791576	0.568445	1.010585	0.664147	1.276114	0.640655	0.815464	0.839114	1.117068	0.879911
712.000000	0.683846	1.156019	0.926184	1.155429	0.595247	1.102427	0.573977	0.974266	0.714193	0.404245	0.792305	0.762830	1.027205	0.834107	1.309373	0.587035	0.768114	0.829147	1.338191	0.581538
713.000000	0.773298	1.105583	1.030072	0.898245	0.605380	1.032629	0.722890	1.193953	0.748340	0.431172	0.894783	0.753725	0.800023	0.949490	1.524100	0.707203	0.701890	0.888035	1.244625	0.450100
714.000000	0.838056	1.034683	0.956907	1.018497	0.768911	0.959084	0.976592	1.219126	0.888056	0.440058	1.030170	0.723170	0.785373	1.033016	1.576368	0.768648	0.770245	0.933648	1.008597	0.517524
715.000000	0.883953	0.955459	0.960166	0.906452	0.777212	0.930727	1.028513	1.136089	1.037322	0.630767	0.953676	0.906793	0.870375	1.049478	1.697401	0.777627	1.003089	1.021844	1.063056	0.501434
716.000000	1.004448	0.906972	0.925014	0.585998	0.730648	0.933112	1.168564	1.019573	1.302016	0.826597	0.941604	0.822725	0.758727	1.043629	1.531483	0.753287	1.074044	0.815233	0.882963	0.661888
717.000000	0.970326	0.791536	1.012643	0.432452	0.502995	0.911807	1.234233	0.938350	1.515713	0.998977	0.848396	0.873762	0.591566	0.925061	1.326233	0.820212	1.085221	0.906515	1.001874	0.821758
718.000000	0.869564	0.549084	0.833079	0.394506	0.505310	0.971068	1.042601	0.865723	1.400350	0.991198	0.759140	0.853357	0.476725	0.911161	1.134604	0.866219	0.873382	0.981070	0.963186	0.882476
719.000000	0.718172	0.411667	0.591280	0.507823	0.487221	0.853252	0.790492	0.888182	1.132720	1.142811	0.892147	0.858883	0.416727	0.986765	0.951396	0.854166	0.725263	1.162072	1.007005	0.940592
720.000000	0.748758	0.451508	0.667937	0.443580	0.524177	0.976254	0.582629	0.874298	1.194266	1.130869	0.976676	1.078340	0.477340	0.951765	0.780002	0.759000	0.817559	1.090958	1.053995	0.957678
721.000000	0.886331	0.428862	0.620315	0.454923	0.633037	1.084548	0.254196	0.841862	1.219818	0.981072	0.872928	1.101322	0.376221	0.992956	0.655814	0.728205	0.975184	0.968289	0.900084	0.916753
722.000000	0.982800	0.684124	0.459531	0.342172	0.687569	1.019128	0.263077	0.916303	1.081834	0.854149	0.856823	1.119706	0.469149	0.970851	0.560814	0.714958	0.969028	0.665804	0.853399	0.993930
723.000000	1.073678	0.752758	0.579979	0.315718	0.792604	0.968709	0.357508	1.060149	0.705974	0.536545	0.965333	0.954406	0.423741	0.765389	0.571765	0.953138	0.772846	0.578981	0.878159	0.976988
724.000000	1.150732	0.607410	0.696450	0.504161	0.937834	0.858930	0.489172	1.057380	0.523685	0.523779	0.971541	0.790748	0.560907	0.690494	0.487904	0.885632	0.939385	0.314709	0.905142	1.050620
725.000000	1.105685	0.792009	0.836347	0.639702	0.965855	0.805091	0.695096	1.152490	0.513800	0.620145	0.816343	0.638615	0.719781	0.717781	0.356217	0.858643	1.119315	0.342476	0.857361	0.887531
726.000000	1.125009	0.993841	0.917238	0.782981	0.846163	0.742219	0.800517	1.153338	0.639485	0.627534	0.670410	0.421163	0.612571	0.653154	0.079979	0.958566	1.010543	0.219235	0.848718	0.759942
727.000000	0.873217	1.058212	1.130240	1.025800	0.762671	0.615662	0.996177	1.065995	0.671662	0.728671	0.563853	0.443361	0.581389	0.762781	0.056140	0.958956	0.897026	0.448814	1.116315	0.655028
728.000000	0.543084	0.915846	1.116716	0.936629	0.796907	0.618138	1.043224	1.005685	0.523347	0.733522	0.426597	0.567044	0.643874	0.877042	0.179627	0.782009	0.785872	0.580783	1.075991	0.521277
729.000000	0.543378	0.929457	0.945319	1.006753	0.696044	0.532802	0.933310	0.909734	0.409541	0.860343	0.468410	0.628028	0.729182	1.055203	0.360690	0.557163	0.922483	0.793660	1.209928	0.373841
730.000000	0.590396	0.936082	0.856800	0.963287	0.738368	0.499396	0.838932	0.792578	0.478242	0.789636	0.437273	0.945578	0.760135	1.091023	0.423795	0.496275	1.143387	0.857152	1.166916	0.479702
731.000000	0.737678	0.989142	0.626753	1.111422	0.697928	0.533874	0.509301	0.769368	0.388648	0.625524	0.325145	1.121245	0.755520	1.266056	0.456030	0.358781	1.123895	0.897450	0.917562	0.674667
732.000000	0.896559	1.062394	0.532210	1.025734	0.558730	0.534855	0.590061	0.644559	0.430949	0.606072	0.310191	1.006145	0.638163	1.207233	0.427436	0.370604	1.038273	0.796662	0.718310	0.926049
733.000000	0.864410	0.866883	0.475503	0.965629	0.490375	0.464040	0.612070	0.666315	0.300441	0.626937	0.421664	0.991692	0.649639	0.982664	0.448930	0.369723	0.895613	0.695541	0.708939	0.985660
734.000000	0.942846	0.632131	0.703145	0.960347	0.536998	0.480079	0.499830	0.794986	0.640755	0.883245	0.399916	0.923795	0.849953	0.920765	0.509846	0.401266	0.865033	0.349140	0.617354	1.038858
735.000000	1.051522	0.650270	0.836217	1.037944	0.594086	0.577119	0.530105	1.028797	0.881145	1.007594	0.523168	0.734876	1.051548	0.873030	0.357848	0.394247	0.752809	0.365914	0.426249	0.845844
736.000000	1.234266	0.709002	0.951704	1.236683	0.572510	0.605373	0.452515	1.087597	0.976371	1.165392	0.681084	0.710783	0.964683	0.737035	0.385368	0.482247	0.362580	0.305967	0.374263	0.676385
737.000000	1.219434	0.719956	1.103443	1.240639	0.627270	0.651653	0.515040	0.969070	1.006683	1.201555	1.011632	0.558685	1.075427	0.796814	0.591760	0.504124	0.286564	0.409515	0.486319	0.656709
738.000000	1.377522	0.749555	1.041802	1.048555	0.563298	0.791594	0.672781	1.020814	0.932100	1.172480	1.146420	0.526494	1.168210	0.623583	0.812189	0.526713	0.264366	0.379371	0.464720	0.594571
739.000000	1.598506	0.824876	0.869737	1.104382	0.780534	0.791713	0.813734	1.028706	0.794114	1.164669	1.307483	0.498907	1.061413	0.474249	0.958268	0.551366	0.352590	0.489538	0.527890	0.511641
740.000000	1.539270	0.896781	0.595862	0.861979	0.876231	0.737005	1.005273	0.934037	0.710382	0.804536	1.409166	0.793163	1.027077	0.487862	1.074727	0.568476	0.588881	0.663357	0.611998	0.549657
741.000000	1.511436	1.063676	0.506121	0.816865	0.972548	0.684909	1.084998	0.822357	0.433093	0.595720	1.320469	0.958291	0.887587	0.617583	0.935597	0.535648	0.767163	0.876809	0.790310	0.691338
742.000000	1.338282	1.044354	0.498200	0.741245	0.853769	0.525879	1.269490	0.757014	0.371951	0.571382	1.152611	0.967347	0.518075	0.794946	0.761977	0.642054	0.935448	0.948103	0.971688	0.723697
743.000000	0.945643	0.932746	0.277613	0.652203	0.601846	0.524399	1.347762	0.988422	0.156676	0.660051	0.905851	1.109103	0.624497	0.844107	0.901916	0.681657	0.823249	0.983422	1.088900	0.882737
744.000000	0.627133	0.887702	0.334932	0.585529	0.658890	0.676879	1.280186	1.102490	0.445177	0.700368	0.565963	1.196848	0.863203	1.042655	0.946515	0.834828	0.911869	0.809000	1.153676	0.848548
745.000000	0.529604	0.720051	0.413979	0.610068	0.804480	0.678753	1.385711	1.102054	0.701660	0.806033	0.477098	1.139455	0.972035	1.322597	0.824256	0.867368	1.058839	0.795907	1.170079	0.845168
746.000000	0.500210	0.721788	0.635888	0.671140	0.920408	0.637564	1.309977	1.072930	0.694361	0.819075	0.327529	1.026655	0.912902	1.479191	0.931198	0.847851	0.985401	0.750746	1.121716	1.003408
747.000000	0.302974	0.691888	0.694494	0.679800	0.935084	0.718049	1.068308	1.030312	1.013657	0.780555	0.350622	0.760774	1.140625	1.398389	0.938117	0.796625	0.934210	0.765890	1.107322	1.148326
748.000000	0.343779	0.836802	0.747970	0.736259	1.037471	0.776140	1.124054	1.104592	1.059175	0.749086	0.270536	0.559779	1.278217	1.008497	1.013147	0.741951	0.881646	0.997005	0.950503	1.175972
749.000000	0.634590	0.750709	0.751196	0.876734	1.190403	0.727200	1.008231	1.115904	1.154930	0.756921	0.320536	0.495389	1.372480	0.653625	0.968774	0.715424	0.838902	1.259042	0.803536	1.075119
750.000000	0.848238	0.794051	0.712732	0.899422	1.065478	0.772352	0.849352	1.197953	1.175643	0.656193	0.488960	0.534364	1.385005	0.649077	0.912462	0.569170	0.875322	1.529986	0.919312	0.829781
751.000000	0.925205	0.888550	0.824186	1.049988	0.995981	0.797373	0.626538	1.173944	1.168051	0.690942	0.615618	0.555096	1.319012	0.556294	0.650492	0.658634	0.763245	1.755597	0.970231	0.762497
752.000000	0.884168	0.948429	0.828103	1.023573	0.692361	0.784776	0.416107	1.040403	1.223706	0.676923	0.684711	0.601394	1.040958	0.710207	0.478121	0.615357	0.619238	1.758807	0.940590	0.714503
753.000000	0.940720	0.936867	0.655254	1.026664	0.434986	0.820298	0.463233	1.165846	1.114408	0.727466	0.608261	0.849618	1.068858	0.654928	0.558063	0.590960	0.476685	1.674415	1.056014	0.774753
754.000000	0.884343	0.839513	0.655347	1.106832	0.389779	0.625287	0.438035	1.093049	1.185625	0.743373	0.715890	1.082720	1.125650	0.721772	0.476096	0.690732	0.644338	1.387930	1.196951	0.603058
755.000000	0.918476	0.615925	0.676825	1.066252	0.422921	0.546413	0.516858	0.855821	1.210096	0.740942	0.886804	0.989030	1.018534	0.866848	0.392811	0.953720	0.716159	1.130198	1.377900	0.560231
756.000000	0.705487	0.635977	0.681373	0.896054	0.412040	0.486650	0.403214	0.865217	1.031620	0.684499	0.914967	1.035319	0.833340	0.817972	0.388366	1.041205	0.649834	0.866438	1.469751	0.582221
757.000000	0.588928	0.625900	0.780152	0.935434	0.367965	0.649093	0.388240	0.775159	1.094145	0.721070	0.976200	1.019084	1.001660	0.804958	0.264054	0.977883	0.511254	0.775396	1.402417	0.703888
758.000000	0.607697	0.782739	0.938876	0.977543	0.587879	0.839911	0.655450	0.815261	0.856399	0.770706	1.084135	1.050347	1.166058	0.639688	0.288995	1.049648	0.702126	0.944720	1.308172	0.871457
759.000000	0.873811	0.721881	1.009730	0.942629	0.587312	1.112263	0.702972	0.976881	0.684392	0.771373	1.190653	1.083664	1.272650	0.616249	0.313303	1.062051	0.741152	0.898091	1.103576	0.932403
760.000000	1.121401	0.731063	1.096179	0.941375	0.618620	1.328343	0.960040	1.191692	0.551152	0.879981	1.315040	0.980662	1.273033	0.486846	0.371830	0.982536	0.773597	0.950814	1.112238	0.914261
761.000000	1.114466	0.859965	1.035793	0.831483	0.638058	1.484030	1.012210	1.306944	0.616907	0.824469	1.336956	0.798599	1.175590	0.467706	0.381653	1.077555	0.763748	1.022000	0.961548	1.144483
762.000000	1.103361	0.867373	1.046965	0.618466	0.615727	1.444767	1.033559	1.334105	0.517883	0.878110	1.462212	0.731114	0.934883	0.764508	0.322294	0.901641	0.780755	0.872639	0.836093	1.209166
763.000000	1.032562	0.907834	1.001009	0.643587	0.632660	1.233970	1.096492	1.375772	0.385830	0.811147	1.368487	0.787501	0.889671	0.877490	0.439270	0.742270	0.756543	0.738730	0.764662	1.098119
764.000000	0.897709	0.757958	0.950881	0.683688	0.490448	0.866235	1.048494	1.154280	0.443142	0.797613	1.304520	0.776061	1.064713	1.014166	0.403096	0.772991	0.786091	0.708375	0.685205	0.837445
765.000000	0.675730	0.683413	0.902841	0.601869	0.480128	0.639641	0.976497	0.996298	0.455079	0.702946	1.107671	0.534753	1.046953	0.972212	0.447960	0.918513	0.620872	0.585713	0.739587	0.694154
766.000000	0.507688	0.695734	0.889138	0.399133	0.431797	0.363198	1.012159	1.087620	0.560401	0.789583	0.906559	0.449751	0.989501	0.975681	0.469634	0.913273	0.405049	0.538886	0.838972	0.727501
767.000000	0.531107	0.818853	0.923203	0.384452	0.459217	0.373758	1.043189	0.982904	0.634350	0.789499	0.837655	0.475315	1.092643	1.093713	0.526946	0.836159	0.462007	0.651795	0.870149	0.815960
768.000000	0.499287	0.988284	0.906513	0.406769	0.523056	0.353837	1.034993	1.033340	0.667706	0.807695	0.883380	0.538769	1.045744	0.990452	0.605513	0.928471	0.692702	0.871727	0.903737	0.789324
769.000000	0.673723	0.932629	0.896921	0.414956	0.572203	0.388172	0.962911	1.159855	0.615168	0.673128	0.789848	0.608357	1.106895	0.924107	0.697844	0.868389	0.820573	1.002711	0.637196	0.696837
770.000000	0.770019	0.921685	0.883559	0.594441	0.483145	0.473503	1.166531	1.229830	0.756420	0.770177	0.878993	0.641305	1.111452	0.652326	0.824837	0.787914	0.867636	1.177413	0.776464	0.756438
771.000000	0.772161	0.914681	0.847960	0.787723	0.518615	0.757065	1.124026	1.442925	0.805795	0.821263	0.997303	0.494732	0.933254	0.605569	0.796937	0.701182	0.806739	1.256709	0.813378	0.951702
772.000000	0.874326	0.849573	0.999009	0.859576	0.580935	1.004093	0.953221	1.398240	0.804506	0.926119	1.254280	0.470002	0.739054	0.660956	0.728606	0.704401	0.753371	1.038035	0.733723	0.936189
773.000000	0.844974	0.827063	1.058566	0.990608	0.599664	1.110270	0.731580	1.230804	0.867021	0.771974	1.062688	0.560592	0.744557	0.727580	0.625434	0.759338	0.805019	1.014322	0.559259	0.848622
774.000000	0.893732	0.633699	1.003352	0.959893	0.514289	1.033590	0.717520	1.055112	0.970604	0.758420	0.905037	0.593298	0.844016	0.812832	0.553494	0.816814	0.790995	0.982643	0.614058	0.938322
775.000000	0.800723	0.473168	0.968741	0.865200	0.698965	0.872119	0.733986	1.074012	0.992557	0.814858	0.887441	0.607860	0.993639	0.672221	0.600991	0.736385	0.743524	0.929014	0.703506	1.061168
776.000000	0.767058	0.330410	0.863443	0.632175	0.720995	0.714548	0.942543	1.107695	1.209741	0.903226	0.903420	0.521590	1.220998	0.807030	0.613669	0.811149	0.650179	0.884135	0.771779	1.127543
777.000000	0.731382	0.516280	0.650545	0.529156	0.743389	0.643259	0.862373	0.949576	1.413205	0.878040	0.932709	0.575886	1.317436	0.799371	0.735876	0.815529	0.858443	0.900396	0.790142	1.011660
778.000000	0.816751	0.510347	0.404928	0.543911	0.735282	0.402128	0.853965	0.847986	1.388821	0.910872	0.992403	0.513629	1.246669	0.718282	0.796627	0.860166	0.903308	1.150932	0.753942	0.803308
779.000000	0.786510	0.456594	0.375886	0.486578	0.754538	0.238317	0.833324	0.781375	1.302590	0.797161	0.993522	0.535455	1.228704	0.705837	0.868739	0.829639	0.880725	1.236967	0.652781	0.547765
780.000000	0.887865	0.379336	0.350289	0.448413	0.576569	0.333744	0.911142	0.614070	1.111699	0.893245	1.034224	0.381317	0.968084	0.578587	0.834527	0.806594	0.775240	1.236811	0.727921	0.493077
781.000000	1.096375	0.524550	0.620471	0.512876	0.705193	0.616800	0.769758	0.733807	0.916587	1.118755	1.002068	0.330879	0.680690	0.473655	0.799970	0.798937	0.714897	1.159301	0.864023	0.440259
782.000000	1.256191	0.679531	0.937569	0.542161	0.665681	0.921196	0.624858	0.644613	0.782186	1.083163	0.956979	0.325361	0.390541	0.470893	0.741070	0.981865	0.781862	0.856322	0.969487	0.390830
783.000000	1.235904	0.734016	1.057168	0.623005	0.633786	1.068730	0.500869	0.598154	0.626956	1.094296	0.669497	0.578548	0.270811	0.460238	0.614068	1.093760	0.807329	0.759566	1.119200	0.328720
784.000000	1.184476	0.853660	1.059483	0.597937	0.537552	1.187005	0.673089	0.518534	0.538016	1.231902	0.632086	0.622124	0.135091	0.369825	0.619203	1.045068	0.674142	0.539333	1.284294	0.498711
785.000000	0.993429	1.011126	1.057811	0.684676	0.525427	1.214506	0.652186	0.638016	0.628790	1.246569	0.582802	0.828510	0.276697	0.331797	0.482483	0.856326	0.689235	0.398678	1.232713	0.490235
786.000000	0.699263	1.074977	1.050555	0.660788	0.315564	1.248352	0.902580	0.635347	0.898191	1.149550	0.341909	0.898247	0.493918	0.524263	0.449781	0.766385	0.551697	0.174380	1.245301	0.531916
787.000000	0.537895	1.136075	0.922755	0.628368	0.166918	1.247732	1.090587	0.568226	1.041867	1.009191	0.424340	0.986221	0.704578	0.562723	0.371984	0.750767	0.483674	0.133019	1.224117	0.658242
788.000000	0.526944	1.056427	0.721431	0.705888	0.255012	1.109228	1.318254	0.712110	1.058261	0.804091	0.522939	0.831378	1.010723	0.583028	0.306217	0.780669	0.489692	0.110646	1.072981	0.781322
789.000000	0.383312	0.988168	0.508611	0.678333	0.284977	0.946846	1.336641	0.810205	0.982590	0.677338	0.703322	0.742487	1.136865	0.510392	0.459364	0.795942	0.387277	0.361529	0.868676	0.837373
790.000000	0.597103	0.714641	0.531622	0.849967	0.271445	0.743030	1.265928	0.796084	0.733634	0.738781	0.771448	0.452699	1.209261	0.502445	0.398851	0.789459	0.451056	0.708741	0.698802	0.902107
791.000000	0.812751	0.644317	0.625324	1.069662	0.513145	0.709671	1.059529	0.864480	0.662471	0.812907	0.795275	0.491688	1.149974	0.541107	0.624021	0.722065	0.582578	1.100205	0.709354	0.851270
792.000000	0.875159	0.594555	0.781725	1.085592	0.523084	0.643352	1.017240	0.771219	0.500322	0.787587	0.845450	0.472490	0.959152	0.519368	0.672984	0.752608	0.477683	1.258790	0.705294	0.832205
793.000000	1.010459	0.634569	0.819252	1.115543	0.578914	0.467072	1.055541	0.622991	0.277361	0.942590	0.807037	0.577618	0.790072	0.476793	0.736242	0.640695	0.599156	1.314021	0.659597	0.674876
794.000000	1.070506	0.870797	0.821124	0.986897	0.578555	0.419529	1.034860	0.580704	0.260832	0.958375	0.765247	0.475671	0.563510	0.408823	0.672718	0.609245	0.621503	1.238566	0.696522	0.590755
795.000000	0.989212	1.008564	0.798629	0.811380	0.617949	0.521690	0.892354	0.552594	0.409709	1.005508	0.528392	0.538417	0.439818	0.432149	0.679876	0.426986	0.656140	1.046886	0.684338	0.422198
796.000000	0.872534	1.058452	0.872900	0.475070	0.609100	0.767040	1.037021	0.523497	0.545517	0.998172	0.349622	0.519914	0.421063	0.457865	0.665462	0.467650	0.683016	0.656697	0.789189	0.384531
797.000000	0.721702	1.037075	0.955256	0.251308	0.641960	0.982928	1.148161	0.520017	0.695941	1.041575	0.229689	0.506487	0.437266	0.485795	0.671035	0.585294	0.717852	0.330938	0.834094	0.425196
798.000000	0.550895	0.927769	1.036911	0.252408	0.744282	1.094685	1.157900	0.549259	0.840897	1.170699	0.209014	0.510643	0.470657	0.511711	0.708415	0.781783	0.764452	0.175035	0.763904	0.561562
799.000000	0.374294	0.713874	1.109077	0.590685	0.943818	1.027643	0.998364	0.618322	0.960308	1.420531	0.328021	0.544888	0.503469	0.531385	0.789420	1.058986	0.826622	0.294413	0.523469	0.811000
800.000000	0.206077	0.378727	1.162965	1.378455	1.268322	0.707133	0.601678	0.734308	1.034091	1.826056	0.627133	0.621727	0.517930	0.540587	0.925867	1.418769	0.908168	0.794497	0.057636	1.190881
