475.0	0.161366	0.140222	0.163706	0.155032	0.148969	0.157283	0.140431	0.153288	0.117496	0.139180	0.158429	0.137112	0.150030	0.138380	0.159962	0.155691	0.144226	0.170237	0.147885	0.153496
476.0	0.162158	0.151831	0.151852	0.150751	0.167265	0.158675	0.151270	0.157537	0.135980	0.150460	0.154877	0.146833	0.148484	0.143706	0.151344	0.161117	0.166922	0.158952	0.165344	0.161924
477.0	0.175218	0.160546	0.166178	0.170048	0.176043	0.181264	0.164683	0.163113	0.165278	0.160338	0.165260	0.161311	0.157521	0.160819	0.168341	0.173424	0.178317	0.167431	0.162121	0.166736
478.0	0.181455	0.185176	0.174324	0.185222	0.175827	0.177211	0.168725	0.173471	0.156962	0.170872	0.173144	0.181258	0.172176	0.172403	0.179812	0.164573	0.183828	0.183635	0.171999	0.184051
479.0	0.195067	0.197558	0.189791	0.197625	0.206474	0.192590	0.197319	0.179195	0.178855	0.191135	0.185784	0.188363	0.183859	0.185441	0.185758	0.185004	0.196121	0.183575	0.180713	0.199038
480.0	0.212572	0.229793	0.214197	0.208612	0.206721	0.208680	0.196420	0.199437	0.210533	0.201907	0.194481	0.213305	0.200297	0.195278	0.209182	0.210921	0.214730	0.197667	0.203483	0.212951
481.0	0.221359	0.221079	0.231376	0.222148	0.239709	0.228453	0.214265	0.229682	0.223463	0.226318	0.225598	0.208905	0.232402	0.218270	0.236630	0.205101	0.216371	0.214203	0.216674	0.238419
482.0	0.238003	0.249242	0.254704	0.260649	0.240386	0.255931	0.235792	0.244406	0.228959	0.241090	0.249342	0.231439	0.243252	0.228107	0.251315	0.226836	0.249750	0.246521	0.225209	0.255704
483.0	0.262262	0.263139	0.268460	0.267638	0.260592	0.266112	0.266781	0.247445	0.251469	0.261562	0.270227	0.258224	0.252527	0.252234	0.253597	0.254602	0.277617	0.270269	0.252665	0.256501
484.0	0.300340	0.296686	0.294451	0.303494	0.280828	0.271372	0.285793	0.275330	0.275242	0.289076	0.293429	0.276596	0.273692	0.280611	0.284498	0.290614	0.296165	0.277088	0.282956	0.287056
485.0	0.320395	0.304728	0.306812	0.335762	0.296382	0.327287	0.320644	0.310119	0.303835	0.313636	0.317775	0.306741	0.302319	0.318388	0.312006	0.309166	0.314464	0.310191	0.302265	0.313198
486.0	0.354579	0.334641	0.337557	0.372909	0.338087	0.357302	0.341902	0.324873	0.332340	0.329153	0.343054	0.331118	0.335612	0.324790	0.349844	0.330082	0.345118	0.339763	0.332108	0.335877
487.0	0.359058	0.362704	0.367351	0.374168	0.380284	0.381129	0.375735	0.356741	0.362902	0.362278	0.368031	0.373629	0.362366	0.364372	0.374469	0.378886	0.374224	0.371749	0.375381	0.358556
488.0	0.405923	0.408465	0.406337	0.407537	0.409237	0.407121	0.385915	0.383887	0.391995	0.411816	0.409862	0.393844	0.389417	0.381252	0.396992	0.410411	0.412000	0.395587	0.402836	0.389816
489.0	0.434524	0.436393	0.437716	0.442480	0.449895	0.442088	0.412563	0.425788	0.418442	0.418381	0.439354	0.410492	0.413199	0.420251	0.414709	0.425265	0.426243	0.425763	0.447303	0.418318
490.0	0.474841	0.477444	0.453564	0.469868	0.476999	0.475816	0.476935	0.447623	0.462816	0.471499	0.477272	0.450030	0.453032	0.445862	0.475971	0.461034	0.472998	0.456843	0.454167	0.463982
491.0	0.527909	0.481818	0.495086	0.504497	0.490552	0.514805	0.497594	0.475065	0.508659	0.502535	0.498036	0.498784	0.490488	0.483406	0.498194	0.510747	0.510155	0.515383	0.497738	0.512404
492.0	0.532044	0.526907	0.517273	0.524645	0.515193	0.539250	0.519451	0.552964	0.521883	0.546403	0.547390	0.510378	0.542806	0.518913	0.542038	0.522266	0.536783	0.528962	0.526387	0.535390
493.0	0.572016	0.570986	0.572740	0.588865	0.561702	0.601756	0.561069	0.586898	0.565962	0.578035	0.559127	0.558538	0.552616	0.556748	0.565161	0.569555	0.593756	0.554008	0.551157	0.580441
494.0	0.605097	0.601269	0.588588	0.627901	0.598971	0.623107	0.619753	0.594865	0.594467	0.628766	0.598850	0.604616	0.602854	0.588471	0.591888	0.611690	0.637415	0.597762	0.610545	0.608023
495.0	0.643002	0.651741	0.636766	0.661270	0.628540	0.650028	0.649394	0.640896	0.622090	0.669650	0.648806	0.652181	0.641201	0.626597	0.633931	0.642609	0.664663	0.646043	0.650237	0.648784
496.0	0.684353	0.703560	0.687162	0.673232	0.660265	0.707274	0.688317	0.665387	0.660293	0.707848	0.721934	0.642668	0.674197	0.653955	0.669066	0.696870	0.705535	0.689495	0.664562	0.695981
497.0	0.717779	0.749321	0.699207	0.746897	0.690450	0.735742	0.728437	0.713779	0.711719	0.733213	0.734272	0.714313	0.697979	0.701976	0.722220	0.747795	0.759722	0.701264	0.689928	0.724482
498.0	0.741900	0.763790	0.736291	0.754452	0.732339	0.770399	0.760175	0.752729	0.744632	0.763652	0.763463	0.714313	0.763377	0.732827	0.755553	0.733851	0.785422	0.745018	0.754987	0.741032
499.0	0.790832	0.822001	0.790174	0.803247	0.778233	0.791750	0.762869	0.789613	0.774312	0.789913	0.791450	0.771391	0.762188	0.775027	0.767866	0.790234	0.793782	0.773685	0.778861	0.786696
500.0	0.814609	0.821328	0.791758	0.818043	0.839527	0.823312	0.802391	0.835939	0.792238	0.827812	0.822447	0.823415	0.816885	0.781430	0.825824	0.809028	0.787899	0.814723	0.812286	0.825924
501.0	0.818400	0.844209	0.826624	0.870615	0.861088	0.849614	0.840416	0.828562	0.821037	0.849895	0.851036	0.844225	0.836207	0.805004	0.849548	0.846616	0.863760	0.869039	0.844218	0.833586
502.0	0.851825	0.833105	0.848494	0.914058	0.880492	0.883343	0.873650	0.871643	0.855125	0.885407	0.873004	0.870385	0.850178	0.835563	0.879578	0.868138	0.893795	0.880204	0.888088	0.875879
503.0	0.887663	0.886606	0.867511	0.928224	0.879876	0.908098	0.889519	0.869873	0.868349	0.914951	0.898584	0.848981	0.872473	0.866122	0.887086	0.887235	0.909586	0.913698	0.874957	0.900397
504.0	0.909028	0.917898	0.903328	0.913114	0.904517	0.938422	0.885028	0.894954	0.907139	0.905700	0.897079	0.903681	0.854043	0.900756	0.917116	0.921792	0.933738	0.907060	0.883313	0.928899
505.0	0.916264	0.962987	0.938827	0.908707	0.923306	0.937803	0.908681	0.931248	0.930942	0.892569	0.900691	0.921518	0.905172	0.888241	0.930930	0.934221	0.976158	0.886239	0.901517	0.915414
506.0	0.948311	0.952220	0.897306	0.964112	0.965195	0.956370	0.911675	0.952493	0.943872	0.913458	0.938910	0.936382	0.919738	0.892025	0.941741	0.953015	0.952935	0.924863	0.907486	0.948819
507.0	0.970710	0.977792	0.920127	0.950576	0.958727	0.961321	0.948203	0.960165	0.927709	0.944792	0.937104	0.972056	0.957788	0.912397	0.966366	0.969990	0.959128	0.936632	0.922109	0.961998
508.0	0.954169	0.987887	0.960697	0.939243	1.000000	0.973079	0.942214	0.962231	0.974434	0.936138	0.988564	0.947976	0.963436	0.947322	0.969369	1.000000	0.984828	0.965600	0.957921	0.973643
509.0	0.969676	0.970726	0.967670	0.981112	0.974743	0.978958	0.967664	1.000000	0.951512	0.980006	0.977129	0.956894	0.946492	0.941501	0.977477	0.946346	1.000000	1.000000	1.000000	0.980692
510.0	0.953480	0.995289	0.993978	0.957816	0.995072	0.976173	0.970957	0.999705	0.959741	0.997016	0.964790	1.000000	0.972057	0.954598	0.974775	0.973021	0.993807	0.981593	0.953445	0.961691
511.0	1.000000	0.994616	0.996513	0.988667	0.995072	0.982053	0.972455	0.955149	0.973552	0.977022	0.965091	0.998216	0.969084	0.977299	0.972973	0.993331	0.989782	0.990947	0.966576	0.965062
512.0	0.987939	0.980484	0.990808	1.000000	0.986756	0.963177	0.979341	0.966657	0.985895	0.963593	1.000000	0.983055	0.979489	0.950814	1.000000	0.978478	0.955412	0.986119	0.989256	0.973643
513.0	0.942108	0.987550	0.998415	0.989297	0.963347	0.981124	0.929639	0.974919	0.987658	1.000000	0.980439	0.999405	1.000000	0.940337	0.980180	0.976053	0.960366	0.969221	0.978214	1.000000
514.0	0.958994	0.980148	0.962916	0.962538	0.962731	0.984528	0.962574	0.974919	1.000000	0.979707	0.965392	0.936382	0.975327	0.924330	0.961561	0.994241	0.983280	0.995474	0.991345	0.992032
515.0	0.947277	1.000000	0.997147	0.958131	0.974127	1.000000	0.970957	0.957509	0.966793	0.980901	0.973217	0.973839	0.975030	0.972351	0.984384	0.989997	0.995355	0.987930	0.950759	0.953723
516.0	0.942453	0.977119	1.000000	0.934521	0.939938	0.997525	0.965269	0.966362	0.929473	0.973142	0.980138	0.948273	0.956897	1.000000	0.963964	0.973325	0.973681	0.973747	0.954638	0.981305
517.0	0.977601	0.980148	0.971791	0.955927	0.963347	0.976173	1.000000	0.973148	0.934468	0.976126	0.986157	0.952732	0.972057	0.960710	0.946546	0.939677	0.998142	0.968919	0.953146	0.995403
518.0	0.924879	0.967698	0.947068	0.931058	0.951026	0.964415	0.956885	0.958395	0.949161	0.962101	0.953957	0.980379	0.938763	0.947322	0.961261	0.932099	0.965940	0.926976	0.949565	0.959852
519.0	0.904893	0.936741	0.948336	0.957187	0.935934	0.980815	0.944610	0.943051	0.940639	0.959415	0.948841	0.950354	0.969976	0.941792	0.962462	0.931493	0.958199	0.947797	0.913753	0.959239
520.0	0.900068	0.952556	0.920127	0.933261	0.925770	0.922641	0.943113	0.942756	0.902437	0.928678	0.934998	0.903086	0.949168	0.905703	0.932132	0.950590	0.956651	0.943270	0.911962	0.964143
521.0	0.876981	0.934050	0.903011	0.884781	0.916221	0.918309	0.889519	0.909413	0.897147	0.925395	0.909418	0.921518	0.908145	0.905995	0.922222	0.919974	0.940240	0.933312	0.941507	0.930738
522.0	0.893521	0.896700	0.905863	0.894226	0.901437	0.928211	0.868261	0.894069	0.883042	0.892271	0.893167	0.899222	0.870987	0.895517	0.921921	0.894814	0.917637	0.907060	0.906292	0.911736
523.0	0.851825	0.883241	0.873534	0.886355	0.895277	0.893864	0.878740	0.878135	0.883630	0.906595	0.880528	0.894168	0.889120	0.854190	0.918017	0.880567	0.889150	0.887144	0.874658	0.877718
524.0	0.834940	0.876511	0.862123	0.863375	0.866324	0.902218	0.851494	0.854824	0.836024	0.880931	0.870898	0.867710	0.855232	0.857682	0.876575	0.867835	0.890079	0.866625	0.881224	0.876799
525.0	0.817021	0.843200	0.843423	0.851727	0.835215	0.857041	0.814667	0.824727	0.809576	0.851984	0.818234	0.838279	0.852259	0.816646	0.826725	0.850860	0.855709	0.871151	0.839443	0.847377
526.0	0.799103	0.843200	0.815213	0.821506	0.829363	0.831667	0.791014	0.802301	0.817216	0.841539	0.814923	0.810037	0.803210	0.807332	0.813812	0.823881	0.833415	0.838260	0.812883	0.830215
527.0	0.779461	0.796092	0.783201	0.803247	0.817658	0.819599	0.790714	0.824727	0.796352	0.786033	0.778209	0.774066	0.780618	0.777064	0.818917	0.801450	0.826294	0.781832	0.789903	0.838490
528.0	0.782907	0.785998	0.774009	0.778063	0.793017	0.782157	0.761372	0.758925	0.759913	0.760668	0.783626	0.769607	0.797860	0.769206	0.757956	0.786293	0.830629	0.809593	0.767521	0.802020
529.0	0.746725	0.782633	0.755625	0.755082	0.769301	0.758950	0.765564	0.773974	0.747864	0.773201	0.757444	0.747311	0.743163	0.750289	0.767866	0.776290	0.791305	0.757390	0.732903	0.759727
530.0	0.709164	0.752349	0.729318	0.740916	0.736036	0.693968	0.746701	0.727647	0.738167	0.723067	0.741796	0.722934	0.751784	0.699648	0.733031	0.728395	0.754458	0.750751	0.735887	0.726015
531.0	0.699860	0.709953	0.725831	0.714472	0.695994	0.725531	0.694006	0.726467	0.730232	0.727842	0.712605	0.721150	0.716706	0.690335	0.718616	0.725667	0.725042	0.713636	0.692018	0.721418
532.0	0.678495	0.698512	0.680823	0.683306	0.690142	0.721508	0.678436	0.699320	0.690855	0.688450	0.699063	0.697368	0.660523	0.687716	0.708105	0.681410	0.711728	0.691004	0.676797	0.687399
533.0	0.651617	0.658135	0.667828	0.666936	0.666117	0.687161	0.670053	0.650928	0.673811	0.687555	0.647602	0.643857	0.672711	0.634455	0.677475	0.655038	0.680145	0.660225	0.655609	0.692916
534.0	0.607509	0.655106	0.630744	0.669140	0.672894	0.669213	0.656280	0.667453	0.664407	0.663681	0.650612	0.629885	0.646254	0.612628	0.668165	0.650491	0.645775	0.640008	0.660384	0.655833
535.0	0.613712	0.651405	0.630110	0.621604	0.627924	0.623726	0.627238	0.618470	0.622972	0.615636	0.613596	0.608778	0.633769	0.615829	0.635132	0.635940	0.619147	0.633671	0.632033	0.627025
536.0	0.601307	0.631216	0.593977	0.606179	0.614372	0.608255	0.604183	0.581881	0.608573	0.603401	0.604568	0.591536	0.607015	0.573919	0.623720	0.590471	0.603665	0.598667	0.581299	0.610782
537.0	0.564091	0.582426	0.592075	0.581309	0.586651	0.607636	0.582626	0.573029	0.579774	0.586988	0.594938	0.581428	0.582045	0.549763	0.579576	0.581377	0.573320	0.559439	0.547576	0.588716
538.0	0.564435	0.562237	0.565133	0.544792	0.552462	0.574526	0.572746	0.571259	0.557146	0.575648	0.562437	0.569834	0.546076	0.529391	0.563960	0.567433	0.551027	0.543748	0.532654	0.569102
539.0	0.540658	0.545413	0.542312	0.531570	0.524125	0.534918	0.556278	0.543227	0.548330	0.539539	0.537760	0.536539	0.542509	0.513965	0.525521	0.554095	0.537712	0.553404	0.512660	0.537535
540.0	0.508611	0.513447	0.510933	0.525589	0.505952	0.535228	0.524541	0.512539	0.492202	0.541330	0.530538	0.515729	0.517539	0.479623	0.536332	0.513476	0.515728	0.537110	0.489083	0.554391
541.0	0.459335	0.505372	0.489380	0.485923	0.528129	0.516662	0.522146	0.500441	0.470162	0.490598	0.518500	0.499081	0.486623	0.482242	0.510206	0.512263	0.497150	0.515383	0.499528	0.511179
542.0	0.463125	0.493259	0.469412	0.490960	0.486856	0.512948	0.490408	0.463852	0.469575	0.482541	0.486300	0.462516	0.446790	0.474384	0.498794	0.484981	0.501175	0.488829	0.475654	0.493403
543.0	0.429011	0.445142	0.441837	0.453813	0.456055	0.471793	0.472444	0.462377	0.449886	0.468814	0.463429	0.455084	0.440250	0.458668	0.475671	0.461034	0.461232	0.476457	0.470282	0.455094
544.0	0.438315	0.442113	0.442470	0.444054	0.437882	0.468080	0.452983	0.439066	0.448417	0.438375	0.440858	0.437544	0.450059	0.437131	0.458854	0.456184	0.461542	0.447489	0.448496	0.452030
545.0	0.422463	0.432355	0.436131	0.422333	0.420326	0.420427	0.440407	0.418706	0.428434	0.404654	0.437247	0.411086	0.439358	0.426072	0.421616	0.425871	0.439867	0.439643	0.436559	0.428125
546.0	0.418673	0.423943	0.406654	0.404389	0.398149	0.424450	0.407173	0.401592	0.403749	0.408235	0.423404	0.424167	0.408442	0.394640	0.411706	0.402833	0.431816	0.420633	0.416863	0.443142
547.0	0.397308	0.393996	0.399681	0.403759	0.398457	0.404336	0.393700	0.402477	0.396109	0.398088	0.421598	0.385520	0.391201	0.392893	0.396091	0.401924	0.426862	0.405545	0.389108	0.404527
548.0	0.393173	0.389286	0.386369	0.389278	0.390757	0.386389	0.373041	0.390674	0.377007	0.413606	0.394213	0.376007	0.393579	0.380379	0.390685	0.380401	0.395279	0.374766	0.381051	0.398704
549.0	0.357335	0.357656	0.369570	0.377631	0.376588	0.406502	0.361963	0.375920	0.375244	0.374215	0.390602	0.375710	0.355232	0.364081	0.374769	0.361607	0.369889	0.364507	0.378365	0.372960
550.0	0.347687	0.356647	0.346749	0.357168	0.341783	0.353898	0.350286	0.360281	0.360845	0.348849	0.358401	0.357576	0.360880	0.357678	0.359754	0.363123	0.362458	0.367524	0.371501	0.371121
551.0	0.336315	0.349244	0.341361	0.337021	0.339627	0.352661	0.330225	0.359101	0.349972	0.345268	0.348470	0.334090	0.358205	0.326537	0.347742	0.357970	0.360290	0.338556	0.335987	0.359475
552.0	0.323565	0.343524	0.323294	0.346465	0.355027	0.328525	0.338609	0.318381	0.307949	0.326468	0.329511	0.314173	0.336207	0.321880	0.326420	0.350998	0.336448	0.334633	0.311516	0.342313
553.0	0.296480	0.313813	0.312613	0.311585	0.331927	0.318932	0.330225	0.307168	0.298252	0.319007	0.319280	0.305849	0.323722	0.312858	0.319513	0.308863	0.317870	0.304156	0.314500	0.337409
554.0	0.310746	0.325186	0.295148	0.318132	0.329155	0.316766	0.306572	0.302152	0.299133	0.304683	0.308747	0.308524	0.314804	0.286868	0.299333	0.312803	0.309076	0.314717	0.302861	0.310746
555.0	0.288761	0.292345	0.299491	0.314607	0.304976	0.295972	0.296333	0.286454	0.298252	0.285584	0.301223	0.301984	0.293312	0.276420	0.299633	0.289523	0.302543	0.295435	0.298982	0.302502
556.0	0.284592	0.285582	0.280980	0.280135	0.295120	0.290774	0.278638	0.303922	0.276653	0.291881	0.283077	0.267856	0.286950	0.271996	0.280654	0.296646	0.300840	0.289340	0.290864	0.285309
557.0	0.273427	0.271652	0.266590	0.280828	0.296752	0.273383	0.282021	0.264796	0.263311	0.274513	0.285635	0.277250	0.272473	0.269726	0.272246	0.270971	0.289445	0.277300	0.271078	0.272775
558.0	0.271945	0.258966	0.252327	0.281772	0.257388	0.257324	0.257649	0.264855	0.270570	0.265351	0.259664	0.270116	0.252675	0.249353	0.273026	0.265848	0.273654	0.263811	0.243682	0.257175
559.0	0.252235	0.257721	0.248936	0.261971	0.249719	0.250733	0.261691	0.250485	0.249794	0.244104	0.259393	0.250584	0.247444	0.238963	0.248912	0.265121	0.262166	0.252948	0.238579	0.260914
560.0	0.239485	0.250352	0.249253	0.239494	0.245561	0.254755	0.241212	0.242665	0.246826	0.257831	0.241006	0.239406	0.247592	0.236751	0.240684	0.250268	0.233804	0.250957	0.220792	0.227999
561.0	0.232283	0.237667	0.230647	0.227532	0.233980	0.237241	0.241990	0.235259	0.234660	0.239180	0.237063	0.232926	0.239090	0.225663	0.222485	0.246600	0.245415	0.233394	0.239295	0.251414
562.0	0.229767	0.237768	0.223484	0.225769	0.231238	0.220532	0.225074	0.221863	0.228900	0.227034	0.238177	0.217645	0.206332	0.209452	0.237140	0.228078	0.245291	0.220751	0.226522	0.222636
563.0	0.207403	0.218218	0.225037	0.202505	0.215776	0.218954	0.206420	0.210178	0.212238	0.215903	0.218887	0.210630	0.202854	0.213817	0.206750	0.216802	0.214761	0.217371	0.214913	0.217089
564.0	0.204405	0.213205	0.207414	0.210973	0.199298	0.220563	0.204205	0.205663	0.202952	0.217455	0.216178	0.199244	0.195541	0.202321	0.198371	0.200130	0.224793	0.202555	0.194142	0.211388
565.0	0.189932	0.202135	0.211218	0.192462	0.201608	0.201130	0.185761	0.198434	0.181411	0.205906	0.209347	0.191812	0.198692	0.193125	0.199242	0.205374	0.198691	0.197365	0.189159	0.197904
566.0	0.186659	0.195136	0.180061	0.196114	0.192214	0.192064	0.188606	0.187280	0.188170	0.196596	0.187409	0.199184	0.181153	0.187187	0.186930	0.191218	0.198598	0.193744	0.181250	0.188342
567.0	0.183006	0.183393	0.190932	0.181507	0.182665	0.186648	0.175791	0.178280	0.169774	0.182659	0.182323	0.179593	0.185761	0.161663	0.175308	0.174151	0.185253	0.181764	0.164836	0.177431
568.0	0.167568	0.169967	0.168270	0.185316	0.164400	0.168856	0.171270	0.167422	0.166160	0.177974	0.167848	0.171210	0.170273	0.177467	0.174167	0.169665	0.178379	0.181342	0.167403	0.180435
569.0	0.151993	0.156945	0.172961	0.178800	0.164061	0.162327	0.166959	0.172202	0.171009	0.168156	0.173897	0.167702	0.166231	0.161983	0.176869	0.159692	0.175468	0.172320	0.156182	0.163058
570.0	0.146755	0.156272	0.153626	0.158180	0.156823	0.149949	0.170701	0.155678	0.162604	0.165500	0.159542	0.152065	0.155440	0.145860	0.153986	0.178183	0.158314	0.165560	0.170566	0.168973
571.0	0.154577	0.155162	0.159173	0.162587	0.147460	0.144689	0.153216	0.138681	0.139741	0.152430	0.151627	0.150906	0.155143	0.144114	0.155308	0.158601	0.154753	0.154335	0.154630	0.151902
572.0	0.152613	0.152605	0.133024	0.151160	0.140529	0.143451	0.152198	0.148891	0.141416	0.150609	0.151176	0.144009	0.159929	0.139690	0.151704	0.139504	0.154784	0.140907	0.137470	0.155304
573.0	0.136969	0.138943	0.130489	0.146879	0.133661	0.144503	0.133784	0.133547	0.141769	0.136196	0.142419	0.128937	0.145184	0.134102	0.147470	0.132592	0.149985	0.140484	0.130666	0.147520
574.0	0.137382	0.146851	0.130330	0.126731	0.135478	0.128072	0.138245	0.125610	0.130426	0.135778	0.136129	0.125310	0.131807	0.129649	0.139272	0.128682	0.138869	0.124522	0.139380	0.128978
575.0	0.137485	0.135915	0.124213	0.136175	0.127131	0.136396	0.126808	0.128796	0.125724	0.121484	0.134534	0.125399	0.127735	0.125167	0.123025	0.124347	0.121096	0.120870	0.125742	0.119049
576.0	0.119222	0.128916	0.120790	0.130635	0.112809	0.127608	0.121299	0.113246	0.124255	0.114978	0.126529	0.123824	0.112604	0.122344	0.115007	0.125499	0.126174	0.124703	0.128099	0.123891
577.0	0.115190	0.120235	0.121360	0.111463	0.116690	0.114426	0.113904	0.117407	0.111236	0.117932	0.117260	0.109613	0.117122	0.120132	0.115968	0.126317	0.127381	0.122741	0.109358	0.108169
578.0	0.112227	0.111991	0.103579	0.120183	0.114749	0.113467	0.114922	0.107020	0.115027	0.114023	0.118735	0.108632	0.104727	0.118066	0.110052	0.107008	0.114903	0.106658	0.112939	0.123186
579.0	0.106713	0.107920	0.112992	0.111998	0.108281	0.121698	0.110760	0.101886	0.104830	0.106622	0.107119	0.101319	0.105648	0.117338	0.109031	0.101188	0.112767	0.096640	0.111447	0.108874
580.0	0.103233	0.097287	0.104308	0.099028	0.093435	0.104988	0.109832	0.096781	0.106799	0.098744	0.106246	0.099565	0.101873	0.107035	0.103445	0.106705	0.115399	0.099446	0.098107	0.101733
581.0	0.089725	0.093989	0.101297	0.094306	0.087490	0.106597	0.100310	0.096161	0.095956	0.090806	0.094840	0.099060	0.100892	0.100196	0.097109	0.096429	0.100319	0.092264	0.093600	0.101304
582.0	0.096238	0.102839	0.101867	0.092732	0.092665	0.093942	0.088035	0.086129	0.085847	0.089075	0.081088	0.092668	0.088674	0.090184	0.100863	0.097641	0.099886	0.085656	0.092854	0.094316
583.0	0.097926	0.096614	0.094767	0.088167	0.075355	0.086329	0.077047	0.085716	0.091812	0.094596	0.090056	0.090201	0.084304	0.087565	0.097710	0.086092	0.091649	0.079983	0.090377	0.094286
584.0	0.088726	0.093821	0.085480	0.084893	0.080930	0.078284	0.080729	0.084240	0.088315	0.089105	0.093336	0.083274	0.083383	0.081191	0.084977	0.085819	0.089977	0.090665	0.085901	0.083743
585.0	0.084177	0.077670	0.080599	0.075859	0.077665	0.080791	0.086448	0.077631	0.074415	0.081794	0.082020	0.084434	0.076902	0.078892	0.071884	0.088638	0.090318	0.075909	0.073367	0.081690
586.0	0.073253	0.076661	0.075369	0.081871	0.071874	0.076737	0.074621	0.070874	0.071477	0.075437	0.082352	0.078994	0.076992	0.077931	0.072454	0.077150	0.073381	0.077267	0.081663	0.076020
587.0	0.077320	0.069157	0.074926	0.077086	0.076463	0.066154	0.075130	0.071257	0.070830	0.069738	0.076754	0.079469	0.083175	0.070394	0.078070	0.078059	0.075455	0.068335	0.070263	0.072220
588.0	0.077871	0.072656	0.074989	0.076803	0.073815	0.068227	0.066627	0.072438	0.066334	0.076064	0.071217	0.062049	0.072741	0.064864	0.072094	0.067268	0.071957	0.067007	0.071307	0.068205
589.0	0.074839	0.075618	0.068713	0.074253	0.063404	0.067237	0.067106	0.066743	0.060898	0.075109	0.065108	0.075010	0.065279	0.069142	0.061373	0.061508	0.061367	0.063024	0.069487	0.074028
590.0	0.070876	0.069695	0.068460	0.063455	0.063157	0.062286	0.059142	0.068631	0.067157	0.065321	0.064626	0.070878	0.067658	0.070161	0.060262	0.067813	0.067312	0.060852	0.066025	0.062474
591.0	0.066706	0.067374	0.061487	0.064746	0.061063	0.065628	0.064471	0.064913	0.059928	0.064456	0.067876	0.061543	0.065933	0.067687	0.057559	0.069450	0.057465	0.060882	0.058923	0.071822
592.0	0.060641	0.057548	0.068143	0.066351	0.056751	0.055664	0.058483	0.046884	0.051905	0.057681	0.062309	0.058957	0.056243	0.061779	0.064736	0.062660	0.059107	0.057532	0.059281	0.060482
593.0	0.049890	0.066633	0.056194	0.053067	0.060293	0.057861	0.054202	0.056681	0.052552	0.059263	0.055989	0.054200	0.057194	0.052233	0.053265	0.061053	0.061955	0.053157	0.048507	0.064344
594.0	0.049235	0.054217	0.057049	0.055050	0.060478	0.052261	0.052735	0.047710	0.047909	0.046759	0.050633	0.052952	0.053329	0.054648	0.048280	0.057022	0.060159	0.055299	0.047373	0.060022
595.0	0.050304	0.050011	0.052390	0.048911	0.057336	0.051518	0.051537	0.054084	0.054315	0.050728	0.054966	0.056965	0.049732	0.063350	0.046027	0.056749	0.056351	0.053791	0.048656	0.056774
596.0	0.054542	0.047454	0.049664	0.047715	0.058014	0.056655	0.047705	0.048005	0.050201	0.043208	0.049910	0.051168	0.051576	0.054415	0.045877	0.054748	0.050592	0.046699	0.048537	0.051135
597.0	0.057574	0.045704	0.049411	0.051398	0.043691	0.051642	0.051297	0.048920	0.052052	0.038493	0.050813	0.047036	0.048514	0.047809	0.050592	0.045867	0.053440	0.047454	0.046060	0.051809
598.0	0.053198	0.048598	0.050552	0.046172	0.040611	0.050435	0.046507	0.042517	0.047997	0.043835	0.046149	0.054379	0.044946	0.041231	0.048250	0.041047	0.045947	0.047092	0.047821	0.050460
599.0	0.046995	0.051626	0.044656	0.042111	0.040703	0.045144	0.044890	0.043697	0.046439	0.049535	0.046510	0.047660	0.040815	0.040911	0.039601	0.046867	0.041055	0.042837	0.043404	0.042216
600.0	0.044273	0.044089	0.047129	0.043308	0.045508	0.045484	0.039591	0.044642	0.036066	0.042373	0.047984	0.043112	0.043490	0.037302	0.043175	0.039501	0.041426	0.045130	0.044150	0.042676
601.0	0.051234	0.039345	0.043198	0.049415	0.046032	0.039017	0.043573	0.044878	0.041297	0.047237	0.045336	0.042398	0.043460	0.043560	0.035187	0.040804	0.052852	0.047273	0.039077	0.044484
602.0	0.043446	0.037393	0.032136	0.043748	0.043630	0.038336	0.037345	0.045379	0.040268	0.039538	0.041996	0.033123	0.037901	0.039194	0.038850	0.040198	0.038640	0.039005	0.035913	0.041879
603.0	0.037175	0.035240	0.036098	0.035060	0.038239	0.035211	0.041627	0.032632	0.039475	0.039478	0.038896	0.034134	0.038466	0.037681	0.035907	0.040198	0.036224	0.037647	0.038092	0.038018
604.0	0.034625	0.036653	0.032390	0.041828	0.039841	0.035056	0.043034	0.034521	0.040209	0.034076	0.039137	0.036720	0.037485	0.040824	0.039601	0.035500	0.041891	0.033965	0.037555	0.030503
605.0	0.032443	0.033416	0.034355	0.029891	0.046217	0.035860	0.035848	0.037560	0.036801	0.034554	0.034743	0.026761	0.036474	0.033170	0.043355	0.037834	0.034986	0.029916	0.029945	0.031000
606.0	0.028915	0.038605	0.040187	0.036067	0.034050	0.033137	0.032585	0.033252	0.037124	0.034076	0.033479	0.031845	0.036296	0.032180	0.033925	0.037137	0.033933	0.027128	0.036749	0.033482
607.0	0.027753	0.037427	0.038856	0.033769	0.030622	0.031838	0.030818	0.026884	0.031452	0.033420	0.033118	0.036274	0.032075	0.026132	0.033114	0.029752	0.029991	0.027752	0.029548	0.035137
608.0	0.030906	0.034971	0.036796	0.032604	0.033434	0.032116	0.024024	0.032131	0.026727	0.032346	0.029197	0.031102	0.028957	0.032035	0.030262	0.030740	0.033809	0.038069	0.031497	0.034003
609.0	0.026999	0.034769	0.031312	0.024552	0.032202	0.028069	0.032285	0.028643	0.025666	0.029612	0.031704	0.037255	0.034245	0.031947	0.027159	0.031923	0.031735	0.026841	0.031138	0.035045
610.0	0.024376	0.033658	0.030498	0.028358	0.028931	0.022196	0.034111	0.026902	0.022166	0.026876	0.028415	0.030685	0.029010	0.032064	0.023985	0.029843	0.032416	0.024868	0.031586	0.033359
611.0	0.027068	0.030186	0.028758	0.023384	0.033496	0.031374	0.028698	0.026855	0.029025	0.028323	0.027990	0.024651	0.027387	0.023688	0.024718	0.023441	0.027319	0.024065	0.024812	0.033543
612.0	0.026172	0.028931	0.028098	0.027844	0.027881	0.031405	0.030219	0.026158	0.025258	0.024494	0.029272	0.023904	0.022815	0.031423	0.025769	0.028970	0.024508	0.027001	0.025250	0.026758
613.0	0.029652	0.022181	0.026447	0.023491	0.024616	0.024677	0.030069	0.025344	0.025134	0.025136	0.025128	0.020492	0.023160	0.025338	0.014433	0.023202	0.024192	0.025622	0.028142	0.024689
614.0	0.026155	0.024267	0.028780	0.023355	0.025140	0.024916	0.026659	0.019826	0.025760	0.032167	0.023762	0.022477	0.023124	0.023347	0.024000	0.022595	0.026208	0.020737	0.021404	0.024839
615.0	0.026427	0.023611	0.026197	0.023746	0.024856	0.017177	0.020279	0.023936	0.018690	0.026470	0.025453	0.020613	0.022438	0.022267	0.021156	0.027812	0.025505	0.022985	0.017187	0.027193
616.0	0.021489	0.017265	0.023537	0.023132	0.023202	0.018424	0.023240	0.021537	0.028608	0.017720	0.018390	0.026568	0.025874	0.022049	0.023835	0.025405	0.023517	0.023757	0.023478	0.020518
617.0	0.022164	0.021040	0.019550	0.026440	0.016805	0.019074	0.018587	0.021998	0.028996	0.020433	0.020271	0.021377	0.023523	0.023464	0.021228	0.022517	0.019659	0.021609	0.026110	0.020319
618.0	0.020496	0.018503	0.020862	0.020969	0.022164	0.018699	0.024324	0.021310	0.023521	0.016377	0.018643	0.022079	0.021361	0.020114	0.024400	0.017730	0.023876	0.021886	0.020353	0.017368
619.0	0.021596	0.020408	0.024193	0.018725	0.025118	0.021416	0.020141	0.022352	0.021687	0.023814	0.020106	0.019772	0.023196	0.021583	0.025280	0.017039	0.021306	0.024279	0.017029	0.018008
620.0	0.018336	0.016175	0.021487	0.018614	0.022309	0.016026	0.018964	0.018061	0.021590	0.016559	0.021580	0.019050	0.019498	0.023932	0.018934	0.015890	0.022836	0.019439	0.019917	0.019590
621.0	0.019852	0.017433	0.018926	0.020125	0.016223	0.020760	0.016198	0.019732	0.016336	0.020236	0.025878	0.017415	0.017488	0.017241	0.018718	0.017430	0.016126	0.024026	0.016399	0.022244
622.0	0.018935	0.018799	0.019883	0.014890	0.017341	0.019306	0.019692	0.014479	0.014058	0.017828	0.017650	0.015575	0.017678	0.012480	0.018222	0.014862	0.018922	0.015776	0.017455	0.018140
623.0	0.016506	0.015236	0.017255	0.018315	0.017942	0.020491	0.017399	0.017206	0.015240	0.017040	0.015724	0.020949	0.018508	0.013327	0.013643	0.013244	0.017207	0.014185	0.015521	0.019734
624.0	0.018749	0.014226	0.015426	0.016593	0.017868	0.017724	0.016201	0.015775	0.016277	0.013906	0.015751	0.013321	0.015309	0.015521	0.011724	0.014684	0.022028	0.016705	0.018076	0.015817
625.0	0.010255	0.015374	0.014444	0.014878	0.013857	0.018374	0.018539	0.014417	0.015422	0.014593	0.015245	0.012664	0.014236	0.015498	0.012811	0.018176	0.017529	0.014481	0.016282	0.012541
626.0	0.020010	0.012127	0.011838	0.015595	0.014427	0.015206	0.015527	0.017648	0.014314	0.011513	0.018420	0.011243	0.013796	0.010920	0.012961	0.019419	0.017597	0.013844	0.020031	0.014803
627.0	0.020562	0.017453	0.008513	0.013474	0.012690	0.014896	0.013153	0.012181	0.012510	0.010854	0.015242	0.011297	0.014839	0.017346	0.010078	0.014311	0.017408	0.015160	0.017312	0.011649
628.0	0.010675	0.016999	0.012032	0.011257	0.014818	0.014927	0.018261	0.017896	0.015998	0.011298	0.013422	0.010976	0.009593	0.014185	0.006562	0.010664	0.013776	0.015359	0.016933	0.013482
629.0	0.015896	0.017147	0.018016	0.013732	0.010109	0.013959	0.012225	0.015438	0.009501	0.013098	0.012402	0.013077	0.013433	0.014764	0.014529	0.008688	0.011912	0.012076	0.011126	0.012602
630.0	0.013219	0.010794	0.013468	0.012476	0.014815	0.014562	0.011839	0.015949	0.012463	0.011492	0.014120	0.015768	0.014649	0.016048	0.015559	0.009303	0.007351	0.012423	0.010818	0.014775
631.0	0.013577	0.010882	0.013166	0.015813	0.014270	0.013303	0.012309	0.012582	0.014238	0.015783	0.018890	0.011624	0.010577	0.012119	0.011682	0.013953	0.010673	0.015239	0.008174	0.017781
632.0	0.014525	0.011168	0.007708	0.016911	0.007811	0.013451	0.014150	0.013249	0.011058	0.014742	0.012976	0.012516	0.010443	0.013565	0.010442	0.012574	0.012773	0.010411	0.011528	0.012915
633.0	0.015875	0.011948	0.011166	0.009715	0.015863	0.013102	0.011943	0.011493	0.011746	0.012214	0.013313	0.009950	0.012583	0.011316	0.009291	0.010604	0.011296	0.008657	0.014065	0.010377
634.0	0.011761	0.014078	0.013391	0.013729	0.011895	0.016131	0.010548	0.009215	0.009442	0.009845	0.010752	0.007063	0.011852	0.013158	0.009607	0.014878	0.013324	0.010890	0.011922	0.014386
635.0	0.009459	0.010767	0.013658	0.015747	0.010140	0.012065	0.009404	0.013054	0.009712	0.010376	0.011824	0.012863	0.007982	0.010361	0.010228	0.009121	0.010172	0.009698	0.011896	0.011487
636.0	0.014052	0.007816	0.010504	0.012189	0.009086	0.010691	0.010210	0.010723	0.010453	0.010830	0.011360	0.013910	0.009750	0.011563	0.007829	0.011613	0.007416	0.009068	0.008514	0.007931
637.0	0.014835	0.011498	0.009021	0.010401	0.011914	0.010431	0.010345	0.008327	0.010573	0.009896	0.008869	0.008993	0.009206	0.010294	0.011424	0.007172	0.006177	0.010426	0.015095	0.012130
638.0	0.012336	0.010532	0.011059	0.008604	0.010371	0.006835	0.009177	0.010832	0.017253	0.010355	0.011962	0.012284	0.006335	0.011141	0.009475	0.007233	0.010614	0.013597	0.011839	0.011428
639.0	0.010376	0.007948	0.008621	0.010011	0.011107	0.011536	0.011821	0.009295	0.009427	0.009033	0.009064	0.011023	0.007488	0.003990	0.006739	0.009330	0.008335	0.010281	0.008532	0.010993
640.0	0.009518	0.007948	0.009804	0.010587	0.010195	0.007937	0.015168	0.010333	0.008651	0.009075	0.011032	0.014555	0.010247	0.004959	0.008490	0.008997	0.008868	0.011787	0.008514	0.010500
641.0	0.011799	0.013506	0.006669	0.009410	0.010478	0.008113	0.007488	0.005854	0.005628	0.008308	0.006717	0.009439	0.006213	0.005830	0.009195	0.008585	0.010453	0.009288	0.007667	0.009258
642.0	0.009070	0.014704	0.008976	0.008959	0.006400	0.005743	0.008668	0.009599	0.008837	0.007789	0.009546	0.007438	0.007747	0.009121	0.006991	0.011749	0.010094	0.007746	0.007198	0.009681
643.0	0.006668	0.005909	0.004488	0.006995	0.010617	0.005069	0.008309	0.011207	0.007740	0.006153	0.011827	0.010295	0.010244	0.007663	0.008162	0.013059	0.010367	0.010269	0.008365	0.006286
644.0	0.006964	0.006817	0.006098	0.005578	0.008855	0.007457	0.007198	0.006320	0.007244	0.008224	0.007891	0.009112	0.010419	0.007756	0.006541	0.008754	0.010546	0.010362	0.011946	0.007346
645.0	0.008894	0.007655	0.009293	0.006148	0.009724	0.006486	0.007722	0.009380	0.003861	0.009066	0.007529	0.011743	0.008430	0.006959	0.007703	0.006087	0.010329	0.007025	0.008813	0.005219
646.0	0.005972	0.008325	0.007740	0.008342	0.008901	0.004948	0.007832	0.005884	0.007834	0.005861	0.004406	0.007331	0.003543	0.008804	0.006622	0.004553	0.008351	0.012891	0.006515	0.005713
647.0	0.006902	0.008251	0.009693	0.009347	0.007121	0.007244	0.009021	0.004376	0.006826	0.006064	0.008583	0.006811	0.006296	0.008979	0.005937	0.010858	0.007493	0.007417	0.007147	0.005100
648.0	0.006220	0.006905	0.008574	0.009731	0.005889	0.008302	0.012156	0.004680	0.006615	0.008024	0.006991	0.004641	0.005202	0.007049	0.006177	0.008533	0.008249	0.005549	0.008093	0.004646
649.0	0.008401	0.007218	0.007886	0.005733	0.006976	0.008352	0.009258	0.003907	0.007076	0.007210	0.005450	0.006056	0.007164	0.007174	0.008387	0.005960	0.008041	0.004846	0.005315	0.006657
650.0	0.007426	0.007292	0.007195	0.005462	0.008292	0.006891	0.006108	0.005533	0.007035	0.005234	0.006985	0.008267	0.004581	0.005588	0.003931	0.003665	0.007125	0.006883	0.005300	0.007365
651.0	0.005662	0.005771	0.009886	0.004240	0.007257	0.008327	0.004662	0.007368	0.010188	0.007720	0.004755	0.006992	0.005657	0.004025	0.008081	0.006842	0.004254	0.005419	0.005049	0.003705
652.0	0.006344	0.004294	0.009243	0.006686	0.005667	0.006702	0.004380	0.009265	0.005525	0.005936	0.006166	0.003990	0.006581	0.007334	0.007108	0.010701	0.000430	0.005036	0.004954	0.006709
653.0	0.006261	0.005929	0.007502	0.008254	0.006173	0.006541	0.003856	0.004680	0.007523	0.010006	0.004412	0.006638	0.006183	0.005314	0.005991	0.002652	0.004047	0.008289	0.005593	0.006454
654.0	0.006978	0.008240	0.004910	0.007927	0.006022	0.004620	0.004497	0.004966	0.007514	0.006995	0.006527	0.006112	0.005972	0.005274	0.003111	0.005817	0.003935	0.008087	0.006372	0.005238
655.0	0.010999	0.007164	0.002675	0.006372	0.003699	0.008757	0.006111	0.006229	0.009777	0.003032	0.006506	0.007358	0.006849	0.003958	0.006429	0.006478	0.008342	0.008090	0.006703	0.005710
656.0	0.005510	0.009536	0.007290	0.005270	0.006142	0.008479	0.003434	0.002614	0.008860	0.007383	0.007505	0.005577	0.005755	0.005777	0.005228	0.005599	0.007499	0.005869	0.005473	0.005636
657.0	0.005965	0.006275	0.006586	0.004281	0.008501	0.004836	0.005308	0.002629	0.007611	0.007481	0.006672	0.007801	0.005559	0.005926	0.008709	0.007712	0.002573	0.003476	0.003713	0.003196
658.0	0.007605	0.004559	0.009819	0.004077	0.006616	0.004400	0.003249	0.005081	0.007787	0.004694	0.007156	0.006005	0.008647	0.008030	0.006574	0.008127	0.003260	0.005570	0.003504	0.005072
659.0	0.008505	0.001915	0.005639	0.005380	0.005901	0.003193	0.006294	0.002184	0.006439	0.006610	0.004899	0.011151	0.004114	0.007654	0.005318	0.003334	0.004998	0.004062	0.004133	0.006277
660.0	0.006630	0.008321	0.006361	0.004338	0.002498	0.006105	0.005291	0.007418	0.004778	0.006133	0.007081	0.005859	0.003062	0.006511	0.003465	0.005572	0.006283	0.005634	0.005160	0.006586
661.0	0.005393	0.004613	0.008339	0.003516	0.004491	0.003726	0.001449	0.003659	0.005613	0.004927	0.007942	0.006944	0.002830	0.005373	0.006988	0.006551	0.006428	0.007233	0.002516	0.008787
662.0	0.005882	0.002211	0.005312	0.005695	0.005427	0.006950	0.005605	0.006967	0.004073	0.008666	0.005149	0.003802	0.007045	0.005288	0.004976	0.007396	0.004304	0.004704	0.008019	0.004983
663.0	0.004886	0.005777	0.005449	0.006126	0.003018	0.004481	0.003563	0.006500	0.004082	0.006013	0.007319	0.002839	0.007854	0.005538	0.006610	0.003950	0.004908	0.005190	0.005214	0.003858
664.0	0.006330	0.005232	0.005087	0.001920	0.004328	0.008305	0.005063	0.005689	0.004464	0.006141	0.008772	0.005078	0.006549	0.007843	0.005673	0.006078	0.004264	0.005383	0.002701	0.004873
665.0	0.007550	0.006942	0.005116	0.002855	0.005834	0.006220	0.002518	0.005279	0.004014	0.007231	0.004821	0.003330	0.004923	0.004956	0.005556	0.005111	0.006617	0.006672	0.004190	0.005403
666.0	0.006309	0.008597	0.003880	0.003850	0.005076	0.007250	0.008189	0.003275	0.002962	0.005091	0.005438	0.004652	0.000657	0.003414	0.006565	0.000142	0.005570	0.003392	0.006136	0.004484
667.0	0.006782	0.008681	0.005322	0.008317	0.004817	0.006752	0.007782	0.003942	0.006068	0.001265	0.010975	0.003136	0.004159	0.006246	0.003417	0.004517	0.003505	0.006681	0.003426	0.005480
668.0	0.007795	0.010253	0.006174	0.007678	0.004226	0.009917	0.003356	0.005314	0.006303	0.005007	0.008008	0.005526	0.004941	0.006447	0.006826	0.007175	0.004456	0.004388	0.006539	0.004229
669.0	0.010486	0.002258	0.005829	0.005972	0.005030	0.009073	0.004296	0.007864	0.005824	0.004530	0.007201	0.005925	0.005012	0.005928	0.007634	0.009955	0.006230	0.004777	0.004429	0.009283
670.0	0.005600	0.004660	0.002257	0.006696	0.002707	0.004806	0.002898	0.007368	0.008804	0.003751	0.008706	0.004138	0.007399	0.005506	0.008114	0.004341	0.005855	0.004258	0.007476	0.003221
671.0	0.003853	0.008553	0.006799	0.005522	0.007177	0.008169	0.004446	0.005211	0.004002	0.001817	0.005643	0.009810	0.005015	0.003088	0.003874	0.005875	0.005617	0.003105	0.006921	0.005238
672.0	0.008229	0.004701	0.010919	0.006107	0.003601	0.004756	0.004111	0.006155	0.004702	0.004205	0.005540	0.003279	0.003597	0.003725	0.005478	0.006523	0.006923	0.005377	0.004688	0.003077
673.0	0.008639	0.004428	0.003074	0.004794	0.007072	0.005864	0.005880	0.003588	0.006386	0.002155	0.003316	0.004602	0.004715	0.004703	0.009784	0.007460	0.002075	0.005709	0.005097	0.005651
674.0	0.007636	0.008705	0.003382	0.005062	0.005064	0.004335	0.009318	0.002948	0.004143	0.007046	0.002961	0.007697	0.008320	0.004686	0.006709	0.004532	0.004939	0.003506	0.005775	0.004910
675.0	0.005000	0.007184	0.004675	0.008862	0.007435	0.005081	0.007740	0.005733	0.005569	0.004715	0.006016	0.003047	0.004001	0.005175	0.005592	0.007475	0.002938	0.004031	0.005414	0.006255
676.0	0.006389	0.005565	0.002872	0.001193	0.005045	0.003760	0.005701	0.003078	0.004502	0.002659	0.001568	0.002714	0.003573	0.004080	0.005000	0.002161	0.005976	0.003153	0.006169	0.005189
677.0	0.003084	0.004832	0.006158	0.003922	0.006234	0.002556	0.005359	0.004249	0.005704	0.003885	0.002143	0.004976	0.004266	0.005026	0.004207	0.001916	0.008558	0.005308	0.005190	0.002078
678.0	0.006664	0.007860	0.003544	0.005446	0.005865	0.008751	0.007006	0.004639	0.003873	0.005055	0.005664	0.005223	0.000357	0.006138	0.004895	0.004044	0.007236	0.005163	0.008795	0.005682
679.0	0.005944	0.003954	0.002038	0.002496	0.004768	0.006263	0.003021	0.003550	0.007737	0.003793	0.006807	0.004495	0.002045	0.006828	0.004658	0.002504	0.002502	0.001666	0.003086	0.006764
680.0	0.005362	0.005037	0.004022	0.005364	0.003955	0.003246	0.006051	0.004364	0.004528	0.005285	0.005597	0.006564	0.002993	0.004529	0.005694	0.004462	0.002681	0.004454	0.004357	0.002577
681.0	0.001158	0.005252	0.004038	0.003945	0.009425	0.004115	0.002970	0.000056	0.004937	0.002193	0.002540	0.002479	0.007996	0.004988	0.006745	0.006720	0.004115	0.007969	0.003823	0.005152
682.0	0.000455	0.003651	0.002821	0.002396	0.005846	0.004112	0.004449	0.004456	0.004417	0.001579	0.002742	0.003725	0.006201	0.002349	0.007318	0.004717	0.003750	0.006328	0.005569	0.003313
683.0	0.004707	0.003553	0.004602	0.004247	0.005572	0.001640	0.005497	0.002428	0.006154	0.002656	0.003452	0.003674	0.005767	0.000850	0.002907	0.003804	0.005657	0.001678	0.003369	0.006151
684.0	0.001175	0.001672	0.003528	0.003139	0.003496	0.005168	0.003937	0.004765	0.002945	0.003680	0.001628	0.002521	0.007506	0.005018	0.000057	0.003844	0.005258	0.004973	0.003715	0.007067
685.0	0.004521	0.002857	0.003518	0.002339	0.001894	0.007686	0.001889	0.001947	0.003144	0.001209	0.002730	0.003502	0.005981	0.004473	0.003859	0.003150	0.003669	0.006829	0.004841	0.003534
686.0	0.006716	0.004452	0.006466	0.004369	0.001676	0.003763	0.000332	0.003299	0.002756	0.001098	0.005895	0.001647	0.002042	0.002037	0.002955	0.002346	0.004093	0.004197	0.002304	0.002862
687.0	0.003201	0.000323	0.002922	0.000000	0.003859	0.006127	0.003105	0.000634	0.002801	0.004993	0.003575	0.002643	0.002806	0.004686	0.003168	0.003216	0.002375	0.001467	0.005339	0.005449
688.0	0.002950	0.002591	0.006694	0.000985	0.004340	0.002763	0.002650	0.004810	0.004070	0.002014	0.004427	0.002363	0.003419	0.003801	0.004793	0.005756	0.003103	0.002981	0.003754	0.003662
689.0	0.007443	0.003890	0.004796	0.002799	0.002587	0.001566	0.005267	0.005388	0.001848	0.005300	0.003665	0.004563	0.000000	0.004988	0.001532	0.001294	0.006549	0.003633	0.000940	0.002130
690.0	0.001861	0.005067	0.001927	0.000510	0.003521	0.003255	0.001123	0.003178	0.003999	0.001937	0.002305	0.005063	0.004426	0.003018	0.001898	0.002107	0.005233	0.002906	0.002689	0.005572
691.0	0.004235	0.004290	0.003303	0.006208	0.002729	0.004112	0.005207	0.003210	0.003329	0.002835	0.000710	0.004088	0.004361	0.003321	0.002147	0.003201	0.000771	0.002031	0.007389	0.002161
692.0	0.007702	0.002221	0.004288	0.005629	0.005797	0.004270	0.002704	0.004290	0.001137	0.002307	0.003283	0.003550	0.003838	0.003545	0.002889	0.004198	0.006487	0.003087	0.005703	0.000000
693.0	0.006265	0.003553	0.002317	0.002827	0.002843	0.001665	0.002811	0.003703	0.002839	0.002960	0.004656	0.002857	0.003270	0.002715	0.006730	0.002546	0.001616	0.003706	0.005491	0.003770
694.0	0.004183	0.002890	0.002678	0.006538	0.001842	0.004846	0.005530	0.000593	0.004681	0.004348	0.003364	0.005048	0.004073	0.004910	0.005426	0.005326	0.001570	0.003491	0.006721	0.001989
695.0	0.005572	0.001814	0.004919	0.002279	0.002021	0.004642	0.005057	0.000623	0.001437	0.000594	0.006196	0.006142	0.002744	0.001991	0.002805	0.002340	0.000901	0.007429	0.002838	0.004959
696.0	0.002636	0.001427	0.002431	0.003560	0.000166	0.002089	0.002934	0.004414	0.002151	0.003456	0.005832	0.004144	0.003995	0.001630	0.000958	0.001349	0.002198	0.004372	0.007013	0.003941
697.0	0.003170	0.005771	0.003382	0.003079	0.000853	0.003447	0.001371	0.003659	0.004146	0.002411	0.006494	0.003110	0.002042	0.003373	0.004342	0.003359	0.001780	0.004629	0.007282	0.004061
698.0	0.001806	0.007130	0.003765	0.001785	0.002418	0.004889	0.002722	0.004122	0.004449	0.000307	0.003340	0.003514	0.003995	0.004328	0.003225	0.003307	0.001108	0.004469	0.004614	0.005890
699.0	0.002591	0.004354	0.002260	0.003529	0.004275	0.004781	0.002258	0.001992	0.001463	0.004261	0.001905	0.001912	0.003309	0.002931	0.000943	0.005635	0.002743	0.002508	0.005745	0.002185
700.0	0.002147	0.003358	0.004498	0.002840	0.002597	0.002732	0.005946	0.001776	0.002492	0.008051	0.003518	0.002464	0.002699	0.003667	0.002523	0.001288	0.007441	0.004846	0.004008	0.000579
701.0	0.005431	0.004361	0.006209	0.001118	0.003755	0.004796	0.004566	0.003148	0.001640	0.002856	0.002817	0.002753	0.003713	0.003583	0.003039	0.006081	0.005806	0.003298	0.002737	0.004003
702.0	0.001823	0.004731	0.002669	0.003806	0.003924	0.000164	0.000455	0.002809	0.003911	0.003130	0.006527	0.003761	0.001067	0.002168	0.005135	0.003471	0.003824	0.003184	0.005217	0.003469
703.0	0.001609	0.005259	0.003487	0.002909	0.000012	0.003815	0.006021	0.003216	0.003459	0.003497	0.002197	0.004177	0.000517	0.005375	0.005258	0.000224	0.003434	0.002541	0.004390	0.002556
704.0	0.004652	0.004209	0.003642	0.004602	0.001805	0.002844	0.004428	0.004314	0.003012	0.004032	0.003984	0.002791	0.001914	0.005669	0.003754	0.000000	0.004601	0.003663	0.003122	0.000898
705.0	0.002588	0.005014	0.004957	0.000441	0.003989	0.001284	0.004395	0.001697	0.002539	0.005604	0.001511	0.000140	0.005113	0.001088	0.006264	0.002243	0.003895	0.002882	0.003244	0.002872
706.0	0.002002	0.003123	0.001328	0.002540	0.002476	0.002639	0.003305	0.000688	0.002201	0.003396	0.002459	0.002542	0.003974	0.002136	0.005484	0.000424	0.003301	0.004626	0.005246	0.005624
707.0	0.002485	0.002530	0.006060	0.001464	0.000484	0.002182	0.004641	0.001632	0.000776	0.003038	0.004469	0.002381	0.005330	0.002005	0.004141	0.001319	0.001644	0.002004	0.003990	0.004018
708.0	0.004549	0.002086	0.002345	0.003208	0.002248	0.002550	0.003000	0.003883	0.001358	0.004521	0.000078	0.001834	0.003900	0.003009	0.004769	0.003595	0.002273	0.003401	0.000925	0.003285
709.0	0.003418	0.002137	0.002387	0.002012	0.002292	0.001194	0.003177	0.001163	0.003756	0.003190	0.001995	0.001799	0.002895	0.000806	0.002144	0.005077	0.005162	0.003962	0.003125	0.006957
710.0	0.001023	0.002880	0.001477	0.003132	0.003373	0.002571	0.002841	0.003145	0.002451	0.002608	0.002113	0.002369	0.003829	0.002221	0.003691	0.003034	0.000133	0.001424	0.006312	0.003249
711.0	0.003529	0.001067	0.000878	0.004165	0.002812	0.006297	0.002057	0.002868	0.003914	0.002686	0.000481	0.005274	0.003633	0.000847	0.004024	0.003692	0.001375	0.002275	0.001582	0.003353
712.0	0.000465	0.000727	0.003984	0.000013	0.000671	0.000040	0.001207	0.003458	0.002856	0.003402	0.003271	0.001445	0.000865	0.002471	0.002060	0.002092	0.000390	0.003002	0.001770	0.004088
713.0	0.000455	0.004240	0.000241	0.002166	0.005008	0.000811	0.001314	0.000924	0.002956	0.005237	0.003927	0.003689	0.001772	0.005969	0.003844	0.000391	0.002805	0.003540	0.002635	0.001514
714.0	0.000999	0.003614	0.002960	0.004955	0.001133	0.004332	0.003284	0.000564	0.005175	0.002158	0.005895	0.001971	0.002301	0.005405	0.004273	0.003456	0.001427	0.002698	0.002826	0.001949
715.0	0.003470	0.001531	0.002593	0.003973	0.001999	0.000814	0.002147	0.000103	0.001366	0.005181	0.001947	0.002991	0.002907	0.000288	0.004099	0.002886	0.004521	0.003476	0.002584	0.002835
716.0	0.003084	0.000135	0.004051	0.004036	0.001740	0.000173	0.002270	0.001924	0.003421	0.000612	0.000662	0.004111	0.000383	0.002157	0.001865	0.005180	0.001994	0.001684	0.003551	0.002562
717.0	0.001147	0.000902	0.005442	0.002909	0.001762	0.000340	0.006153	0.003166	0.002183	0.002835	0.001839	0.003228	0.002476	0.002852	0.003811	0.003732	0.005155	0.003612	0.003533	0.001863
718.0	0.003063	0.004442	0.001876	0.003359	0.003545	0.002305	0.004449	0.004367	0.002039	0.002238	0.000000	0.000737	0.002919	0.001409	0.006201	0.002564	0.005264	0.002598	0.005017	0.002620
719.0	0.002112	0.000875	0.001246	0.006523	0.000604	0.000532	0.002512	0.001204	0.001355	0.004094	0.001986	0.000681	0.003529	0.001438	0.002078	0.002061	0.004062	0.002438	0.004560	0.003108
720.0	0.001041	0.002611	0.002111	0.005569	0.002972	0.004066	0.002668	0.001042	0.000438	0.003587	0.000569	0.002982	0.003130	0.000620	0.006216	0.003022	0.000879	0.001080	0.003590	0.004481
721.0	0.002037	0.004580	0.002079	0.003372	0.003983	0.005143	0.005620	0.002502	0.004349	0.002650	0.001574	0.001674	0.000083	0.003332	0.003090	0.003498	0.003099	0.003500	0.000439	0.003200
722.0	0.003577	0.004650	0.000675	0.000412	0.003293	0.003367	0.003425	0.003588	0.000923	0.003769	0.002507	0.002759	0.004866	0.000146	0.003144	0.000785	0.004124	0.004179	0.003680	0.003273
723.0	0.001465	0.003671	0.000466	0.002197	0.004857	0.006740	0.002261	0.002523	0.001413	0.000483	0.003121	0.001700	0.000710	0.003641	0.001961	0.002919	0.001074	0.004490	0.002355	0.003843
724.0	0.004724	0.004337	0.000678	0.003863	0.001867	0.003846	0.002548	0.002971	0.001602	0.003894	0.006624	0.001498	0.002488	0.004418	0.001886	0.002713	0.002198	0.002127	0.003313	0.004073
725.0	0.002574	0.003530	0.004060	0.003265	0.002427	0.004802	0.003320	0.001838	0.002577	0.001838	0.003437	0.001849	0.001986	0.003749	0.001766	0.004886	0.001622	0.002586	0.001325	0.002761
726.0	0.004142	0.004075	0.004098	0.001760	0.001072	0.002998	0.002335	0.000578	0.002092	0.005939	0.003825	0.001986	0.000464	0.002215	0.000072	0.003650	0.002282	0.001361	0.000254	0.003779
727.0	0.001179	0.000858	0.002143	0.004209	0.002637	0.007129	0.003991	0.005459	0.004073	0.007517	0.004538	0.004780	0.002307	0.004785	0.001348	0.001000	0.004676	0.000347	0.000552	0.004539
728.0	0.001392	0.004600	0.002022	0.005761	0.001152	0.002810	0.000695	0.003780	0.004214	0.005673	0.003410	0.003713	0.001917	0.003638	0.002673	0.003756	0.002666	0.000830	0.000475	0.003062
729.0	0.003766	0.001454	0.001423	0.005232	0.000194	0.002562	0.002440	0.001254	0.001637	0.002948	0.004340	0.001522	0.003252	0.002456	0.002586	0.002240	0.001096	0.003120	0.003987	0.002911
730.0	0.001485	0.005508	0.002355	0.001051	0.001281	0.001473	0.003084	0.001835	0.001220	0.005106	0.001020	0.000422	0.002922	0.003591	0.000024	0.002571	0.001579	0.001156	0.004071	0.002455
731.0	0.001592	0.003604	0.002238	0.000362	0.000986	0.002899	0.001976	0.001909	0.003964	0.005327	0.001195	0.004486	0.001795	0.001551	0.001099	0.002798	0.006725	0.003769	0.001985	0.002887
732.0	0.000961	0.003970	0.002463	0.003063	0.006265	0.001943	0.002225	0.002895	0.003091	0.001802	0.004261	0.002081	0.000681	0.002189	0.001772	0.003756	0.000737	0.000024	0.001644	0.001422
733.0	0.000048	0.001716	0.001712	0.005251	0.006545	0.001021	0.001868	0.003685	0.003620	0.003121	0.001303	0.005241	0.002342	0.002343	0.002303	0.003538	0.002452	0.000078	0.004029	0.004143
734.0	0.004149	0.004014	0.006729	0.000359	0.001657	0.003605	0.000365	0.001405	0.000332	0.002713	0.001652	0.001700	0.004132	0.001970	0.001309	0.001698	0.002808	0.000232	0.005190	0.000953
735.0	0.006210	0.002608	0.001135	0.003104	0.002446	0.005932	0.000805	0.000224	0.002145	0.001925	0.001760	0.002001	0.000502	0.003137	0.001396	0.004635	0.004676	0.004529	0.003465	0.002452
736.0	0.004607	0.002032	0.002469	0.002550	0.002119	0.001940	0.001012	0.001720	0.003253	0.003760	0.002242	0.003671	0.002012	0.003184	0.002324	0.002267	0.000183	0.002683	0.004366	0.002749
737.0	0.003704	0.000000	0.002615	0.000104	0.005051	0.002342	0.000338	0.001437	0.003256	0.000042	0.002182	0.002637	0.002753	0.004724	0.005613	0.000197	0.001115	0.006409	0.006542	0.001122
738.0	0.003487	0.000077	0.003195	0.001517	0.002245	0.001940	0.001428	0.001927	0.003750	0.000328	0.000033	0.003359	0.001186	0.003420	0.001021	0.002695	0.002223	0.000821	0.007446	0.002709
739.0	0.002030	0.002470	0.002640	0.001332	0.003909	0.000770	0.001820	0.003924	0.003591	0.001412	0.002561	0.003811	0.002907	0.000896	0.002225	0.003459	0.001279	0.004900	0.003178	0.002847
740.0	0.001530	0.001736	0.002295	0.002364	0.005301	0.001532	0.000000	0.005049	0.001713	0.001749	0.001601	0.003020	0.000654	0.002355	0.000877	0.001073	0.003805	0.005760	0.000839	0.001060
741.0	0.000124	0.000925	0.004561	0.003951	0.002070	0.002154	0.004590	0.000000	0.006841	0.001310	0.002757	0.001683	0.001168	0.002899	0.002300	0.003098	0.002994	0.001159	0.004578	0.004974
742.0	0.004063	0.001857	0.002723	0.001480	0.002193	0.001690	0.001677	0.006084	0.001757	0.006180	0.000199	0.001246	0.003374	0.002974	0.002234	0.000918	0.001387	0.002167	0.007652	0.003941
743.0	0.002536	0.000589	0.001461	0.000082	0.002846	0.001034	0.004192	0.003019	0.000802	0.006252	0.000466	0.002521	0.004854	0.001467	0.003279	0.002568	0.000982	0.002912	0.003918	0.003040
744.0	0.003322	0.000478	0.000510	0.003343	0.003989	0.001829	0.002386	0.000366	0.003106	0.002372	0.002486	0.002940	0.001329	0.001799	0.004354	0.001979	0.004258	0.002272	0.002599	0.001367
745.0	0.001923	0.003469	0.001658	0.000661	0.001962	0.003082	0.002949	0.001089	0.004111	0.005318	0.001965	0.003440	0.004869	0.002311	0.000850	0.002786	0.001827	0.002743	0.001370	0.005274
746.0	0.001154	0.003940	0.005838	0.001860	0.001053	0.001881	0.002928	0.002886	0.002160	0.002787	0.004213	0.001828	0.002690	0.003164	0.000186	0.000527	0.000263	0.001880	0.000663	0.002237
747.0	0.001602	0.001696	0.003816	0.003907	0.001657	0.003320	0.001865	0.001685	0.004593	0.002498	0.000885	0.000345	0.003448	0.000041	0.006904	0.000527	0.000254	0.001801	0.002471	0.000444
748.0	0.001079	0.002456	0.001921	0.002487	0.002498	0.001126	0.002033	0.003703	0.005698	0.000555	0.000430	0.002949	0.001706	0.002127	0.001369	0.001652	0.002369	0.001074	0.006294	0.001866
749.0	0.002740	0.002103	0.001160	0.000312	0.002695	0.001649	0.007593	0.002470	0.004393	0.000839	0.000623	0.001998	0.000074	0.000797	0.002706	0.004307	0.002288	0.004167	0.003328	0.002268
750.0	0.003146	0.001077	0.004117	0.000589	0.003484	0.002677	0.001808	0.002054	0.001399	0.003563	0.001625	0.002435	0.002666	0.002063	0.003051	0.000506	0.004706	0.001086	0.004596	0.001192
751.0	0.003308	0.000804	0.000342	0.001716	0.000887	0.000644	0.003350	0.002597	0.006577	0.000000	0.001812	0.000761	0.004153	0.001566	0.001646	0.004414	0.003350	0.003582	0.002817	0.002501
752.0	0.000176	0.001242	0.004945	0.003277	0.000825	0.001968	0.000425	0.001750	0.005998	0.001889	0.004427	0.003359	0.004804	0.002264	0.001715	0.001688	0.003360	0.002327	0.001429	0.004217
753.0	0.000665	0.000411	0.004082	0.000327	0.003250	0.003020	0.000826	0.000738	0.002051	0.001620	0.002778	0.000922	0.003540	0.000742	0.001270	0.002464	0.000176	0.002330	0.004348	0.001367
754.0	0.000169	0.005081	0.000431	0.002670	0.000083	0.006217	0.001275	0.001399	0.002269	0.004963	0.001475	0.001076	0.001680	0.005451	0.003036	0.001925	0.002920	0.000836	0.000191	0.000178
755.0	0.000127	0.005192	0.000764	0.002852	0.003022	0.000811	0.000117	0.002732	0.001813	0.002441	0.001640	0.000957	0.001825	0.001281	0.002811	0.002607	0.001579	0.001732	0.001999	0.001272
756.0	0.001385	0.002392	0.000000	0.004908	0.004411	0.001358	0.000731	0.001770	0.001369	0.002426	0.004261	0.002132	0.001647	0.002707	0.001354	0.003668	0.005378	0.005103	0.002020	0.001955
757.0	0.003546	0.002063	0.001509	0.001473	0.002141	0.003085	0.002790	0.002783	0.002745	0.000230	0.007460	0.003101	0.001026	0.002474	0.005862	0.002619	0.000393	0.004439	0.000874	0.003347
758.0	0.002178	0.002446	0.003648	0.002490	0.003185	0.002166	0.002943	0.002697	0.001149	0.001791	0.004189	0.000422	0.001519	0.002253	0.001276	0.005590	0.001341	0.004647	0.002268	0.001303
759.0	0.001626	0.001228	0.000732	0.000280	0.002273	0.005601	0.000150	0.002611	0.002692	0.000928	0.004192	0.004495	0.001766	0.003094	0.001826	0.002619	0.000000	0.000109	0.002453	0.003809
760.0	0.004052	0.001299	0.005712	0.002685	0.003613	0.001027	0.001674	0.002558	0.000585	0.001206	0.003088	0.002319	0.004316	0.002174	0.000354	0.001297	0.004493	0.002891	0.003283	0.001453
761.0	0.002833	0.003102	0.005509	0.000696	0.004543	0.001894	0.000126	0.003408	0.002689	0.003486	0.003076	0.002783	0.003098	0.001051	0.003288	0.000064	0.003016	0.003292	0.003945	0.001698
762.0	0.001185	0.003230	0.002507	0.003551	0.002270	0.000835	0.004036	0.002827	0.004828	0.002074	0.004499	0.002179	0.001727	0.003530	0.002234	0.003046	0.000090	0.001228	0.001785	0.002948
763.0	0.002188	0.004556	0.001578	0.001860	0.000902	0.003113	0.000105	0.001263	0.004132	0.002572	0.004535	0.001124	0.000853	0.002608	0.001946	0.003104	0.001852	0.003995	0.003190	0.001873
764.0	0.001616	0.000986	0.003366	0.001461	0.001663	0.003896	0.002156	0.000254	0.003209	0.002629	0.002790	0.000220	0.002078	0.001860	0.000234	0.001225	0.000152	0.002544	0.004823	0.001367
765.0	0.003294	0.000639	0.003464	0.001539	0.003866	0.001281	0.000683	0.001278	0.002083	0.006249	0.003003	0.000722	0.005071	0.000224	0.000126	0.001149	0.001220	0.004212	0.004297	0.000644
766.0	0.003498	0.001693	0.004108	0.003787	0.004657	0.002980	0.002841	0.000988	0.002892	0.006649	0.003765	0.001424	0.001804	0.001656	0.004538	0.002907	0.003799	0.002996	0.000934	0.003941
767.0	0.003070	0.002197	0.003132	0.002326	0.001765	0.002868	0.002120	0.004435	0.002765	0.001077	0.002871	0.002191	0.002283	0.001298	0.002700	0.000297	0.004406	0.004170	0.001238	0.002139
768.0	0.005875	0.002335	0.003277	0.001448	0.000376	0.000378	0.002970	0.000749	0.002709	0.002590	0.002994	0.001263	0.002004	0.003961	0.001177	0.000239	0.000737	0.002984	0.001238	0.001762
769.0	0.002264	0.004472	0.005867	0.001042	0.003687	0.003138	0.006009	0.003801	0.000567	0.003304	0.003626	0.005217	0.000128	0.001956	0.000330	0.002919	0.001431	0.001599	0.000988	0.000484
770.0	0.001141	0.001279	0.000472	0.005094	0.005335	0.002670	0.002422	0.007020	0.000071	0.002125	0.001402	0.001727	0.000434	0.004901	0.002252	0.001601	0.000783	0.002007	0.000233	0.002191
771.0	0.001389	0.003392	0.002777	0.003072	0.002763	0.001990	0.003883	0.003261	0.003950	0.003933	0.002122	0.002271	0.001067	0.005701	0.000363	0.001746	0.000830	0.000600	0.003501	0.001416
772.0	0.003363	0.001948	0.007490	0.001209	0.004358	0.002906	0.001344	0.002051	0.001534	0.001137	0.004108	0.000669	0.003867	0.000827	0.000363	0.004174	0.003963	0.001780	0.000325	0.001109
773.0	0.000899	0.001083	0.004951	0.000608	0.005021	0.005242	0.001216	0.000924	0.002836	0.002399	0.004457	0.001460	0.003142	0.002669	0.004060	0.002025	0.001273	0.003681	0.000000	0.001456
774.0	0.005224	0.001265	0.002437	0.004007	0.002215	0.002445	0.001605	0.001791	0.004102	0.001364	0.001529	0.002277	0.004209	0.001691	0.003069	0.003562	0.002700	0.004756	0.008153	0.001744
775.0	0.002912	0.003991	0.004517	0.002339	0.001571	0.000043	0.001799	0.000077	0.002322	0.003626	0.002799	0.003386	0.005672	0.002325	0.000000	0.002225	0.002189	0.002465	0.003381	0.002115
776.0	0.002309	0.001396	0.002067	0.001127	0.000000	0.004270	0.002195	0.002605	0.001840	0.001382	0.002549	0.003056	0.000927	0.002069	0.004231	0.002425	0.001025	0.002749	0.000266	0.002611
777.0	0.003205	0.001380	0.001813	0.000970	0.001851	0.001491	0.001976	0.003500	0.000996	0.002748	0.004099	0.002289	0.003213	0.000285	0.003613	0.003025	0.001542	0.003129	0.001606	0.002933
778.0	0.003081	0.001168	0.000666	0.000167	0.005667	0.003407	0.002362	0.000384	0.000984	0.003044	0.004695	0.001641	0.003454	0.001356	0.002628	0.005614	0.000152	0.003908	0.002859	0.002786
779.0	0.000731	0.005552	0.006092	0.000667	0.000557	0.006269	0.000129	0.000747	0.002862	0.001549	0.004562	0.005205	0.005193	0.001997	0.003075	0.003789	0.000272	0.002649	0.001498	0.002896
780.0	0.003842	0.004872	0.001908	0.001703	0.001894	0.002219	0.002132	0.002074	0.004211	0.003483	0.001995	0.001864	0.000633	0.001516	0.000348	0.000443	0.005214	0.001026	0.001561	0.000481
781.0	0.005538	0.001995	0.001052	0.001813	0.003822	0.003577	0.000156	0.004314	0.002151	0.003518	0.002040	0.000708	0.000434	0.000000	0.001360	0.000267	0.002081	0.000607	0.001618	0.003840
782.0	0.001975	0.002604	0.003623	0.003145	0.003031	0.002234	0.002021	0.000988	0.002671	0.003715	0.004225	0.003457	0.000660	0.001048	0.001898	0.000982	0.001802	0.002324	0.001940	0.000236
783.0	0.004311	0.001400	0.002558	0.001763	0.002116	0.000947	0.001644	0.000212	0.000103	0.002193	0.000313	0.000535	0.002776	0.003845	0.001874	0.004350	0.000499	0.000649	0.001325	0.000083
784.0	0.003363	0.002143	0.001864	0.002821	0.002670	0.001089	0.000841	0.000569	0.002004	0.001301	0.000072	0.001799	0.001204	0.004089	0.003273	0.005826	0.003979	0.000163	0.002384	0.003086
785.0	0.003101	0.002362	0.002887	0.000844	0.002871	0.002822	0.001198	0.001015	0.005351	0.004264	0.003416	0.000488	0.002747	0.001202	0.000847	0.005759	0.001325	0.001865	0.003360	0.002482
786.0	0.006227	0.001844	0.000184	0.005301	0.003243	0.000430	0.001614	0.002700	0.001975	0.002826	0.003536	0.004534	0.002640	0.000381	0.001547	0.002273	0.002189	0.001880	0.002280	0.001085
787.0	0.002764	0.006164	0.000700	0.001133	0.003169	0.001399	0.000377	0.000502	0.002812	0.002128	0.002128	0.002771	0.003160	0.003952	0.003075	0.004238	0.001979	0.000290	0.002707	0.002544
788.0	0.004104	0.005414	0.001515	0.000450	0.001500	0.000866	0.002557	0.003311	0.001992	0.001104	0.002389	0.001570	0.003294	0.003708	0.001985	0.005896	0.000783	0.002885	0.001731	0.001744
789.0	0.001327	0.000646	0.002881	0.003582	0.001260	0.000897	0.002485	0.002381	0.001581	0.000809	0.002576	0.001448	0.003859	0.001659	0.003589	0.003507	0.000864	0.002930	0.000054	0.003485
790.0	0.000355	0.002773	0.001813	0.003157	0.001429	0.001055	0.000024	0.000758	0.001040	0.002447	0.001300	0.001032	0.002348	0.002224	0.001880	0.004886	0.002332	0.003304	0.000427	0.006273
791.0	0.007612	0.002618	0.000016	0.004259	0.000052	0.001461	0.000302	0.001422	0.001707	0.003477	0.003425	0.000630	0.004459	0.000227	0.004862	0.002631	0.002232	0.001292	0.001412	0.003524
792.0	0.002257	0.003032	0.000513	0.000038	0.001842	0.002955	0.000114	0.000525	0.002419	0.002701	0.004340	0.002227	0.001353	0.002270	0.004252	0.000737	0.004846	0.000000	0.000797	0.001434
793.0	0.005896	0.002850	0.001651	0.004237	0.000909	0.002695	0.000599	0.000693	0.006221	0.002399	0.004968	0.001427	0.003740	0.000666	0.001363	0.004165	0.003220	0.000715	0.000090	0.001759
794.0	0.002023	0.002974	0.001667	0.000293	0.003074	0.001417	0.004078	0.001827	0.002554	0.001215	0.002684	0.002693	0.001926	0.001938	0.001568	0.001989	0.001997	0.002215	0.001200	0.002630
795.0	0.003611	0.002079	0.000333	0.005622	0.003037	0.000000	0.002063	0.000829	0.000758	0.000128	0.003064	0.002164	0.002146	0.003356	0.002577	0.005159	0.002654	0.004587	0.003375	0.000683
796.0	0.001940	0.002116	0.001531	0.002515	0.003564	0.000378	0.002503	0.005524	0.000000	0.001218	0.002790	0.002750	0.000386	0.001979	0.001604	0.002392	0.001796	0.000715	0.002379	0.003708
797.0	0.003246	0.006222	0.001819	0.002877	0.002627	0.000928	0.000572	0.004279	0.004255	0.003321	0.002681	0.000749	0.001828	0.003423	0.002862	0.002904	0.003134	0.001907	0.000964	0.000490
798.0	0.000000	0.000670	0.002377	0.002540	0.001583	0.004106	0.002380	0.002139	0.003121	0.004276	0.002871	0.002227	0.001668	0.003070	0.001994	0.003450	0.001331	0.000685	0.001435	0.003607
799.0	0.002236	0.000976	0.002025	0.003834	0.000647	0.001052	0.001853	0.000451	0.003209	0.000361	0.003121	0.000000	0.001611	0.004075	0.001604	0.002716	0.000774	0.000057	0.002352	0.003019
800.0	0.001668	0.000878	0.000599	0.004111	0.003822	0.003707	0.003042	0.000747	0.001913	0.002155	0.002889	0.003909	0.001403	0.001036	0.000105	0.003538	0.003134	0.001629	0.003945	0.001655
