475.0	0.001932	0.002607	0.001421	0.000772	0.002130	0.000008	0.000558	0.000525	0.003436	0.001198	0.000876	0.001221	0.000138	0.001145	0.001614	0.002539	0.003450	0.001465	0.003430	0.000000
476.0	0.000292	0.000080	0.000000	0.000255	0.000775	0.000589	0.000099	0.002804	0.000253	0.000000	0.000563	0.001086	0.001279	0.001072	0.000464	0.001796	0.001062	0.000400	0.000387	0.001879
477.0	0.000367	0.001664	0.000175	0.001301	0.000000	0.000041	0.000006	0.000035	0.000292	0.002982	0.000000	0.000953	0.000742	0.001675	0.000052	0.000864	0.000171	0.000177	0.001831	0.000503
478.0	0.000609	0.000700	0.002011	0.000134	0.000101	0.000132	0.001864	0.002478	0.001328	0.001483	0.000794	0.001036	0.000859	0.000111	0.001462	0.000468	0.001094	0.001221	0.000094	0.000866
479.0	0.000179	0.001123	0.001734	0.000571	0.001586	0.000278	0.000288	0.000974	0.002346	0.001072	0.000933	0.000401	0.000489	0.000634	0.000223	0.000244	0.001013	0.001030	0.000477	0.000149
480.0	0.000000	0.001104	0.000556	0.000005	0.001695	0.001831	0.002762	0.002427	0.002457	0.000298	0.000361	0.000183	0.000589	0.001014	0.000457	0.000068	0.000379	0.001048	0.000748	0.000016
481.0	0.000284	0.000847	0.000194	0.000298	0.000943	0.000774	0.002270	0.001632	0.001149	0.001465	0.001470	0.000636	0.000833	0.000281	0.000232	0.001591	0.000182	0.001183	0.001482	0.000337
482.0	0.000174	0.000465	0.000217	0.002665	0.002134	0.000512	0.000191	0.000105	0.000949	0.000336	0.000536	0.000431	0.001218	0.002229	0.000460	0.001032	0.000208	0.000466	0.001419	0.001042
483.0	0.000377	0.002962	0.000804	0.002123	0.000827	0.000985	0.000605	0.001460	0.000298	0.001540	0.001615	0.003569	0.000625	0.000374	0.002088	0.001124	0.000246	0.002445	0.001039	0.003162
484.0	0.000374	0.000290	0.000446	0.001796	0.000590	0.001115	0.001044	0.002846	0.000051	0.001774	0.001908	0.001730	0.000063	0.001293	0.001061	0.000649	0.000318	0.001894	0.000557	0.001635
485.0	0.001024	0.001321	0.000142	0.002161	0.001435	0.000078	0.000877	0.000664	0.001388	0.002120	0.001444	0.003497	0.000053	0.000077	0.000413	0.001214	0.000829	0.001195	0.000061	0.000482
486.0	0.001124	0.001919	0.000816	0.001648	0.000680	0.000000	0.000110	0.000914	0.000688	0.000362	0.000208	0.001390	0.001114	0.000012	0.000589	0.001283	0.001711	0.001995	0.001685	0.001495
487.0	0.000593	0.000386	0.000917	0.001005	0.001041	0.001656	0.000825	0.002439	0.001348	0.000133	0.000767	0.000506	0.001717	0.000479	0.000222	0.001178	0.000297	0.000000	0.002485	0.000123
488.0	0.002634	0.000134	0.000178	0.001896	0.001786	0.002784	0.000000	0.001736	0.000685	0.000790	0.001481	0.000848	0.000243	0.000277	0.000914	0.000000	0.000058	0.001549	0.000227	0.001852
489.0	0.000942	0.001002	0.000952	0.001522	0.001478	0.001122	0.003041	0.000954	0.000676	0.001172	0.002276	0.000604	0.000776	0.001093	0.001754	0.001847	0.001167	0.000499	0.002096	0.002153
490.0	0.000593	0.001350	0.000566	0.000690	0.002063	0.002021	0.000814	0.000421	0.001546	0.001669	0.000591	0.000081	0.001862	0.000332	0.001826	0.000455	0.001016	0.000704	0.001435	0.002041
491.0	0.000337	0.000225	0.001604	0.000150	0.000462	0.000629	0.000769	0.001519	0.001383	0.000960	0.001453	0.000782	0.000606	0.000196	0.000067	0.001079	0.000087	0.000779	0.001612	0.000050
492.0	0.001377	0.002316	0.001238	0.001539	0.001052	0.001181	0.000087	0.001427	0.001071	0.001182	0.000673	0.001429	0.000461	0.000727	0.000844	0.000278	0.001105	0.002586	0.000230	0.000893
493.0	0.001090	0.001117	0.001409	0.001077	0.001942	0.001600	0.002239	0.000156	0.000811	0.000954	0.002493	0.001036	0.000000	0.000000	0.000214	0.001391	0.000974	0.001402	0.001758	0.002115
494.0	0.001672	0.002302	0.000330	0.000225	0.002489	0.001543	0.000602	0.001530	0.000629	0.001406	0.001787	0.000380	0.001667	0.001262	0.001245	0.000443	0.000407	0.000222	0.001364	0.001389
495.0	0.000532	0.002434	0.000785	0.002975	0.002647	0.002389	0.001091	0.001086	0.000639	0.001309	0.001214	0.000416	0.001183	0.001131	0.001194	0.001978	0.000960	0.000355	0.002143	0.003715
496.0	0.000220	0.000509	0.000038	0.002492	0.000899	0.002262	0.003249	0.000000	0.001053	0.001433	0.000677	0.001463	0.001467	0.002778	0.000414	0.000446	0.000111	0.000647	0.001501	0.001880
497.0	0.001943	0.001386	0.001330	0.000000	0.002830	0.000490	0.000961	0.002461	0.001583	0.001908	0.002211	0.000772	0.000996	0.001040	0.002435	0.000450	0.000684	0.001985	0.001878	0.001505
498.0	0.000378	0.000568	0.001857	0.001653	0.000858	0.001216	0.000985	0.002356	0.000528	0.000959	0.000433	0.001720	0.001372	0.001772	0.001909	0.001190	0.000289	0.002995	0.000879	0.001584
499.0	0.001875	0.001865	0.000355	0.002186	0.001999	0.002563	0.000166	0.001546	0.002115	0.000753	0.001656	0.000082	0.000819	0.002040	0.001297	0.002675	0.001325	0.001115	0.001005	0.000208
500.0	0.003424	0.000412	0.000799	0.002085	0.001058	0.002295	0.000281	0.001978	0.000377	0.000232	0.001978	0.000916	0.000268	0.002444	0.000685	0.000056	0.000000	0.000232	0.000030	0.000244
501.0	0.001115	0.000830	0.001782	0.001127	0.002415	0.000142	0.002621	0.000641	0.001869	0.000887	0.000151	0.001302	0.001338	0.000644	0.000788	0.000434	0.001309	0.000108	0.001021	0.002990
502.0	0.001298	0.000000	0.001220	0.001945	0.000991	0.000787	0.002927	0.000091	0.001445	0.001554	0.002653	0.002729	0.000083	0.002472	0.000188	0.000263	0.001079	0.000366	0.001985	0.002222
503.0	0.000753	0.000272	0.001667	0.000482	0.001341	0.000314	0.001672	0.000020	0.000000	0.001242	0.003015	0.002355	0.001220	0.001027	0.000000	0.001008	0.001512	0.001510	0.000784	0.001604
504.0	0.002652	0.001759	0.000302	0.001379	0.000869	0.000956	0.000914	0.001361	0.001106	0.000716	0.003156	0.000000	0.000646	0.000323	0.000267	0.000936	0.002229	0.002088	0.001862	0.001608
505.0	0.001506	0.000046	0.001321	0.001021	0.000181	0.002195	0.000199	0.000537	0.001615	0.000665	0.001487	0.000011	0.001131	0.000023	0.002257	0.000014	0.000815	0.000734	0.000019	0.000053
506.0	0.002106	0.002843	0.001756	0.002981	0.001914	0.002747	0.000142	0.001787	0.000219	0.001608	0.002044	0.000145	0.000556	0.002286	0.000173	0.002584	0.001062	0.000738	0.000000	0.000895
507.0	0.001198	0.001356	0.001018	0.002440	0.001878	0.000687	0.001419	0.001511	0.002196	0.003365	0.002485	0.001243	0.001819	0.000666	0.002087	0.001316	0.000643	0.001043	0.004294	0.002932
508.0	0.000650	0.002170	0.001797	0.003294	0.001623	0.000609	0.001703	0.001685	0.001516	0.001556	0.001837	0.000955	0.000300	0.003836	0.001731	0.002638	0.000286	0.001900	0.003344	0.002215
509.0	0.002136	0.002650	0.000394	0.002514	0.002212	0.000945	0.000410	0.002172	0.001547	0.000160	0.002841	0.002451	0.000489	0.001918	0.001471	0.002138	0.000989	0.002839	0.002401	0.001082
510.0	0.001684	0.000326	0.001176	0.001553	0.002225	0.002713	0.001454	0.002185	0.002571	0.001091	0.002663	0.002067	0.000518	0.001100	0.002542	0.004024	0.002660	0.003663	0.002975	0.000845
511.0	0.001217	0.001048	0.001848	0.001036	0.001869	0.001625	0.001747	0.000694	0.001782	0.001115	0.000948	0.001064	0.002813	0.001535	0.001341	0.000976	0.002060	0.002327	0.003000	0.002620
512.0	0.002432	0.000341	0.002188	0.001601	0.002012	0.001378	0.002115	0.003430	0.002606	0.002752	0.001373	0.000837	0.000507	0.001650	0.003016	0.003340	0.002024	0.001867	0.003942	0.002008
513.0	0.001574	0.002336	0.001177	0.002901	0.002633	0.002347	0.002305	0.002919	0.002179	0.001595	0.004106	0.001809	0.000969	0.002114	0.001603	0.002044	0.003014	0.002523	0.003813	0.001076
514.0	0.001472	0.001852	0.002246	0.002462	0.001088	0.001708	0.001612	0.003097	0.002160	0.002326	0.003684	0.002570	0.000977	0.004353	0.001805	0.003711	0.003002	0.001851	0.003337	0.000910
515.0	0.001460	0.003248	0.002847	0.002038	0.002783	0.002468	0.001610	0.004032	0.002507	0.001924	0.003525	0.002547	0.000332	0.001694	0.003681	0.001854	0.005186	0.002202	0.003159	0.001851
516.0	0.002369	0.001926	0.003184	0.003191	0.002843	0.002616	0.003415	0.002197	0.003353	0.003260	0.001899	0.003319	0.003002	0.002029	0.002742	0.003147	0.003003	0.002525	0.005017	0.001250
517.0	0.002793	0.003373	0.003023	0.003008	0.002858	0.003516	0.004018	0.002593	0.001782	0.003246	0.003419	0.003326	0.002261	0.001868	0.003810	0.002757	0.005551	0.002227	0.003762	0.001867
518.0	0.002711	0.002823	0.001605	0.003630	0.002673	0.003404	0.003253	0.005086	0.003167	0.005549	0.003708	0.001552	0.004050	0.005076	0.003812	0.001258	0.002847	0.003949	0.002337	0.002667
519.0	0.002635	0.003901	0.003082	0.005242	0.003557	0.003649	0.003057	0.004992	0.002857	0.004480	0.003193	0.004170	0.003757	0.002958	0.004914	0.003019	0.002105	0.003588	0.003096	0.001843
520.0	0.005205	0.005597	0.004267	0.004910	0.004161	0.004046	0.003832	0.004634	0.004340	0.002500	0.004606	0.003395	0.003888	0.004685	0.006797	0.004369	0.003079	0.004989	0.003488	0.003237
521.0	0.004285	0.004672	0.005328	0.005663	0.003251	0.005447	0.002963	0.005490	0.003320	0.004772	0.002145	0.002597	0.004729	0.005967	0.003718	0.004242	0.003307	0.004799	0.004992	0.003732
522.0	0.002650	0.005181	0.005053	0.005953	0.003916	0.004182	0.004038	0.006048	0.005329	0.004257	0.004035	0.003261	0.004236	0.006185	0.004137	0.005001	0.005048	0.006008	0.004041	0.003537
523.0	0.003875	0.004425	0.004559	0.004155	0.003760	0.005272	0.005127	0.005103	0.005653	0.005613	0.003858	0.005767	0.004746	0.004412	0.006404	0.004513	0.003873	0.003637	0.005469	0.005497
524.0	0.005464	0.004506	0.004761	0.004158	0.003890	0.006411	0.006281	0.005886	0.005410	0.004104	0.006575	0.004437	0.004368	0.004139	0.004451	0.006710	0.004410	0.005182	0.003426	0.003931
525.0	0.006651	0.003683	0.006997	0.003439	0.003431	0.007183	0.004914	0.006469	0.005027	0.007170	0.008620	0.005338	0.004835	0.006273	0.006279	0.004314	0.006625	0.004968	0.004013	0.007390
526.0	0.006096	0.007674	0.007601	0.006374	0.008873	0.007554	0.007873	0.007048	0.005691	0.007037	0.007418	0.007459	0.007508	0.007593	0.006969	0.005947	0.006818	0.006033	0.004789	0.008179
527.0	0.007206	0.008888	0.007445	0.006642	0.005933	0.007848	0.008229	0.008828	0.008415	0.009466	0.005641	0.008537	0.007678	0.009324	0.007872	0.006998	0.008815	0.010947	0.009300	0.007482
528.0	0.008249	0.008150	0.009287	0.009985	0.009012	0.010006	0.007304	0.010624	0.009872	0.009075	0.008641	0.009277	0.010097	0.008357	0.007684	0.009933	0.008618	0.012130	0.009816	0.008345
529.0	0.009297	0.010659	0.008171	0.011555	0.010830	0.008492	0.011328	0.011531	0.010081	0.012855	0.010810	0.010885	0.009718	0.010063	0.009263	0.011820	0.008551	0.010631	0.010125	0.010889
530.0	0.008516	0.008447	0.011336	0.008730	0.011109	0.012974	0.012644	0.011910	0.012067	0.009526	0.009463	0.010149	0.012740	0.010786	0.009392	0.011736	0.010887	0.009128	0.007605	0.011982
531.0	0.016975	0.013377	0.014699	0.009607	0.013644	0.013255	0.009694	0.012549	0.014603	0.010993	0.008611	0.013107	0.013339	0.014118	0.010595	0.011820	0.012238	0.011928	0.014061	0.012995
532.0	0.014779	0.015713	0.012967	0.012465	0.014390	0.012948	0.010708	0.010790	0.016537	0.015687	0.013089	0.013343	0.010496	0.015358	0.015231	0.011579	0.011877	0.014353	0.016138	0.014138
533.0	0.012875	0.015755	0.013825	0.011470	0.014529	0.017443	0.011680	0.014950	0.014377	0.015914	0.013192	0.019139	0.013989	0.015580	0.015959	0.015476	0.016915	0.014719	0.014264	0.014384
534.0	0.015203	0.013865	0.013423	0.015838	0.017326	0.018970	0.012151	0.013979	0.016559	0.014653	0.014807	0.014412	0.017972	0.012307	0.016558	0.016638	0.017343	0.016307	0.017782	0.015848
535.0	0.017242	0.014736	0.016094	0.017782	0.020532	0.018531	0.015105	0.019701	0.017935	0.018381	0.015799	0.015098	0.015987	0.015375	0.015338	0.020527	0.017741	0.019031	0.017093	0.016715
536.0	0.016831	0.020142	0.019246	0.020424	0.022329	0.018889	0.017398	0.021429	0.020987	0.022912	0.019562	0.017186	0.017802	0.017707	0.015873	0.017071	0.020833	0.018559	0.018040	0.018717
537.0	0.019514	0.023102	0.017944	0.022840	0.020954	0.021977	0.020581	0.018011	0.022470	0.020200	0.021151	0.020414	0.020182	0.020375	0.020951	0.020137	0.020900	0.020256	0.022011	0.022362
538.0	0.024013	0.026036	0.020564	0.022351	0.022949	0.025712	0.022831	0.020186	0.019687	0.023156	0.021777	0.022628	0.022795	0.021892	0.021828	0.020747	0.023304	0.021216	0.023842	0.024046
539.0	0.024823	0.024125	0.023534	0.030552	0.025859	0.026698	0.024308	0.022745	0.022350	0.021131	0.024283	0.023507	0.024334	0.026728	0.027222	0.021808	0.024336	0.027292	0.026738	0.029822
540.0	0.023971	0.023658	0.032746	0.026328	0.026269	0.028911	0.029826	0.025921	0.026816	0.026078	0.026520	0.025237	0.028966	0.028022	0.025210	0.025031	0.027717	0.028391	0.025740	0.029326
541.0	0.027757	0.031417	0.028474	0.033308	0.030634	0.031176	0.032139	0.031996	0.030383	0.026640	0.030593	0.033920	0.031937	0.031480	0.027933	0.035353	0.033388	0.035398	0.029394	0.032962
542.0	0.033264	0.032410	0.031322	0.039646	0.032005	0.035636	0.031124	0.036670	0.035740	0.032603	0.034483	0.035275	0.033501	0.034636	0.036585	0.035099	0.033627	0.031579	0.031144	0.034505
543.0	0.043249	0.037973	0.035526	0.039889	0.033321	0.036063	0.044257	0.035576	0.040526	0.038580	0.035783	0.037203	0.036361	0.034564	0.038225	0.034416	0.037386	0.034686	0.037546	0.037875
544.0	0.039420	0.039897	0.042591	0.041229	0.041370	0.039261	0.040730	0.039705	0.039154	0.042239	0.040010	0.042674	0.037831	0.036216	0.041418	0.039933	0.047445	0.040244	0.040087	0.040594
545.0	0.040230	0.047664	0.046436	0.040986	0.042943	0.044886	0.041540	0.043358	0.046071	0.046693	0.047053	0.039551	0.042154	0.045636	0.045066	0.047317	0.046396	0.042042	0.042865	0.040752
546.0	0.046895	0.047452	0.048464	0.046359	0.051590	0.045825	0.051091	0.044167	0.051398	0.051712	0.049908	0.045199	0.044364	0.047359	0.045494	0.046129	0.045222	0.045120	0.051110	0.044351
547.0	0.051983	0.047494	0.050154	0.056610	0.049608	0.054610	0.059452	0.052980	0.055915	0.056861	0.054850	0.047893	0.052056	0.053998	0.052772	0.055968	0.050171	0.049457	0.057791	0.049272
548.0	0.058639	0.055775	0.056365	0.058737	0.054669	0.054652	0.063867	0.059025	0.056682	0.060164	0.057109	0.055847	0.058898	0.058410	0.057866	0.062203	0.061162	0.054552	0.061808	0.053609
549.0	0.059657	0.062824	0.062956	0.066777	0.064962	0.069749	0.070149	0.061239	0.063416	0.069560	0.063969	0.065149	0.060726	0.064082	0.066985	0.062330	0.066447	0.064236	0.065191	0.065327
550.0	0.070383	0.069449	0.070731	0.076518	0.068589	0.068896	0.067432	0.069072	0.066441	0.067629	0.068911	0.070115	0.071521	0.068368	0.068355	0.070727	0.066363	0.066131	0.075931	0.074419
551.0	0.077125	0.072676	0.072801	0.072774	0.068674	0.077511	0.071634	0.077246	0.075945	0.077111	0.074450	0.071083	0.079893	0.076268	0.075419	0.076707	0.082807	0.069205	0.077411	0.083176
552.0	0.084375	0.079046	0.081717	0.083324	0.088204	0.088429	0.092857	0.084313	0.085235	0.086421	0.085614	0.077649	0.085715	0.084335	0.084152	0.087479	0.089728	0.086636	0.091365	0.087555
553.0	0.085816	0.087794	0.094012	0.086174	0.085842	0.083012	0.087594	0.093679	0.095122	0.093243	0.092474	0.087876	0.093833	0.087402	0.092757	0.093755	0.092119	0.092742	0.093394	0.087304
554.0	0.095780	0.088134	0.094055	0.097956	0.096471	0.101606	0.091796	0.098745	0.101302	0.101137	0.097374	0.090654	0.100718	0.098033	0.095925	0.102746	0.095475	0.099731	0.102147	0.094310
555.0	0.108966	0.110810	0.105547	0.108080	0.094826	0.106212	0.111533	0.114709	0.101600	0.115552	0.110881	0.100797	0.105902	0.108958	0.102047	0.108132	0.114184	0.108237	0.110984	0.105445
556.0	0.106676	0.111320	0.118181	0.115226	0.120641	0.114870	0.120956	0.120073	0.123505	0.121130	0.117485	0.118937	0.121712	0.117446	0.125293	0.118649	0.116785	0.114974	0.116058	0.118706
557.0	0.124314	0.120238	0.123927	0.131391	0.129710	0.127450	0.129233	0.130802	0.126105	0.127308	0.124303	0.123987	0.130297	0.127572	0.124052	0.131287	0.130292	0.129458	0.124980	0.122501
558.0	0.135549	0.130769	0.128111	0.141812	0.139286	0.135340	0.142136	0.145106	0.147669	0.150304	0.134401	0.139476	0.143727	0.138077	0.131800	0.140745	0.141031	0.136069	0.142021	0.137764
559.0	0.145682	0.147543	0.153166	0.156445	0.149283	0.151929	0.156567	0.155877	0.149245	0.154766	0.149059	0.149240	0.150824	0.148581	0.153933	0.154528	0.154580	0.149038	0.153353	0.150734
560.0	0.154119	0.162958	0.168378	0.164485	0.159701	0.161397	0.164462	0.159112	0.160922	0.170125	0.162693	0.161992	0.157411	0.162910	0.174397	0.160889	0.159824	0.162890	0.166630	0.154278
561.0	0.163320	0.167672	0.168166	0.168483	0.171090	0.170225	0.176050	0.178227	0.179588	0.179564	0.174326	0.179627	0.177386	0.175935	0.183087	0.182136	0.167374	0.179185	0.179695	0.169708
562.0	0.179812	0.173278	0.190603	0.190943	0.183323	0.192955	0.184666	0.181080	0.187302	0.195438	0.187407	0.183962	0.185078	0.184843	0.182146	0.194011	0.185915	0.192365	0.180710	0.183095
563.0	0.199612	0.194298	0.196095	0.217613	0.210108	0.212488	0.198504	0.202919	0.207928	0.204877	0.206794	0.203533	0.204925	0.199213	0.202695	0.201305	0.205043	0.206849	0.203713	0.195689
564.0	0.207117	0.219862	0.214645	0.215402	0.204836	0.212829	0.208351	0.211519	0.222034	0.221308	0.221195	0.215233	0.208878	0.217113	0.228467	0.226581	0.216453	0.218555	0.219611	0.221544
565.0	0.229927	0.225171	0.236320	0.235947	0.233350	0.232873	0.234625	0.239574	0.234265	0.240486	0.245823	0.229669	0.223710	0.232954	0.234375	0.232646	0.235036	0.240071	0.244728	0.231136
566.0	0.253373	0.248739	0.253475	0.244242	0.242968	0.260806	0.254022	0.249323	0.253869	0.255588	0.248891	0.250840	0.246022	0.249846	0.247646	0.253638	0.245062	0.248408	0.254157	0.248275
567.0	0.259436	0.267551	0.260616	0.258789	0.268572	0.273430	0.267265	0.267331	0.267123	0.275624	0.259842	0.270242	0.265699	0.257241	0.267253	0.280568	0.260708	0.257587	0.264390	0.265832
568.0	0.279575	0.278423	0.273503	0.285673	0.296074	0.289081	0.284455	0.281295	0.276456	0.285577	0.279655	0.298441	0.298934	0.280939	0.294352	0.280611	0.287765	0.286598	0.284559	0.280553
569.0	0.305522	0.304242	0.295728	0.302390	0.295231	0.310617	0.303174	0.301346	0.304540	0.294158	0.300789	0.305469	0.301186	0.302663	0.313831	0.295072	0.293973	0.309209	0.311367	0.309703
570.0	0.321506	0.328065	0.312883	0.318044	0.305017	0.329894	0.306994	0.321909	0.322823	0.320801	0.324522	0.318643	0.321926	0.320142	0.320895	0.326328	0.306348	0.318977	0.324137	0.324298
571.0	0.334226	0.339573	0.343981	0.335909	0.344330	0.348573	0.336706	0.343067	0.327297	0.336117	0.332958	0.330049	0.344238	0.338504	0.350905	0.334640	0.337557	0.332493	0.344898	0.348069
572.0	0.353347	0.363184	0.358136	0.359347	0.364240	0.353136	0.364592	0.361629	0.356831	0.366364	0.347105	0.367801	0.355288	0.356866	0.355357	0.353470	0.343388	0.352283	0.364306	0.352156
573.0	0.372384	0.368195	0.371994	0.377085	0.389760	0.379620	0.386155	0.374528	0.394717	0.384726	0.370156	0.371168	0.384569	0.386237	0.374066	0.369076	0.375814	0.376747	0.387562	0.367752
574.0	0.390912	0.408155	0.389867	0.400608	0.403764	0.409472	0.394219	0.392536	0.403837	0.402660	0.398533	0.382784	0.395874	0.410020	0.403605	0.400671	0.377869	0.394389	0.405110	0.403533
575.0	0.402486	0.427987	0.415557	0.407670	0.422535	0.439623	0.432929	0.429957	0.418625	0.423811	0.424908	0.408963	0.413681	0.423087	0.418632	0.410850	0.427829	0.426516	0.420713	0.423675
576.0	0.444163	0.439877	0.446064	0.449569	0.453749	0.454976	0.428685	0.451669	0.457917	0.460708	0.432024	0.429291	0.439436	0.463845	0.433187	0.440197	0.454257	0.439569	0.456231	0.431181
577.0	0.463242	0.480220	0.469726	0.485725	0.459233	0.488667	0.464339	0.465292	0.478373	0.474866	0.479746	0.481059	0.466635	0.465106	0.460586	0.466915	0.486976	0.455148	0.481178	0.472884
578.0	0.496313	0.505274	0.495077	0.508695	0.491712	0.510417	0.505936	0.488281	0.483913	0.496317	0.503181	0.478955	0.490010	0.511326	0.496975	0.509748	0.500399	0.484201	0.492595	0.485811
579.0	0.511576	0.506124	0.515781	0.506143	0.516178	0.513829	0.532252	0.537239	0.509909	0.523775	0.509572	0.500840	0.541859	0.505443	0.511531	0.528832	0.513823	0.524623	0.515428	0.499156
580.0	0.541679	0.547740	0.522542	0.546979	0.549079	0.550931	0.564086	0.559803	0.538889	0.557669	0.535563	0.532406	0.540584	0.541999	0.561191	0.529256	0.547801	0.542308	0.530650	0.522092
581.0	0.556094	0.552411	0.550429	0.591218	0.566374	0.592298	0.586582	0.574703	0.567868	0.565820	0.576468	0.550925	0.592858	0.562168	0.588162	0.545796	0.558707	0.569256	0.569129	0.573386
582.0	0.606123	0.589781	0.599442	0.589941	0.604337	0.610636	0.591251	0.577683	0.603666	0.615588	0.601181	0.605218	0.602633	0.590321	0.614276	0.610258	0.578003	0.594940	0.594922	0.601743
583.0	0.604428	0.606768	0.628597	0.615889	0.583668	0.635798	0.632423	0.604078	0.640316	0.644762	0.627599	0.619107	0.620907	0.621414	0.643815	0.623829	0.624146	0.623993	0.623252	0.628850
584.0	0.641314	0.644137	0.646765	0.657150	0.653690	0.652430	0.658315	0.644947	0.653101	0.672220	0.639103	0.631312	0.638757	0.639902	0.653662	0.654364	0.652251	0.629888	0.646508	0.633020
585.0	0.666752	0.670891	0.656906	0.688628	0.675624	0.666503	0.690998	0.664956	0.667165	0.667930	0.664242	0.701178	0.642582	0.659231	0.689623	0.663694	0.665255	0.666520	0.669764	0.672637
586.0	0.690071	0.698493	0.679300	0.704792	0.687435	0.720665	0.710947	0.714340	0.719157	0.708688	0.711964	0.685184	0.699956	0.699568	0.705035	0.699318	0.669869	0.698942	0.700208	0.683063
587.0	0.736709	0.715055	0.725356	0.720956	0.733413	0.729620	0.724954	0.719874	0.715321	0.738291	0.726877	0.714225	0.719505	0.705451	0.740996	0.730701	0.703847	0.750732	0.735727	0.710586
588.0	0.737557	0.732891	0.752398	0.744351	0.741427	0.748385	0.765701	0.758615	0.746431	0.762746	0.757130	0.736952	0.755630	0.719737	0.749130	0.756146	0.742020	0.757048	0.753063	0.738527
589.0	0.760876	0.762192	0.763806	0.772001	0.769267	0.753503	0.777162	0.752229	0.763904	0.806936	0.778860	0.741582	0.777729	0.754192	0.779953	0.767173	0.769705	0.778101	0.775896	0.765633
590.0	0.787586	0.776630	0.785778	0.777530	0.791201	0.786340	0.783953	0.802890	0.802685	0.809510	0.782695	0.776514	0.805779	0.803354	0.808208	0.804493	0.775578	0.775996	0.798729	0.795659
591.0	0.792674	0.808055	0.800566	0.808583	0.822838	0.813634	0.798384	0.822474	0.839762	0.845120	0.810817	0.802188	0.819379	0.818060	0.841173	0.830787	0.813331	0.797470	0.809300	0.802748
592.0	0.829136	0.839055	0.828031	0.820493	0.860379	0.838796	0.823427	0.837374	0.835074	0.840400	0.841921	0.853535	0.845303	0.813438	0.848878	0.826970	0.821721	0.821049	0.836785	0.826519
593.0	0.843128	0.833534	0.831411	0.840060	0.857005	0.854575	0.851866	0.851848	0.856382	0.848981	0.846182	0.851851	0.861028	0.855457	0.873709	0.874044	0.851085	0.852208	0.843973	0.837361
594.0	0.869414	0.870055	0.860988	0.875791	0.882735	0.871207	0.877757	0.864194	0.853825	0.881587	0.885808	0.864899	0.875477	0.867222	0.895542	0.877437	0.867025	0.850103	0.872726	0.854876
595.0	0.886374	0.883644	0.880424	0.897060	0.886532	0.907883	0.851017	0.887609	0.876412	0.893171	0.894330	0.884680	0.877177	0.895374	0.899395	0.886767	0.885062	0.869471	0.889217	0.859046
596.0	0.902485	0.884069	0.901973	0.914926	0.892015	0.915133	0.900678	0.886758	0.922864	0.929210	0.908817	0.918350	0.907352	0.910501	0.924653	0.907972	0.901842	0.884630	0.893445	0.874893
597.0	0.917748	0.904027	0.916762	0.917052	0.919855	0.937309	0.915109	0.912301	0.918602	0.925778	0.911374	0.916666	0.912877	0.925207	0.936640	0.903731	0.911070	0.921683	0.906553	0.899498
598.0	0.913084	0.914644	0.888875	0.937045	0.936306	0.933045	0.937605	0.925499	0.919455	0.956668	0.926713	0.928030	0.928601	0.927308	0.957189	0.913061	0.911909	0.927157	0.941226	0.915761
599.0	0.932587	0.938425	0.920987	0.941724	0.943055	0.952236	0.945245	0.954448	0.940763	0.987987	0.956965	0.939815	0.939651	0.951259	0.951196	0.950381	0.947565	0.931367	0.957293	0.927438
600.0	0.929619	0.932904	0.936621	0.957463	0.944742	0.969721	0.965619	0.963814	0.936501	0.980694	0.959095	0.923400	0.954951	0.942015	0.963611	0.959287	0.962247	0.933473	0.955602	0.920349
601.0	0.925804	0.940973	0.951832	0.998299	0.926182	0.966309	0.966044	0.945933	0.956105	0.972542	0.973583	0.969276	0.971526	0.968486	0.980735	0.959711	0.955955	0.973052	0.965750	0.935779
602.0	0.947427	0.961781	0.947606	0.980433	0.958240	0.984647	0.986417	0.948488	0.968464	0.973829	0.991478	0.964646	0.952401	0.969327	0.979023	0.974554	0.954277	0.992421	0.957716	0.947455
603.0	0.969474	0.961781	0.959015	0.961717	0.974691	0.974838	0.976231	0.962111	1.000000	0.977690	1.000000	0.984848	0.975350	0.974789	0.978167	0.974978	0.963925	0.978947	0.966596	0.982902
604.0	0.985161	0.987260	0.980986	0.994470	0.970473	0.974412	0.977504	0.980417	0.973152	0.979407	0.991904	0.974327	0.992775	0.968066	0.985016	0.991094	0.966022	0.964210	0.983087	0.959549
605.0	0.976257	0.982589	0.964085	0.988090	0.973004	0.984221	0.981324	0.982120	0.976135	0.984984	0.979548	0.962121	0.987250	0.976050	0.989297	1.000000	0.968539	0.991158	0.989429	0.971225
606.0	1.000000	0.994055	0.986057	0.985112	0.975113	0.998294	0.971137	0.994040	0.997443	0.986700	0.991478	0.980219	0.988950	0.985714	0.990154	0.988549	0.968958	0.999158	0.989429	0.985821
607.0	0.968202	0.963055	1.000000	0.995321	0.989033	0.999147	0.967741	1.000000	0.988494	0.981123	0.998722	1.000000	0.996600	0.976890	0.994863	0.990246	0.993288	1.000000	0.983509	0.980400
608.0	0.959298	0.996178	0.978874	0.967672	0.975535	0.988059	0.985993	0.982120	0.992755	1.000000	0.975287	0.983165	0.981300	0.994538	0.996147	0.998728	0.982382	0.969263	0.994080	0.960383
609.0	0.965658	0.990658	0.991972	1.000000	0.985658	1.000000	1.000000	0.984674	0.974004	0.990990	0.985087	0.946970	1.000000	1.000000	1.000000	0.991094	1.000000	0.974315	0.996194	0.991660
610.0	0.969897	1.000000	0.972113	0.978306	1.000000	0.983794	0.986417	0.987654	0.975709	0.985842	0.997870	0.963805	0.985125	0.974789	0.972173	0.988125	0.963505	0.988631	1.000000	0.972477
611.0	0.946155	0.985562	0.962817	0.980008	0.959506	0.981662	0.983871	0.971902	0.982527	0.987987	0.986791	0.957912	0.978325	0.990756	0.980735	0.963528	0.992869	0.992842	0.973361	0.984570
612.0	0.974985	0.977918	0.959015	0.983836	0.965833	0.999574	0.975806	0.975308	0.976561	0.980265	0.991052	0.965909	0.975775	0.968486	0.980735	0.977523	0.971475	0.987789	0.989852	1.000000
613.0	0.948699	0.969000	0.955634	0.964694	0.972160	0.990191	0.959252	0.978714	0.990198	0.984126	0.982530	0.962542	0.966001	0.948317	0.984588	0.963952	0.953857	0.963368	0.965750	0.940783
614.0	0.959722	0.969849	0.956479	0.982985	0.984815	0.992324	0.978777	0.995743	0.976135	0.970826	0.979548	0.944865	0.962601	0.960503	0.968320	0.958439	0.945468	0.946946	0.970824	0.927021
615.0	0.937675	0.943945	0.959015	0.963418	0.949804	0.935604	0.963497	0.944656	0.948434	0.978548	0.971452	0.941919	0.984700	0.958822	0.963183	0.949957	0.947565	0.961262	0.957293	0.946204
616.0	0.927500	0.923986	0.940846	0.945978	0.946429	0.950103	0.946943	0.928904	0.951843	0.965248	0.953130	0.964646	0.929876	0.935292	0.935356	0.952926	0.931205	0.939788	0.941648	0.929106
617.0	0.921140	0.918041	0.953944	0.932366	0.951069	0.933471	0.955432	0.936993	0.968038	0.951090	0.942478	0.948653	0.949851	0.942855	0.939209	0.935114	0.945887	0.922104	0.950105	0.914093
618.0	0.906301	0.918041	0.931973	0.923008	0.924495	0.941574	0.921900	0.923796	0.934797	0.924920	0.925861	0.938973	0.943476	0.926048	0.943062	0.946564	0.922816	0.922104	0.915010	0.905753
619.0	0.888917	0.900206	0.924367	0.919179	0.895390	0.924089	0.916383	0.902509	0.948860	0.912049	0.928417	0.897727	0.909477	0.905879	0.921228	0.921543	0.910231	0.894314	0.931077	0.890740
620.0	0.882982	0.892137	0.897748	0.913650	0.901717	0.899780	0.906620	0.896549	0.899851	0.921916	0.915208	0.893518	0.910327	0.888651	0.886980	0.937658	0.905198	0.871998	0.903593	0.874476
621.0	0.879166	0.886192	0.869861	0.903441	0.886532	0.901913	0.904498	0.886332	0.878543	0.912049	0.899869	0.888889	0.903952	0.903778	0.907529	0.881254	0.885482	0.869050	0.900633	0.881149
622.0	0.849487	0.870904	0.879579	0.875366	0.876408	0.860546	0.878182	0.883778	0.869593	0.901752	0.889217	0.883838	0.874202	0.845792	0.872424	0.870227	0.872478	0.847576	0.868920	0.863217
623.0	0.873230	0.845425	0.849580	0.869411	0.844350	0.856707	0.882851	0.885481	0.875133	0.882874	0.871747	0.854377	0.858903	0.877726	0.875849	0.860473	0.856538	0.858945	0.842282	0.855710
624.0	0.841432	0.853069	0.842397	0.856650	0.846459	0.863531	0.862901	0.872283	0.866184	0.881587	0.850869	0.859427	0.850828	0.860499	0.866859	0.857081	0.853182	0.856840	0.838053	0.825268
625.0	0.831680	0.850521	0.846199	0.826874	0.811870	0.827708	0.818334	0.833968	0.836352	0.852413	0.839791	0.848484	0.822353	0.830246	0.827045	0.847326	0.839759	0.838734	0.839322	0.810255
626.0	0.807937	0.795740	0.831833	0.834530	0.813979	0.818325	0.811967	0.817791	0.845302	0.827529	0.826582	0.792087	0.827453	0.818481	0.810349	0.816792	0.819624	0.804207	0.832556	0.807336
627.0	0.803698	0.778329	0.809017	0.821344	0.810183	0.812781	0.815787	0.820771	0.812061	0.809081	0.815504	0.782828	0.801529	0.773101	0.818055	0.803645	0.822560	0.781049	0.799998	0.809838
628.0	0.795218	0.795740	0.789158	0.778381	0.794998	0.776105	0.806449	0.803742	0.811209	0.804791	0.797182	0.769360	0.805354	0.776462	0.809065	0.784137	0.798650	0.773470	0.802535	0.788570
629.0	0.770627	0.766439	0.762961	0.782210	0.780656	0.768855	0.777586	0.782456	0.786065	0.758884	0.763521	0.764730	0.771779	0.759655	0.800502	0.773958	0.782709	0.765048	0.758983	0.750621
630.0	0.754092	0.767288	0.734229	0.750732	0.759987	0.763738	0.755090	0.758615	0.770723	0.755881	0.747756	0.754629	0.756905	0.768058	0.771819	0.756995	0.757960	0.762943	0.770822	0.753123
631.0	0.733317	0.759644	0.748595	0.737120	0.754503	0.749664	0.741508	0.739032	0.743448	0.752020	0.740938	0.748737	0.752230	0.723939	0.744849	0.741303	0.756702	0.728416	0.725578	0.726016
632.0	0.729077	0.719726	0.715215	0.739672	0.724976	0.731753	0.696940	0.710508	0.742170	0.748588	0.741790	0.714225	0.723755	0.714275	0.743564	0.742999	0.722724	0.730522	0.713739	0.727684
633.0	0.698127	0.704439	0.695779	0.707770	0.695871	0.727915	0.708400	0.710083	0.725975	0.726278	0.726025	0.710016	0.708456	0.708392	0.713169	0.698470	0.713076	0.715784	0.715008	0.695157
634.0	0.698975	0.730343	0.688596	0.689053	0.692075	0.719385	0.704580	0.717320	0.677393	0.691527	0.714947	0.692760	0.703356	0.678559	0.691335	0.687019	0.691682	0.695153	0.703591	0.691820
635.0	0.668872	0.692548	0.691976	0.689479	0.669719	0.707871	0.689300	0.701143	0.670148	0.696246	0.676599	0.682238	0.672331	0.676879	0.670358	0.675145	0.684551	0.678731	0.665113	0.670969
636.0	0.641314	0.664521	0.670850	0.669911	0.669719	0.669915	0.688451	0.667936	0.659067	0.691956	0.674894	0.656565	0.662557	0.660071	0.674639	0.675993	0.658124	0.677468	0.661730	0.645114
637.0	0.637922	0.658151	0.620991	0.655023	0.660439	0.660106	0.653221	0.654739	0.662477	0.661065	0.655294	0.657406	0.648957	0.648306	0.641675	0.669631	0.653929	0.639152	0.647776	0.637190
638.0	0.614603	0.625452	0.645920	0.645665	0.648628	0.654562	0.639214	0.633878	0.641595	0.634894	0.637399	0.644359	0.626432	0.638222	0.637394	0.638673	0.635472	0.632415	0.653273	0.627182
639.0	0.599340	0.613137	0.648033	0.620568	0.622897	0.636224	0.628603	0.620255	0.611763	0.639185	0.603312	0.612793	0.622607	0.630238	0.612136	0.611531	0.624146	0.625678	0.605493	0.624263
640.0	0.599340	0.600822	0.614231	0.614188	0.616992	0.623857	0.620538	0.600672	0.610911	0.610440	0.604164	0.590908	0.618357	0.589900	0.620270	0.624677	0.622049	0.619362	0.589002	0.598407
641.0	0.597644	0.602946	0.595217	0.601427	0.580715	0.601254	0.604409	0.604503	0.608780	0.612156	0.574764	0.579544	0.599233	0.587379	0.620698	0.601776	0.583037	0.591572	0.600419	0.598824
642.0	0.562454	0.585535	0.581696	0.575904	0.576919	0.587181	0.620963	0.592583	0.582784	0.568824	0.582859	0.550504	0.585633	0.572673	0.599721	0.578875	0.579262	0.551150	0.558558	0.572135
643.0	0.560334	0.571521	0.580006	0.546979	0.561312	0.567137	0.585308	0.591732	0.588750	0.568395	0.569224	0.558921	0.559709	0.553765	0.567184	0.567001	0.554093	0.551992	0.555175	0.554620
644.0	0.539983	0.546891	0.574090	0.542725	0.552876	0.561166	0.558992	0.556397	0.562328	0.553808	0.568372	0.549662	0.557159	0.537377	0.565044	0.559367	0.542767	0.530097	0.549255	0.544194
645.0	0.507336	0.556233	0.536908	0.512524	0.525879	0.527049	0.537770	0.538091	0.541872	0.559385	0.531729	0.545874	0.550784	0.521831	0.530795	0.542827	0.524310	0.540202	0.541221	0.513335
646.0	0.528535	0.523110	0.511978	0.516778	0.541908	0.516387	0.524612	0.524042	0.544855	0.525492	0.508294	0.519780	0.544409	0.496620	0.527371	0.533073	0.513403	0.535992	0.523462	0.502909
647.0	0.498009	0.523110	0.498880	0.496360	0.513225	0.518093	0.516547	0.513824	0.517580	0.526779	0.519372	0.496632	0.520609	0.501242	0.505109	0.515261	0.505433	0.511570	0.522194	0.490815
648.0	0.484865	0.482343	0.489584	0.495084	0.488760	0.512123	0.510180	0.494667	0.485192	0.505756	0.519372	0.501261	0.484910	0.491577	0.516240	0.506355	0.496205	0.501465	0.507817	0.487062
649.0	0.482746	0.486590	0.468035	0.482322	0.486229	0.479285	0.503389	0.481044	0.487749	0.486450	0.505311	0.484005	0.500210	0.476871	0.471289	0.491512	0.502077	0.469885	0.488367	0.476637
650.0	0.479354	0.474699	0.474796	0.478494	0.478214	0.477579	0.474102	0.460609	0.485618	0.488595	0.489972	0.472221	0.489585	0.458383	0.476854	0.483030	0.471875	0.475359	0.482870	0.470381
651.0	0.452219	0.465357	0.460430	0.460203	0.477792	0.466917	0.460519	0.462312	0.477095	0.464569	0.469520	0.463803	0.470035	0.460064	0.466151	0.471580	0.450062	0.457254	0.477373	0.452449
652.0	0.458155	0.455590	0.440994	0.454673	0.451218	0.460520	0.453728	0.452946	0.454934	0.473579	0.460146	0.448231	0.473860	0.465526	0.459302	0.455888	0.442092	0.440411	0.464265	0.453283
653.0	0.445435	0.439028	0.440148	0.441912	0.434767	0.455403	0.416758	0.444432	0.439166	0.459850	0.446085	0.418517	0.434336	0.431491	0.453736	0.442317	0.441253	0.452622	0.418091	0.454535
654.0	0.434412	0.450069	0.436768	0.428726	0.450796	0.439623	0.416164	0.423188	0.427659	0.440114	0.434580	0.426766	0.428386	0.425188	0.439609	0.418823	0.436638	0.444201	0.438472	0.425760
655.0	0.416562	0.424250	0.412304	0.426599	0.431815	0.431947	0.417861	0.406755	0.428938	0.417376	0.419284	0.418938	0.424986	0.425609	0.425267	0.411867	0.413441	0.435358	0.418091	0.423258
656.0	0.409397	0.401233	0.403431	0.402991	0.411103	0.411690	0.406444	0.405648	0.397615	0.439256	0.407822	0.409678	0.413639	0.404137	0.410112	0.417508	0.411386	0.406895	0.397034	0.418671
657.0	0.388113	0.386795	0.396205	0.409626	0.401149	0.402905	0.415909	0.404925	0.402984	0.414201	0.404328	0.397768	0.398679	0.396658	0.402278	0.420943	0.404548	0.401884	0.417245	0.400363
658.0	0.396042	0.395628	0.386149	0.398822	0.389464	0.389855	0.392734	0.396070	0.400129	0.405105	0.397085	0.393685	0.383762	0.397624	0.395642	0.382478	0.390370	0.381168	0.382911	0.372047
659.0	0.382093	0.381699	0.380614	0.391761	0.372339	0.383543	0.382335	0.380658	0.379034	0.393178	0.379104	0.377397	0.373180	0.394011	0.395300	0.377007	0.386217	0.389842	0.382150	0.369879
660.0	0.372384	0.363779	0.377952	0.381126	0.361624	0.379620	0.383183	0.392919	0.374048	0.383825	0.376718	0.377060	0.368845	0.371363	0.384297	0.382181	0.373758	0.384242	0.378218	0.356493
661.0	0.370476	0.364840	0.356699	0.365430	0.365336	0.352496	0.366587	0.380233	0.373963	0.384726	0.372159	0.375924	0.362767	0.365228	0.376848	0.365938	0.361258	0.372536	0.375850	0.362122
662.0	0.347157	0.353162	0.351375	0.349862	0.350573	0.351644	0.356358	0.371292	0.350055	0.360057	0.361421	0.367675	0.350740	0.355942	0.351590	0.364793	0.356350	0.354515	0.371114	0.348653
663.0	0.348471	0.348618	0.346262	0.346799	0.347958	0.347933	0.353217	0.359713	0.342810	0.348645	0.355158	0.352944	0.348233	0.343883	0.340288	0.346557	0.354085	0.342557	0.342445	0.346150
664.0	0.342620	0.340805	0.332065	0.340503	0.329398	0.337229	0.335814	0.349240	0.345623	0.343668	0.351110	0.327944	0.348190	0.350186	0.347823	0.335403	0.338983	0.331146	0.340374	0.333139
665.0	0.322778	0.332906	0.331812	0.335867	0.319401	0.336078	0.332079	0.338171	0.336417	0.329167	0.340671	0.328365	0.330341	0.327622	0.339560	0.330230	0.329797	0.339609	0.328111	0.331888
666.0	0.323838	0.321440	0.316052	0.322425	0.324589	0.331301	0.326392	0.323697	0.334755	0.323589	0.332703	0.323188	0.326091	0.315268	0.323506	0.326073	0.326231	0.324072	0.304475	0.311496
667.0	0.312560	0.323691	0.322516	0.311280	0.319823	0.318635	0.313276	0.313650	0.326573	0.317926	0.315020	0.307995	0.316358	0.311907	0.322265	0.319373	0.312430	0.311946	0.309506	0.302280
668.0	0.311416	0.310654	0.310981	0.309494	0.304975	0.304135	0.312172	0.305518	0.315706	0.313121	0.304581	0.308626	0.307391	0.309596	0.314559	0.315641	0.317212	0.309461	0.299908	0.298985
669.0	0.299926	0.292351	0.302362	0.301497	0.299238	0.306310	0.298929	0.311734	0.311785	0.295531	0.305135	0.301050	0.301484	0.310268	0.307195	0.304317	0.304251	0.305209	0.309633	0.299069
670.0	0.292464	0.296640	0.295136	0.294478	0.294007	0.297354	0.297444	0.289426	0.296486	0.296003	0.292949	0.291917	0.311811	0.290603	0.293881	0.298126	0.294267	0.289756	0.289760	0.293856
671.0	0.280974	0.289209	0.281700	0.288863	0.282365	0.290446	0.299354	0.283040	0.290519	0.292313	0.276076	0.287203	0.289839	0.285393	0.296707	0.286760	0.288856	0.292409	0.287096	0.285098
672.0	0.273597	0.276342	0.273968	0.276570	0.274857	0.279955	0.286408	0.280401	0.290306	0.277168	0.272752	0.275377	0.277429	0.265224	0.285105	0.278745	0.272118	0.266555	0.280880	0.277759
673.0	0.268212	0.268910	0.266235	0.268998	0.268994	0.280765	0.262681	0.267970	0.281570	0.280815	0.283106	0.265107	0.276877	0.266233	0.280781	0.272426	0.268888	0.262640	0.267942	0.281846
674.0	0.253161	0.262328	0.260193	0.265128	0.261823	0.262299	0.261280	0.251877	0.278715	0.268502	0.269258	0.265696	0.262852	0.249846	0.272776	0.266658	0.259240	0.255187	0.269548	0.267708
675.0	0.246208	0.262328	0.257700	0.245433	0.253260	0.264986	0.265015	0.258093	0.257790	0.262152	0.259330	0.250334	0.260769	0.250182	0.259248	0.252324	0.273083	0.251355	0.264305	0.248734
676.0	0.252398	0.246276	0.253052	0.244327	0.236767	0.251296	0.253301	0.262861	0.252633	0.254515	0.253408	0.249661	0.257497	0.244215	0.255951	0.260042	0.246153	0.247608	0.250859	0.243980
677.0	0.241459	0.231158	0.241222	0.245475	0.235333	0.244899	0.240100	0.252899	0.243087	0.241687	0.244289	0.255511	0.244492	0.234509	0.257963	0.244223	0.242755	0.237587	0.246504	0.246607
678.0	0.237770	0.222835	0.231630	0.236628	0.229849	0.233640	0.235431	0.233188	0.235672	0.231262	0.246036	0.244274	0.235185	0.226189	0.240711	0.235784	0.227863	0.229586	0.240203	0.232178
679.0	0.231411	0.235914	0.233363	0.228886	0.230313	0.226007	0.235389	0.224844	0.225486	0.232335	0.228481	0.234594	0.234165	0.213122	0.231849	0.225691	0.226101	0.223355	0.227983	0.229759
680.0	0.220811	0.224576	0.222081	0.223441	0.229301	0.213596	0.216246	0.219224	0.224549	0.214616	0.215102	0.223188	0.231105	0.226735	0.222045	0.227769	0.222074	0.217376	0.223670	0.216748
681.0	0.213900	0.221179	0.216081	0.232459	0.225462	0.215771	0.212044	0.224674	0.216878	0.221523	0.218980	0.215654	0.214318	0.221105	0.223543	0.220008	0.211294	0.218049	0.214537	0.211410
682.0	0.215045	0.217102	0.208433	0.215402	0.211796	0.213213	0.207926	0.211476	0.209676	0.218305	0.206410	0.216538	0.205393	0.215222	0.211086	0.208472	0.201310	0.205460	0.201894	0.203946
683.0	0.193041	0.196294	0.203278	0.205065	0.211585	0.200973	0.207460	0.198619	0.196465	0.198698	0.206495	0.208457	0.200038	0.199297	0.201282	0.195792	0.200765	0.196912	0.201810	0.187598
684.0	0.191090	0.194086	0.194321	0.199195	0.189355	0.192913	0.199777	0.207347	0.189262	0.200887	0.203896	0.200124	0.188478	0.192364	0.196958	0.194265	0.192921	0.197544	0.201937	0.194021
685.0	0.190030	0.183851	0.181772	0.187114	0.178514	0.196708	0.196084	0.187508	0.193780	0.192692	0.190986	0.187792	0.180233	0.186020	0.189509	0.190067	0.192962	0.183733	0.197835	0.177923
686.0	0.183374	0.187716	0.172772	0.181797	0.181636	0.189203	0.194896	0.182357	0.181463	0.190676	0.193713	0.187666	0.179341	0.185011	0.175082	0.186844	0.186628	0.182638	0.187264	0.180384
687.0	0.182950	0.175741	0.181011	0.174566	0.178936	0.182251	0.179700	0.165626	0.180057	0.179993	0.183870	0.181184	0.172754	0.178834	0.181889	0.183324	0.178784	0.181754	0.177285	0.168207
688.0	0.172944	0.185423	0.173997	0.180181	0.175899	0.174788	0.168495	0.174311	0.164715	0.170726	0.169766	0.172346	0.177514	0.170431	0.172984	0.175987	0.175302	0.178512	0.177919	0.166664
689.0	0.172647	0.169328	0.156293	0.163676	0.163287	0.166685	0.172272	0.169032	0.164673	0.165491	0.171556	0.165654	0.171181	0.166733	0.166134	0.164664	0.167290	0.167691	0.168532	0.163369
690.0	0.157935	0.157013	0.158786	0.160699	0.157592	0.165704	0.163401	0.163965	0.160070	0.156096	0.166102	0.157489	0.161194	0.156649	0.170587	0.164621	0.161376	0.169922	0.164177	0.166414
691.0	0.152890	0.153616	0.160476	0.160358	0.155779	0.156066	0.166245	0.159453	0.156959	0.154422	0.156643	0.152986	0.154309	0.152195	0.152649	0.163476	0.147197	0.157206	0.158469	0.154987
692.0	0.156494	0.145420	0.151476	0.149129	0.149283	0.149840	0.161024	0.161411	0.154317	0.153307	0.154555	0.151218	0.153204	0.145934	0.157358	0.145495	0.146190	0.146848	0.154748	0.152652
693.0	0.147293	0.152809	0.144420	0.155211	0.142660	0.150309	0.141966	0.154004	0.155808	0.151033	0.149186	0.147136	0.148487	0.150766	0.156202	0.142483	0.148036	0.144911	0.144431	0.156489
694.0	0.138093	0.145930	0.141927	0.135559	0.143504	0.143869	0.140141	0.142679	0.136034	0.148974	0.143860	0.138592	0.135524	0.148497	0.146441	0.147361	0.141366	0.150132	0.141386	0.145187
695.0	0.137499	0.134464	0.136392	0.138537	0.141268	0.141097	0.136406	0.141870	0.132369	0.142924	0.140707	0.142085	0.138159	0.138581	0.133127	0.134511	0.135745	0.147143	0.134790	0.134845
696.0	0.127960	0.129198	0.129040	0.129732	0.137725	0.135852	0.142221	0.130035	0.124357	0.133486	0.133421	0.133415	0.134929	0.125093	0.130773	0.132348	0.136668	0.131564	0.129335	0.123085
697.0	0.123932	0.127372	0.131322	0.125606	0.133380	0.128516	0.134326	0.132207	0.130963	0.127394	0.120766	0.136066	0.132464	0.129799	0.130345	0.126877	0.132935	0.126932	0.121978	0.123752
698.0	0.127069	0.114717	0.126336	0.121522	0.125956	0.126811	0.128469	0.130163	0.120138	0.127179	0.123238	0.124366	0.131147	0.131732	0.120669	0.127852	0.128153	0.127227	0.120244	0.123919
699.0	0.115834	0.115099	0.118054	0.121990	0.118574	0.118196	0.122441	0.119052	0.118050	0.118298	0.118636	0.121672	0.127279	0.120093	0.117031	0.125011	0.123161	0.118637	0.126418	0.115412
700.0	0.117912	0.119261	0.116913	0.114333	0.116254	0.114315	0.119385	0.113560	0.120564	0.117483	0.117485	0.120031	0.111597	0.115681	0.120926	0.123272	0.110535	0.111774	0.116566	0.117831
701.0	0.113290	0.115015	0.113153	0.108335	0.114019	0.115083	0.110514	0.114454	0.107907	0.115424	0.118849	0.114812	0.117505	0.114336	0.112364	0.115087	0.110619	0.113795	0.110604	0.115871
702.0	0.110153	0.111320	0.105801	0.102295	0.111572	0.108899	0.117518	0.115263	0.110166	0.111005	0.111818	0.117253	0.111342	0.116143	0.110780	0.114578	0.112296	0.116995	0.109081	0.105278
703.0	0.101334	0.100152	0.097350	0.104932	0.111783	0.110903	0.111278	0.105641	0.104498	0.105856	0.101379	0.109551	0.107560	0.102361	0.105900	0.106096	0.104956	0.109290	0.110646	0.102067
704.0	0.107100	0.100406	0.107111	0.101189	0.105625	0.103440	0.105336	0.103598	0.106117	0.108945	0.098184	0.103491	0.097530	0.100470	0.106328	0.100837	0.103991	0.107816	0.099229	0.103527
705.0	0.096755	0.099047	0.104491	0.101615	0.093519	0.110647	0.106015	0.103683	0.100620	0.101823	0.092091	0.102186	0.096978	0.093705	0.098151	0.097190	0.096776	0.109584	0.096100	0.103652
706.0	0.091286	0.096202	0.099590	0.101232	0.095332	0.099133	0.102577	0.094062	0.100833	0.098863	0.096309	0.097893	0.107262	0.098117	0.099649	0.098632	0.103529	0.096279	0.099356	0.105153
707.0	0.097433	0.098113	0.089407	0.096978	0.093350	0.096787	0.095489	0.094658	0.097765	0.091484	0.091792	0.085730	0.097020	0.098201	0.091601	0.089133	0.094469	0.089794	0.091238	0.096020
708.0	0.091498	0.096924	0.085351	0.086939	0.098412	0.088684	0.099606	0.090571	0.089880	0.089725	0.090386	0.087203	0.086608	0.098537	0.089246	0.085358	0.089351	0.088531	0.091618	0.085011
709.0	0.090692	0.085586	0.091055	0.085323	0.085884	0.088215	0.086533	0.092274	0.083318	0.088352	0.085912	0.090906	0.084738	0.097529	0.093399	0.087309	0.083436	0.086342	0.087855	0.084719
710.0	0.085053	0.089790	0.089069	0.086471	0.081286	0.092267	0.088315	0.089251	0.086514	0.084447	0.089662	0.081100	0.085120	0.084293	0.088390	0.083110	0.085366	0.088826	0.086037	0.082676
711.0	0.076107	0.081891	0.083787	0.080559	0.076688	0.081818	0.077789	0.080524	0.086173	0.085906	0.079521	0.087034	0.090348	0.083789	0.084323	0.084425	0.085995	0.081668	0.080117	0.079756
712.0	0.078015	0.078282	0.082689	0.082175	0.084070	0.078748	0.077237	0.081120	0.085278	0.086764	0.082035	0.081226	0.076450	0.075595	0.084280	0.073611	0.083688	0.080321	0.075466	0.080632
713.0	0.073563	0.077050	0.074449	0.080261	0.082172	0.078918	0.076218	0.076777	0.080249	0.081444	0.080288	0.075460	0.075558	0.079209	0.080856	0.076834	0.078486	0.079857	0.080413	0.081800
714.0	0.072800	0.076286	0.077914	0.080984	0.069686	0.069195	0.072653	0.074223	0.079610	0.076253	0.074834	0.076470	0.079128	0.070805	0.074991	0.074374	0.077605	0.076784	0.074874	0.080716
715.0	0.075853	0.068175	0.067478	0.079623	0.071626	0.068598	0.072780	0.074521	0.080036	0.074708	0.069039	0.075124	0.071266	0.071982	0.074905	0.074077	0.068796	0.072741	0.074747	0.071291
716.0	0.073224	0.069789	0.069337	0.067925	0.070277	0.068171	0.069342	0.067326	0.073899	0.074494	0.074024	0.069568	0.070756	0.067402	0.081284	0.070897	0.070810	0.066173	0.067305	0.070707
717.0	0.065338	0.065330	0.061520	0.069499	0.065088	0.069451	0.073332	0.063410	0.069893	0.072349	0.068997	0.067001	0.067271	0.063830	0.067071	0.068946	0.066741	0.068447	0.067221	0.064452
718.0	0.062370	0.061890	0.064435	0.062225	0.067324	0.070730	0.073375	0.061707	0.066825	0.061108	0.064863	0.065149	0.057623	0.060133	0.073706	0.066571	0.067874	0.066426	0.067474	0.067162
719.0	0.058427	0.062102	0.061604	0.062778	0.060026	0.062798	0.066456	0.060941	0.065419	0.062395	0.068230	0.062918	0.060853	0.064166	0.065230	0.063941	0.064350	0.064278	0.063922	0.058155
720.0	0.056943	0.063674	0.056957	0.057121	0.067619	0.061220	0.059877	0.059365	0.062350	0.061065	0.064224	0.059846	0.063318	0.062275	0.060692	0.063560	0.057848	0.063141	0.067855	0.055652
721.0	0.058427	0.059767	0.058773	0.062650	0.061250	0.062499	0.059750	0.060047	0.054253	0.058663	0.061199	0.062624	0.062383	0.059292	0.057609	0.066486	0.063930	0.056152	0.058426	0.059573
722.0	0.056689	0.057176	0.058140	0.057503	0.057032	0.058405	0.060556	0.056854	0.057236	0.059478	0.059793	0.053785	0.054818	0.055721	0.053714	0.064408	0.057512	0.055099	0.056058	0.059573
723.0	0.056053	0.058111	0.058097	0.051293	0.056863	0.054183	0.050030	0.057322	0.057194	0.054759	0.057961	0.056521	0.055031	0.058452	0.057524	0.055460	0.051807	0.055394	0.059229	0.052233
724.0	0.054484	0.052165	0.044576	0.050953	0.048975	0.056273	0.053850	0.052724	0.056597	0.050726	0.056810	0.050039	0.049464	0.060679	0.054741	0.050964	0.053821	0.051141	0.048404	0.054902
725.0	0.052322	0.047749	0.051168	0.051336	0.044293	0.056870	0.046889	0.055960	0.051568	0.051498	0.050291	0.049366	0.050143	0.048283	0.049946	0.054866	0.052646	0.051310	0.051745	0.050898
726.0	0.049185	0.051783	0.051337	0.052399	0.048216	0.050601	0.043875	0.052809	0.043173	0.052871	0.050462	0.043894	0.048784	0.047989	0.050118	0.051261	0.048577	0.052236	0.053478	0.043809
727.0	0.052788	0.041545	0.047069	0.051633	0.049692	0.049748	0.047313	0.047828	0.049480	0.048752	0.045775	0.046756	0.047849	0.047905	0.049304	0.048547	0.047445	0.048825	0.049419	0.042099
728.0	0.043418	0.046602	0.045633	0.046997	0.049692	0.052136	0.048035	0.044124	0.042406	0.044161	0.048416	0.046041	0.044831	0.042737	0.044509	0.043458	0.043711	0.049962	0.047347	0.044018
729.0	0.041129	0.043502	0.049816	0.044445	0.040100	0.045270	0.043196	0.045742	0.042789	0.048023	0.046925	0.044484	0.044449	0.042989	0.045494	0.041744	0.042034	0.045541	0.043753	0.045769
730.0	0.038661	0.041362	0.043436	0.040323	0.039433	0.046720	0.047737	0.041923	0.045389	0.044204	0.045178	0.040174	0.040556	0.042065	0.041406	0.043585	0.047487	0.040434	0.041398	0.044893
731.0	0.042146	0.039400	0.038847	0.039927	0.037835	0.041176	0.041141	0.041587	0.037611	0.041634	0.040163	0.039728	0.039884	0.044712	0.040515	0.042181	0.042285	0.038518	0.039474	0.044059
732.0	0.040048	0.036313	0.039979	0.038034	0.032592	0.036059	0.037211	0.041310	0.044622	0.039331	0.040977	0.038457	0.041015	0.040212	0.039072	0.041867	0.036492	0.033402	0.043753	0.039852
733.0	0.038810	0.034788	0.040123	0.037485	0.035148	0.039347	0.035946	0.039833	0.033904	0.039086	0.038697	0.034029	0.037028	0.036682	0.041500	0.040116	0.034328	0.035461	0.042315	0.041315
734.0	0.037131	0.036538	0.036662	0.037154	0.035599	0.040076	0.033527	0.036789	0.036427	0.036911	0.036452	0.037779	0.036973	0.035228	0.039008	0.038436	0.036840	0.036071	0.032950	0.039860
735.0	0.034515	0.032223	0.038331	0.036409	0.027863	0.039517	0.033204	0.033217	0.032088	0.037391	0.034837	0.035313	0.032481	0.036253	0.037887	0.035574	0.033048	0.035503	0.038857	0.035865
736.0	0.033502	0.031867	0.033688	0.030046	0.035009	0.037334	0.035887	0.035619	0.035165	0.035444	0.030785	0.029008	0.033191	0.036098	0.031358	0.032274	0.031568	0.033979	0.036353	0.031874
737.0	0.029427	0.029731	0.028123	0.037856	0.034380	0.031291	0.033722	0.029245	0.031636	0.031175	0.027947	0.032548	0.028792	0.034371	0.029962	0.033093	0.032763	0.036964	0.035030	0.029413
738.0	0.031377	0.034037	0.028423	0.032364	0.030592	0.030941	0.028319	0.033188	0.027426	0.032316	0.032574	0.029059	0.030530	0.029241	0.029556	0.024925	0.029021	0.033831	0.031592	0.028250
739.0	0.029355	0.033561	0.024988	0.029680	0.030385	0.028902	0.028811	0.033137	0.032578	0.029991	0.030589	0.028730	0.029582	0.030547	0.026490	0.028996	0.027956	0.028454	0.028341	0.030923
740.0	0.028588	0.030729	0.027933	0.028008	0.029116	0.031393	0.024384	0.034295	0.022504	0.027712	0.033171	0.027392	0.029782	0.028560	0.030348	0.027728	0.029168	0.029629	0.030057	0.028917
741.0	0.027498	0.027323	0.028482	0.030526	0.027036	0.029026	0.026846	0.029522	0.027545	0.028510	0.028399	0.025090	0.026892	0.021934	0.028871	0.027639	0.028564	0.025372	0.027114	0.029063
742.0	0.026090	0.027136	0.027067	0.025988	0.024818	0.026386	0.029473	0.027372	0.026821	0.027408	0.026780	0.023524	0.025774	0.028346	0.028554	0.027486	0.028317	0.026004	0.025609	0.027124
743.0	0.025357	0.022444	0.026387	0.025992	0.023569	0.026890	0.026171	0.027858	0.025900	0.027807	0.024722	0.024627	0.028715	0.026900	0.026079	0.023156	0.028006	0.026842	0.027478	0.026828
744.0	0.020697	0.021917	0.021042	0.026690	0.024366	0.021879	0.024617	0.029850	0.027030	0.027172	0.025233	0.021655	0.024465	0.021257	0.024855	0.026816	0.023845	0.024863	0.024611	0.026207
745.0	0.024021	0.023705	0.021130	0.025456	0.024683	0.022966	0.024545	0.026295	0.025721	0.023040	0.022532	0.021967	0.022902	0.024123	0.023832	0.020900	0.024038	0.024206	0.024007	0.022820
746.0	0.024424	0.023981	0.019466	0.021794	0.021759	0.027568	0.022877	0.024277	0.024404	0.025070	0.025169	0.023200	0.023505	0.024640	0.022492	0.023674	0.023673	0.019810	0.020747	0.022820
747.0	0.021609	0.018074	0.023306	0.020994	0.018646	0.022996	0.020386	0.023311	0.021801	0.023281	0.020384	0.018650	0.024066	0.025291	0.020587	0.023199	0.022477	0.022976	0.022590	0.022608
748.0	0.020307	0.018248	0.021358	0.020522	0.019140	0.019192	0.021290	0.022668	0.024008	0.022135	0.022063	0.018133	0.018830	0.021274	0.020069	0.023152	0.021714	0.021477	0.019579	0.023258
749.0	0.020719	0.016524	0.018409	0.024482	0.019376	0.020868	0.017330	0.019424	0.024468	0.019016	0.019562	0.020915	0.021605	0.020278	0.023588	0.018360	0.017989	0.018938	0.019398	0.021615
750.0	0.017467	0.020465	0.015637	0.018922	0.018014	0.024646	0.019762	0.017223	0.020667	0.015940	0.018897	0.019059	0.019582	0.018732	0.017783	0.017143	0.019256	0.019153	0.020480	0.020481
751.0	0.018230	0.020647	0.016225	0.019633	0.019435	0.018066	0.018943	0.018364	0.017918	0.015845	0.024411	0.019652	0.019136	0.016858	0.019135	0.022363	0.019596	0.018808	0.017897	0.020660
752.0	0.018955	0.018409	0.017813	0.017476	0.018052	0.016816	0.018179	0.019931	0.021468	0.021221	0.018053	0.018915	0.017419	0.017660	0.015450	0.016049	0.018799	0.018109	0.013106	0.017899
753.0	0.018480	0.018121	0.015549	0.014698	0.015765	0.016010	0.017317	0.017423	0.019001	0.018857	0.018697	0.016782	0.014895	0.017080	0.016674	0.018462	0.017741	0.016303	0.015524	0.018379
754.0	0.017908	0.016099	0.016297	0.016493	0.014858	0.018015	0.014647	0.018428	0.015365	0.017961	0.018837	0.018158	0.014801	0.016270	0.017342	0.015866	0.017620	0.016479	0.014180	0.016607
755.0	0.015173	0.016256	0.017687	0.014405	0.016989	0.017823	0.015678	0.019032	0.018532	0.015150	0.013665	0.015809	0.015711	0.016425	0.016207	0.016282	0.013635	0.013882	0.016315	0.016119
756.0	0.014779	0.015938	0.015739	0.017484	0.017933	0.016377	0.013883	0.017278	0.015370	0.019218	0.014372	0.014820	0.013458	0.015219	0.016289	0.013114	0.014218	0.015869	0.018721	0.016732
757.0	0.011726	0.013360	0.012701	0.013601	0.015841	0.016978	0.015042	0.015482	0.014632	0.017347	0.016306	0.015389	0.015570	0.013345	0.016995	0.015353	0.016336	0.015094	0.015727	0.014684
758.0	0.012612	0.013122	0.012680	0.012967	0.014120	0.013315	0.013251	0.013451	0.015723	0.015575	0.015399	0.014294	0.014108	0.013034	0.016875	0.014585	0.017121	0.012311	0.015313	0.012958
759.0	0.013206	0.013407	0.013352	0.011351	0.013964	0.014228	0.011608	0.013285	0.011696	0.010882	0.012548	0.012484	0.014529	0.012303	0.012962	0.013975	0.017905	0.012694	0.013554	0.013850
760.0	0.014096	0.012902	0.012561	0.011780	0.016115	0.012654	0.010445	0.012532	0.013230	0.012439	0.012714	0.014147	0.012119	0.015169	0.011909	0.012868	0.015292	0.013536	0.015051	0.010843
761.0	0.012972	0.012757	0.013499	0.013856	0.013184	0.017465	0.013811	0.012170	0.014402	0.014043	0.015940	0.013625	0.013144	0.012072	0.013583	0.012707	0.013052	0.011343	0.013326	0.008487
762.0	0.016996	0.012600	0.012553	0.010640	0.010982	0.012633	0.014023	0.012757	0.012889	0.013490	0.012386	0.013545	0.011775	0.011879	0.013776	0.010200	0.013152	0.015077	0.011782	0.012165
763.0	0.011162	0.011793	0.014928	0.014039	0.012290	0.010164	0.012767	0.009930	0.011803	0.009311	0.012207	0.010683	0.009927	0.013143	0.011293	0.010429	0.011336	0.014374	0.012171	0.010998
764.0	0.015343	0.009755	0.010453	0.008526	0.012471	0.011784	0.013153	0.011655	0.011048	0.009993	0.012267	0.010809	0.011728	0.012984	0.012217	0.012804	0.009536	0.011776	0.012277	0.009384
765.0	0.011484	0.011844	0.008653	0.009292	0.008692	0.013115	0.012644	0.012855	0.009838	0.009230	0.010806	0.011660	0.009910	0.010395	0.009370	0.011354	0.011693	0.011494	0.007880	0.009872
766.0	0.008817	0.013339	0.007660	0.010368	0.010961	0.009537	0.011039	0.012910	0.011884	0.009521	0.010708	0.011920	0.011966	0.007311	0.008608	0.011897	0.011554	0.010858	0.009901	0.009738
767.0	0.009682	0.011173	0.007943	0.009598	0.010855	0.009524	0.011150	0.013247	0.009651	0.007119	0.007746	0.010250	0.013029	0.007920	0.010175	0.013886	0.008542	0.009822	0.010645	0.008241
768.0	0.007791	0.010795	0.008416	0.009900	0.009278	0.010803	0.011506	0.010416	0.008185	0.009878	0.011692	0.010889	0.010296	0.008542	0.014114	0.011286	0.009557	0.008248	0.010645	0.008462
769.0	0.010518	0.010375	0.009435	0.007395	0.010476	0.010155	0.008667	0.008466	0.009267	0.010783	0.011556	0.007413	0.009850	0.008530	0.011079	0.008699	0.010040	0.010437	0.010383	0.007249
770.0	0.010433	0.009054	0.007846	0.008245	0.007072	0.008108	0.011230	0.009134	0.008611	0.009251	0.008364	0.007303	0.006926	0.010580	0.010188	0.005527	0.007343	0.008197	0.010129	0.009588
771.0	0.009873	0.008069	0.009190	0.009500	0.007607	0.009285	0.008539	0.009947	0.010874	0.009384	0.007832	0.008545	0.009251	0.010811	0.009918	0.008936	0.007456	0.010008	0.009601	0.007687
772.0	0.007342	0.007627	0.009549	0.008624	0.007620	0.007072	0.007037	0.007044	0.006569	0.008848	0.007128	0.008503	0.008380	0.007757	0.010603	0.009089	0.006277	0.007098	0.005939	0.010714
773.0	0.006727	0.007810	0.007102	0.007871	0.007873	0.010036	0.007363	0.010684	0.008240	0.006694	0.009515	0.007787	0.008987	0.009484	0.006348	0.008203	0.011244	0.005683	0.008687	0.010460
774.0	0.007261	0.006561	0.005569	0.007118	0.005654	0.007660	0.009129	0.009458	0.008227	0.008629	0.006460	0.008743	0.008363	0.006320	0.007735	0.007291	0.007649	0.006273	0.007419	0.006581
775.0	0.007096	0.006791	0.005628	0.007918	0.008291	0.008556	0.006786	0.007585	0.009173	0.008453	0.009071	0.008701	0.007075	0.005967	0.010055	0.008928	0.006407	0.006597	0.009672	0.006773
776.0	0.007736	0.006324	0.005809	0.006625	0.007966	0.008227	0.009265	0.006227	0.008078	0.008054	0.007814	0.008217	0.006544	0.004983	0.006772	0.006587	0.009339	0.007296	0.007529	0.007920
777.0	0.005828	0.004638	0.006004	0.009224	0.009274	0.006803	0.006616	0.006214	0.007818	0.008337	0.006570	0.005830	0.007122	0.008479	0.006078	0.007618	0.007800	0.009578	0.005998	0.004580
778.0	0.005337	0.005287	0.006536	0.005885	0.007814	0.006057	0.007487	0.006133	0.005879	0.008054	0.006937	0.003240	0.006777	0.005328	0.006776	0.005913	0.007586	0.005953	0.006780	0.006823
779.0	0.006672	0.007394	0.007263	0.006370	0.005321	0.006671	0.007007	0.006793	0.005794	0.007055	0.009480	0.006992	0.006059	0.006034	0.006853	0.006901	0.005392	0.007616	0.006201	0.007132
780.0	0.007457	0.006680	0.007208	0.006544	0.006203	0.008057	0.005835	0.007695	0.003960	0.005643	0.005207	0.006138	0.006913	0.005034	0.006498	0.006150	0.006239	0.003755	0.006708	0.006961
781.0	0.006939	0.007262	0.007529	0.004643	0.007363	0.005890	0.006277	0.005533	0.004336	0.006098	0.004572	0.005494	0.005932	0.007311	0.005856	0.005476	0.007401	0.006046	0.005313	0.005631
782.0	0.006973	0.006769	0.005860	0.004430	0.006291	0.007677	0.006137	0.006337	0.005547	0.005810	0.008458	0.005157	0.006395	0.005214	0.005029	0.004322	0.005052	0.006947	0.004565	0.006043
783.0	0.006197	0.007746	0.005898	0.005332	0.004958	0.007310	0.007185	0.009232	0.004609	0.005514	0.006110	0.003287	0.004474	0.005521	0.004204	0.005391	0.005228	0.006934	0.005038	0.005906
784.0	0.007049	0.006570	0.003971	0.004591	0.007110	0.007012	0.006319	0.006618	0.006058	0.004982	0.006792	0.005477	0.003948	0.004012	0.007739	0.005310	0.005992	0.003036	0.008302	0.007657
785.0	0.005252	0.008723	0.007474	0.004864	0.005060	0.007072	0.003711	0.004698	0.006254	0.005128	0.006570	0.006508	0.004610	0.005677	0.006823	0.006863	0.004001	0.003433	0.005867	0.006214
786.0	0.005867	0.005160	0.006735	0.005442	0.001998	0.004453	0.004164	0.005746	0.005321	0.006201	0.007060	0.007261	0.005116	0.004748	0.004999	0.006214	0.005468	0.005827	0.003822	0.005806
787.0	0.004107	0.006149	0.004631	0.007169	0.004246	0.005093	0.003784	0.006720	0.006889	0.006248	0.006800	0.005527	0.004576	0.005866	0.003387	0.006265	0.006357	0.003195	0.006269	0.005793
788.0	0.004149	0.003639	0.004347	0.006408	0.007713	0.004854	0.003902	0.005056	0.005892	0.006162	0.004713	0.004543	0.004080	0.004731	0.005779	0.008245	0.002583	0.005528	0.006628	0.003978
789.0	0.005282	0.002660	0.004028	0.004902	0.006030	0.005733	0.005042	0.004571	0.003808	0.005849	0.003918	0.004311	0.003460	0.005240	0.005860	0.006065	0.006160	0.005258	0.004818	0.005322
790.0	0.004049	0.003738	0.005078	0.006174	0.005161	0.005417	0.004880	0.005273	0.002655	0.005253	0.005160	0.003018	0.007793	0.004341	0.003415	0.003473	0.003376	0.004256	0.004054	0.005009
791.0	0.005286	0.004306	0.006312	0.004677	0.004832	0.007247	0.005211	0.004473	0.002989	0.006188	0.002995	0.004926	0.007402	0.005925	0.005500	0.003102	0.003859	0.002811	0.005368	0.004542
792.0	0.003323	0.004106	0.005256	0.004077	0.004794	0.004147	0.006353	0.003510	0.004264	0.004982	0.003671	0.006516	0.004763	0.005416	0.006035	0.004322	0.004264	0.003136	0.002913	0.004842
793.0	0.002780	0.004071	0.004077	0.002086	0.005992	0.005848	0.004829	0.004082	0.005206	0.004652	0.003833	0.003830	0.004016	0.004061	0.006536	0.002474	0.004310	0.004017	0.004421	0.005118
794.0	0.003828	0.003716	0.004423	0.004082	0.004254	0.004875	0.003757	0.004345	0.003582	0.005991	0.002326	0.003899	0.002387	0.004441	0.003332	0.003189	0.007473	0.004509	0.003072	0.005977
795.0	0.003067	0.003243	0.004288	0.006301	0.005688	0.004935	0.005670	0.005912	0.002850	0.003288	0.003445	0.004307	0.003330	0.002470	0.004332	0.004836	0.005493	0.006467	0.004213	0.004742
796.0	0.004802	0.003696	0.003395	0.004319	0.004473	0.005357	0.005144	0.004945	0.004958	0.004785	0.002560	0.001455	0.006293	0.002473	0.004961	0.002927	0.006000	0.004092	0.004285	0.003815
797.0	0.004149	0.005385	0.005754	0.002948	0.005030	0.002794	0.004068	0.003942	0.003431	0.007964	0.003759	0.003639	0.003689	0.003838	0.006982	0.006036	0.005560	0.003965	0.003172	0.004146
798.0	0.004908	0.004226	0.005936	0.002121	0.004629	0.005421	0.002292	0.002443	0.004686	0.006445	0.003648	0.002067	0.004121	0.005147	0.005295	0.003918	0.005296	0.003347	0.003785	0.004471
799.0	0.005392	0.003193	0.004157	0.003021	0.004275	0.004308	0.003940	0.003743	0.005474	0.003149	0.004495	0.003758	0.005235	0.005097	0.002736	0.001894	0.003778	0.000891	0.004822	0.003035
800.0	0.005091	0.003265	0.004977	0.004494	0.005924	0.003907	0.005262	0.004703	0.005875	0.002677	0.002627	0.004286	0.005511	0.002101	0.004670	0.003201	0.003665	0.003136	0.004649	0.002497
