0 500 21.68
0 501 21.39
0 502 20.95
0 503 21.68
0 504 22.15
0 505 21.71
0 506 21.85
0 507 23.85
0 508 25.68
0 509 26.01
0 510 26.80
0 511 26.50
0 512 27.44
0 513 29.39
0 514 29.63
0 515 29.42
0 516 29.64
0 517 30.18
0 518 31.09
0 519 31.45
0 520 33.51
0 521 33.90
0 522 33.13
0 523 33.82
0 524 35.10
0 525 34.03
0 526 34.02
0 527 34.96
0 528 35.23
0 529 36.78
0 530 35.97
0 531 36.72
0 532 36.40
0 533 37.54
0 534 37.29
0 535 38.13
0 536 37.99
0 537 37.04
0 538 36.80
0 539 36.81
0 540 37.12
0 541 36.01
0 542 36.83
0 543 35.87
0 544 34.99
0 545 35.78
0 546 34.55
0 547 34.97
0 548 35.54
0 549 34.37
0 550 33.62
0 551 33.46
0 552 33.80
0 553 34.01
0 554 31.31
0 555 32.95
0 556 32.10
0 557 32.50
0 558 32.86
0 559 32.51
0 560 32.84
0 561 31.38
0 562 31.74
0 563 31.85
0 564 32.46
0 565 31.34
0 566 31.92
0 567 31.82
0 568 32.58
0 569 33.14
0 570 32.88
0 571 34.03
0 572 33.49
0 573 34.25
0 574 33.95
0 575 34.92
0 576 34.63
0 577 34.48
0 578 37.59
0 579 36.46
0 580 36.20
0 581 36.79
0 582 38.89
0 583 38.72
0 584 38.84
0 585 39.23
0 586 39.61
0 587 40.79
0 588 41.92
0 589 40.99
0 590 41.59
0 591 41.29
0 592 39.61
0 593 40.89
0 594 42.48
0 595 41.37
0 596 41.89
0 597 40.29
0 598 40.31
0 599 40.65
0 600 39.30
0 601 38.96
0 602 37.91
0 603 39.64
0 604 37.76
0 605 36.63
0 606 37.86
0 607 38.46
0 608 37.92
0 609 36.02
0 610 37.12
0 611 36.39
0 612 37.37
0 613 37.08
0 614 37.36
0 615 37.40
0 616 38.08
0 617 38.54
0 618 37.31
0 619 37.59
0 620 38.05
0 621 37.98
0 622 39.50
0 623 39.39
0 624 39.73
0 625 41.24
0 626 42.27
0 627 43.83
0 628 46.45
0 629 46.54
0 630 49.92
0 631 51.67
0 632 54.77
0 633 58.63
0 634 60.81
0 635 66.85
0 636 71.12
0 637 74.77
0 638 82.40
0 639 89.53
0 640 97.34
0 641 104.99
0 642 120.31
0 643 136.55
0 644 155.88
0 645 175.32
0 646 202.87
0 647 232.87
0 648 263.04
0 649 299.54
0 650 342.02
0 651 381.77
0 652 429.54
0 653 479.03
0 654 528.55
0 655 572.45
0 656 613.48
0 657 660.45
0 658 706.92
0 659 756.78
0 660 801.30
0 661 843.95
0 662 892.91
0 663 949.56
0 664 1005.66
0 665 1077.10
0 666 1156.60
0 667 1263.45
0 668 1365.55
0 669 1480.05
0 670 1600.70
0 671 1740.25
0 672 1852.40
0 673 1960.70
0 674 2070.20
0 675 2161.40
0 676 2202.40
0 677 2229.90
0 678 2242.75
0 679 2211.85
0 680 2142.70
0 681 2064.45
0 682 1963.20
0 683 1853.85
0 684 1725.00
0 685 1587.20
0 686 1439.55
0 687 1305.45
0 688 1180.60
0 689 1074.25
0 690 974.69
0 691 890.29
0 692 815.86
0 693 758.10
0 694 708.12
0 695 671.16
0 696 635.04
0 697 599.82
0 698 578.32
0 699 554.81
0 700 541.71
0 701 526.71
0 702 512.13
0 703 497.76
0 704 489.58
0 705 482.74
0 706 472.55
0 707 464.23
0 708 453.24
0 709 446.57
0 710 439.96
0 711 428.64
0 712 421.55
0 713 414.59
0 714 408.09
0 715 398.78
0 716 392.07
0 717 381.34
0 718 378.34
0 719 368.83
0 720 356.97
0 721 349.53
0 722 341.73
0 723 331.72
0 724 321.74
0 725 315.62
0 726 303.85
0 727 295.87
0 728 285.26
0 729 282.50
0 730 268.40
0 731 255.10
0 732 247.85
0 733 238.59
0 734 229.26
0 735 220.92
0 736 215.75
0 737 205.59
0 738 198.31
0 739 190.42
0 740 183.98
0 741 172.53
0 742 165.90
0 743 162.60
0 744 153.35
0 745 147.92
0 746 141.23
0 747 136.79
0 748 126.46
0 749 121.62
0 750 112.59
0 751 108.68
0 752 105.03
0 753 96.89
0 754 91.52
0 755 87.27
0 756 82.17
0 757 74.22
0 758 72.26
0 759 68.66
0 760 63.06
0 761 59.08
0 762 56.39
0 763 52.26
0 764 50.11
0 765 46.62
0 766 44.22
0 767 41.79
0 768 39.06
0 769 37.51
0 770 36.36
0 771 34.91
0 772 32.68
0 773 30.71
0 774 30.18
0 775 30.39
0 776 27.65
0 777 27.41
0 778 26.24
0 779 27.47
0 780 25.46
0 781 24.57
0 782 22.57
0 783 23.00
0 784 21.67
0 785 21.30
0 786 21.47
0 787 20.62
0 788 19.65
0 789 20.22
0 790 20.44
0 791 18.70
0 792 18.67
0 793 18.28
0 794 18.19
0 795 18.46
0 796 17.71
0 797 17.22
0 798 17.22
0 799 16.82
0 800 17.24
