1 475 103.79
1 476 109.27
1 477 120.92
1 478 132.82
1 479 148.49
1 480 167.00
1 481 183.38
1 482 205.25
1 483 230.16
1 484 252.66
1 485 280.15
1 486 308.94
1 487 342.90
1 488 374.58
1 489 410.07
1 490 443.32
1 491 482.92
1 492 519.86
1 493 560.68
1 494 596.92
1 495 640.11
1 496 678.81
1 497 717.68
1 498 749.38
1 499 783.58
1 500 810.10
1 501 842.23
1 502 865.74
1 503 887.69
1 504 908.29
1 505 925.74
1 506 942.80
1 507 961.33
1 508 974.80
1 509 981.86
1 510 987.74
1 511 989.63
1 512 991.82
1 513 992.27
1 514 994.87
1 515 986.69
1 516 980.29
1 517 968.39
1 518 962.27
1 519 958.24
1 520 937.20
1 521 922.32
1 522 909.41
1 523 891.11
1 524 874.78
1 525 853.95
1 526 835.49
1 527 815.68
1 528 793.33
1 529 766.91
1 530 747.66
1 531 724.96
1 532 703.03
1 533 678.74
1 534 657.31
1 535 634.51
1 536 607.38
1 537 585.57
1 538 566.64
1 539 548.17
1 540 527.43
1 541 506.06
1 542 486.78
1 543 471.29
1 544 452.21
1 545 438.07
1 546 421.04
1 547 405.35
1 548 387.20
1 549 374.84
1 550 361.99
1 551 349.59
1 552 335.88
1 553 323.46
1 554 310.26
1 555 300.36
1 556 287.95
1 557 274.80
1 558 266.91
1 559 254.14
1 560 245.18
1 561 234.54
1 562 226.24
1 563 216.94
1 564 207.97
1 565 197.25
1 566 189.04
1 567 180.88
1 568 173.38
1 569 166.37
1 570 159.36
1 571 151.72
1 572 145.93
1 573 138.30
1 574 131.59
1 575 125.65
1 576 119.62
1 577 113.33
1 578 109.58
1 579 103.52
1 580 98.79
1 581 94.60
1 582 88.63
1 583 85.98
1 584 82.38
1 585 78.63
1 586 74.86
1 587 72.07
1 588 68.33
1 589 65.04
1 590 61.31
1 591 59.03
1 592 56.55
1 593 54.65
1 594 51.87
1 595 49.45
1 596 47.60
1 597 45.01
1 598 42.65
1 599 41.03
1 600 40.02
1 601 37.72
1 602 35.85
1 603 35.10
1 604 33.58
1 605 31.49
1 606 30.48
1 607 28.82
1 608 27.70
1 609 26.64
1 610 24.73
1 611 24.00
1 612 23.14
1 613 22.42
1 614 21.15
1 615 20.19
1 616 20.03
1 617 18.40
1 618 17.71
1 619 16.98
1 620 16.00
1 621 15.74
1 622 15.09
1 623 14.37
1 624 13.92
1 625 12.79
1 626 12.23
1 627 11.21
1 628 11.32
1 629 11.12
1 630 10.28
1 631 9.69
1 632 9.63
1 633 9.35
1 634 8.62
1 635 8.21
1 636 8.33
1 637 7.60
1 638 6.80
1 639 6.90
1 640 6.86
1 641 6.49
1 642 6.21
1 643 6.06
1 644 5.70
1 645 5.39
1 646 5.06
1 647 5.17
1 648 5.04
1 649 4.67
1 650 4.53
1 651 4.56
1 652 4.30
1 653 4.25
1 654 3.91
1 655 4.08
1 656 3.61
1 657 3.85
1 658 3.65
1 659 3.46
1 660 3.57
1 661 3.59
1 662 3.68
1 663 3.35
1 664 3.32
1 665 3.51
1 666 3.32
1 667 3.05
1 668 3.33
1 669 3.28
1 670 2.97
1 671 2.96
1 672 2.70
1 673 2.76
1 674 2.52
1 675 2.80
1 676 2.90
1 677 2.61
1 678 2.30
1 679 2.18
1 680 2.12
1 681 1.95
1 682 1.88
1 683 2.05
1 684 1.99
1 685 2.01
1 686 1.75
1 687 1.74
1 688 1.66
1 689 1.48
1 690 1.28
1 691 1.51
1 692 1.40
1 693 1.52
1 694 1.53
1 695 1.21
1 696 1.31
1 697 1.25
1 698 1.16
1 699 1.19
1 700 1.23
1 701 1.24
1 702 1.18
1 703 1.05
1 704 1.15
1 705 1.07
1 706 1.42
1 707 1.03
1 708 1.08
1 709 1.02
1 710 1.11
1 711 1.20
1 712 1.18
1 713 1.07
1 714 0.90
1 715 0.99
1 716 0.90
1 717 1.00
1 718 0.80
1 719 0.90
1 720 0.87
1 721 1.07
1 722 0.87
1 723 0.99
1 724 0.74
1 725 0.76
1 726 0.95
1 727 0.79
1 728 0.91
1 729 0.97
1 730 0.89
1 731 0.77
1 732 0.93
1 733 0.96
1 734 0.75
1 735 0.87
1 736 0.64
1 737 0.81
1 738 0.87
1 739 1.01
1 740 0.94
1 741 0.63
1 742 0.86
1 743 0.76
1 744 0.74
1 745 0.77
1 746 0.91
1 747 0.66
1 748 0.82
1 749 0.83
1 750 0.69
1 751 0.91
1 752 0.65
1 753 0.46
1 754 0.57
1 755 0.54
1 756 0.82
1 757 0.78
1 758 0.69
1 759 0.60
1 760 0.76
1 761 0.99
1 762 0.65
1 763 0.76
1 764 0.85
1 765 0.69
1 766 0.93
1 767 0.76
1 768 0.80
1 769 0.92
1 770 0.71
1 771 0.83
1 772 0.78
1 773 0.60
1 774 0.86
1 775 0.91
1 776 0.69
1 777 0.75
1 778 0.96
1 779 0.76
1 780 0.69
1 781 0.69
1 782 0.86
1 783 0.72
1 784 0.58
1 785 0.62
1 786 0.50
1 787 0.67
1 788 0.52
1 789 0.66
1 790 0.62
1 791 0.65
1 792 0.67
1 793 0.91
1 794 1.01
1 795 0.78
1 796 0.57
1 797 0.68
1 798 0.57
1 799 0.77
1 800 0.69
