1 475 36.97
1 476 37.23
1 477 38.07
1 478 39.04
1 479 41.21
1 480 42.86
1 481 45.06
1 482 47.58
1 483 49.81
1 484 54.17
1 485 57.59
1 486 61.14
1 487 65.49
1 488 69.84
1 489 74.65
1 490 78.14
1 491 82.89
1 492 88.55
1 493 94.23
1 494 97.71
1 495 104.46
1 496 107.47
1 497 112.97
1 498 118.67
1 499 122.80
1 500 126.67
1 501 130.10
1 502 134.28
1 503 139.27
1 504 142.44
1 505 144.23
1 506 144.98
1 507 146.88
1 508 149.49
1 509 149.75
1 510 151.82
1 511 151.61
1 512 151.47
1 513 151.00
1 514 149.51
1 515 150.53
1 516 149.50
1 517 148.29
1 518 146.50
1 519 144.59
1 520 142.24
1 521 140.58
1 522 138.70
1 523 134.68
1 524 133.21
1 525 130.24
1 526 125.83
1 527 122.49
1 528 120.38
1 529 116.53
1 530 113.34
1 531 111.47
1 532 107.70
1 533 104.19
1 534 101.17
1 535 98.24
1 536 93.79
1 537 90.78
1 538 85.63
1 539 83.87
1 540 80.62
1 541 78.05
1 542 74.87
1 543 71.56
1 544 69.42
1 545 68.32
1 546 64.29
1 547 62.68
1 548 61.02
1 549 58.65
1 550 56.28
1 551 54.23
1 552 52.64
1 553 50.09
1 554 48.24
1 555 46.20
1 556 45.13
1 557 43.49
1 558 40.68
1 559 39.82
1 560 39.07
1 561 36.77
1 562 34.73
1 563 33.64
1 564 32.79
1 565 31.50
1 566 29.95
1 567 29.09
1 568 27.47
1 569 26.20
1 570 25.32
1 571 24.22
1 572 23.03
1 573 22.29
1 574 21.02
1 575 20.04
1 576 19.43
1 577 18.19
1 578 18.14
1 579 16.86
1 580 16.38
1 581 15.83
1 582 14.86
1 583 14.64
1 584 14.10
1 585 13.34
1 586 12.52
1 587 11.75
1 588 11.43
1 589 11.06
1 590 11.04
1 591 10.19
1 592 9.60
1 593 9.14
1 594 8.75
1 595 8.72
1 596 8.59
1 597 8.16
1 598 7.63
1 599 7.66
1 600 7.50
1 601 7.28
1 602 6.64
1 603 6.60
1 604 5.97
1 605 6.51
1 606 6.23
1 607 5.53
1 608 5.27
1 609 5.40
1 610 4.83
1 611 4.69
1 612 4.44
1 613 4.62
1 614 4.38
1 615 4.27
1 616 4.22
1 617 3.73
1 618 3.43
1 619 3.61
1 620 3.33
1 621 3.50
1 622 3.21
1 623 3.11
1 624 3.28
1 625 3.10
1 626 2.89
1 627 2.64
1 628 2.81
1 629 2.45
1 630 2.61
1 631 2.43
1 632 2.29
1 633 2.24
1 634 2.25
1 635 2.28
1 636 2.19
1 637 2.27
1 638 2.31
1 639 2.09
1 640 1.85
1 641 1.79
1 642 1.73
1 643 2.20
1 644 2.01
1 645 1.75
1 646 1.69
1 647 1.66
1 648 1.49
1 649 1.52
1 650 1.36
1 651 1.57
1 652 1.51
1 653 1.33
1 654 1.20
1 655 1.42
1 656 1.53
1 657 1.48
1 658 1.46
1 659 1.29
1 660 1.51
1 661 1.61
1 662 1.28
1 663 1.21
1 664 1.31
1 665 1.29
1 666 1.17
1 667 1.04
1 668 1.06
1 669 1.17
1 670 1.01
1 671 1.22
1 672 1.25
1 673 1.04
1 674 1.22
1 675 1.09
1 676 1.04
1 677 1.16
1 678 1.12
1 679 1.24
1 680 1.19
1 681 1.23
1 682 1.08
1 683 0.96
1 684 1.25
1 685 1.07
1 686 0.92
1 687 1.16
1 688 0.94
1 689 0.99
1 690 1.11
1 691 1.21
1 692 1.08
1 693 1.02
1 694 0.76
1 695 0.82
1 696 0.82
1 697 0.83
1 698 0.97
1 699 1.10
1 700 0.85
1 701 0.75
1 702 0.64
1 703 0.85
1 704 0.71
1 705 0.87
1 706 0.85
1 707 0.86
1 708 0.73
1 709 0.91
1 710 1.04
1 711 0.97
1 712 0.88
1 713 0.61
1 714 0.80
1 715 0.70
1 716 0.87
1 717 0.95
1 718 0.90
1 719 1.03
1 720 0.86
1 721 0.75
1 722 0.75
1 723 0.96
1 724 0.60
1 725 0.94
1 726 0.93
1 727 0.85
1 728 0.77
1 729 0.94
1 730 1.06
1 731 0.98
1 732 0.71
1 733 0.59
1 734 0.65
1 735 0.64
1 736 0.48
1 737 0.56
1 738 0.90
1 739 0.72
1 740 0.60
1 741 0.75
1 742 0.96
1 743 1.17
1 744 0.92
1 745 0.68
1 746 0.65
1 747 0.80
1 748 0.86
1 749 0.84
1 750 0.81
1 751 1.03
1 752 0.83
1 753 0.90
1 754 0.70
1 755 0.69
1 756 0.70
1 757 0.82
1 758 0.80
1 759 0.95
1 760 0.59
1 761 0.78
1 762 0.93
1 763 0.72
1 764 0.65
1 765 0.89
1 766 0.86
1 767 0.67
1 768 1.00
1 769 0.88
1 770 0.80
1 771 0.66
1 772 0.69
1 773 0.81
1 774 0.96
1 775 0.43
1 776 0.81
1 777 0.78
1 778 0.95
1 779 0.86
1 780 0.71
1 781 0.83
1 782 0.88
1 783 0.89
1 784 0.89
1 785 0.78
1 786 0.92
1 787 0.74
1 788 0.94
1 789 0.74
1 790 0.67
1 791 0.73
1 792 0.64
1 793 0.72
1 794 0.68
1 795 0.72
1 796 0.71
1 797 0.78
1 798 0.76
1 799 0.89
1 800 0.77
