2 475 1.32
2 476 1.79
2 477 1.09
2 478 1.35
2 479 1.78
2 480 1.52
2 481 1.96
2 482 1.49
2 483 3.00
2 484 2.66
2 485 2.15
2 486 2.32
2 487 2.20
2 488 2.50
2 489 3.15
2 490 2.63
2 491 1.77
2 492 2.28
2 493 2.58
2 494 2.74
2 495 3.70
2 496 2.91
2 497 3.53
2 498 2.97
2 499 3.28
2 500 2.31
2 501 2.89
2 502 2.96
2 503 2.40
2 504 2.81
2 505 1.92
2 506 3.37
2 507 4.33
2 508 4.34
2 509 4.12
2 510 4.86
2 511 4.00
2 512 5.02
2 513 5.45
2 514 5.59
2 515 6.15
2 516 6.77
2 517 7.34
2 518 7.82
2 519 8.40
2 520 10.28
2 521 10.21
2 522 11.00
2 523 11.43
2 524 11.75
2 525 13.54
2 526 16.72
2 527 19.19
2 528 21.90
2 529 24.62
2 530 25.05
2 531 29.91
2 532 32.30
2 533 35.12
2 534 36.94
2 535 40.81
2 536 45.20
2 537 49.26
2 538 53.42
2 539 59.41
2 540 63.95
2 541 74.06
2 542 80.47
2 543 88.51
2 544 95.96
2 545 103.92
2 546 112.13
2 547 125.17
2 548 137.01
2 549 153.02
2 550 164.87
2 551 178.31
2 552 202.41
2 553 213.22
2 554 229.52
2 555 254.22
2 556 278.44
2 557 299.76
2 558 328.30
2 559 358.18
2 560 383.55
2 561 412.03
2 562 438.96
2 563 480.86
2 564 511.25
2 565 553.86
2 566 591.20
2 567 627.28
2 568 673.04
2 569 715.25
2 570 754.62
2 571 800.67
2 572 843.68
2 573 892.47
2 574 940.37
2 575 993.70
2 576 1051.10
2 577 1114.75
2 578 1172.45
2 579 1218.30
2 580 1281.90
2 581 1344.15
2 582 1413.95
2 583 1469.60
2 584 1527.30
2 585 1582.65
2 586 1650.45
2 587 1710.85
2 588 1764.85
2 589 1813.80
2 590 1868.15
2 591 1923.10
2 592 1969.30
2 593 2007.95
2 594 2055.45
2 595 2087.55
2 596 2133.75
2 597 2163.00
2 598 2187.65
2 599 2231.45
2 600 2241.00
2 601 2266.10
2 602 2282.25
2 603 2300.90
2 604 2310.40
2 605 2313.75
2 606 2331.35
2 607 2332.60
2 608 2320.15
2 609 2332.85
2 610 2318.35
2 611 2306.30
2 612 2310.30
2 613 2282.60
2 614 2281.15
2 615 2254.70
2 616 2223.30
2 617 2219.90
2 618 2187.85
2 619 2152.65
2 620 2124.10
2 621 2104.00
2 622 2057.20
2 623 2038.80
2 624 2018.45
2 625 1968.25
2 626 1930.60
2 627 1900.00
2 628 1871.60
2 629 1820.60
2 630 1790.35
2 631 1752.10
2 632 1715.05
2 633 1676.15
2 634 1647.30
2 635 1608.45
2 636 1574.25
2 637 1536.85
2 638 1505.25
2 639 1464.80
2 640 1438.40
2 641 1409.70
2 642 1364.85
2 643 1335.00
2 644 1304.25
2 645 1261.00
2 646 1234.70
2 647 1204.90
2 648 1175.45
2 649 1145.90
2 650 1126.10
2 651 1095.80
2 652 1076.15
2 653 1039.65
2 654 1022.71
2 655 994.95
2 656 966.03
2 657 952.07
2 658 923.62
2 659 902.96
2 660 887.86
2 661 869.92
2 662 840.80
2 663 821.74
2 664 802.63
2 665 783.73
2 666 762.50
2 667 744.54
2 668 729.84
2 669 716.07
2 670 695.89
2 671 679.12
2 672 653.99
2 673 642.13
2 674 621.26
2 675 606.94
2 676 592.06
2 677 574.98
2 678 553.05
2 679 540.45
2 680 523.39
2 681 515.63
2 682 496.19
2 683 473.29
2 684 462.76
2 685 444.38
2 686 435.60
2 687 421.23
2 688 410.64
2 689 393.79
2 690 382.43
2 691 369.03
2 692 358.82
2 693 352.19
2 694 337.04
2 695 326.11
2 696 310.49
2 697 304.22
2 698 295.96
2 699 283.22
2 700 275.74
2 701 268.12
2 702 263.23
2 703 249.53
2 704 244.43
2 705 236.68
2 706 233.94
2 707 221.56
2 708 213.65
2 709 207.74
2 710 203.91
2 711 194.62
2 712 189.83
2 713 185.38
2 714 178.34
2 715 172.09
2 716 166.81
2 717 158.84
2 718 154.59
2 719 148.69
2 720 144.63
2 721 142.19
2 722 135.78
2 723 131.53
2 724 124.30
2 725 120.38
2 726 116.56
2 727 113.37
2 728 108.48
2 729 104.82
2 730 101.19
2 731 96.06
2 732 92.24
2 733 89.33
2 734 87.03
2 735 82.77
2 736 79.19
2 737 75.37
2 738 71.82
2 739 69.99
2 740 68.50
2 741 65.17
2 742 63.39
2 743 61.70
2 744 57.83
2 745 55.93
2 746 55.04
2 747 51.73
2 748 49.51
2 749 47.67
2 750 44.90
2 751 45.19
2 752 42.59
2 753 40.46
2 754 39.33
2 755 37.98
2 756 37.52
2 757 35.71
2 758 33.50
2 759 31.27
2 760 31.11
2 761 31.44
2 762 30.26
2 763 27.84
2 764 27.27
2 765 25.16
2 766 24.97
2 767 23.75
2 768 23.81
2 769 22.64
2 770 20.56
2 771 21.64
2 772 18.88
2 773 19.83
2 774 17.60
2 775 18.48
2 776 17.52
2 777 16.70
2 778 15.07
2 779 16.06
2 780 14.87
2 781 14.41
2 782 14.18
2 783 13.83
2 784 14.12
2 785 13.68
2 786 12.81
2 787 13.00
2 788 12.27
2 789 11.74
2 790 10.94
2 791 11.69
2 792 10.84
2 793 10.31
2 794 9.99
2 795 10.63
2 796 10.13
2 797 10.78
2 798 10.07
2 799 9.15
2 800 9.87
