2 475 3.35
2 476 3.34
2 477 3.58
2 478 3.53
2 479 3.66
2 480 4.18
2 481 3.57
2 482 5.00
2 483 4.43
2 484 4.20
2 485 4.58
2 486 5.47
2 487 5.48
2 488 5.70
2 489 5.83
2 490 5.87
2 491 7.52
2 492 7.72
2 493 8.19
2 494 9.27
2 495 8.93
2 496 10.47
2 497 9.25
2 498 10.71
2 499 10.77
2 500 9.68
2 501 10.73
2 502 10.63
2 503 10.79
2 504 11.36
2 505 11.28
2 506 11.67
2 507 12.36
2 508 12.03
2 509 12.51
2 510 12.75
2 511 13.66
2 512 14.11
2 513 14.21
2 514 13.81
2 515 15.15
2 516 15.80
2 517 16.85
2 518 16.57
2 519 17.68
2 520 17.72
2 521 19.48
2 522 19.59
2 523 20.76
2 524 22.45
2 525 24.11
2 526 25.96
2 527 28.44
2 528 30.10
2 529 32.73
2 530 37.10
2 531 37.96
2 532 42.66
2 533 44.50
2 534 47.86
2 535 50.96
2 536 52.35
2 537 55.30
2 538 60.09
2 539 62.55
2 540 66.08
2 541 69.32
2 542 77.82
2 543 83.93
2 544 89.75
2 545 97.88
2 546 106.83
2 547 114.45
2 548 126.56
2 549 134.78
2 550 146.66
2 551 164.15
2 552 178.72
2 553 188.53
2 554 206.14
2 555 220.01
2 556 238.01
2 557 261.49
2 558 281.47
2 559 306.93
2 560 330.74
2 561 355.10
2 562 379.76
2 563 410.59
2 564 438.09
2 565 465.51
2 566 498.33
2 567 526.35
2 568 569.34
2 569 604.11
2 570 642.84
2 571 674.44
2 572 711.51
2 573 751.70
2 574 789.55
2 575 835.91
2 576 871.90
2 577 919.51
2 578 963.78
2 579 1002.81
2 580 1055.03
2 581 1098.90
2 582 1139.40
2 583 1194.25
2 584 1247.05
2 585 1280.05
2 586 1334.05
2 587 1377.60
2 588 1421.75
2 589 1462.90
2 590 1520.70
2 591 1541.80
2 592 1579.40
2 593 1623.00
2 594 1647.65
2 595 1677.15
2 596 1695.00
2 597 1732.25
2 598 1752.75
2 599 1784.45
2 600 1791.95
2 601 1815.75
2 602 1815.35
2 603 1827.45
2 604 1835.45
2 605 1841.65
2 606 1837.95
2 607 1841.00
2 608 1836.75
2 609 1840.05
2 610 1831.95
2 611 1815.95
2 612 1803.10
2 613 1787.85
2 614 1757.35
2 615 1747.60
2 616 1742.30
2 617 1719.35
2 618 1704.10
2 619 1672.75
2 620 1641.85
2 621 1625.60
2 622 1590.25
2 623 1553.00
2 624 1530.20
2 625 1508.90
2 626 1470.60
2 627 1440.15
2 628 1409.75
2 629 1388.45
2 630 1355.50
2 631 1325.90
2 632 1300.45
2 633 1259.75
2 634 1239.35
2 635 1207.70
2 636 1169.80
2 637 1143.25
2 638 1124.15
2 639 1089.15
2 640 1072.40
2 641 1045.70
2 642 1024.07
2 643 1007.38
2 644 974.25
2 645 956.25
2 646 937.23
2 647 915.83
2 648 890.60
2 649 874.32
2 650 853.16
2 651 836.61
2 652 819.31
2 653 801.88
2 654 781.21
2 655 764.57
2 656 744.88
2 657 724.88
2 658 709.63
2 659 698.64
2 660 680.19
2 661 664.21
2 662 647.61
2 663 630.71
2 664 618.67
2 665 604.40
2 666 591.31
2 667 569.71
2 668 559.84
2 669 547.38
2 670 531.64
2 671 519.02
2 672 501.48
2 673 491.30
2 674 472.97
2 675 465.14
2 676 450.06
2 677 436.98
2 678 418.49
2 679 408.34
2 680 398.26
2 681 388.42
2 682 374.15
2 683 361.16
2 684 349.06
2 685 334.67
2 686 324.62
2 687 312.57
2 688 302.69
2 689 293.59
2 690 286.79
2 691 277.19
2 692 264.66
2 693 258.58
2 694 243.61
2 695 239.95
2 696 234.96
2 697 223.21
2 698 220.33
2 699 213.26
2 700 207.19
2 701 195.47
2 702 192.53
2 703 184.70
2 704 177.55
2 705 176.40
2 706 168.57
2 707 164.82
2 708 158.75
2 709 153.10
2 710 146.51
2 711 143.29
2 712 139.23
2 713 132.69
2 714 131.03
2 715 125.77
2 716 124.63
2 717 117.62
2 718 116.05
2 719 105.08
2 720 104.95
2 721 100.29
2 722 98.46
2 723 95.03
2 724 90.19
2 725 85.22
2 726 82.71
2 727 80.05
2 728 78.84
2 729 75.84
2 730 72.69
2 731 69.64
2 732 66.70
2 733 64.99
2 734 61.37
2 735 59.61
2 736 59.25
2 737 56.11
2 738 55.42
2 739 51.89
2 740 49.35
2 741 48.56
2 742 46.03
2 743 43.91
2 744 42.36
2 745 41.70
2 746 37.74
2 747 37.79
2 748 35.16
2 749 34.65
2 750 35.15
2 751 31.50
2 752 31.33
2 753 31.20
2 754 29.43
2 755 29.10
2 756 27.01
2 757 25.52
2 758 26.46
2 759 23.73
2 760 24.51
2 761 22.47
2 762 21.20
2 763 21.14
2 764 20.87
2 765 19.81
2 766 18.22
2 767 18.44
2 768 17.92
2 769 15.88
2 770 16.75
2 771 15.71
2 772 15.63
2 773 16.02
2 774 13.18
2 775 13.43
2 776 11.93
2 777 12.89
2 778 11.79
2 779 10.83
2 780 11.38
2 781 10.77
2 782 11.11
2 783 9.59
2 784 9.27
2 785 8.23
2 786 9.47
2 787 9.36
2 788 9.40
2 789 8.69
2 790 8.29
2 791 8.50
2 792 7.55
2 793 8.55
2 794 8.20
2 795 6.62
2 796 6.39
2 797 6.27
2 798 7.46
2 799 7.07
2 800 7.38
