500.0	0.002622	0.001758	0.002252	0.004640	0.008474	0.009253	0.004864	0.007118	0.002894	0.013941	0.001974	0.016189	0.007724	0.008349	0.015129	0.007559	0.009227	0.005551	0.005348	0.007872
501.0	0.007491	0.010974	0.009760	0.006553	0.011030	0.009829	0.003945	0.006046	0.008812	0.009174	0.008118	0.006485	0.004411	0.010304	0.005591	0.006320	0.009113	0.008753	0.006816	0.008571
502.0	0.009200	0.005890	0.010378	0.006663	0.008444	0.006535	0.007836	0.007491	0.009625	0.008654	0.006677	0.014022	0.006220	0.011423	0.007349	0.009565	0.009395	0.005559	0.008650	0.008095
503.0	0.008066	0.003577	0.008298	0.008240	0.008628	0.012869	0.006293	0.004753	0.011577	0.010025	0.005023	0.010856	0.008166	0.009498	0.009258	0.008248	0.008429	0.007993	0.007897	0.007664
504.0	0.013119	0.003204	0.009557	0.007811	0.007158	0.008302	0.006202	0.006913	0.009686	0.007946	0.009071	0.009374	0.007136	0.007439	0.007055	0.007644	0.009592	0.006626	0.008300	0.011083
505.0	0.008581	0.004513	0.012506	0.008240	0.010468	0.010301	0.006149	0.005757	0.009511	0.005521	0.006586	0.010226	0.009700	0.008998	0.013748	0.004825	0.007274	0.007356	0.006154	0.009976
506.0	0.007167	0.006142	0.011497	0.005038	0.008205	0.008646	0.007053	0.007491	0.008751	0.006861	0.009818	0.010004	0.005083	0.007476	0.007757	0.005739	0.008369	0.007962	0.005462	0.008943
507.0	0.008080	0.007618	0.011403	0.004679	0.013108	0.006685	0.006362	0.008570	0.009397	0.005159	0.007966	0.010365	0.006983	0.007677	0.009054	0.008163	0.007312	0.009744	0.007212	0.011507
508.0	0.006651	0.012694	0.006202	0.007061	0.010722	0.007314	0.009744	0.005072	0.006207	0.011930	0.006792	0.007153	0.009609	0.011721	0.006700	0.006250	0.011302	0.010273	0.005630	0.008712
509.0	0.012051	0.008333	0.007203	0.007444	0.005334	0.010735	0.008498	0.008996	0.007680	0.009339	0.007851	0.008828	0.006701	0.008528	0.009409	0.005119	0.011857	0.005912	0.008186	0.008296
510.0	0.012338	0.006941	0.010550	0.010146	0.011538	0.011529	0.009858	0.003354	0.008053	0.004963	0.011030	0.010449	0.009364	0.008461	0.011371	0.006157	0.008581	0.005843	0.005485	0.010526
511.0	0.012043	0.011476	0.015783	0.009771	0.009514	0.005106	0.009592	0.003605	0.006123	0.010175	0.010588	0.011986	0.010181	0.007901	0.012110	0.008256	0.007821	0.009306	0.008764	0.005999
512.0	0.012537	0.006667	0.009596	0.009037	0.010199	0.007988	0.011234	0.008190	0.005401	0.009189	0.009947	0.010833	0.009219	0.008162	0.008700	0.009426	0.004743	0.011471	0.009806	0.012473
513.0	0.010496	0.007428	0.008196	0.009225	0.011907	0.011229	0.008042	0.009361	0.010438	0.008014	0.007973	0.006784	0.014661	0.012132	0.012986	0.008179	0.007935	0.007310	0.007775	0.012622
514.0	0.012021	0.006119	0.011309	0.009834	0.011276	0.008003	0.010497	0.009247	0.009154	0.006688	0.008301	0.011502	0.007922	0.009864	0.010066	0.011199	0.010383	0.012861	0.011191	0.009054
515.0	0.015962	0.005647	0.011684	0.010990	0.009413	0.009425	0.008346	0.004472	0.009587	0.009332	0.007798	0.009397	0.011104	0.008603	0.010488	0.006653	0.009410	0.009168	0.008673	0.011381
516.0	0.013163	0.006979	0.012552	0.009131	0.008982	0.011326	0.009440	0.009377	0.010453	0.011817	0.012066	0.017126	0.009670	0.010587	0.011152	0.008396	0.013864	0.007010	0.009837	0.008140
517.0	0.010975	0.007055	0.009307	0.009209	0.010768	0.008257	0.011705	0.007567	0.007460	0.011019	0.009482	0.012554	0.009288	0.010692	0.006165	0.009550	0.008992	0.009529	0.012743	0.012154
518.0	0.010725	0.005091	0.013217	0.014333	0.011276	0.006191	0.009987	0.009681	0.008493	0.014867	0.009056	0.010672	0.007838	0.012579	0.012005	0.010007	0.010056	0.007171	0.013268	0.010318
519.0	0.008272	0.006225	0.011833	0.011810	0.011415	0.011603	0.010071	0.008723	0.014449	0.010831	0.014643	0.013584	0.013089	0.012147	0.011854	0.006072	0.008042	0.010657	0.016082	0.010615
520.0	0.010445	0.006667	0.009495	0.017168	0.017950	0.010286	0.008748	0.014738	0.011843	0.010605	0.012623	0.012101	0.015050	0.010871	0.013408	0.009395	0.010444	0.013245	0.015162	0.009463
521.0	0.011071	0.008729	0.011395	0.009529	0.009483	0.009170	0.015407	0.009802	0.008713	0.009882	0.010458	0.008667	0.009441	0.014012	0.012955	0.009348	0.010223	0.010358	0.007828	0.010437
522.0	0.008515	0.011240	0.010191	0.012169	0.006935	0.015534	0.009113	0.011673	0.009633	0.010725	0.012341	0.008006	0.009731	0.010968	0.010699	0.008109	0.013157	0.010435	0.011396	0.010704
523.0	0.012957	0.013546	0.014821	0.013497	0.011061	0.010802	0.010953	0.014882	0.012656	0.010891	0.011449	0.006869	0.014318	0.013572	0.011499	0.010502	0.011386	0.012331	0.013458	0.012971
524.0	0.013251	0.010616	0.011997	0.012013	0.011399	0.011618	0.011059	0.014289	0.012246	0.013286	0.013019	0.007991	0.010334	0.017235	0.012616	0.007784	0.009858	0.009905	0.015519	0.012786
525.0	0.015218	0.009132	0.012396	0.008155	0.014324	0.013527	0.013058	0.011840	0.011220	0.016555	0.014041	0.013184	0.014630	0.012990	0.011952	0.012369	0.008939	0.012823	0.010833	0.010102
526.0	0.010371	0.006301	0.011317	0.011466	0.011268	0.009709	0.010603	0.014677	0.015186	0.013391	0.013301	0.010442	0.013883	0.013631	0.016238	0.011842	0.012944	0.012899	0.013062	0.010437
527.0	0.011181	0.010586	0.013593	0.014872	0.015640	0.015399	0.011682	0.014289	0.014852	0.016140	0.010931	0.013861	0.011219	0.011662	0.014902	0.016141	0.014054	0.015472	0.010445	0.012860
528.0	0.011999	0.018813	0.016174	0.013044	0.018865	0.012292	0.013081	0.012426	0.016037	0.009964	0.014887	0.014544	0.010685	0.014422	0.015295	0.015188	0.017892	0.014980	0.014302	0.012332
529.0	0.014636	0.011347	0.018535	0.013200	0.014740	0.012839	0.010846	0.017742	0.021392	0.015026	0.012813	0.011156	0.017248	0.017228	0.017694	0.009642	0.016349	0.014374	0.016912	0.020048
530.0	0.016492	0.017085	0.015047	0.015794	0.017603	0.017802	0.016516	0.012358	0.017875	0.015026	0.009940	0.012939	0.013409	0.016780	0.017505	0.015916	0.011569	0.014965	0.013336	0.020085
531.0	0.019041	0.010662	0.019623	0.018551	0.015456	0.011798	0.019807	0.014753	0.017169	0.017360	0.018180	0.015574	0.014608	0.017526	0.019746	0.011695	0.014890	0.014550	0.018288	0.017357
532.0	0.018304	0.014018	0.019716	0.019652	0.012608	0.014778	0.019359	0.013422	0.016849	0.017556	0.011182	0.015597	0.014234	0.015124	0.017905	0.015722	0.013362	0.015272	0.009547	0.017372
533.0	0.018842	0.017458	0.014312	0.013177	0.015217	0.015661	0.019503	0.015597	0.014289	0.017195	0.016670	0.018716	0.020705	0.016608	0.022825	0.017992	0.013302	0.020324	0.015109	0.018799
534.0	0.015203	0.013737	0.017644	0.015403	0.014794	0.015616	0.019275	0.015582	0.020754	0.014875	0.017227	0.014598	0.015233	0.018347	0.020697	0.016055	0.014654	0.017069	0.017497	0.021282
535.0	0.017862	0.013211	0.015829	0.013942	0.014955	0.015002	0.013917	0.018000	0.013978	0.017059	0.012928	0.013791	0.013585	0.016534	0.019324	0.014413	0.013948	0.015925	0.017345	0.017603
536.0	0.016249	0.013554	0.017636	0.013442	0.016148	0.013909	0.013415	0.018076	0.016781	0.015734	0.016404	0.015774	0.018401	0.018056	0.016223	0.014894	0.016281	0.017821	0.017041	0.018532
537.0	0.011491	0.014536	0.020944	0.020683	0.016518	0.014141	0.013544	0.017293	0.016409	0.016781	0.015001	0.013907	0.015859	0.015467	0.017430	0.018549	0.017794	0.017645	0.017581	0.016569
538.0	0.011395	0.018318	0.017581	0.016403	0.011892	0.010016	0.011257	0.015316	0.015285	0.016796	0.013378	0.015751	0.017340	0.013385	0.011039	0.012996	0.011675	0.017890	0.017596	0.015588
539.0	0.013966	0.014056	0.010136	0.012591	0.015887	0.013655	0.012876	0.012358	0.013028	0.015884	0.013332	0.011087	0.013417	0.017683	0.010299	0.012446	0.010740	0.011540	0.018045	0.013789
540.0	0.016831	0.010008	0.009346	0.013036	0.019489	0.014793	0.010291	0.012213	0.015193	0.013715	0.013736	0.010956	0.017813	0.013139	0.011884	0.009797	0.013066	0.016209	0.015261	0.014421
541.0	0.012912	0.010982	0.011067	0.011130	0.013262	0.017952	0.012420	0.012038	0.009192	0.016057	0.012417	0.009596	0.011868	0.011893	0.014442	0.009100	0.008080	0.016378	0.012111	0.011685
542.0	0.011233	0.008189	0.013945	0.011568	0.017295	0.015376	0.013833	0.010844	0.011471	0.014416	0.014003	0.011978	0.012036	0.012527	0.013182	0.012648	0.009972	0.008984	0.014736	0.008653
543.0	0.013332	0.007184	0.016127	0.011029	0.016857	0.013393	0.013567	0.008525	0.011236	0.015515	0.014902	0.005663	0.013509	0.013863	0.012110	0.012710	0.016745	0.015756	0.016927	0.014109
544.0	0.015247	0.010380	0.013937	0.008826	0.012808	0.013909	0.011948	0.010061	0.010392	0.014220	0.008835	0.013638	0.012684	0.011960	0.014283	0.011145	0.011971	0.011702	0.016021	0.010362
545.0	0.014651	0.007557	0.017284	0.015106	0.011546	0.011574	0.013035	0.012358	0.011205	0.011990	0.011762	0.010949	0.008220	0.010490	0.011009	0.012996	0.007989	0.015257	0.013625	0.009515
546.0	0.014319	0.008097	0.014508	0.011568	0.010191	0.011821	0.011036	0.012593	0.010818	0.009030	0.008118	0.013799	0.008082	0.010774	0.011839	0.011470	0.011804	0.010312	0.011221	0.013209
547.0	0.011469	0.009802	0.012326	0.013247	0.011853	0.011626	0.012648	0.010571	0.010765	0.009347	0.009178	0.014060	0.008891	0.014087	0.013536	0.015219	0.012967	0.013199	0.012530	0.012176
548.0	0.009465	0.014787	0.010175	0.015325	0.009783	0.011446	0.011074	0.009955	0.008303	0.012171	0.013888	0.011056	0.009135	0.011013	0.014042	0.011168	0.009881	0.014911	0.016097	0.010860
549.0	0.007410	0.008843	0.010808	0.013239	0.011877	0.008542	0.008376	0.008593	0.012816	0.011049	0.010252	0.013984	0.010189	0.012811	0.009417	0.010115	0.012815	0.008799	0.007562	0.014064
550.0	0.010725	0.010396	0.009893	0.008459	0.011299	0.007276	0.009387	0.008685	0.011008	0.007953	0.010809	0.010150	0.010372	0.010647	0.011975	0.010673	0.010390	0.008561	0.006071	0.012429
551.0	0.010555	0.009422	0.014281	0.009506	0.011122	0.008235	0.013172	0.007148	0.007202	0.009324	0.011297	0.011671	0.009677	0.009871	0.007538	0.007505	0.010816	0.012546	0.012697	0.014443
552.0	0.011874	0.009688	0.011098	0.009186	0.012816	0.010555	0.007069	0.008905	0.009040	0.010107	0.013301	0.011125	0.009830	0.010654	0.009054	0.006715	0.008331	0.010204	0.009608	0.012860
553.0	0.008294	0.008021	0.015548	0.009982	0.013231	0.011012	0.009144	0.006669	0.010673	0.011328	0.012387	0.007253	0.009509	0.012303	0.012367	0.010649	0.008513	0.006857	0.012202	0.008043
554.0	0.008898	0.005152	0.014007	0.012825	0.010607	0.009657	0.011925	0.010342	0.006837	0.011787	0.010626	0.009727	0.008090	0.009185	0.013114	0.008899	0.013157	0.012999	0.008323	0.007768
555.0	0.007115	0.008280	0.011606	0.006186	0.011084	0.008063	0.012716	0.008723	0.011152	0.016698	0.007523	0.010979	0.012104	0.010460	0.011190	0.009534	0.012990	0.012700	0.011122	0.008838
556.0	0.012758	0.008539	0.012725	0.008436	0.007651	0.009769	0.008680	0.007734	0.012033	0.011019	0.009795	0.013161	0.008823	0.009528	0.012374	0.008132	0.012564	0.011233	0.013047	0.011158
557.0	0.008095	0.010068	0.014242	0.009771	0.009090	0.010204	0.011257	0.008738	0.012200	0.008097	0.009391	0.009996	0.011120	0.008603	0.013997	0.010773	0.010444	0.010089	0.013085	0.012429
558.0	0.013671	0.007747	0.012263	0.011748	0.011045	0.007306	0.006316	0.011795	0.010119	0.012962	0.011015	0.008037	0.008937	0.007692	0.015046	0.010758	0.014472	0.007755	0.009753	0.011121
559.0	0.007874	0.011339	0.014406	0.013981	0.008744	0.012479	0.012792	0.009620	0.012018	0.008285	0.006815	0.010180	0.012494	0.011042	0.011326	0.010959	0.010261	0.008431	0.013792	0.009188
560.0	0.009414	0.008836	0.008439	0.009436	0.010691	0.008729	0.014084	0.006198	0.009549	0.010657	0.008392	0.009059	0.008449	0.008886	0.013167	0.011277	0.008604	0.013713	0.009646	0.010199
561.0	0.007786	0.011149	0.008822	0.007334	0.010145	0.008010	0.010907	0.010571	0.011524	0.014077	0.006327	0.007553	0.005564	0.011714	0.009288	0.009875	0.010732	0.012109	0.009700	0.011016
562.0	0.010069	0.007778	0.010801	0.010709	0.013524	0.007209	0.009182	0.008335	0.010294	0.010642	0.012836	0.009366	0.010608	0.012893	0.013763	0.010448	0.009281	0.009820	0.006048	0.013462
563.0	0.008412	0.006826	0.010011	0.008748	0.012746	0.012704	0.009668	0.011628	0.012109	0.011862	0.009726	0.004771	0.008914	0.009461	0.010299	0.008953	0.014997	0.009106	0.010932	0.010006
564.0	0.009222	0.010091	0.013139	0.007545	0.013685	0.009425	0.012724	0.009719	0.012952	0.007238	0.008911	0.006531	0.009609	0.012684	0.011763	0.006095	0.015164	0.011694	0.009616	0.007396
565.0	0.009649	0.009939	0.008493	0.011943	0.011969	0.009762	0.013734	0.008236	0.009048	0.009964	0.006769	0.006815	0.006212	0.011027	0.005946	0.009294	0.010041	0.008546	0.009334	0.008006
566.0	0.011425	0.005913	0.009862	0.010263	0.008905	0.008864	0.010755	0.007156	0.012899	0.009038	0.008857	0.009781	0.009021	0.014109	0.014231	0.008248	0.008201	0.012531	0.012149	0.010652
567.0	0.004545	0.010738	0.012795	0.010709	0.005850	0.008856	0.010086	0.006563	0.010468	0.010552	0.008979	0.008137	0.007563	0.010431	0.012676	0.010471	0.010200	0.010189	0.009897	0.012525
568.0	0.007152	0.008478	0.013342	0.011779	0.010191	0.011761	0.009881	0.008418	0.012041	0.006666	0.011213	0.007215	0.011242	0.005797	0.014163	0.007427	0.009075	0.009275	0.011776	0.008653
569.0	0.010983	0.006355	0.013342	0.010178	0.010006	0.012472	0.009250	0.009894	0.011076	0.011034	0.009566	0.006969	0.006884	0.007536	0.012442	0.010115	0.009030	0.008546	0.012043	0.008370
570.0	0.011623	0.008874	0.012983	0.010943	0.010799	0.010510	0.007365	0.014867	0.008030	0.010672	0.011312	0.007138	0.009685	0.011139	0.010111	0.008016	0.003922	0.012032	0.013648	0.010288
571.0	0.007594	0.008744	0.014062	0.008522	0.009044	0.007082	0.007912	0.009057	0.011038	0.008842	0.010344	0.010680	0.008678	0.007871	0.010450	0.011044	0.005792	0.010174	0.008543	0.009790
572.0	0.008508	0.010342	0.014007	0.012911	0.010045	0.006341	0.009638	0.007513	0.012018	0.009897	0.008857	0.009981	0.008555	0.008118	0.008217	0.010425	0.009212	0.013974	0.010803	0.009493
573.0	0.007543	0.007405	0.011051	0.010920	0.013023	0.005839	0.007715	0.007255	0.010081	0.009693	0.009498	0.009189	0.009288	0.010819	0.008949	0.007753	0.004971	0.007425	0.011617	0.007084
574.0	0.010062	0.008310	0.009471	0.013669	0.010522	0.004716	0.009888	0.011384	0.013135	0.009753	0.010039	0.010695	0.006541	0.010580	0.012925	0.011130	0.007289	0.007571	0.010110	0.008028
575.0	0.009539	0.007458	0.012615	0.011638	0.012585	0.007396	0.009904	0.006152	0.010278	0.012563	0.007897	0.014245	0.006999	0.013340	0.009734	0.014011	0.009509	0.007164	0.009182	0.011225
576.0	0.013627	0.008166	0.013984	0.008209	0.011984	0.011334	0.009166	0.008297	0.009754	0.008722	0.011129	0.012109	0.007869	0.015855	0.011009	0.008310	0.011052	0.008937	0.009053	0.008340
577.0	0.012006	0.009848	0.013030	0.012529	0.010329	0.009590	0.009706	0.007339	0.010126	0.007245	0.011205	0.007783	0.010227	0.010043	0.011537	0.009867	0.007981	0.011379	0.008931	0.010399
578.0	0.014923	0.006872	0.014273	0.007522	0.008151	0.010121	0.007738	0.010745	0.009367	0.014016	0.011228	0.011371	0.007899	0.015840	0.012495	0.009077	0.009106	0.011418	0.014180	0.011745
579.0	0.010909	0.010639	0.014187	0.009053	0.009606	0.009283	0.009151	0.010905	0.011053	0.011380	0.012714	0.009827	0.009135	0.013669	0.006866	0.010866	0.008467	0.008630	0.012263	0.011856
580.0	0.011962	0.007268	0.013155	0.012810	0.007512	0.007778	0.009227	0.008753	0.013872	0.012608	0.012188	0.005855	0.009601	0.011475	0.008187	0.010758	0.010086	0.010573	0.009342	0.012511
581.0	0.012220	0.002915	0.008877	0.009803	0.015617	0.010840	0.008984	0.010920	0.010430	0.010620	0.012852	0.009112	0.010845	0.013131	0.010088	0.013197	0.011751	0.013898	0.011411	0.013365
582.0	0.007476	0.005213	0.013569	0.007623	0.012923	0.012846	0.007699	0.012061	0.010590	0.013534	0.013240	0.012370	0.011975	0.010528	0.010933	0.010634	0.010603	0.012254	0.017117	0.012117
583.0	0.013237	0.006804	0.013804	0.007264	0.011784	0.010323	0.011044	0.007894	0.011152	0.011855	0.011975	0.013338	0.008746	0.013348	0.010911	0.007575	0.011819	0.013752	0.013062	0.008348
584.0	0.011587	0.007915	0.013256	0.012349	0.008336	0.010563	0.011933	0.010654	0.015140	0.012600	0.009330	0.011725	0.008807	0.011005	0.008904	0.011494	0.010816	0.011917	0.014492	0.012466
585.0	0.013907	0.010167	0.014742	0.009959	0.013093	0.009238	0.013491	0.007088	0.011555	0.007712	0.008027	0.011663	0.011700	0.011013	0.011039	0.010587	0.012298	0.010542	0.013975	0.014376
586.0	0.012927	0.010746	0.016463	0.010716	0.013070	0.015040	0.007950	0.012107	0.013112	0.010687	0.016038	0.016112	0.008189	0.011229	0.009952	0.013856	0.017018	0.011755	0.017018	0.013150
587.0	0.014555	0.016324	0.015110	0.011755	0.012208	0.013797	0.010725	0.012358	0.010339	0.012902	0.012623	0.012985	0.013005	0.015221	0.013544	0.012748	0.011234	0.009844	0.009152	0.011284
588.0	0.012272	0.009726	0.013952	0.010076	0.014632	0.014942	0.008566	0.012244	0.012253	0.008217	0.009216	0.009051	0.009105	0.010289	0.014789	0.009356	0.009205	0.009068	0.009814	0.013306
589.0	0.015520	0.007260	0.010496	0.008998	0.012877	0.011461	0.012572	0.010175	0.012694	0.009625	0.012120	0.013976	0.010799	0.018645	0.010782	0.007993	0.010732	0.007617	0.011875	0.012563
590.0	0.014828	0.008592	0.009839	0.010295	0.010853	0.014081	0.011089	0.009019	0.007809	0.012382	0.013126	0.010480	0.008181	0.013534	0.012518	0.009309	0.011812	0.015011	0.013975	0.010801
591.0	0.013480	0.008242	0.011278	0.010123	0.016664	0.014635	0.011059	0.009772	0.008873	0.011230	0.010237	0.010757	0.012303	0.012348	0.012510	0.010417	0.007829	0.009997	0.012598	0.016718
592.0	0.018039	0.006499	0.014500	0.011763	0.012639	0.009350	0.006886	0.008882	0.011425	0.012924	0.011464	0.014452	0.009296	0.012229	0.014223	0.010030	0.009060	0.010819	0.014561	0.011046
593.0	0.011903	0.010320	0.015040	0.013146	0.015533	0.010847	0.014510	0.015590	0.011972	0.016886	0.012272	0.012578	0.014905	0.011751	0.014540	0.010510	0.008863	0.011287	0.020358	0.012838
594.0	0.009016	0.009772	0.014445	0.008280	0.015987	0.010458	0.012541	0.012989	0.012322	0.011862	0.014795	0.011102	0.011822	0.013833	0.010111	0.009821	0.014578	0.006849	0.013800	0.015053
595.0	0.010283	0.013333	0.010386	0.012193	0.013493	0.009545	0.015103	0.009399	0.013902	0.009595	0.013492	0.013377	0.010586	0.015668	0.015800	0.008543	0.011667	0.011625	0.008619	0.007144
596.0	0.012662	0.012192	0.010769	0.010966	0.011954	0.006431	0.011743	0.012540	0.014814	0.011591	0.012859	0.016488	0.010639	0.012050	0.013801	0.009348	0.009129	0.011141	0.015512	0.011529
597.0	0.011196	0.009490	0.016862	0.010045	0.010445	0.006835	0.007654	0.007681	0.011228	0.009219	0.006372	0.015520	0.007113	0.016332	0.010896	0.010812	0.008186	0.012301	0.014325	0.010793
598.0	0.011579	0.010335	0.014164	0.012599	0.009775	0.008766	0.012245	0.012434	0.011061	0.008699	0.009551	0.012186	0.011547	0.012348	0.017603	0.009395	0.010976	0.009483	0.014584	0.012302
599.0	0.012625	0.010183	0.013389	0.014958	0.016202	0.011087	0.014038	0.009521	0.012990	0.013188	0.010222	0.012508	0.007647	0.009431	0.013250	0.016063	0.010299	0.010880	0.013739	0.009567
600.0	0.012684	0.008447	0.010613	0.015637	0.013100	0.017502	0.008543	0.013080	0.012056	0.010469	0.009604	0.013615	0.011768	0.013303	0.009153	0.010758	0.010193	0.010742	0.011754	0.006742
601.0	0.013310	0.009406	0.015845	0.010310	0.012816	0.013190	0.011044	0.005407	0.012846	0.012284	0.011152	0.012339	0.011509	0.012042	0.009032	0.006947	0.010307	0.011302	0.010559	0.014109
602.0	0.009959	0.012976	0.014476	0.008873	0.012923	0.011424	0.010519	0.006251	0.010438	0.009452	0.013050	0.013154	0.011478	0.014765	0.014042	0.011029	0.009524	0.011487	0.011487	0.011269
603.0	0.011903	0.006317	0.010715	0.012372	0.012184	0.013445	0.007525	0.008525	0.010689	0.012894	0.010283	0.012516	0.009120	0.011863	0.009975	0.009921	0.009577	0.012615	0.010902	0.009441
604.0	0.011675	0.006370	0.014719	0.013489	0.009744	0.011431	0.010580	0.011369	0.012816	0.012796	0.013835	0.007338	0.014058	0.009379	0.010541	0.011114	0.010140	0.011786	0.009821	0.008192
605.0	0.009554	0.012877	0.008736	0.010638	0.013239	0.012816	0.007943	0.008403	0.016287	0.011252	0.010085	0.011463	0.010547	0.009774	0.011212	0.009278	0.010732	0.014596	0.008178	0.010481
606.0	0.012979	0.010662	0.012936	0.010123	0.013277	0.013789	0.007532	0.007871	0.012140	0.010025	0.014033	0.008352	0.008777	0.012878	0.012548	0.014483	0.013020	0.010865	0.009426	0.009626
607.0	0.010725	0.011994	0.012748	0.009865	0.009475	0.011588	0.005921	0.008046	0.011760	0.010868	0.008705	0.010657	0.010631	0.016832	0.015566	0.011230	0.010725	0.009022	0.010947	0.007612
608.0	0.009252	0.009429	0.011434	0.008123	0.014478	0.009088	0.009364	0.006380	0.009655	0.011267	0.010123	0.008959	0.007968	0.011751	0.013763	0.009596	0.010117	0.012969	0.010742	0.010570
609.0	0.012279	0.010243	0.010230	0.013997	0.011723	0.013797	0.009934	0.008730	0.009625	0.012382	0.010092	0.009158	0.006090	0.012863	0.012616	0.009147	0.006962	0.010427	0.016660	0.008682
610.0	0.011086	0.008638	0.011637	0.010677	0.012269	0.009829	0.009425	0.011666	0.008858	0.010092	0.010207	0.012562	0.005838	0.010781	0.012405	0.009914	0.010535	0.011817	0.013564	0.009292
611.0	0.007351	0.013333	0.012576	0.010232	0.011199	0.013834	0.012534	0.011620	0.010164	0.015380	0.013675	0.011771	0.011227	0.011192	0.011605	0.007846	0.011455	0.009936	0.014378	0.011708
612.0	0.011439	0.007823	0.009878	0.009803	0.008013	0.012322	0.011067	0.009004	0.010810	0.012977	0.006997	0.010057	0.008853	0.013318	0.012344	0.009960	0.011416	0.014635	0.012240	0.008132
613.0	0.009230	0.008257	0.014101	0.015669	0.011076	0.008938	0.013582	0.007764	0.010415	0.010205	0.007180	0.015052	0.010326	0.012229	0.010405	0.007915	0.011074	0.010066	0.014972	0.009745
614.0	0.009252	0.008995	0.011317	0.011568	0.012246	0.009792	0.011013	0.005141	0.010704	0.009490	0.008758	0.016235	0.007762	0.014161	0.012593	0.011153	0.009805	0.006695	0.014926	0.012503
615.0	0.009178	0.007519	0.007860	0.008295	0.014178	0.008190	0.009980	0.010380	0.009754	0.011448	0.010717	0.012670	0.014066	0.011408	0.008858	0.011912	0.006757	0.011970	0.012758	0.008504
616.0	0.011557	0.007785	0.013874	0.011318	0.010676	0.008901	0.012876	0.010244	0.011988	0.010228	0.006586	0.011548	0.013470	0.017332	0.009960	0.007497	0.009889	0.008492	0.010278	0.009589
617.0	0.011263	0.009810	0.013937	0.010443	0.011776	0.008482	0.007791	0.009179	0.010415	0.012021	0.007196	0.011072	0.012127	0.013400	0.011401	0.008148	0.006719	0.010366	0.011054	0.009024
618.0	0.012765	0.011735	0.014797	0.007998	0.012985	0.008010	0.009721	0.008974	0.014646	0.016276	0.009307	0.009281	0.012936	0.017914	0.015913	0.007637	0.014867	0.010550	0.010947	0.011782
619.0	0.010666	0.010807	0.010855	0.008069	0.010653	0.013370	0.008346	0.010898	0.010719	0.009475	0.009940	0.009735	0.009593	0.013020	0.012314	0.008791	0.011614	0.012592	0.011434	0.008809
620.0	0.008773	0.009635	0.013428	0.014099	0.013316	0.007763	0.009835	0.008821	0.014191	0.008646	0.010839	0.009343	0.009242	0.010110	0.012186	0.013763	0.010368	0.011272	0.010445	0.010920
621.0	0.009701	0.004406	0.013733	0.014489	0.008482	0.008714	0.009554	0.008251	0.012474	0.011109	0.008331	0.006477	0.007876	0.011102	0.008798	0.009666	0.013393	0.010965	0.009433	0.009634
622.0	0.011940	0.009193	0.010738	0.011380	0.011138	0.008804	0.012853	0.009582	0.014662	0.008684	0.009665	0.007960	0.008258	0.012378	0.009605	0.009255	0.010641	0.010496	0.010582	0.012942
623.0	0.011925	0.011073	0.009354	0.012411	0.012077	0.012180	0.007023	0.010236	0.013021	0.012728	0.013103	0.012816	0.006968	0.015280	0.013552	0.009426	0.012025	0.013614	0.011130	0.010927
624.0	0.012669	0.007823	0.008783	0.013138	0.010360	0.009560	0.010702	0.005962	0.014327	0.011990	0.009894	0.013784	0.010402	0.012057	0.011937	0.009472	0.011196	0.008339	0.012773	0.012957
625.0	0.012338	0.010145	0.012873	0.013185	0.011553	0.011102	0.008824	0.010898	0.015930	0.010868	0.005061	0.011632	0.008243	0.008140	0.017060	0.011315	0.008657	0.008438	0.013450	0.011373
626.0	0.014680	0.009094	0.012904	0.014427	0.009544	0.012315	0.011887	0.011772	0.011494	0.010943	0.006258	0.012516	0.007678	0.009401	0.013491	0.011470	0.012572	0.010542	0.012119	0.012429
627.0	0.011638	0.011256	0.014367	0.011716	0.016387	0.009620	0.014038	0.008190	0.009579	0.012683	0.013705	0.009911	0.011013	0.015885	0.009319	0.014452	0.014563	0.013184	0.014173	0.013470
628.0	0.018069	0.010464	0.013436	0.012271	0.019296	0.012599	0.010877	0.012221	0.012876	0.014092	0.010458	0.013354	0.014875	0.014280	0.013001	0.008945	0.015483	0.011379	0.013853	0.011247
629.0	0.016257	0.011317	0.013757	0.012224	0.016972	0.013438	0.013795	0.014091	0.014707	0.015960	0.011952	0.014460	0.014760	0.013684	0.011129	0.011974	0.013879	0.011886	0.013579	0.013566
630.0	0.012596	0.013950	0.016479	0.011599	0.016595	0.011192	0.011735	0.010160	0.014137	0.013986	0.016419	0.014130	0.018897	0.013699	0.014955	0.012307	0.013218	0.010166	0.009296	0.012221
631.0	0.016072	0.011499	0.015478	0.013856	0.015309	0.009575	0.011082	0.013635	0.013006	0.014114	0.012181	0.015612	0.015768	0.013512	0.011695	0.015420	0.014464	0.014635	0.015185	0.012942
632.0	0.012124	0.016347	0.016979	0.021488	0.016918	0.011626	0.017383	0.012259	0.014016	0.013813	0.015138	0.010757	0.012349	0.012967	0.019860	0.013476	0.017132	0.013084	0.017261	0.013588
633.0	0.014540	0.011613	0.018598	0.016950	0.016718	0.013355	0.017930	0.011993	0.013195	0.018076	0.015969	0.012554	0.012501	0.016310	0.014834	0.014638	0.019572	0.012692	0.015717	0.019141
634.0	0.018452	0.013006	0.020874	0.016536	0.018288	0.016634	0.015832	0.018822	0.021461	0.018317	0.011868	0.012086	0.017004	0.017951	0.023708	0.015699	0.018417	0.015088	0.015337	0.019037
635.0	0.017597	0.016164	0.019834	0.016621	0.016933	0.021859	0.012374	0.016723	0.019592	0.015741	0.015176	0.013000	0.018752	0.016564	0.024945	0.018247	0.022651	0.015894	0.019848	0.022962
636.0	0.020595	0.017169	0.020960	0.020808	0.019651	0.019396	0.021267	0.019164	0.014297	0.020102	0.015840	0.022742	0.019202	0.021846	0.023466	0.023762	0.027029	0.022006	0.019962	0.018725
637.0	0.020418	0.018995	0.025825	0.023214	0.026116	0.025198	0.023372	0.023491	0.019402	0.026504	0.020817	0.019124	0.019500	0.022794	0.024711	0.027626	0.021814	0.024240	0.027425	0.020368
638.0	0.023704	0.021743	0.025207	0.025315	0.028163	0.020070	0.023669	0.020335	0.019106	0.022610	0.019247	0.021913	0.022667	0.027419	0.029231	0.020563	0.026557	0.024985	0.022503	0.023512
639.0	0.028491	0.027199	0.028750	0.024893	0.020359	0.021305	0.026063	0.025810	0.029513	0.030044	0.023615	0.024448	0.026933	0.020130	0.028673	0.030779	0.019899	0.028663	0.025166	0.023364
640.0	0.029626	0.029246	0.032949	0.028432	0.024146	0.022967	0.025249	0.027613	0.032028	0.035037	0.026519	0.031325	0.028521	0.025823	0.027103	0.029748	0.025721	0.034038	0.027486	0.026396
641.0	0.029670	0.033280	0.039362	0.034368	0.037462	0.026516	0.025538	0.027004	0.024408	0.031625	0.031473	0.031916	0.032283	0.029135	0.036308	0.035170	0.030077	0.041478	0.031358	0.034380
642.0	0.033058	0.040007	0.039081	0.041632	0.038531	0.036397	0.034743	0.032069	0.030524	0.034472	0.036619	0.038885	0.036282	0.034821	0.037486	0.040026	0.034835	0.044042	0.047296	0.035056
643.0	0.041080	0.047123	0.050538	0.047529	0.039694	0.041009	0.038459	0.035347	0.040452	0.043684	0.044013	0.050610	0.039816	0.044468	0.047483	0.043240	0.044830	0.042622	0.050423	0.043226
644.0	0.047591	0.049391	0.050585	0.050950	0.044774	0.050509	0.046835	0.050533	0.052220	0.052556	0.050781	0.049741	0.049722	0.049101	0.054440	0.050714	0.051519	0.050984	0.052324	0.043107
645.0	0.057565	0.051369	0.060330	0.056972	0.063724	0.058025	0.061231	0.059134	0.055342	0.060110	0.060149	0.055781	0.063315	0.060024	0.052848	0.063548	0.053883	0.056443	0.063721	0.052206
646.0	0.062146	0.068196	0.058438	0.074648	0.075354	0.077039	0.072488	0.064343	0.068112	0.069615	0.066186	0.071477	0.076228	0.068634	0.071312	0.065739	0.063619	0.058186	0.067768	0.065184
647.0	0.082351	0.077861	0.075260	0.079257	0.080280	0.086098	0.086093	0.076032	0.086648	0.081515	0.077750	0.089379	0.082105	0.085795	0.076971	0.080362	0.084324	0.072314	0.079339	0.081888
648.0	0.087360	0.085167	0.095986	0.110188	0.098368	0.096878	0.104031	0.097020	0.093409	0.097181	0.086897	0.096294	0.090652	0.087436	0.091835	0.086248	0.086984	0.087824	0.099651	0.097944
649.0	0.111226	0.115988	0.113974	0.129793	0.115148	0.110502	0.112315	0.108732	0.111641	0.121132	0.102752	0.106820	0.120951	0.115938	0.113943	0.108089	0.108191	0.104025	0.119354	0.118535
650.0	0.127357	0.140950	0.136810	0.144634	0.140240	0.133035	0.138158	0.126679	0.132380	0.144103	0.126458	0.132098	0.131331	0.130337	0.137032	0.134964	0.133274	0.134047	0.140503	0.127752
651.0	0.168606	0.164466	0.161368	0.165254	0.155403	0.157440	0.165064	0.163790	0.171047	0.169937	0.160531	0.162908	0.159722	0.168911	0.160347	0.157192	0.159877	0.159539	0.159218	0.162615
652.0	0.189305	0.180524	0.195232	0.181188	0.197429	0.188807	0.197063	0.194665	0.187076	0.187410	0.184846	0.187879	0.179107	0.190623	0.184115	0.200719	0.192256	0.188255	0.194517	0.182240
653.0	0.207204	0.214313	0.219086	0.231022	0.223291	0.215233	0.226706	0.225616	0.217919	0.229135	0.227533	0.213387	0.221388	0.215692	0.230218	0.229453	0.230185	0.226877	0.230652	0.219036
654.0	0.254935	0.252137	0.269452	0.274372	0.266241	0.253861	0.262581	0.247593	0.260005	0.250751	0.262749	0.251880	0.264890	0.264189	0.260022	0.272824	0.263856	0.262274	0.260930	0.238958
655.0	0.282705	0.296124	0.299406	0.319128	0.300877	0.293837	0.298456	0.290484	0.302850	0.279974	0.295068	0.303205	0.296715	0.293884	0.293147	0.317900	0.293804	0.301356	0.307108	0.306379
656.0	0.346052	0.346656	0.372140	0.366852	0.360837	0.347662	0.356982	0.327975	0.344328	0.354537	0.336687	0.357295	0.333959	0.339994	0.351246	0.351513	0.330820	0.340131	0.343928	0.350906
657.0	0.375810	0.386763	0.407334	0.407937	0.407405	0.368997	0.377427	0.374439	0.393935	0.378865	0.381355	0.409234	0.394786	0.386625	0.401725	0.394421	0.383190	0.381517	0.384096	0.381532
658.0	0.423910	0.418498	0.461455	0.444727	0.442734	0.425218	0.426300	0.429725	0.436476	0.437536	0.443022	0.442195	0.438975	0.435719	0.434623	0.427879	0.431379	0.437107	0.439326	0.425985
659.0	0.472083	0.488360	0.491174	0.505261	0.484683	0.463397	0.485661	0.486000	0.474232	0.478282	0.486013	0.493596	0.480340	0.486454	0.472652	0.504322	0.469764	0.478877	0.475462	0.490136
660.0	0.509502	0.532728	0.553037	0.539863	0.554572	0.521639	0.521385	0.523491	0.513659	0.530703	0.542648	0.523484	0.523308	0.520925	0.524111	0.559931	0.532319	0.517729	0.526813	0.530946
661.0	0.555097	0.563626	0.596991	0.617737	0.578895	0.602114	0.579758	0.566685	0.588486	0.588395	0.585639	0.583337	0.585737	0.583747	0.599641	0.608646	0.600499	0.576544	0.580065	0.557706
662.0	0.599735	0.641707	0.654083	0.656557	0.655480	0.630337	0.603852	0.622276	0.634522	0.634263	0.615596	0.634507	0.647556	0.632617	0.647705	0.644506	0.636527	0.609331	0.626167	0.591529
663.0	0.662640	0.700078	0.707187	0.730526	0.697429	0.670088	0.677959	0.678626	0.683217	0.679001	0.660264	0.680299	0.698309	0.664476	0.700070	0.679590	0.703262	0.686881	0.668997	0.674412
664.0	0.716853	0.736227	0.744727	0.748647	0.710129	0.716427	0.724095	0.742353	0.748929	0.712517	0.740377	0.727321	0.727463	0.719538	0.722782	0.730010	0.729637	0.722738	0.730770	0.720872
665.0	0.743665	0.772452	0.820120	0.814883	0.775246	0.761194	0.787941	0.787069	0.765262	0.771038	0.804101	0.791015	0.803096	0.779152	0.780429	0.794758	0.800097	0.778866	0.785468	0.768075
666.0	0.813642	0.831052	0.893636	0.874245	0.838362	0.809853	0.830505	0.862355	0.833632	0.810202	0.826206	0.821748	0.830571	0.818696	0.821174	0.848973	0.862424	0.818025	0.831113	0.834233
667.0	0.871096	0.882802	0.907714	0.919548	0.882235	0.878725	0.907272	0.889732	0.854143	0.862924	0.873466	0.866311	0.889337	0.838095	0.873992	0.896992	0.891308	0.914771	0.886648	0.860993
668.0	0.922658	0.900305	0.939779	0.947667	0.916102	0.890703	0.923993	0.932318	0.889848	0.922424	0.933684	0.956205	0.925207	0.913452	0.928319	0.947334	0.915630	0.951627	0.920121	0.906338
669.0	0.972746	0.968037	0.980448	0.983597	0.991533	0.952089	0.934634	0.929276	0.924033	0.908114	0.980181	0.954669	0.971762	0.952249	0.950200	0.956628	0.945274	0.958537	0.953594	0.941275
670.0	1.000000	0.949772	0.972627	1.000000	0.959975	0.976793	0.970357	0.978707	0.992403	0.972133	0.971034	0.990012	0.942760	0.950757	1.000000	0.995353	0.957435	0.963912	0.961962	0.934585
671.0	0.958751	1.000000	1.000000	0.994532	0.971521	0.969307	1.000000	0.996198	0.990124	0.961589	0.993140	0.993853	0.980920	1.000000	0.983400	0.989157	1.000000	1.000000	1.000000	0.980673
672.0	0.955804	1.000000	0.985140	0.997657	0.999230	1.000000	0.971117	1.000000	1.000000	0.961589	1.000000	1.000000	1.000000	0.975378	0.955482	1.000000	0.987839	0.976965	0.980220	1.000000
673.0	0.930760	0.979452	0.981230	0.973443	1.000000	0.954335	0.987839	0.981749	0.973412	1.000000	0.975608	0.972340	0.980920	0.976125	0.978873	0.974442	0.979478	0.970823	0.986306	0.960602
674.0	0.952121	0.942923	0.955421	0.972662	0.979218	0.931128	0.957436	0.942965	0.959737	0.956316	0.987042	0.932387	0.956498	0.965679	0.939637	0.931844	0.952115	0.960073	0.953594	0.943505
675.0	0.871833	0.917809	0.935869	0.932046	0.937654	0.925888	0.935394	0.944486	0.924793	0.902089	0.922250	0.929314	0.951919	0.873162	0.912473	0.931070	0.914870	0.913236	0.924686	0.927895
676.0	0.882882	0.876713	0.928830	0.921110	0.869150	0.879474	0.870788	0.885169	0.879972	0.881753	0.870417	0.880909	0.914522	0.853017	0.871728	0.899315	0.872305	0.914004	0.875998	0.872144
677.0	0.775339	0.824963	0.842800	0.846907	0.862223	0.798624	0.798582	0.835739	0.831353	0.831291	0.837640	0.849408	0.835150	0.830634	0.806083	0.823415	0.821380	0.837989	0.841003	0.794092
678.0	0.719726	0.774735	0.795875	0.782858	0.797568	0.753707	0.752978	0.758171	0.784254	0.761247	0.782758	0.772575	0.761883	0.737519	0.751756	0.795533	0.759813	0.741089	0.806008	0.755438
679.0	0.680318	0.700687	0.717667	0.731853	0.711592	0.691648	0.691640	0.719235	0.705400	0.704458	0.702264	0.708497	0.685029	0.711406	0.715840	0.723659	0.699614	0.688954	0.705057	0.697679
680.0	0.645404	0.623062	0.651346	0.664290	0.634621	0.642539	0.639499	0.619842	0.657844	0.628991	0.665142	0.659939	0.653662	0.620828	0.646649	0.664643	0.661838	0.652482	0.650435	0.647429
681.0	0.587360	0.589577	0.606297	0.628594	0.591133	0.562662	0.600432	0.584328	0.616366	0.594872	0.636558	0.607078	0.595354	0.589268	0.586587	0.622123	0.593430	0.597353	0.600529	0.591008
682.0	0.532852	0.552134	0.554836	0.550017	0.542411	0.537060	0.550495	0.551780	0.539564	0.548252	0.550347	0.538005	0.540327	0.545919	0.545918	0.564035	0.516205	0.549133	0.549103	0.536372
683.0	0.475250	0.485088	0.485700	0.490186	0.497460	0.491095	0.487181	0.496646	0.496338	0.486115	0.493330	0.505275	0.489041	0.504137	0.494684	0.502385	0.500547	0.488859	0.491818	0.494075
684.0	0.413671	0.443079	0.450506	0.447070	0.434267	0.431057	0.439221	0.441588	0.440351	0.441377	0.444927	0.433129	0.436762	0.439226	0.429039	0.454986	0.450154	0.445861	0.429817	0.421524
685.0	0.385754	0.399624	0.405536	0.398721	0.391857	0.390782	0.404562	0.392690	0.393175	0.386170	0.381965	0.392484	0.401960	0.379686	0.392369	0.416416	0.397024	0.408391	0.369870	0.381309
686.0	0.341411	0.347189	0.358298	0.363337	0.367380	0.343619	0.342692	0.364477	0.353368	0.347910	0.368397	0.357910	0.339683	0.343426	0.359848	0.363286	0.352862	0.362936	0.337538	0.347338
687.0	0.277475	0.324510	0.323025	0.308193	0.321275	0.313076	0.311073	0.309571	0.314473	0.299029	0.326702	0.317265	0.312742	0.313880	0.317820	0.316119	0.322915	0.326080	0.322399	0.300730
688.0	0.263406	0.282502	0.296356	0.284448	0.285868	0.295858	0.291616	0.270179	0.276794	0.288334	0.283177	0.284381	0.273819	0.285752	0.293826	0.288702	0.275486	0.281853	0.285198	0.282444
689.0	0.239319	0.252745	0.268983	0.255860	0.262007	0.248995	0.268282	0.256643	0.257270	0.245705	0.252382	0.257182	0.244207	0.240985	0.251194	0.251216	0.260284	0.253674	0.258724	0.248175
690.0	0.205068	0.230828	0.242158	0.224539	0.218981	0.235595	0.229366	0.231015	0.234328	0.220474	0.227304	0.229599	0.230622	0.212335	0.218145	0.229995	0.248883	0.227645	0.226468	0.224760
691.0	0.204184	0.196429	0.212438	0.203918	0.207666	0.198464	0.206260	0.201585	0.213057	0.203904	0.203293	0.208624	0.200400	0.194204	0.197169	0.208464	0.230185	0.206146	0.210416	0.213684
692.0	0.182307	0.184329	0.193746	0.185953	0.191964	0.181021	0.191971	0.189265	0.194597	0.193887	0.187057	0.201555	0.181244	0.189205	0.204035	0.186313	0.193244	0.181729	0.186757	0.189896
693.0	0.166691	0.168728	0.175602	0.178611	0.179957	0.165226	0.176085	0.157782	0.175681	0.167752	0.178062	0.173972	0.166514	0.176521	0.187209	0.179962	0.173786	0.156621	0.175422	0.182240
694.0	0.145625	0.162487	0.170597	0.172128	0.155172	0.159910	0.154955	0.162573	0.142636	0.146212	0.159235	0.153765	0.153082	0.157645	0.157103	0.162923	0.168618	0.154932	0.160283	0.161426
695.0	0.140247	0.149398	0.165513	0.160880	0.143242	0.148382	0.158072	0.139226	0.148865	0.136571	0.143227	0.147695	0.146976	0.142424	0.160196	0.155101	0.159040	0.156621	0.153360	0.150796
696.0	0.131040	0.147115	0.144866	0.145961	0.139624	0.138351	0.133597	0.140899	0.135419	0.145534	0.140178	0.146236	0.138428	0.123622	0.152727	0.140928	0.148247	0.137195	0.128407	0.134368
697.0	0.121759	0.131590	0.127504	0.136276	0.132081	0.124651	0.130785	0.137782	0.125847	0.125726	0.131489	0.132483	0.135452	0.137948	0.142238	0.138991	0.126205	0.132588	0.125440	0.127901
698.0	0.118444	0.119109	0.124688	0.124794	0.132851	0.120459	0.123108	0.134664	0.119010	0.126705	0.130117	0.125030	0.117059	0.121310	0.131373	0.133415	0.126205	0.122299	0.130537	0.114669
699.0	0.121096	0.118728	0.123515	0.124013	0.135622	0.118438	0.111479	0.124778	0.120909	0.116914	0.117997	0.120036	0.119654	0.127278	0.122922	0.125128	0.129473	0.121915	0.121941	0.118535
700.0	0.117413	0.104573	0.115851	0.128699	0.125308	0.116416	0.123944	0.120519	0.124100	0.117968	0.114262	0.118653	0.124004	0.118997	0.111830	0.114285	0.108875	0.109400	0.116920	0.114967
701.0	0.117560	0.112868	0.113583	0.107766	0.110222	0.117614	0.109275	0.109644	0.118554	0.106294	0.118149	0.127488	0.118967	0.107880	0.121111	0.117228	0.110775	0.118537	0.111975	0.108648
702.0	0.104302	0.113173	0.122811	0.113546	0.116764	0.114769	0.108971	0.103865	0.110654	0.115257	0.109841	0.117884	0.111335	0.109148	0.121338	0.107934	0.105530	0.115389	0.105128	0.115859
703.0	0.108279	0.102442	0.110376	0.116046	0.113608	0.108331	0.099926	0.105614	0.108906	0.113449	0.116015	0.108741	0.095461	0.105194	0.119225	0.103519	0.106442	0.115082	0.113192	0.107161
704.0	0.094947	0.100692	0.099505	0.110422	0.110683	0.094781	0.101218	0.094207	0.111109	0.103056	0.094748	0.106974	0.108816	0.108924	0.110850	0.103984	0.101654	0.107327	0.104291	0.099877
705.0	0.100619	0.102594	0.105996	0.106048	0.108759	0.110278	0.104791	0.104701	0.106248	0.099742	0.104505	0.108050	0.113014	0.106462	0.104511	0.095774	0.103478	0.096500	0.111062	0.094004
706.0	0.100250	0.102442	0.106074	0.100424	0.098522	0.106759	0.105399	0.103561	0.105488	0.098009	0.094291	0.107742	0.101261	0.098553	0.105568	0.105301	0.104314	0.099802	0.102161	0.096978
707.0	0.100324	0.098256	0.102008	0.097300	0.098676	0.097701	0.094226	0.094815	0.095232	0.094394	0.096501	0.094988	0.106679	0.107357	0.100211	0.100809	0.086984	0.101414	0.099042	0.095863
708.0	0.091338	0.089200	0.105996	0.099565	0.104834	0.091038	0.095062	0.091165	0.095156	0.101625	0.092156	0.100904	0.091873	0.099374	0.099531	0.095697	0.086072	0.097268	0.102542	0.096234
709.0	0.083456	0.093614	0.106544	0.101205	0.100216	0.094557	0.092326	0.091469	0.094017	0.095599	0.090784	0.090378	0.097140	0.097807	0.094476	0.102048	0.088732	0.100339	0.095391	0.091179
710.0	0.092958	0.100007	0.102790	0.096441	0.092826	0.091862	0.094150	0.087515	0.100018	0.088218	0.085601	0.090686	0.095079	0.094897	0.082705	0.088881	0.089949	0.093966	0.093489	0.095193
711.0	0.087876	0.090494	0.093014	0.106438	0.086823	0.084675	0.088297	0.087667	0.096372	0.089951	0.088421	0.088457	0.093247	0.087660	0.092514	0.085164	0.093977	0.090434	0.087403	0.085604
712.0	0.086844	0.086461	0.090433	0.089411	0.086130	0.084001	0.089665	0.081431	0.093789	0.082193	0.084686	0.085845	0.085157	0.084004	0.088364	0.083073	0.091317	0.086442	0.089381	0.087686
713.0	0.087139	0.087145	0.088556	0.090739	0.095289	0.090365	0.091870	0.082572	0.094701	0.082569	0.086592	0.091377	0.085997	0.085273	0.080743	0.080207	0.086984	0.089206	0.096075	0.083969
714.0	0.083235	0.088744	0.089885	0.080116	0.092749	0.083253	0.082065	0.083104	0.092573	0.083097	0.081714	0.094604	0.084470	0.088555	0.079536	0.080594	0.082500	0.083985	0.090141	0.081739
715.0	0.088760	0.087298	0.083941	0.077382	0.097983	0.077039	0.076516	0.085537	0.082394	0.085883	0.082476	0.080236	0.088134	0.082810	0.089722	0.075095	0.082728	0.082295	0.085805	0.090436
716.0	0.079773	0.080981	0.082064	0.082693	0.089517	0.078013	0.086853	0.083484	0.090522	0.079557	0.083391	0.081389	0.079052	0.078408	0.078555	0.080207	0.084704	0.082833	0.084131	0.072967
717.0	0.081836	0.073904	0.075026	0.084724	0.089517	0.079510	0.082749	0.080746	0.077532	0.084001	0.081866	0.082157	0.074396	0.085049	0.080517	0.074476	0.081588	0.072160	0.085501	0.082631
718.0	0.079994	0.082199	0.070881	0.073164	0.082589	0.077189	0.075832	0.073066	0.081634	0.080611	0.084153	0.080621	0.076075	0.070574	0.074933	0.083847	0.073303	0.082679	0.082077	0.074454
719.0	0.074175	0.070403	0.078076	0.079179	0.079433	0.072099	0.068687	0.078845	0.081862	0.083398	0.066583	0.074935	0.078747	0.074230	0.079159	0.074785	0.084020	0.081067	0.072948	0.067690
720.0	0.066735	0.079535	0.069997	0.077929	0.076047	0.077339	0.074844	0.076260	0.080343	0.071950	0.069060	0.072860	0.077373	0.068560	0.070482	0.074166	0.076191	0.084061	0.077741	0.070960
721.0	0.067177	0.071392	0.064202	0.080350	0.072891	0.075243	0.066787	0.066526	0.075785	0.068335	0.073481	0.073552	0.077907	0.079602	0.072896	0.071920	0.073455	0.071239	0.074850	0.071109
722.0	0.070271	0.073295	0.074322	0.082225	0.073584	0.071799	0.070132	0.070480	0.075253	0.071121	0.067307	0.069557	0.080426	0.073857	0.073349	0.074011	0.066150	0.067400	0.072188	0.069845
723.0	0.068945	0.063744	0.071350	0.074492	0.064432	0.063340	0.068763	0.065347	0.072062	0.067732	0.068679	0.076395	0.067909	0.067888	0.069803	0.078348	0.061795	0.081988	0.073557	0.063556
724.0	0.061704	0.068652	0.068699	0.075508	0.069119	0.060308	0.061026	0.065606	0.070695	0.066143	0.066811	0.068481	0.065047	0.065792	0.070783	0.075405	0.061742	0.069857	0.072948	0.065058
725.0	0.064599	0.063759	0.063795	0.068845	0.067457	0.061775	0.064097	0.062290	0.066859	0.063612	0.064395	0.058808	0.070275	0.064479	0.064996	0.065158	0.062357	0.063330	0.063546	0.059765
726.0	0.057241	0.070479	0.068362	0.067665	0.065394	0.065361	0.056093	0.061377	0.064093	0.065202	0.064723	0.068865	0.065536	0.065217	0.065245	0.061147	0.063247	0.060512	0.060008	0.061899
727.0	0.069534	0.064733	0.070881	0.065533	0.062923	0.066035	0.065237	0.058815	0.062042	0.062746	0.068298	0.063894	0.063582	0.060838	0.059231	0.062037	0.068894	0.059000	0.062024	0.067021
728.0	0.058994	0.069185	0.067565	0.064166	0.064317	0.057823	0.062409	0.060039	0.074189	0.055463	0.059418	0.065707	0.064223	0.065523	0.059035	0.062843	0.059918	0.053441	0.062382	0.061958
729.0	0.056283	0.060532	0.063459	0.054817	0.054110	0.053406	0.058366	0.059294	0.065666	0.055004	0.066255	0.064762	0.059567	0.060935	0.057232	0.054223	0.058223	0.056036	0.061644	0.051596
730.0	0.054699	0.057808	0.055090	0.059402	0.055242	0.064081	0.057948	0.057689	0.056565	0.055064	0.056597	0.062918	0.057766	0.057689	0.056251	0.054254	0.055030	0.054139	0.054820	0.053090
731.0	0.051333	0.055997	0.056615	0.053676	0.056696	0.057037	0.059757	0.052974	0.055251	0.056457	0.052938	0.046822	0.055706	0.050392	0.050018	0.053309	0.048942	0.051129	0.056212	0.058487
732.0	0.051945	0.048394	0.055630	0.050208	0.052594	0.056108	0.050681	0.053560	0.048991	0.055584	0.049440	0.056979	0.044746	0.054928	0.058809	0.055276	0.051762	0.056174	0.055337	0.054071
733.0	0.051142	0.049832	0.050812	0.049349	0.053087	0.053383	0.062766	0.055659	0.049652	0.048489	0.046429	0.051885	0.043479	0.052653	0.053919	0.052147	0.050242	0.051744	0.054310	0.053008
734.0	0.054574	0.053828	0.049217	0.049208	0.051793	0.053308	0.046250	0.047697	0.057773	0.047434	0.052161	0.045969	0.050791	0.045953	0.051890	0.043689	0.046190	0.048396	0.047494	0.051239
735.0	0.053779	0.040350	0.048200	0.041483	0.048438	0.044355	0.050058	0.041811	0.048209	0.045077	0.045796	0.043049	0.040098	0.050362	0.050192	0.048569	0.044457	0.048642	0.044253	0.047783
736.0	0.042612	0.041111	0.054379	0.046037	0.048253	0.040260	0.048196	0.044852	0.051012	0.049016	0.040026	0.037356	0.038862	0.043670	0.046223	0.049002	0.044602	0.045048	0.044892	0.047076
737.0	0.037176	0.042831	0.042272	0.039281	0.040317	0.044782	0.046676	0.040092	0.045846	0.041612	0.039957	0.038547	0.044632	0.046288	0.039583	0.045022	0.037936	0.041601	0.041103	0.041970
738.0	0.038288	0.035867	0.038338	0.037539	0.040371	0.043509	0.047634	0.043833	0.045466	0.042810	0.039096	0.041958	0.039175	0.045595	0.041371	0.037625	0.039494	0.047644	0.035367	0.038238
739.0	0.035415	0.036080	0.043249	0.037875	0.037415	0.038523	0.040724	0.042244	0.037756	0.045943	0.038837	0.043579	0.044281	0.039320	0.047491	0.038407	0.030563	0.046384	0.036425	0.040282
740.0	0.034171	0.037214	0.038651	0.039812	0.032743	0.038059	0.044912	0.032054	0.040080	0.041710	0.042465	0.038040	0.035283	0.035455	0.035841	0.040158	0.035055	0.036234	0.040708	0.040869
741.0	0.033456	0.037656	0.045392	0.038609	0.040710	0.035499	0.035123	0.033423	0.036684	0.033629	0.039767	0.035512	0.037725	0.040096	0.035818	0.038779	0.038020	0.036157	0.038053	0.036945
742.0	0.035187	0.037953	0.037446	0.026877	0.037615	0.035926	0.035260	0.031134	0.033828	0.035339	0.039317	0.037418	0.031337	0.036597	0.030672	0.038129	0.033421	0.041800	0.032073	0.031124
743.0	0.033397	0.030571	0.037102	0.035719	0.034306	0.032931	0.032653	0.028890	0.037247	0.030511	0.031123	0.035612	0.034039	0.039036	0.034301	0.033985	0.032022	0.036072	0.037475	0.037457
744.0	0.031593	0.027564	0.034326	0.028166	0.036330	0.034968	0.030752	0.027301	0.035963	0.029072	0.032807	0.029135	0.031314	0.038290	0.031223	0.031143	0.029628	0.028916	0.033093	0.031117
745.0	0.027961	0.029010	0.032988	0.038984	0.031596	0.028290	0.031011	0.030662	0.040126	0.027867	0.033120	0.027698	0.036481	0.026815	0.031510	0.031421	0.026048	0.035865	0.034569	0.031139
746.0	0.031033	0.028668	0.037313	0.035852	0.030349	0.028934	0.033375	0.027141	0.029901	0.026594	0.027952	0.033199	0.031329	0.029658	0.029736	0.033009	0.028541	0.032141	0.032682	0.032648
747.0	0.027350	0.027831	0.032981	0.029338	0.025700	0.024232	0.023669	0.024388	0.029354	0.030624	0.028821	0.027560	0.027796	0.025972	0.031419	0.031344	0.023540	0.026052	0.024253	0.027504
748.0	0.026289	0.022534	0.031886	0.026744	0.025354	0.025849	0.030274	0.026662	0.027211	0.029607	0.024644	0.025654	0.024735	0.026591	0.026575	0.026519	0.026352	0.029078	0.025942	0.025958
749.0	0.026016	0.021788	0.031440	0.030290	0.028025	0.025842	0.025219	0.025704	0.020458	0.023973	0.020093	0.028182	0.027238	0.029240	0.022070	0.027007	0.020211	0.019902	0.026474	0.027660
750.0	0.025877	0.021393	0.028061	0.024714	0.023045	0.024068	0.024041	0.019476	0.025115	0.023152	0.024247	0.020514	0.020164	0.022980	0.022342	0.020331	0.023319	0.019894	0.023317	0.023609
751.0	0.023151	0.024330	0.023932	0.022761	0.022560	0.023057	0.023767	0.023255	0.020906	0.022158	0.022037	0.017864	0.024117	0.020197	0.022199	0.021322	0.021906	0.025653	0.023112	0.022063
752.0	0.024727	0.019863	0.021132	0.026073	0.021921	0.022990	0.023060	0.020913	0.022783	0.020343	0.019803	0.022197	0.017699	0.019033	0.020516	0.018123	0.022689	0.023219	0.021750	0.022412
753.0	0.019888	0.021438	0.024925	0.020363	0.019512	0.015736	0.018508	0.019742	0.021666	0.025653	0.022105	0.020560	0.017973	0.018227	0.020901	0.017031	0.017307	0.022098	0.020327	0.022918
754.0	0.019505	0.017496	0.015798	0.023144	0.019227	0.020549	0.016440	0.017164	0.019630	0.019748	0.016099	0.023326	0.017065	0.025390	0.015000	0.012725	0.015004	0.015664	0.018578	0.016636
755.0	0.015645	0.013158	0.021328	0.014388	0.017495	0.021343	0.013940	0.014358	0.013028	0.015184	0.013271	0.016865	0.016416	0.023517	0.021399	0.016961	0.020986	0.021484	0.014363	0.015952
756.0	0.015638	0.011796	0.019576	0.016325	0.016726	0.016395	0.013385	0.018510	0.015778	0.020110	0.016541	0.016411	0.016767	0.017280	0.016932	0.015095	0.014639	0.019526	0.017642	0.016094
757.0	0.016735	0.012070	0.016393	0.015036	0.017680	0.017727	0.016896	0.017194	0.017252	0.015470	0.013202	0.018885	0.013966	0.012826	0.014163	0.015033	0.016775	0.017299	0.016242	0.012221
758.0	0.014474	0.008950	0.014038	0.014122	0.014778	0.013782	0.013529	0.016517	0.014920	0.012646	0.014788	0.016135	0.015165	0.012333	0.013793	0.014251	0.015171	0.014965	0.014599	0.016168
759.0	0.016006	0.009657	0.013976	0.015434	0.009198	0.008654	0.009356	0.011939	0.011843	0.013662	0.015802	0.011179	0.016019	0.018198	0.014148	0.017171	0.015521	0.014197	0.014256	0.016911
760.0	0.010784	0.008333	0.010941	0.012091	0.010322	0.012008	0.008315	0.014274	0.009853	0.013308	0.010412	0.015236	0.012509	0.011997	0.012888	0.011145	0.013332	0.016216	0.012195	0.011039
761.0	0.011977	0.008797	0.013733	0.008772	0.011469	0.009552	0.015787	0.010806	0.016812	0.012653	0.008415	0.012009	0.014623	0.011199	0.011107	0.009983	0.010611	0.013790	0.013792	0.014332
762.0	0.009244	0.008630	0.012474	0.010709	0.008120	0.006341	0.010694	0.010920	0.013112	0.011870	0.009703	0.012900	0.009502	0.008080	0.011944	0.008767	0.011508	0.007079	0.010962	0.010139
763.0	0.007189	0.008607	0.012552	0.006608	0.011576	0.006281	0.009615	0.007285	0.011615	0.010258	0.006075	0.009934	0.008632	0.011124	0.012473	0.009162	0.008475	0.007233	0.010384	0.009106
764.0	0.009377	0.008934	0.010965	0.007053	0.010607	0.005053	0.006339	0.010882	0.009443	0.008970	0.005061	0.011325	0.009799	0.008513	0.010586	0.009898	0.008422	0.010650	0.010879	0.009976
765.0	0.014327	0.006088	0.008079	0.010623	0.010884	0.007134	0.007935	0.010297	0.009040	0.008383	0.006639	0.004210	0.010738	0.010714	0.011899	0.011966	0.007335	0.008722	0.007045	0.009716
766.0	0.009303	0.007618	0.009760	0.004062	0.009575	0.008182	0.005039	0.009818	0.009602	0.006515	0.009902	0.004787	0.007579	0.009028	0.010028	0.010549	0.007358	0.007978	0.007090	0.012459
767.0	0.008397	0.007154	0.008157	0.005077	0.006743	0.005689	0.004591	0.009886	0.007513	0.008353	0.008354	0.006416	0.009273	0.008483	0.007236	0.006521	0.006514	0.006872	0.007957	0.006586
768.0	0.005421	0.007915	0.006749	0.006850	0.008521	0.007411	0.007122	0.007597	0.006055	0.005626	0.006685	0.008982	0.007861	0.005723	0.008888	0.007768	0.003626	0.007195	0.008536	0.007887
769.0	0.008979	0.007580	0.007555	0.006577	0.004026	0.008257	0.003192	0.005992	0.004983	0.005747	0.004612	0.007921	0.003801	0.009274	0.010315	0.006103	0.005077	0.003440	0.006603	0.007329
770.0	0.006784	0.010365	0.006319	0.006389	0.008043	0.010219	0.007053	0.007088	0.006184	0.005732	0.003651	0.009927	0.008181	0.006140	0.006565	0.004012	0.007099	0.005068	0.008102	0.006081
771.0	0.002983	0.008113	0.005936	0.004054	0.009267	0.004215	0.006620	0.010350	0.006761	0.005491	0.004978	0.006131	0.004518	0.007275	0.009296	0.006250	0.009197	0.005413	0.005706	0.005984
772.0	0.004825	0.004406	0.007508	0.007584	0.011930	0.007606	0.004378	0.006183	0.006047	0.005754	0.006944	0.004871	0.001710	0.004022	0.007711	0.004910	0.003550	0.006956	0.008802	0.005679
773.0	0.004722	0.003630	0.008384	0.006670	0.007058	0.007179	0.001224	0.006388	0.005158	0.004993	0.002523	0.008697	0.003763	0.004089	0.005425	0.002904	0.004021	0.009007	0.005181	0.003442
774.0	0.004972	0.004437	0.007618	0.004413	0.003618	0.004844	0.002463	0.004852	0.005629	0.005363	0.006372	0.007192	0.004030	0.007043	0.008149	0.001425	0.003101	0.004116	0.006512	0.005166
775.0	0.007064	0.004536	0.007664	0.003999	0.007866	0.005592	0.002858	0.001833	0.005880	0.006997	0.005427	0.001421	0.003282	0.009737	0.007817	0.005801	0.001953	0.002818	0.006999	0.005055
776.0	0.004965	0.003075	0.007500	0.003007	0.005026	0.001355	0.004910	0.001795	0.004163	0.007622	0.003926	0.008321	0.005884	0.011124	0.008715	0.005785	0.004834	0.003117	0.002670	0.008727
777.0	0.005885	0.002207	0.003652	0.005147	0.008013	0.004888	0.005206	0.001673	0.006275	0.004639	0.005679	0.007076	0.004304	0.007804	0.006414	0.006103	0.005465	0.004645	0.004656	0.007463
778.0	0.003690	0.006712	0.006835	0.004054	0.004249	0.003638	0.005298	0.003757	0.005895	0.009836	0.003179	0.003918	0.004381	0.005835	0.006814	0.006436	0.004811	0.005321	0.006109	0.005055
779.0	0.001053	0.002922	0.008212	0.002351	0.004972	0.009455	0.003869	0.007688	0.004209	0.003239	0.008492	0.005632	0.001786	0.003432	0.004263	0.004337	0.003983	0.004906	0.007379	0.003702
780.0	0.003676	0.000495	0.005271	0.002117	0.004518	0.003189	0.003998	0.002464	0.007103	0.003999	0.003140	0.004172	0.002625	0.009162	0.002679	0.003454	0.004325	0.003048	0.007957	0.006281
781.0	0.005326	0.002960	0.004958	0.001664	0.002009	0.002979	0.005769	0.001665	0.002697	0.003239	0.005938	0.004426	0.003259	0.004492	0.005138	0.002579	0.003831	0.003378	0.004443	0.007642
782.0	0.001458	0.003470	0.005576	0.005085	0.004280	0.003309	0.002303	0.004859	0.004300	0.005197	0.004962	0.002074	0.002526	0.006499	0.006029	0.005313	0.004530	0.000000	0.003903	0.005605
783.0	0.005222	0.002861	0.002784	0.004663	0.003464	0.000651	0.004370	0.002175	0.006959	0.003532	0.003057	0.006308	0.004182	0.005835	0.007259	0.000635	0.004226	0.001766	0.003499	0.003226
784.0	0.004066	0.002298	0.003246	0.004577	0.005226	0.002066	0.003276	0.001665	0.004945	0.007577	0.005176	0.003819	0.003411	0.003410	0.002430	0.003795	0.000661	0.002641	0.000000	0.003917
785.0	0.003727	0.002572	0.006257	0.001070	0.004156	0.002770	0.001877	0.001635	0.006662	0.004813	0.002782	0.002651	0.000603	0.002044	0.005584	0.002432	0.003724	0.001159	0.002883	0.002148
786.0	0.003602	0.002534	0.006413	0.002429	0.004326	0.001220	0.000821	0.002829	0.006389	0.005604	0.002721	0.000085	0.004343	0.003029	0.006316	0.001487	0.001209	0.002012	0.001522	0.005159
787.0	0.004176	0.002549	0.006851	0.001211	0.004757	0.000449	0.001627	0.003415	0.001519	0.003886	0.002111	0.001806	0.003488	0.005700	0.004346	0.005561	0.000000	0.007578	0.004138	0.003709
788.0	0.004508	0.002519	0.003598	0.004046	0.002925	0.002208	0.002577	0.003118	0.002644	0.002259	0.003293	0.002574	0.002251	0.002462	0.006459	0.000658	0.000304	0.004377	0.003089	0.006646
789.0	0.002887	0.000228	0.002026	0.000828	0.003102	0.004215	0.000464	0.005453	0.003267	0.003126	0.001448	0.003020	0.000443	0.003544	0.004678	0.001200	0.002683	0.004592	0.004884	0.005255
790.0	0.003167	0.003927	0.004411	0.004515	0.003094	0.001041	0.002820	0.002707	0.000000	0.003683	0.000000	0.004157	0.003183	0.006140	0.002830	0.001564	0.004713	0.002350	0.002313	0.003650
791.0	0.000000	0.002983	0.002307	0.004140	0.004010	0.003234	0.005244	0.004053	0.001785	0.003434	0.001464	0.000000	0.000000	0.003939	0.003539	0.003625	0.002235	0.003586	0.003522	0.002141
792.0	0.001179	0.000594	0.002370	0.003507	0.006720	0.000067	0.001695	0.001209	0.003624	0.001514	0.000762	0.002113	0.000321	0.004514	0.003946	0.003021	0.005115	0.001290	0.001255	0.003509
793.0	0.001643	0.002336	0.002722	0.003531	0.004433	0.003241	0.001687	0.006145	0.003586	0.003495	0.000114	0.001398	0.003839	0.002253	0.004550	0.001557	0.002942	0.008231	0.001172	0.001568
794.0	0.002946	0.003250	0.001869	0.000000	0.000000	0.002994	0.001801	0.004578	0.003738	0.002350	0.002165	0.000269	0.002374	0.001433	0.000000	0.002556	0.002850	0.001689	0.001255	0.000000
795.0	0.001377	0.000814	0.001838	0.003218	0.001609	0.001647	0.003990	0.002068	0.003267	0.002636	0.000434	0.001083	0.000450	0.001694	0.003003	0.003617	0.000053	0.002557	0.003834	0.000580
796.0	0.001915	0.000000	0.000000	0.005663	0.005072	0.000067	0.002432	0.000601	0.001648	0.001077	0.000541	0.002336	0.000466	0.001768	0.005221	0.005019	0.000357	0.002841	0.000213	0.002713
797.0	0.002792	0.001667	0.000078	0.005140	0.001609	0.001520	0.005594	0.000510	0.004133	0.001220	0.001060	0.003119	0.002091	0.000000	0.005154	0.000070	0.001247	0.003977	0.001293	0.000357
798.0	0.002571	0.001446	0.003074	0.003320	0.002047	0.001085	0.002957	0.000000	0.003312	0.000000	0.001380	0.003027	0.001839	0.001664	0.003207	0.001572	0.001779	0.001589	0.001560	0.002334
799.0	0.003506	0.002222	0.003504	0.001578	0.002563	0.000000	0.000000	0.001194	0.004353	0.003502	0.004109	0.002528	0.001046	0.002611	0.001554	0.000085	0.002561	0.000960	0.002054	0.003717
800.0	0.002924	0.001050	0.004341	0.000055	0.001078	0.001265	0.002295	0.000015	0.003365	0.004481	0.003407	0.002328	0.002099	0.002656	0.004414	0.000000	0.000616	0.004077	0.002092	0.003025
