480.0	32.51	28.20	25.97	25.21	15.52	21.26	13.51	14.18	23.63	29.61	30.85	26.05	26.13	20.04	14.00	15.74	21.98	29.13	12.10	30.48	
481.0	20.38	24.34	28.11	23.31	25.24	21.57	20.90	25.50	22.09	23.86	26.42	23.54	27.58	25.55	25.48	19.20	23.68	20.41	21.04	22.73	
482.0	24.51	29.49	26.90	21.15	27.22	24.14	20.58	26.91	25.08	26.94	27.63	25.74	27.94	32.07	27.14	27.68	28.24	23.78	23.06	29.12	
483.0	26.20	24.41	30.48	28.85	26.13	31.04	33.52	28.35	30.01	26.61	32.02	33.50	25.88	30.46	24.00	38.80	43.99	26.05	30.93	38.29	
484.0	35.29	32.37	36.53	33.05	38.64	37.16	35.09	36.38	33.86	34.66	26.18	27.78	36.22	43.48	37.80	31.44	33.02	29.55	37.24	37.36	
485.0	35.07	44.13	48.78	37.53	40.70	49.20	39.29	40.35	39.30	46.14	40.30	46.03	39.01	40.45	40.42	42.05	45.10	37.63	39.69	36.59	
486.0	45.23	52.13	53.24	43.89	39.22	39.37	54.56	51.28	50.97	49.83	44.44	59.81	44.20	55.27	43.44	46.79	45.98	44.38	47.42	51.44	
487.0	53.83	51.58	58.32	60.43	58.13	56.91	61.66	54.42	60.79	58.29	56.65	68.05	64.20	58.18	60.38	46.93	64.17	54.39	45.77	57.21	
488.0	66.98	58.35	70.31	69.26	67.39	62.56	73.28	69.52	72.42	69.49	75.81	68.92	70.83	77.29	69.52	62.92	63.77	74.08	66.81	65.14	
489.0	74.94	78.75	84.66	86.65	79.93	69.23	74.66	77.85	78.49	77.36	77.76	80.15	77.30	83.32	85.63	74.81	79.20	79.68	80.15	79.18	
490.0	96.54	94.66	89.81	103.6	89.00	92.64	95.90	98.81	85.90	94.97	92.66	88.92	91.34	91.23	97.82	96.35	109.9	88.82	85.61	97.64	
491.0	104.9	117.8	106.1	114.8	111.2	105.6	107.2	107.4	98.85	118.5	108.4	105.2	102.3	120.7	107.6	102.0	111.9	110.0	126.2	104.6	
492.0	139.0	131.3	150.0	125.3	134.7	129.9	131.8	118.5	128.7	144.2	133.2	136.5	130.0	125.3	124.6	134.3	140.5	128.6	138.4	126.7	
493.0	144.5	152.1	154.8	156.1	149.8	157.4	145.5	157.2	164.9	147.7	148.3	148.1	154.2	160.3	149.3	154.6	155.8	162.3	145.9	137.7	
494.0	176.7	160.6	175.5	163.6	178.4	185.7	175.4	186.9	188.6	169.0	184.8	165.6	184.7	183.5	173.6	187.2	187.7	190.6	184.1	158.4	
495.0	193.9	197.3	190.9	201.3	217.9	216.4	214.5	218.2	221.1	203.6	203.5	212.2	211.5	213.4	206.6	208.5	226.5	201.8	211.6	191.0	
496.0	240.7	248.7	232.7	237.5	230.4	239.7	229.5	233.4	232.7	239.3	230.8	227.9	250.7	247.7	244.0	238.5	236.8	247.0	238.8	250.2	
497.0	274.6	256.8	277.7	288.0	270.2	273.9	254.8	286.3	298.9	275.2	274.7	259.5	277.5	288.5	261.9	272.1	285.3	279.6	271.8	272.1	
498.0	291.3	296.9	291.9	302.4	309.7	311.2	320.1	316.1	302.7	298.3	305.1	298.7	313.5	311.1	296.9	296.8	311.8	299.4	309.7	279.7	
499.0	311.4	340.6	311.5	334.2	339.7	339.6	332.1	338.0	351.7	323.7	354.3	328.3	336.3	354.1	348.6	346.1	341.0	336.2	333.0	334.4	
500.0	358.0	387.4	367.5	374.6	373.1	384.0	362.1	371.8	395.0	349.5	377.5	387.4	372.4	370.2	390.8	368.9	386.3	370.3	366.3	375.4	
501.0	370.8	400.1	396.3	395.3	392.1	409.9	390.2	410.6	418.8	422.6	411.8	424.0	410.5	413.8	377.9	395.0	388.0	398.4	419.1	388.1	
502.0	433.3	432.5	427.8	419.3	430.6	465.3	424.8	428.3	427.8	432.7	427.2	439.9	439.8	454.1	428.9	437.9	417.4	445.0	444.4	447.3	
503.0	462.7	451.0	470.1	457.7	464.6	475.0	463.8	468.8	483.1	460.8	472.4	475.0	445.0	458.6	455.6	482.9	453.0	465.9	458.7	467.1	
504.0	489.5	461.9	500.2	513.2	488.2	496.0	508.3	514.7	504.2	490.9	484.8	483.8	504.7	495.3	492.3	488.3	519.5	479.7	487.4	497.9	
505.0	495.7	498.6	502.9	545.7	525.2	547.7	526.9	518.6	515.3	481.7	510.2	489.7	529.4	530.1	498.5	513.5	501.5	533.6	507.2	520.5	
506.0	531.7	510.7	528.2	548.8	540.2	529.9	537.3	546.2	527.9	532.8	525.0	517.1	550.7	547.4	542.1	538.2	556.8	539.1	548.8	550.4	
507.0	566.1	553.9	570.7	543.2	554.9	535.8	563.8	531.3	541.1	548.0	549.0	536.0	556.6	544.1	525.6	576.7	567.4	545.3	591.3	559.2	
508.0	554.3	578.6	560.8	551.2	577.0	568.5	573.7	581.6	541.6	570.4	562.0	568.7	562.0	561.6	563.5	559.6	578.5	574.2	556.3	555.9	
509.0	557.8	613.5	583.3	534.8	564.8	553.9	575.7	592.4	569.9	580.7	590.9	587.8	580.0	583.1	572.7	553.1	571.7	575.3	547.8	566.4	
510.0	564.6	581.3	586.8	584.9	565.7	583.8	560.5	614.2	586.4	580.2	580.0	587.9	574.1	594.0	588.1	582.8	584.5	570.4	565.6	580.6	
511.0	584.0	583.2	583.6	589.6	568.3	598.9	596.5	569.0	585.9	589.6	581.7	593.4	619.0	578.9	579.8	601.0	582.1	554.7	572.9	587.0	
512.0	567.2	593.7	575.6	571.1	560.7	583.4	592.2	581.2	601.0	587.8	579.2	568.8	588.5	574.6	567.1	603.8	585.2	572.1	598.0	580.9	
513.0	569.9	578.6	585.1	593.2	567.5	579.5	557.2	582.3	593.8	576.0	579.3	585.6	577.8	563.9	593.2	568.8	588.4	569.0	573.6	567.4	
514.0	591.6	561.6	591.7	560.1	545.9	554.5	588.7	572.6	603.8	558.8	575.4	555.8	569.0	547.1	578.0	555.9	572.3	532.1	571.0	565.4	
515.0	580.9	566.1	585.5	579.9	561.7	574.9	568.1	567.8	535.2	567.1	538.8	541.2	552.1	555.0	577.2	552.1	565.0	529.9	563.1	568.7	
516.0	560.9	533.8	552.4	553.6	554.6	535.6	558.4	563.1	570.2	542.8	571.9	536.8	541.8	537.9	550.2	554.1	553.5	543.9	552.9	552.5	
517.0	553.8	523.2	545.2	532.1	542.7	557.7	556.8	572.3	548.5	540.9	560.1	562.0	533.9	541.1	546.6	543.3	544.9	549.2	538.8	546.1	
518.0	502.7	525.0	535.3	524.2	528.6	538.8	564.5	529.7	552.8	511.8	530.9	539.4	516.1	524.9	525.8	539.8	547.6	547.7	519.0	533.7	
519.0	533.4	521.5	532.9	521.3	541.6	543.3	530.8	534.8	530.1	517.9	529.4	497.2	509.8	525.7	525.4	551.7	533.1	513.7	511.1	536.7	
520.0	513.2	525.0	519.3	492.1	526.4	529.8	538.8	539.5	526.4	533.8	519.8	505.3	528.9	533.1	508.8	531.4	541.2	519.6	521.8	513.7	
521.0	541.0	504.0	524.7	502.6	532.3	485.2	529.1	515.2	532.6	516.5	519.8	501.9	533.8	514.9	508.2	525.7	517.8	510.2	502.4	511.8	
522.0	506.6	475.6	511.1	491.2	525.7	485.5	502.6	511.9	503.5	494.8	508.8	499.7	497.3	499.8	480.8	487.6	486.9	498.0	491.6	487.8	
523.0	464.0	490.3	488.9	474.1	497.0	491.2	485.1	457.8	500.2	480.9	491.1	468.5	510.1	461.1	493.2	480.6	499.4	494.7	488.8	506.3	
524.0	483.7	486.3	449.5	487.2	485.7	467.6	488.3	477.6	454.6	470.0	472.5	475.8	471.6	445.9	477.7	467.6	482.8	475.1	471.6	494.3	
525.0	469.9	452.5	487.6	469.8	449.6	461.9	470.8	470.8	486.0	475.2	475.3	483.8	485.9	484.9	491.8	471.9	499.3	460.2	478.3	475.3	
526.0	463.5	482.6	462.5	472.8	463.8	462.3	441.6	465.7	458.9	463.7	462.6	478.8	441.0	450.1	451.4	452.5	485.5	456.0	475.2	457.1	
527.0	430.2	438.4	454.9	460.7	451.6	454.2	456.5	475.6	448.7	472.4	448.5	474.1	461.1	442.0	456.8	462.8	445.6	460.0	461.1	463.1	
528.0	449.6	446.5	463.3	434.9	453.1	450.0	436.7	463.2	449.8	443.9	448.0	435.8	457.6	444.1	433.3	428.6	466.0	448.9	461.9	428.0	
529.0	420.3	437.7	431.2	445.0	434.3	455.7	438.3	432.6	451.3	419.5	449.6	417.7	456.4	439.0	428.1	438.7	441.1	425.0	445.9	445.0	
530.0	406.4	447.3	424.0	428.8	428.2	424.3	442.2	430.0	420.8	425.1	426.1	418.1	447.2	417.2	430.2	430.2	433.8	424.4	444.0	456.6	
531.0	419.8	414.6	402.4	440.9	431.4	398.6	433.5	422.3	413.3	414.3	423.8	419.3	434.4	407.2	418.2	408.7	429.4	408.5	424.7	413.9	
532.0	427.1	402.1	413.9	423.5	420.5	423.3	404.7	410.2	410.6	388.9	393.5	398.9	420.9	404.7	422.2	403.1	419.6	417.2	433.6	394.5	
533.0	417.6	410.9	405.8	393.4	404.5	397.7	414.8	397.6	407.6	412.0	416.4	402.7	417.9	413.7	393.5	375.9	381.9	400.2	431.2	397.3	
534.0	415.7	387.7	387.8	403.3	394.5	393.4	371.1	382.0	405.1	396.0	408.8	409.9	409.2	391.5	402.0	365.0	393.0	374.9	403.8	380.0	
535.0	362.8	398.0	371.9	379.2	400.5	378.4	394.5	370.1	382.7	374.7	406.5	392.5	417.9	386.2	371.3	377.2	390.3	384.5	366.0	393.4	
536.0	369.0	384.1	365.1	383.9	381.7	392.3	386.5	362.9	393.6	377.6	386.8	365.8	368.7	381.8	355.7	400.4	375.6	379.9	366.2	384.4	
537.0	376.5	378.3	374.3	354.4	372.2	360.1	368.1	351.7	356.0	368.7	367.3	383.8	364.7	377.8	373.1	366.9	362.4	357.5	355.5	374.9	
538.0	361.5	355.4	372.6	358.9	364.4	357.7	342.2	344.3	360.8	354.0	357.9	363.0	361.2	351.0	360.5	358.4	363.0	365.0	363.3	344.7	
539.0	356.0	356.0	347.7	342.9	351.0	332.3	336.9	358.5	344.1	342.8	349.1	331.8	364.7	345.1	359.6	353.0	345.4	359.7	367.6	356.0	
540.0	339.2	325.1	352.8	368.2	335.7	347.7	341.2	353.4	339.6	343.4	311.6	335.9	376.8	338.6	334.5	352.7	321.9	354.8	341.3	355.6	
541.0	326.9	334.6	359.7	335.4	336.3	343.6	331.6	345.0	322.7	323.8	323.5	331.6	345.3	339.3	327.0	321.2	321.7	323.2	329.4	320.1	
542.0	310.9	307.2	312.8	333.9	324.3	326.3	327.3	319.6	330.7	322.6	325.9	332.0	334.6	320.0	319.3	316.5	317.5	326.7	315.6	317.1	
543.0	287.5	310.4	320.4	323.7	323.7	322.5	298.1	313.6	307.3	300.5	313.0	304.5	312.2	314.7	318.1	314.6	311.8	306.7	309.9	315.9	
544.0	292.0	305.2	301.1	301.0	309.5	294.6	297.8	313.4	312.0	294.7	309.9	290.0	308.7	302.9	299.2	296.6	310.8	309.5	289.4	291.9	
545.0	290.7	292.4	296.6	291.6	298.7	284.0	311.1	300.4	285.8	303.9	296.8	283.4	283.4	295.3	311.6	270.7	286.1	304.0	290.6	299.2	
546.0	291.0	289.5	294.5	262.9	268.4	284.2	280.8	300.8	278.2	282.3	267.7	272.2	275.2	268.5	303.6	272.6	257.1	293.4	280.7	289.2	
547.0	263.7	273.9	286.2	281.8	270.5	273.0	279.3	285.9	262.5	264.5	285.8	292.9	259.3	265.6	270.4	254.4	274.5	273.5	276.4	277.0	
548.0	266.6	271.9	243.4	265.3	262.3	273.8	257.9	269.2	264.7	270.1	268.9	276.3	258.6	281.3	281.5	252.0	269.0	258.7	271.8	255.5	
549.0	241.4	245.1	255.9	271.1	258.8	258.3	243.1	262.0	261.0	263.4	254.1	263.8	246.0	257.8	258.1	249.0	266.0	252.4	275.0	251.2	
550.0	232.6	238.7	244.8	249.4	249.0	244.0	259.5	258.7	253.2	247.1	239.0	249.4	260.1	238.5	255.2	237.9	252.8	240.1	261.9	238.3	
551.0	235.4	252.3	245.9	224.7	231.4	245.3	234.9	248.8	241.0	235.6	246.4	230.3	234.6	239.2	244.3	248.5	244.9	237.5	241.7	238.5	
552.0	240.3	233.9	238.9	223.8	228.2	227.2	241.6	239.6	253.7	238.3	235.0	234.5	226.4	225.7	240.1	233.2	230.3	235.2	236.1	238.7	
553.0	216.2	215.1	224.0	227.0	209.9	225.8	215.3	236.5	220.0	217.5	222.7	225.1	208.0	210.0	230.0	230.6	239.3	231.3	242.1	222.4	
554.0	224.9	197.6	221.1	210.1	221.3	214.5	216.9	218.8	211.1	220.6	220.5	207.5	232.1	212.0	226.1	225.5	208.5	219.6	226.7	208.4	
555.0	201.3	212.6	215.4	216.9	201.2	207.5	204.6	194.8	209.7	214.7	203.4	196.0	206.7	213.8	196.0	221.8	201.2	199.1	211.0	201.3	
556.0	208.8	191.4	198.9	209.8	218.2	197.3	198.3	198.9	191.7	199.8	200.2	195.0	210.4	201.1	202.1	200.5	187.8	190.4	214.2	194.9	
557.0	198.0	196.1	192.5	201.4	199.4	200.8	204.4	191.3	203.9	208.7	192.6	187.4	190.5	211.3	183.7	200.4	200.3	207.6	200.4	181.1	
558.0	192.3	179.7	186.7	172.0	196.8	197.8	185.5	168.6	183.0	198.3	181.7	177.7	179.9	193.5	174.4	182.1	178.8	168.3	186.8	178.1	
559.0	160.2	178.5	177.1	194.5	171.2	185.3	203.4	176.9	179.7	173.0	182.7	162.6	178.6	170.5	177.9	166.9	179.2	181.2	187.2	195.4	
560.0	168.5	177.6	174.7	163.8	180.1	167.3	189.6	157.0	183.3	174.0	164.9	171.3	178.3	165.7	189.6	174.3	182.4	164.4	178.7	175.1	
561.0	163.1	172.3	158.6	166.8	157.3	162.8	168.3	176.0	172.8	159.9	172.2	167.3	186.3	164.4	162.7	165.7	166.5	149.5	171.4	161.5	
562.0	162.1	151.5	168.3	149.5	157.4	164.3	160.3	157.5	160.7	170.1	150.8	168.4	158.2	152.2	166.2	157.6	161.3	165.8	167.2	164.1	
563.0	146.8	165.3	152.8	160.3	160.5	165.7	161.5	170.3	147.7	157.0	149.6	159.4	156.5	153.8	147.2	148.7	170.9	171.4	167.2	146.7	
564.0	163.7	148.1	145.8	144.1	139.1	159.8	158.1	157.8	142.0	154.6	149.4	152.8	155.9	153.3	155.4	154.6	145.4	167.9	147.4	154.9	
565.0	140.2	140.0	140.7	147.4	139.5	149.8	144.0	143.5	145.6	155.3	155.9	141.4	150.8	154.9	142.6	157.2	153.7	157.4	119.9	157.6	
566.0	141.2	121.7	130.7	145.4	137.7	144.3	134.4	139.9	135.8	140.2	143.0	154.5	141.8	139.0	153.2	156.4	144.0	148.7	129.2	147.6	
567.0	123.1	124.0	132.6	130.6	142.6	141.3	134.2	133.4	130.7	130.5	127.8	142.4	147.6	146.3	149.5	142.4	128.3	129.0	119.8	139.9	
568.0	124.2	127.2	122.4	125.6	127.1	130.2	131.5	129.5	141.9	126.4	130.9	127.9	134.4	138.7	140.3	136.1	140.1	129.6	126.6	136.0	
569.0	130.4	123.5	123.3	123.2	130.9	121.8	129.8	121.6	125.9	134.7	136.3	118.0	128.8	117.8	118.2	120.9	142.9	133.5	128.1	123.7	
570.0	118.6	124.2	121.3	120.7	121.1	123.1	123.7	118.0	120.3	131.2	127.3	116.7	123.8	123.3	117.3	122.2	118.4	127.9	117.6	121.2	
571.0	123.2	123.5	118.5	109.4	119.7	125.2	125.2	116.1	113.4	115.7	119.4	120.8	123.6	121.3	111.6	120.6	113.8	129.2	109.6	117.0	
572.0	115.8	125.1	118.3	113.4	121.7	104.1	120.5	115.8	115.4	117.4	109.8	123.4	120.5	123.6	119.0	113.3	123.3	118.1	111.5	118.1	
573.0	101.9	116.6	114.6	110.7	104.9	107.0	109.7	113.5	113.3	103.5	113.0	111.1	114.1	95.53	113.3	113.5	115.4	111.0	111.6	121.1	
574.0	106.7	96.34	106.7	116.4	112.2	100.6	104.4	98.00	111.6	93.84	101.3	103.4	110.4	106.5	106.5	108.2	98.08	110.6	107.1	99.66	
575.0	109.4	101.8	98.65	108.3	98.02	102.6	102.6	93.59	104.9	113.1	105.7	108.5	94.31	103.7	106.3	111.5	109.6	98.45	111.4	97.03	
576.0	100.2	92.69	90.20	100.9	99.90	97.32	93.92	98.43	107.9	105.1	102.9	93.82	103.3	96.34	96.72	102.6	96.94	93.85	98.52	103.1	
577.0	95.14	104.1	102.8	96.27	97.60	93.45	93.33	95.56	100.8	89.45	96.66	98.69	95.11	94.72	90.61	96.66	96.99	102.7	100.0	100.1	
578.0	103.6	99.58	94.42	88.40	102.7	106.1	90.31	96.13	98.98	102.6	96.27	91.87	94.56	108.7	92.90	95.46	94.70	99.41	95.35	89.70	
579.0	93.37	88.31	90.23	82.94	98.63	99.77	84.03	92.60	91.66	87.32	87.13	96.09	95.32	88.28	85.95	85.65	95.38	102.6	91.94	91.96	
580.0	88.74	87.15	93.75	88.58	90.59	92.96	85.29	83.05	84.44	91.37	86.32	89.13	88.51	94.26	87.47	87.76	92.19	98.37	88.43	96.80	
581.0	87.10	86.27	85.50	92.07	91.81	83.56	85.28	86.99	86.22	77.75	81.96	99.11	75.86	82.01	85.87	81.49	96.43	90.24	82.20	91.85	
582.0	98.64	85.00	88.34	83.90	80.65	94.63	79.88	90.67	86.13	82.09	85.34	76.13	79.91	85.50	83.33	92.11	89.61	75.90	84.61	90.25	
583.0	92.59	87.77	83.25	76.74	87.32	93.22	72.71	81.83	82.84	80.28	76.00	72.25	91.13	84.62	82.32	81.72	80.02	82.21	86.01	78.56	
584.0	75.29	89.48	81.21	87.03	74.46	78.60	72.09	77.57	83.84	82.47	83.37	77.72	77.32	81.30	78.27	72.37	73.92	77.49	82.67	74.41	
585.0	74.84	69.41	82.06	78.14	78.83	80.16	74.86	73.74	79.22	82.47	82.49	80.98	81.41	80.94	74.49	67.89	71.48	80.65	75.86	80.24	
586.0	67.38	76.21	76.50	71.23	77.77	77.97	69.67	80.18	73.76	76.75	85.79	78.92	71.98	80.75	71.68	69.28	76.17	80.54	67.19	80.98	
587.0	72.84	72.53	70.64	73.60	70.51	71.99	61.53	79.46	75.09	70.67	70.04	73.60	70.39	82.20	67.81	71.77	66.27	74.32	69.09	64.99	
588.0	70.40	77.07	69.54	61.16	65.47	71.17	67.13	64.62	82.05	65.79	74.40	70.83	69.49	71.70	75.13	72.41	58.53	70.19	72.42	62.49	
589.0	58.82	69.14	67.67	64.10	74.42	63.72	68.72	67.07	71.71	63.44	74.02	68.84	68.40	63.76	67.66	63.43	68.31	65.09	62.22	70.48	
590.0	67.81	63.21	61.87	61.29	55.20	56.44	66.25	63.76	69.75	61.24	66.78	61.14	73.53	67.19	68.83	64.19	72.79	62.51	61.38	60.64	
591.0	68.19	64.93	62.64	59.07	66.34	58.23	63.49	52.26	59.65	61.44	59.87	60.48	66.88	58.34	68.83	61.11	64.15	56.67	62.92	64.48	
592.0	56.97	55.86	68.58	57.58	62.28	53.27	57.96	52.88	61.96	61.67	63.08	63.16	64.92	65.18	56.60	57.98	60.91	57.66	57.46	64.17	
593.0	49.45	59.72	55.22	54.92	61.43	57.92	67.37	62.67	53.90	57.01	61.15	58.17	61.56	67.22	57.60	48.05	62.79	61.26	65.87	58.34	
594.0	45.90	56.83	58.77	52.25	60.64	58.03	53.42	53.11	53.00	58.66	63.68	55.50	60.43	60.83	59.68	58.62	58.84	55.46	52.99	55.14	
595.0	59.96	51.17	64.57	55.35	56.10	55.76	46.42	49.65	46.86	48.08	57.30	50.47	56.56	61.40	59.11	52.97	52.40	53.54	59.74	62.78	
596.0	53.18	60.97	53.49	52.21	54.24	50.00	55.53	50.62	57.54	46.86	52.89	48.99	53.06	59.98	53.49	53.54	45.85	52.45	55.04	56.08	
597.0	48.37	56.39	51.24	56.47	47.40	51.65	50.64	52.86	55.31	53.80	52.10	44.73	47.92	53.39	52.76	55.28	48.28	50.50	56.57	53.74	
598.0	48.57	49.71	51.73	51.72	50.34	52.42	49.48	42.79	47.38	46.80	54.13	45.54	46.27	45.04	51.11	47.10	44.64	45.13	49.89	50.62	
599.0	39.80	47.91	50.60	48.06	46.02	47.21	48.87	50.43	50.96	42.19	42.94	49.28	50.55	54.25	48.68	49.29	55.95	50.32	44.26	50.72	
600.0	42.30	46.23	45.71	51.06	44.53	45.29	50.02	50.33	47.00	40.54	43.73	46.24	46.71	52.20	48.64	43.95	47.00	50.91	51.44	47.98	
601.0	43.89	41.90	48.61	51.72	55.64	46.41	45.01	45.69	49.34	46.31	50.00	41.21	39.10	44.75	48.62	45.85	43.91	48.68	47.03	48.08	
602.0	44.16	45.15	44.64	40.06	45.64	46.64	38.39	39.25	35.09	35.06	41.08	41.37	48.43	48.79	51.95	44.80	46.85	39.72	44.51	44.28	
603.0	41.90	35.42	41.10	46.29	42.45	44.91	37.56	49.11	43.65	41.96	41.78	34.64	41.72	45.78	41.59	42.94	42.49	42.98	46.42	43.16	
604.0	38.45	34.72	43.94	41.46	36.45	42.62	41.64	38.73	43.70	38.81	40.01	44.26	35.87	37.71	42.23	38.17	48.14	40.64	41.83	43.59	
605.0	38.69	34.47	39.96	37.37	38.99	45.30	34.52	38.94	47.20	43.33	39.89	45.17	36.05	41.82	43.38	42.38	37.76	31.04	48.47	41.75	
606.0	39.10	40.30	42.03	39.83	36.40	43.69	38.30	41.12	42.01	42.26	40.09	42.19	38.78	45.06	47.15	37.92	34.69	41.08	44.75	41.99	
607.0	38.13	38.82	41.32	36.36	42.45	47.07	35.21	36.74	36.79	29.31	33.01	38.81	38.22	42.37	35.71	41.09	42.00	38.95	37.51	42.33	
608.0	35.70	35.94	35.42	38.17	43.79	35.94	35.58	33.41	33.91	35.73	32.70	40.91	36.02	34.98	37.26	35.53	37.77	42.43	36.91	28.92	
609.0	31.50	36.45	37.46	40.41	39.29	30.01	28.12	31.33	32.58	32.91	34.40	31.54	39.85	38.38	40.58	36.44	36.47	32.98	41.23	31.15	
610.0	38.09	44.13	31.50	38.05	33.46	41.82	36.58	38.30	28.54	35.32	35.68	34.63	34.96	32.77	34.96	31.69	37.43	31.40	27.01	30.80	
611.0	37.87	39.07	32.06	38.00	28.54	36.98	30.09	41.79	30.33	35.06	30.25	31.67	32.55	34.09	33.56	39.52	34.54	37.95	34.11	30.22	
612.0	33.16	34.52	30.24	33.09	37.07	29.34	36.72	40.87	32.64	28.23	29.49	35.48	34.08	33.06	34.15	30.39	31.47	33.17	33.60	30.33	
613.0	31.08	35.91	33.32	35.66	42.42	36.29	36.01	31.06	34.71	32.64	29.25	23.80	30.32	26.42	31.26	27.05	30.01	30.46	38.12	36.42	
614.0	29.96	32.43	34.25	25.29	32.54	32.17	34.08	39.53	32.26	30.38	29.07	29.85	32.84	25.00	32.37	32.16	33.53	25.57	31.32	32.52	
615.0	31.51	27.85	31.85	32.73	29.26	23.23	32.75	34.83	32.85	34.04	23.51	32.00	30.83	30.78	34.20	25.69	28.36	27.43	32.60	33.59	
616.0	28.67	31.24	23.60	34.01	28.57	31.70	29.40	34.09	32.27	29.01	32.16	27.32	33.66	31.38	28.55	33.85	30.65	33.35	34.23	38.32	
617.0	28.75	29.66	27.39	29.12	33.33	27.64	31.39	31.53	28.58	33.18	29.79	30.31	23.80	22.21	31.38	25.73	32.13	31.02	35.34	26.59	
618.0	31.18	31.39	33.36	30.27	33.73	30.52	29.47	27.90	22.96	31.29	26.30	30.54	28.07	30.54	28.49	28.35	28.95	28.12	29.99	27.73	
619.0	28.59	22.30	32.18	26.98	29.91	22.33	27.71	24.68	25.69	27.85	25.63	27.96	28.32	32.27	30.75	27.46	27.95	27.12	28.35	26.34	
620.0	26.78	25.54	26.10	25.42	32.75	24.06	24.82	23.60	28.72	25.88	29.05	29.45	26.41	30.92	29.93	21.70	30.32	26.30	27.40	29.81	
621.0	23.27	31.37	23.46	28.08	27.55	27.46	22.93	23.70	24.82	27.39	25.27	28.22	23.08	23.45	26.21	26.65	23.11	20.75	25.84	22.82	
622.0	20.48	23.24	30.49	25.96	26.12	25.52	23.27	24.27	26.04	26.08	28.89	24.84	24.81	27.03	23.78	25.93	25.99	21.17	27.01	21.50	
623.0	25.89	21.34	25.98	25.64	22.78	25.75	23.80	25.63	23.38	25.77	20.80	25.02	31.44	29.60	25.17	26.53	27.25	22.40	24.38	24.34	
624.0	21.64	22.79	23.19	19.24	27.82	20.78	23.97	24.88	21.45	27.66	22.49	21.31	23.65	27.72	22.26	27.52	29.19	18.99	26.62	27.73	
625.0	21.98	21.08	22.03	18.25	24.11	19.22	23.21	21.87	20.79	25.54	24.88	24.12	18.88	21.81	23.67	20.41	26.38	21.72	25.89	24.00	
626.0	19.09	22.19	22.32	20.34	24.08	23.86	23.55	19.54	19.30	23.61	27.12	22.62	15.83	21.46	25.90	18.37	23.44	26.29	25.22	24.11	
627.0	20.70	20.27	21.92	19.85	25.29	23.49	24.34	22.35	21.16	17.57	23.73	25.61	23.08	21.25	24.99	20.15	21.78	25.49	25.75	17.94	
628.0	21.02	24.01	18.80	20.66	21.46	23.77	22.97	20.11	17.94	25.97	22.21	32.11	22.68	24.54	21.55	16.60	22.82	25.03	21.61	17.96	
629.0	21.93	26.10	21.83	22.54	17.15	20.44	20.85	23.27	19.66	18.70	22.20	26.68	20.45	21.96	20.35	21.20	22.15	24.90	23.06	20.85	
630.0	18.72	23.53	22.04	19.79	16.21	19.16	16.44	19.77	22.47	18.23	20.98	22.81	20.30	19.25	22.23	21.63	20.65	24.32	18.01	22.35	
631.0	20.07	19.75	21.02	25.29	19.66	15.80	17.83	18.69	21.08	19.22	17.99	19.27	21.88	20.95	19.05	26.36	18.79	18.29	19.30	22.66	
632.0	21.02	20.45	13.45	25.93	24.33	16.17	19.13	20.79	20.65	18.91	19.67	20.21	17.80	21.09	15.69	18.40	22.52	19.87	17.45	21.54	
633.0	16.61	20.38	15.80	19.22	20.90	25.31	15.87	25.92	16.45	18.96	19.37	19.68	20.56	18.53	17.88	20.67	19.79	22.53	21.25	13.98	
634.0	19.76	18.39	18.69	16.99	20.99	20.72	16.90	19.30	18.45	21.62	16.33	17.31	14.75	23.46	20.70	18.41	25.85	22.03	19.26	19.31	
635.0	17.22	17.20	18.39	17.99	20.67	21.29	22.31	20.58	18.66	18.53	15.71	21.13	21.45	20.06	16.60	18.45	18.72	19.16	18.78	17.89	
636.0	20.72	18.49	18.03	20.75	11.17	20.78	23.12	18.46	16.33	22.10	17.64	18.54	20.39	19.14	15.56	21.83	15.66	15.99	16.37	19.95	
637.0	18.46	17.30	22.78	17.31	15.88	20.90	19.60	20.98	23.03	18.04	15.99	17.15	18.88	17.30	18.38	18.86	17.18	15.29	16.09	23.17	
638.0	16.63	15.53	19.08	14.61	20.68	15.84	19.93	19.95	15.67	18.59	17.85	14.71	20.95	15.67	18.61	19.03	15.78	16.06	25.71	21.82	
639.0	16.49	17.91	13.47	13.86	17.72	16.69	21.84	15.50	17.73	16.99	16.14	19.68	17.70	17.48	15.95	15.77	17.50	22.88	22.25	20.44	
640.0	16.11	17.48	15.20	18.24	14.73	16.38	16.60	18.68	18.61	16.27	19.31	23.02	17.54	11.28	13.37	23.11	19.51	16.42	11.66	14.05	
641.0	18.94	19.21	18.23	14.69	15.69	16.45	14.48	16.90	15.12	13.86	15.32	16.29	15.74	12.71	15.88	15.92	12.31	19.95	16.43	17.31	
642.0	17.84	12.05	22.25	18.60	18.46	15.09	16.32	12.96	13.57	14.82	12.65	14.92	11.32	14.19	17.33	15.36	14.09	17.54	14.95	17.03	
643.0	15.83	13.94	23.51	20.45	15.43	17.65	14.93	14.82	20.08	18.27	15.68	17.21	13.04	15.21	14.18	19.82	14.20	14.42	15.66	15.04	
644.0	15.53	12.63	16.56	21.18	13.56	12.31	14.07	17.97	13.48	15.10	17.06	18.60	13.45	10.54	13.61	18.65	15.14	15.33	16.37	13.44	
645.0	12.97	13.65	15.13	16.61	14.70	14.24	17.93	15.41	16.43	17.63	14.98	12.53	11.96	13.22	9.009	16.56	10.56	10.17	20.31	17.00	
646.0	14.89	13.11	17.15	14.01	14.88	12.86	17.65	13.49	12.43	19.58	17.99	18.83	17.33	16.44	16.01	14.59	15.18	14.49	19.09	20.26	
647.0	12.70	12.88	17.05	12.06	20.05	19.88	17.64	12.30	14.67	20.49	14.68	15.93	20.38	19.36	12.87	14.79	15.15	14.93	14.26	18.25	
648.0	15.62	12.64	21.00	15.48	15.26	17.48	14.68	16.07	11.64	14.83	17.58	14.63	15.40	15.25	14.42	11.44	16.01	13.61	10.99	16.33	
649.0	13.45	16.94	11.49	13.77	16.49	13.04	16.23	16.17	13.85	16.36	14.52	13.51	21.62	13.73	13.68	14.11	13.88	10.47	13.46	14.17	
650.0	13.54	13.12	11.56	13.70	13.33	12.17	12.68	17.97	14.52	14.04	14.28	15.92	17.19	19.42	16.49	13.78	13.61	14.45	13.80	13.73	
651.0	17.61	15.66	14.56	11.04	12.43	13.44	12.87	11.72	15.70	17.30	10.39	12.59	13.23	17.65	14.72	15.64	11.45	11.65	12.42	12.43	
652.0	16.43	16.80	13.49	15.58	14.19	13.46	10.78	16.41	13.21	15.48	14.90	15.28	17.55	12.77	17.54	11.67	11.84	10.32	10.56	12.30	
653.0	14.29	14.85	11.83	12.32	13.68	19.62	13.86	14.96	15.47	11.42	11.76	14.25	17.49	10.07	15.54	15.95	14.88	14.95	15.29	10.55	
654.0	14.14	12.33	12.85	8.218	14.18	13.53	12.13	11.14	17.34	9.889	13.00	14.69	12.39	13.05	18.12	14.87	14.41	14.12	12.01	12.19	
655.0	13.39	14.08	10.73	12.61	11.16	14.38	9.380	15.47	16.75	12.23	13.90	13.61	18.34	12.73	14.13	10.27	11.23	18.43	13.34	17.14	
656.0	17.17	14.70	14.26	13.50	12.03	10.19	11.61	11.51	15.81	9.272	17.06	13.88	13.78	17.46	8.062	12.35	12.99	18.66	16.51	15.27	
657.0	12.75	13.42	11.57	11.37	11.66	10.75	12.95	13.91	13.71	12.03	13.11	15.44	15.52	14.62	10.77	12.98	10.28	13.99	13.00	15.95	
658.0	13.86	11.17	11.94	14.47	10.50	12.58	11.83	13.85	12.81	15.56	9.471	12.43	14.87	11.72	13.54	11.15	11.37	9.198	10.20	13.50	
659.0	16.23	11.61	9.619	14.98	15.12	10.70	12.79	12.66	13.91	13.34	11.82	12.97	13.34	13.70	14.01	12.08	11.20	10.73	13.23	11.71	
660.0	13.09	14.79	13.41	13.10	12.28	10.36	10.54	14.45	11.57	15.57	10.24	10.65	10.80	15.49	10.90	9.748	12.66	15.09	15.17	13.79	
661.0	14.05	11.82	16.81	10.93	12.20	8.895	10.92	13.30	11.64	13.05	12.09	8.186	12.17	9.752	12.89	16.61	12.56	11.73	12.86	11.93	
662.0	11.93	9.613	13.58	11.97	15.45	8.706	9.317	11.69	14.84	13.22	12.15	15.95	12.29	11.45	13.14	11.89	12.42	9.552	10.77	11.05	
663.0	11.66	8.587	12.54	14.24	14.48	12.30	13.10	13.47	13.32	13.64	19.92	15.61	11.90	10.38	10.15	10.32	12.78	10.83	14.30	12.85	
664.0	12.73	11.55	11.99	14.87	14.06	11.34	12.30	12.25	15.52	11.98	14.89	11.87	9.782	13.44	13.23	13.29	10.75	13.49	15.73	20.29	
665.0	15.08	10.02	12.79	10.96	10.40	8.634	15.96	13.07	12.67	12.34	17.26	11.79	12.93	11.31	11.93	16.07	12.53	12.22	14.07	18.04	
666.0	14.00	11.13	12.95	8.489	12.55	11.08	15.39	12.06	11.24	11.54	13.08	12.78	12.02	13.75	12.84	10.84	10.85	13.95	13.76	16.58	
667.0	14.12	13.35	13.58	12.89	11.23	10.32	11.87	13.30	10.11	11.49	10.64	10.80	11.38	13.56	11.40	12.19	9.619	15.51	11.54	9.533	
668.0	11.85	14.35	12.12	14.36	7.848	6.768	9.064	15.02	10.16	14.15	9.311	13.43	8.940	12.00	16.39	12.94	10.01	10.68	14.09	10.67	
669.0	10.33	8.010	11.81	14.60	8.575	10.87	12.39	10.39	17.20	11.79	11.61	10.43	11.19	13.26	11.91	10.20	13.24	12.12	11.29	11.79	
670.0	10.47	10.04	12.38	12.87	9.281	13.19	11.43	10.62	11.41	10.85	15.17	12.10	10.42	16.19	14.49	9.301	11.11	10.39	12.95	10.69	
671.0	17.74	9.950	12.77	12.81	10.64	8.693	8.504	7.848	12.32	9.503	8.849	9.070	11.06	11.39	10.15	10.64	11.33	13.34	11.36	11.74	
672.0	9.520	11.12	6.157	13.85	9.215	10.82	7.608	13.88	10.49	9.441	11.52	10.88	12.66	13.54	15.31	7.331	12.00	10.34	12.43	12.46	
673.0	13.21	8.111	8.032	8.009	10.09	12.40	11.42	12.94	10.77	11.55	11.76	11.34	12.32	6.667	11.88	13.06	10.58	11.47	11.66	11.94	
674.0	12.99	12.08	8.289	8.976	5.981	10.72	11.67	9.760	9.722	14.84	12.85	9.829	8.325	8.771	16.80	10.25	12.48	11.17	13.56	14.32	
675.0	11.96	13.25	8.537	9.571	10.64	12.92	8.232	11.50	16.79	12.07	7.760	12.74	10.14	11.04	10.90	9.145	11.85	9.075	11.12	12.19	
676.0	12.63	12.16	12.48	8.438	11.81	12.26	8.879	11.63	17.12	12.32	9.487	12.85	9.312	7.955	11.30	9.528	13.51	10.64	10.76	13.69	
677.0	12.65	14.41	10.81	10.67	9.172	14.10	10.81	12.71	9.435	9.791	10.90	7.246	10.84	12.06	13.19	9.953	8.173	11.79	14.92	13.04	
678.0	12.40	9.414	15.76	14.69	10.35	9.598	17.06	10.56	13.03	8.750	10.67	10.54	10.13	8.110	13.06	8.741	6.984	8.330	10.48	8.469	
679.0	14.27	7.387	14.13	11.91	10.15	9.646	8.092	9.540	11.92	10.39	11.58	9.590	8.417	13.13	14.75	13.56	10.52	8.860	11.73	8.052	
680.0	14.79	7.499	10.84	9.684	10.88	11.54	9.449	5.818	12.18	12.93	7.941	10.25	11.70	11.53	8.252	10.80	10.56	13.17	12.65	13.78	
681.0	13.05	12.50	11.93	8.237	9.737	11.56	11.85	6.656	10.27	12.07	11.42	8.198	10.68	10.51	8.527	13.06	13.96	12.12	11.53	11.22	
682.0	13.31	6.935	10.74	9.977	8.653	8.644	7.364	11.38	10.11	14.73	9.453	9.649	8.290	11.63	10.38	13.57	15.56	8.586	9.357	11.80	
683.0	10.74	11.17	8.510	10.30	9.718	10.15	10.65	12.06	14.91	9.177	11.43	10.41	10.30	9.288	12.02	9.786	11.37	9.352	11.69	13.69	
684.0	7.549	10.03	10.74	9.862	10.79	10.36	7.548	6.825	8.475	7.451	10.30	7.736	10.49	14.95	10.48	8.573	9.716	8.682	9.516	13.29	
685.0	8.967	7.150	7.619	7.182	7.611	11.38	9.255	7.513	11.40	10.96	9.665	11.12	8.723	12.61	8.488	12.29	13.14	10.47	9.342	10.03	
686.0	14.20	11.60	8.106	10.50	9.171	11.90	8.440	10.43	10.34	11.80	12.02	13.27	9.542	11.18	8.998	11.13	10.13	8.377	7.265	9.733	
687.0	13.44	10.33	9.601	9.136	7.770	13.42	8.224	8.610	11.97	8.948	9.015	12.13	7.752	10.88	9.193	8.931	8.476	8.115	13.06	6.271	
688.0	9.490	9.266	13.04	12.98	10.12	11.29	10.81	8.455	12.19	11.47	11.71	9.484	10.54	8.984	11.81	12.77	13.87	9.363	10.91	8.191	
689.0	10.17	11.03	9.031	11.14	11.38	8.250	11.12	8.063	12.72	9.732	9.027	12.74	12.78	7.672	7.534	13.28	12.25	9.024	10.87	8.664	
690.0	10.97	8.491	12.82	11.46	11.38	11.13	9.220	8.515	8.140	9.508	6.399	7.489	10.50	10.88	8.916	8.916	11.66	10.76	9.026	11.79	
691.0	12.58	6.639	11.73	12.35	11.67	11.51	9.105	10.41	8.739	10.31	6.334	9.041	9.794	8.029	9.105	11.72	12.45	12.31	11.42	7.446	
692.0	10.43	8.170	13.74	7.264	11.23	9.835	10.01	7.164	8.020	7.854	10.64	10.24	10.83	12.91	7.784	8.763	14.04	7.672	10.84	9.520	
693.0	13.80	10.36	14.34	7.149	10.80	11.00	7.621	9.075	13.08	7.732	8.945	9.930	12.93	8.064	12.99	12.08	7.526	9.616	12.34	8.471	
694.0	11.42	11.39	11.79	8.947	9.589	10.18	10.12	7.347	11.69	8.316	10.45	8.191	9.558	11.47	5.271	10.64	10.02	7.392	11.56	8.381	
695.0	7.194	14.07	6.313	7.898	12.02	9.750	6.148	13.37	9.849	7.720	13.39	10.48	13.26	6.649	7.924	8.843	14.80	7.524	15.10	11.87	
696.0	5.395	9.615	6.265	11.68	12.96	8.882	10.45	10.24	9.262	8.851	11.19	8.088	14.20	10.63	9.884	11.39	10.55	7.874	10.74	8.842	
697.0	8.649	8.067	7.159	13.10	9.748	11.39	13.27	9.505	11.03	10.39	8.505	9.969	10.67	8.248	10.99	12.06	8.582	10.09	9.687	9.888	
698.0	7.778	7.423	9.815	9.502	12.30	12.07	8.511	8.276	11.95	6.851	7.028	10.30	8.573	7.444	9.450	11.85	9.649	9.501	11.98	7.308	
699.0	7.986	9.944	10.31	11.19	8.502	9.008	12.27	8.303	8.946	8.088	9.149	9.881	10.82	5.264	12.15	10.24	16.39	8.619	11.92	9.288	
700.0	6.647	9.852	9.044	6.951	10.12	6.961	7.444	10.98	10.91	8.832	11.53	11.05	11.25	7.172	10.22	11.75	10.99	11.07	13.44	13.86	
701.0	10.35	11.87	10.31	10.52	7.779	15.28	10.53	10.41	11.38	8.684	10.34	11.06	11.21	8.655	15.07	12.46	10.96	8.176	10.25	9.083	
702.0	9.109	8.939	8.333	11.71	12.86	12.76	10.85	8.302	9.236	7.930	10.32	11.27	10.29	9.451	11.95	11.95	10.20	11.71	9.562	11.57	
703.0	8.009	8.627	12.02	11.56	9.016	12.73	10.99	6.248	9.792	7.460	9.645	9.440	9.942	11.07	6.848	10.31	9.339	8.798	15.50	11.66	
704.0	7.196	8.766	8.332	9.262	8.907	12.93	7.326	10.39	9.721	9.270	10.82	10.64	8.806	8.065	11.46	11.59	7.776	9.543	7.312	10.10	
705.0	8.453	11.94	12.90	10.61	9.884	9.082	9.736	9.470	12.67	5.403	8.671	11.73	4.973	10.94	8.709	8.874	8.719	12.01	8.546	9.907	
706.0	8.879	6.348	9.530	9.945	10.08	10.88	6.994	14.95	10.18	8.087	10.12	11.59	6.776	14.89	10.22	9.168	8.644	11.22	16.06	8.389	
707.0	10.08	8.693	13.55	9.183	9.909	11.48	11.05	11.75	9.407	9.621	9.605	13.09	8.699	12.66	11.34	8.065	8.668	9.853	12.43	16.46	
708.0	9.312	9.945	9.269	12.01	6.225	9.077	14.33	8.948	7.385	11.70	8.331	8.899	5.994	9.535	8.002	7.941	7.634	6.469	10.46	10.41	
709.0	11.26	9.339	9.704	8.814	8.295	9.764	9.977	9.077	8.627	8.919	7.728	11.55	11.72	9.177	7.512	6.262	9.122	10.75	10.95	7.779	
710.0	9.722	12.39	8.511	7.145	5.541	10.80	10.85	10.37	10.37	8.622	11.41	10.39	12.06	10.48	8.049	9.312	8.646	10.87	7.817	11.66	
711.0	11.68	9.350	7.882	11.18	8.013	9.198	11.69	10.70	9.974	8.420	9.703	11.80	11.85	10.94	9.148	10.31	7.274	7.984	9.042	9.374	
712.0	6.900	9.832	8.321	6.750	10.72	9.450	10.51	11.26	10.48	12.96	8.596	11.31	10.29	6.433	11.88	7.868	9.116	9.161	7.228	14.60	
713.0	9.347	10.52	6.508	7.675	10.06	8.136	10.97	8.135	10.42	9.470	11.23	10.50	9.662	10.21	5.325	8.352	8.470	8.194	8.762	11.78	
714.0	8.224	10.12	9.569	7.509	9.035	13.54	9.340	11.89	11.76	5.651	13.85	10.76	11.54	10.41	10.93	9.757	8.044	5.611	11.64	11.27	
715.0	4.860	7.589	8.299	6.996	14.16	9.208	8.876	10.82	14.85	7.006	9.605	7.302	8.890	13.44	14.96	9.925	9.323	11.17	10.22	8.077	
716.0	9.249	6.858	8.394	11.43	9.352	9.274	9.251	8.005	9.982	13.25	10.60	12.96	10.67	8.658	7.084	8.712	10.81	10.83	9.544	10.74	
717.0	13.86	8.126	12.31	9.100	6.672	9.912	9.091	9.960	8.328	9.503	12.77	9.788	11.33	9.772	7.319	7.601	11.42	13.12	7.488	13.05	
718.0	12.16	11.90	10.86	8.457	7.422	8.098	10.91	8.824	9.321	9.906	12.52	10.16	10.70	7.000	10.68	10.46	12.56	9.521	10.38	9.135	
719.0	9.300	11.05	7.597	10.52	6.631	14.18	8.762	11.27	7.100	9.475	14.22	9.686	9.584	10.99	8.800	13.10	14.23	11.18	6.642	11.09	
720.0	12.31	9.642	8.621	8.727	10.52	13.21	11.09	10.38	10.79	7.482	12.10	10.86	10.26	10.37	9.742	10.30	9.941	6.937	8.259	9.399	
721.0	8.335	8.840	9.798	7.267	11.56	12.30	12.90	9.081	6.325	9.192	11.66	10.94	8.842	13.46	9.375	10.96	10.62	8.385	8.791	12.47	
722.0	8.949	8.556	13.68	9.074	6.779	9.867	5.055	8.087	9.929	12.01	13.26	8.798	10.54	9.207	9.933	10.90	10.60	7.963	9.684	8.512	
723.0	6.570	10.16	11.43	6.823	10.13	10.12	7.055	6.607	12.07	9.177	7.127	5.724	9.034	9.060	7.711	10.49	8.948	9.964	10.88	7.915	
724.0	9.795	14.14	10.60	8.865	9.169	10.73	9.486	9.605	11.01	10.14	10.09	10.07	10.80	9.117	7.618	10.17	9.779	8.420	9.720	10.61	
725.0	8.792	10.24	8.322	10.59	7.911	10.82	10.57	9.231	9.892	8.641	11.33	8.865	6.005	11.79	8.443	11.13	9.770	9.835	11.69	8.853	
726.0	13.50	9.481	7.595	11.13	7.115	8.881	10.10	9.926	9.803	7.182	9.361	8.852	9.402	9.966	10.14	11.61	11.97	7.764	10.20	8.779	
727.0	8.993	10.37	7.220	8.753	9.393	7.751	11.09	6.068	7.867	8.722	12.12	9.499	11.59	7.671	6.129	9.720	10.47	10.04	10.84	4.093	
728.0	5.274	11.04	9.271	8.272	11.04	6.452	8.846	7.770	9.961	7.323	10.68	7.576	9.334	8.267	10.77	6.724	13.25	6.965	11.15	9.270	
729.0	5.721	11.06	12.55	9.972	9.321	7.330	8.201	11.59	9.804	13.08	10.28	9.014	8.945	8.276	9.362	7.333	10.37	8.613	5.305	9.435	
730.0	9.500	9.341	11.29	7.998	8.450	9.700	7.617	8.410	9.794	11.24	10.25	10.49	10.71	10.72	9.016	10.37	11.71	9.036	10.30	9.979	
731.0	8.870	11.13	9.896	9.220	11.82	12.35	10.62	13.37	7.572	5.745	9.314	8.813	9.344	14.07	11.27	10.63	10.67	6.298	11.02	9.685	
732.0	8.850	9.648	10.91	7.616	7.447	8.802	7.610	8.427	8.303	12.02	12.45	13.48	8.798	9.584	10.91	9.886	11.45	12.98	10.65	13.62	
733.0	8.814	10.12	8.502	6.263	7.175	9.365	10.10	10.51	8.970	9.375	10.23	12.18	11.74	8.786	8.567	10.01	6.774	10.27	7.939	8.134	
734.0	8.746	10.17	10.87	7.425	12.38	10.33	11.78	6.873	7.247	8.244	12.78	9.705	6.472	11.74	7.208	6.305	7.809	8.195	13.17	9.823	
735.0	8.496	5.683	8.735	12.28	10.91	7.031	11.35	9.020	9.902	10.29	11.53	11.80	10.54	15.20	7.702	10.81	11.17	4.571	7.390	14.67	
736.0	11.13	8.891	8.435	7.318	13.10	9.882	6.313	9.743	8.298	9.481	9.874	11.97	9.084	8.468	11.02	10.30	9.422	8.599	11.93	10.34	
737.0	9.150	12.24	11.72	9.243	11.21	9.746	10.16	7.233	13.96	7.171	10.38	9.834	9.088	10.93	11.53	9.552	6.141	12.40	8.689	8.436	
738.0	9.876	7.747	11.36	10.50	10.89	8.828	7.931	10.35	7.253	9.122	6.703	8.398	10.24	10.11	12.37	8.486	10.26	7.817	5.266	9.759	
739.0	9.382	10.57	15.24	9.645	9.948	9.650	8.778	9.143	4.887	8.828	8.939	6.184	8.535	13.40	8.805	9.149	9.708	12.62	7.206	10.73	
740.0	6.517	6.655	8.717	8.061	11.13	9.732	8.811	8.078	6.065	11.03	9.744	5.856	6.661	16.68	7.762	15.71	9.754	10.86	9.171	12.04	
741.0	8.069	8.775	9.897	10.17	9.736	12.11	6.901	8.092	12.23	11.86	7.987	8.444	8.433	10.03	11.17	11.91	11.55	8.573	9.274	7.703	
742.0	8.373	7.994	6.476	10.37	13.22	12.12	8.266	9.349	11.67	8.532	7.469	10.01	8.218	8.391	12.39	7.897	7.566	11.55	11.08	6.631	
743.0	7.683	9.893	10.32	10.18	10.02	8.362	10.93	10.99	6.117	10.41	9.267	12.89	8.574	7.428	11.02	4.471	9.738	12.41	7.792	8.489	
744.0	7.689	9.321	10.10	9.350	9.724	12.63	8.425	10.18	8.947	7.723	7.204	8.900	9.570	11.31	8.045	9.674	11.87	10.37	7.255	11.48	
745.0	7.973	9.233	8.603	9.032	10.03	6.040	11.13	8.627	9.006	10.05	8.984	5.988	10.33	12.64	11.21	11.61	10.42	8.263	12.58	10.23	
746.0	7.157	8.758	15.87	7.387	7.737	9.029	8.434	10.79	7.379	9.821	7.542	6.983	10.11	10.96	8.575	11.10	9.586	9.732	9.023	8.819	
747.0	8.928	6.790	10.76	8.149	10.28	9.226	8.677	10.62	10.08	9.347	9.088	11.04	8.137	12.16	7.081	12.37	9.956	6.080	8.640	9.345	
748.0	7.094	7.705	12.90	11.16	11.45	8.924	9.546	8.785	6.220	12.94	10.45	8.769	8.004	8.919	9.642	9.398	7.654	6.773	12.38	8.826	
749.0	8.302	9.159	9.443	11.41	8.142	7.328	6.994	11.22	10.38	10.00	11.90	8.894	11.20	7.442	11.12	10.27	7.924	11.15	8.738	9.724	
750.0	10.47	6.423	5.691	9.200	11.69	8.551	8.799	12.25	12.54	5.589	13.52	8.750	9.792	7.610	9.775	11.41	10.85	10.00	10.90	6.338	
751.0	10.09	7.763	7.677	7.744	9.057	11.50	10.37	5.913	8.021	11.58	10.89	6.635	6.843	7.414	10.01	10.67	9.276	11.06	10.43	13.65	
752.0	14.00	7.632	11.11	5.858	9.288	10.32	8.158	8.609	8.780	8.058	9.763	5.810	10.62	8.877	10.34	8.898	13.86	11.80	8.516	10.19	
753.0	10.29	5.079	12.11	8.939	9.190	6.937	11.68	8.088	11.03	8.313	7.171	6.794	8.719	7.741	11.65	9.132	9.831	14.92	10.39	11.61	
754.0	7.883	6.153	6.687	6.092	8.523	9.408	6.652	7.525	8.355	8.467	10.44	11.05	6.420	9.074	9.315	8.983	6.459	11.88	10.35	7.419	
755.0	9.348	5.010	7.616	9.831	10.68	6.354	7.726	7.209	9.870	12.24	12.93	9.211	9.657	10.01	8.823	8.882	10.27	13.08	8.724	11.73	
756.0	7.905	6.571	7.188	8.384	11.69	12.49	12.22	8.831	5.944	8.365	12.89	10.14	12.61	11.17	8.703	7.974	11.35	8.738	9.937	11.79	
757.0	8.178	8.873	11.57	11.27	8.174	8.870	7.574	9.224	7.711	10.69	10.92	11.91	10.32	9.404	8.747	13.32	11.69	7.082	12.69	10.49	
758.0	10.70	9.974	9.488	9.180	9.441	7.516	8.508	9.753	9.285	7.704	8.440	10.66	10.31	8.551	8.500	9.990	5.688	12.72	11.28	11.48	
759.0	9.654	10.64	15.19	10.32	13.42	7.088	11.21	8.266	11.24	9.042	9.476	10.80	9.214	10.31	10.31	11.20	13.73	8.994	13.41	11.27	
760.0	7.361	14.39	9.178	11.32	12.26	8.694	8.796	8.932	9.661	7.556	10.68	10.76	13.30	10.88	4.661	10.83	12.99	10.60	13.65	8.805	
761.0	6.526	10.31	7.503	13.76	8.500	8.974	14.76	9.392	5.823	9.559	6.645	7.860	10.23	7.622	11.60	10.07	6.736	7.288	7.795	9.592	
762.0	7.594	6.880	12.76	10.10	8.443	14.45	7.227	9.356	13.04	11.39	7.262	10.51	9.110	10.02	10.39	8.797	13.59	10.08	7.785	8.219	
763.0	8.437	5.591	8.769	11.62	7.004	7.337	7.033	9.411	9.440	6.309	11.69	9.039	9.952	10.92	9.269	9.633	10.51	7.600	9.236	6.916	
764.0	8.242	10.02	8.376	10.85	10.70	8.407	12.36	9.006	5.778	7.499	8.125	9.498	8.371	7.998	10.78	9.110	6.506	7.381	9.241	7.281	
765.0	12.40	8.769	12.00	10.33	8.150	8.766	7.254	10.94	8.545	13.79	7.336	10.36	10.19	9.060	7.369	9.121	8.349	10.22	10.41	7.792	
766.0	10.91	5.691	9.269	11.06	8.700	6.161	11.08	9.816	9.099	8.941	8.592	9.284	8.447	13.47	9.507	11.01	7.025	10.38	8.618	10.80	
767.0	9.709	11.79	10.09	9.934	10.36	8.563	6.439	11.93	8.839	6.784	8.702	8.422	8.446	9.397	9.557	10.87	8.964	8.992	8.872	8.200	
768.0	10.94	9.797	13.13	9.594	5.903	8.533	7.002	11.45	9.609	9.087	4.603	13.42	10.71	10.75	6.884	8.621	7.000	10.92	5.601	11.63	
769.0	7.954	7.584	9.561	10.68	6.859	12.10	8.600	11.98	8.425	8.284	6.784	11.80	9.948	9.467	8.398	7.715	7.670	13.62	5.629	6.596	
770.0	7.905	8.941	8.471	11.15	9.444	7.248	6.603	6.078	12.21	10.20	7.725	11.51	11.11	12.29	9.637	8.921	11.67	15.19	4.452	12.81	
771.0	7.992	8.013	4.767	7.216	13.89	10.17	6.793	10.34	7.405	8.842	10.32	9.957	9.413	8.473	9.252	8.443	9.817	9.638	10.41	12.80	
772.0	7.676	9.614	10.09	10.34	8.441	7.811	8.891	10.47	12.65	11.77	8.215	9.647	9.481	9.319	9.151	10.65	8.576	9.432	7.650	10.83	
773.0	9.195	12.82	10.28	10.46	8.266	8.676	11.36	10.76	4.840	8.710	8.902	13.00	6.373	10.01	9.433	10.09	7.399	7.088	10.93	6.415	
774.0	14.59	8.519	6.269	8.553	8.024	10.24	7.921	5.736	7.940	7.095	6.982	9.693	13.06	9.202	7.916	6.207	9.048	10.95	11.06	13.84	
775.0	5.301	7.170	9.621	9.071	9.381	14.26	9.906	11.27	11.15	11.24	8.700	11.90	12.96	10.76	9.049	10.29	8.775	9.437	9.942	8.313	
776.0	8.721	9.436	11.55	8.346	8.941	8.794	9.487	9.496	7.939	6.993	10.20	10.23	12.45	18.11	8.672	5.213	7.784	11.47	11.91	9.163	
777.0	12.81	11.32	9.285	7.880	9.201	9.900	9.431	8.520	6.700	6.361	7.020	10.15	10.02	11.26	8.637	9.822	9.389	8.201	10.00	8.222	
778.0	8.837	10.52	9.044	9.037	9.339	8.491	7.529	8.430	8.714	11.15	6.826	8.733	9.621	12.21	6.691	10.65	6.314	10.85	9.723	9.136	
779.0	7.811	5.752	11.76	9.307	9.413	8.086	9.954	7.659	10.93	10.23	7.059	6.150	9.618	8.324	7.602	9.218	6.997	12.84	6.313	10.19	
780.0	9.355	6.216	11.22	7.669	11.21	9.299	12.59	9.944	9.516	7.330	9.182	8.824	8.639	10.38	9.505	9.238	10.88	7.236	9.135	11.98	
