500.0	0.880395	0.901157	0.790701	0.879366	0.883421	0.847780	0.831450	0.890064	0.822672	0.936074	0.805769	0.860067	0.862677	0.837991	0.791643	0.798120	0.885661	0.837519	0.802918	0.862755
501.0	0.932586	0.906469	0.777902	0.853464	0.868646	0.869272	0.919551	0.817935	0.865757	0.982661	0.861895	0.831050	0.891542	0.818529	0.885978	0.889478	0.852154	0.829203	0.829529	0.811042
502.0	0.940296	0.899450	0.906978	0.825340	0.850628	0.888277	0.884311	0.833963	0.896558	0.947983	0.855773	0.904193	0.963449	0.890401	0.828720	0.907816	0.950430	0.838018	0.792273	0.899693
503.0	0.926260	0.908177	0.863532	1.000000	0.906665	0.861456	0.889828	0.809920	0.841900	0.852532	0.885026	0.900587	0.965498	0.916349	0.856119	0.950934	0.919341	0.866789	0.901850	0.908066
504.0	0.910840	0.870613	0.843342	0.946714	0.894413	0.949378	0.929341	0.869505	0.938754	0.910503	0.951357	0.898355	0.919382	0.947249	0.870884	0.892617	0.953712	0.892566	1.000000	0.912170
505.0	0.827808	0.889964	0.937805	0.869930	0.960720	0.949201	0.929341	0.950520	0.902078	0.888611	1.000000	0.927544	1.000000	0.937177	0.907962	0.946804	0.944558	0.954931	0.909990	0.887380
506.0	0.855683	0.947448	0.850913	0.921551	0.913332	0.904440	0.930586	0.886928	0.962968	0.957266	0.906626	0.901274	0.896154	0.939737	0.935360	0.853629	0.921759	0.961583	0.950377	0.940735
507.0	0.950774	0.968507	0.914730	0.919886	1.000000	0.933570	1.000000	0.913410	0.941425	0.954639	0.895401	0.885650	0.987873	0.992147	0.953899	0.977532	1.000000	0.885249	0.902790	0.946481
508.0	0.949983	0.948207	0.919778	0.902864	0.956035	0.901954	0.971523	1.000000	0.915787	0.966898	0.900163	0.931149	0.938512	0.933933	0.962430	0.996861	0.939722	0.993680	0.895432	0.940243
509.0	0.907083	0.961298	0.943754	0.970397	0.890629	0.922025	0.988965	0.963761	0.999466	1.000000	0.967515	0.954328	0.951322	1.000000	1.000000	0.884026	0.979274	0.919341	0.948655	0.953540
510.0	0.989522	0.914437	0.999459	0.923401	0.961621	0.913677	0.941977	0.950694	0.940713	0.975130	0.945575	1.000000	0.951834	0.920276	0.833478	0.879566	0.918132	0.896724	0.890266	0.889843
511.0	0.898583	1.000000	0.930955	0.984273	0.980720	0.913677	0.974726	0.922470	0.952819	0.954113	0.911048	0.957419	0.936292	0.965345	0.926829	0.915746	0.986701	0.911359	0.886510	0.920378
512.0	0.949983	0.987858	0.951326	0.913965	0.947386	0.947247	0.945537	0.952785	1.000000	0.919435	0.942343	0.936815	0.996072	0.987708	0.895001	0.964151	0.942658	0.984866	0.886510	0.987359
513.0	0.992488	0.937773	0.931496	0.955225	0.914413	0.927709	0.991457	0.978396	0.964392	0.928893	0.921253	0.965661	0.971647	0.922495	0.847423	0.952256	0.971674	0.895393	0.889484	0.974882
514.0	0.920329	0.935117	1.000000	0.944679	0.878917	0.973179	0.966895	0.950694	0.973650	0.938526	0.936730	0.982830	0.886247	0.983099	0.888111	0.931936	0.949048	0.916182	0.905607	1.000000
515.0	0.912421	0.968317	0.871464	0.866230	0.923963	1.000000	0.946783	0.897904	0.993947	0.902622	0.865977	0.938017	0.881806	0.937518	0.896478	0.922189	0.977029	0.916847	0.847531	0.968972
516.0	1.000000	0.931512	0.855059	0.888618	0.863061	0.942806	0.954258	0.899298	0.925223	0.951311	0.936050	0.917414	0.938854	0.890230	0.873673	0.961012	0.883761	1.000000	0.835165	0.905439
517.0	0.995058	0.943275	0.860468	0.873816	0.926485	0.974778	0.890006	0.922644	0.867716	0.869871	0.946765	0.924968	0.855674	0.907131	0.910259	1.000000	0.888079	0.932147	0.856924	0.947466
518.0	0.908072	0.879719	0.839556	0.946159	0.836574	0.933037	0.861173	0.821942	0.884452	0.884582	0.860875	0.957762	0.950126	0.940250	0.869572	0.903190	0.884452	0.957758	0.831251	0.910200
519.0	0.844019	0.842724	0.866597	0.981868	0.935314	0.861456	0.838925	0.805739	0.892998	0.876000	0.828220	0.904536	0.918870	0.849941	0.857267	0.918059	0.941621	0.908199	0.851914	0.880321
520.0	0.899176	0.861127	0.840457	0.851798	0.890088	0.820959	0.829314	0.900343	0.848310	0.853407	0.835023	0.890285	0.837740	0.883743	0.862189	0.843551	0.837127	0.913853	0.898563	0.847487
521.0	0.825435	0.828306	0.847848	0.815349	0.849186	0.886323	0.836255	0.901214	0.903324	0.902272	0.868188	0.865733	0.909476	0.822797	0.789674	0.809354	0.825383	0.941959	0.835948	0.836324
522.0	0.776209	0.841207	0.776640	0.831261	0.836033	0.890764	0.796387	0.694409	0.875550	0.944130	0.851180	0.866935	0.842693	0.871451	0.823306	0.866515	0.856644	0.908532	0.760496	0.892305
523.0	0.799735	0.812180	0.766004	0.831076	0.762698	0.808881	0.833407	0.794066	0.888191	0.865667	0.884176	0.839978	0.879586	0.876914	0.837088	0.768548	0.932813	0.860469	0.815598	0.864233
524.0	0.843623	0.848985	0.761677	0.761878	0.828646	0.771936	0.869716	0.769674	0.879823	0.876351	0.801517	0.804952	0.860286	0.818188	0.839549	0.778626	0.813292	0.840013	0.766131	0.777387
525.0	0.731135	0.811990	0.770150	0.832186	0.815312	0.790053	0.849248	0.816541	0.871633	0.822407	0.802708	0.795508	0.776423	0.827236	0.761456	0.748724	0.810011	0.755031	0.785386	0.833861
526.0	0.718878	0.798330	0.696959	0.788336	0.827024	0.764831	0.805286	0.793717	0.795253	0.790357	0.796075	0.819031	0.827150	0.752292	0.756698	0.751697	0.820546	0.780143	0.740929	0.779193
527.0	0.694957	0.687346	0.762759	0.692866	0.865403	0.787922	0.766130	0.808527	0.781366	0.791583	0.756446	0.745373	0.802384	0.735050	0.733073	0.759627	0.783585	0.732247	0.708995	0.770657
528.0	0.739636	0.734775	0.758613	0.702302	0.758374	0.732504	0.773605	0.759918	0.755194	0.747973	0.662732	0.706226	0.778302	0.767998	0.740948	0.732864	0.815365	0.745884	0.635735	0.727152
529.0	0.692387	0.746348	0.744912	0.830151	0.754050	0.746004	0.795141	0.713051	0.777449	0.737289	0.681101	0.770097	0.809729	0.683664	0.719784	0.744759	0.730388	0.723266	0.735919	0.733390
530.0	0.710377	0.676722	0.684159	0.735235	0.738914	0.743162	0.763282	0.727860	0.760892	0.743945	0.730424	0.730263	0.729794	0.683664	0.666464	0.756984	0.756814	0.693165	0.745312	0.712048
531.0	0.675583	0.692089	0.653873	0.745411	0.652967	0.779041	0.735873	0.666533	0.709260	0.700685	0.705932	0.745201	0.769078	0.723612	0.653175	0.788869	0.716916	0.685515	0.666103	0.643918
532.0	0.679141	0.690761	0.765102	0.672143	0.674409	0.687922	0.633176	0.667230	0.722969	0.692453	0.724811	0.745544	0.689998	0.646790	0.662527	0.702797	0.759750	0.724929	0.650449	0.654425
533.0	0.667280	0.646936	0.697860	0.681394	0.593686	0.674956	0.650085	0.712354	0.681129	0.704012	0.640112	0.653686	0.647640	0.627499	0.619215	0.651749	0.689108	0.658074	0.623994	0.630785
534.0	0.685665	0.645039	0.666492	0.659747	0.636570	0.661812	0.713803	0.624022	0.661367	0.629753	0.658990	0.646990	0.630218	0.643205	0.579512	0.606317	0.644547	0.651588	0.605523	0.645068
535.0	0.666093	0.637830	0.613492	0.654566	0.613146	0.611368	0.696182	0.601024	0.618459	0.639911	0.593000	0.646647	0.637904	0.586869	0.602645	0.630107	0.624167	0.599867	0.623368	0.598280
536.0	0.614890	0.602163	0.638370	0.574082	0.550623	0.604618	0.638516	0.556771	0.575017	0.619770	0.564086	0.587583	0.595546	0.594892	0.541614	0.600866	0.681854	0.585398	0.530228	0.565938
537.0	0.518811	0.583570	0.517405	0.622003	0.552785	0.544760	0.573196	0.607819	0.558282	0.602256	0.550650	0.518732	0.533887	0.565529	0.553755	0.565842	0.643338	0.570264	0.525531	0.584982
538.0	0.550640	0.572946	0.603036	0.591844	0.542154	0.532682	0.512147	0.515654	0.551872	0.523443	0.540785	0.546204	0.548405	0.532410	0.506669	0.563529	0.565270	0.509396	0.513008	0.529985
539.0	0.550837	0.525517	0.501361	0.508215	0.489360	0.517052	0.490611	0.499800	0.526590	0.551640	0.482958	0.578998	0.573854	0.560237	0.553590	0.477623	0.516391	0.502578	0.529445	0.491242
540.0	0.469980	0.466705	0.489824	0.505810	0.520172	0.565364	0.533505	0.511995	0.520893	0.491742	0.541806	0.524913	0.572146	0.545726	0.520450	0.407907	0.548171	0.507900	0.493441	0.454632
541.0	0.534824	0.495162	0.440609	0.472321	0.502333	0.494849	0.488298	0.513738	0.523920	0.523443	0.480577	0.451942	0.514416	0.509705	0.488294	0.411872	0.482366	0.464993	0.420651	0.534090
542.0	0.437163	0.492506	0.465847	0.501554	0.504676	0.450622	0.490967	0.434639	0.536917	0.507154	0.456085	0.432025	0.524151	0.498950	0.473693	0.452842	0.446786	0.460003	0.414546	0.494525
543.0	0.446059	0.481882	0.426908	0.471026	0.421972	0.486146	0.492391	0.472446	0.452169	0.475804	0.464249	0.475464	0.480597	0.468051	0.436779	0.454825	0.466821	0.513554	0.402962	0.425246
544.0	0.448629	0.436350	0.437364	0.466030	0.424494	0.401243	0.429741	0.380978	0.458223	0.439725	0.434996	0.418633	0.412790	0.466173	0.419389	0.422445	0.461294	0.450025	0.399361	0.439529
545.0	0.442500	0.372225	0.429612	0.405158	0.420530	0.401066	0.431165	0.405195	0.395909	0.371421	0.396728	0.397170	0.458906	0.391912	0.403147	0.412532	0.414660	0.392150	0.376820	0.481720
546.0	0.422929	0.375261	0.379135	0.395722	0.397467	0.393428	0.383643	0.380107	0.407837	0.430268	0.407613	0.383091	0.373676	0.424518	0.413647	0.374370	0.415351	0.441044	0.395448	0.451184
547.0	0.410276	0.402580	0.387968	0.411819	0.375124	0.408348	0.388805	0.380630	0.426532	0.385432	0.372406	0.379142	0.384095	0.415129	0.402983	0.450860	0.406715	0.370531	0.342694	0.397666
548.0	0.347607	0.347372	0.352274	0.332260	0.370619	0.368384	0.396992	0.386728	0.408728	0.406274	0.370365	0.385667	0.368211	0.374328	0.353928	0.364458	0.403779	0.379844	0.367584	0.395860
549.0	0.335548	0.346234	0.328478	0.365194	0.327916	0.332149	0.424757	0.347875	0.357096	0.374923	0.347064	0.369699	0.365819	0.376889	0.367217	0.377013	0.354382	0.355397	0.365862	0.375174
550.0	0.351561	0.315120	0.322168	0.394242	0.340168	0.346359	0.398594	0.323658	0.366176	0.319754	0.348765	0.366780	0.377605	0.356403	0.352944	0.325800	0.407924	0.360718	0.345669	0.364011
551.0	0.328431	0.354582	0.333886	0.328190	0.352060	0.373179	0.361573	0.324529	0.379351	0.333415	0.356589	0.384808	0.375384	0.391399	0.371811	0.319027	0.368027	0.338766	0.331110	0.354161
552.0	0.325267	0.301271	0.299093	0.329485	0.332240	0.322558	0.373854	0.319302	0.359410	0.338319	0.330397	0.368840	0.339345	0.340868	0.341132	0.304654	0.346610	0.331947	0.323127	0.335774
553.0	0.304707	0.339215	0.329379	0.302657	0.300888	0.307105	0.337368	0.300138	0.322378	0.274568	0.325975	0.338965	0.341907	0.352306	0.352288	0.322661	0.309821	0.306835	0.297455	0.358101
554.0	0.308463	0.298236	0.310090	0.332445	0.297104	0.330018	0.302305	0.295085	0.327363	0.271941	0.322913	0.305312	0.292888	0.324479	0.334405	0.319027	0.306194	0.318643	0.296202	0.354325
555.0	0.280193	0.322899	0.302518	0.327450	0.333682	0.294139	0.327579	0.310417	0.340182	0.292432	0.301143	0.305312	0.297158	0.302286	0.321773	0.275413	0.270441	0.313321	0.268808	0.293747
556.0	0.243422	0.293493	0.282688	0.264173	0.303231	0.288632	0.281659	0.272784	0.295850	0.302941	0.292129	0.288829	0.277345	0.274971	0.246633	0.263187	0.263705	0.293364	0.263955	0.237930
557.0	0.269913	0.293303	0.266824	0.286560	0.270437	0.284369	0.253359	0.258672	0.258639	0.253026	0.308967	0.295182	0.276491	0.289994	0.255492	0.268804	0.272686	0.254948	0.242666	0.249421
558.0	0.274460	0.260672	0.255106	0.221433	0.262870	0.229130	0.292160	0.265815	0.270034	0.214845	0.257773	0.254146	0.235670	0.249876	0.250242	0.260379	0.239697	0.242807	0.250493	0.282419
559.0	0.231362	0.232404	0.267725	0.266023	0.254581	0.266252	0.253537	0.272610	0.241369	0.248647	0.256752	0.232684	0.273929	0.268143	0.276164	0.267813	0.255242	0.240978	0.264895	0.257301
560.0	0.262598	0.240941	0.224640	0.256587	0.281969	0.257904	0.227730	0.235674	0.243862	0.263184	0.224097	0.243330	0.234133	0.270362	0.232852	0.234277	0.277695	0.250125	0.234213	0.276345
561.0	0.247969	0.254411	0.248797	0.269538	0.226112	0.230195	0.216517	0.229054	0.245820	0.267737	0.249949	0.220837	0.232083	0.250218	0.224320	0.267483	0.249542	0.223349	0.182086	0.221677
562.0	0.221675	0.247771	0.223198	0.216252	0.222509	0.201243	0.239299	0.260589	0.233714	0.216771	0.244336	0.249339	0.212441	0.243048	0.232852	0.253771	0.241079	0.192583	0.219655	0.257301
563.0	0.222268	0.234491	0.226082	0.206631	0.212959	0.171190	0.241257	0.193686	0.244040	0.250749	0.238724	0.234058	0.215003	0.210270	0.215625	0.221556	0.248161	0.206054	0.205253	0.242690
564.0	0.204674	0.246443	0.207874	0.248261	0.222869	0.180107	0.238409	0.194731	0.225880	0.238664	0.242976	0.228564	0.188700	0.210612	0.192657	0.198097	0.225535	0.223848	0.200088	0.209036
565.0	0.244608	0.240941	0.217068	0.205521	0.186111	0.174725	0.207618	0.229054	0.193299	0.200308	0.222396	0.219807	0.191774	0.185858	0.210047	0.212139	0.180628	0.196408	0.198053	0.231034
566.0	0.200522	0.213811	0.187503	0.176362	0.179355	0.223623	0.195159	0.203094	0.165168	0.194353	0.210831	0.224786	0.187163	0.163801	0.210539	0.188350	0.230025	0.225345	0.188973	0.174232
567.0	0.244212	0.170935	0.182816	0.208111	0.154994	0.166554	0.177378	0.209192	0.198996	0.183144	0.187360	0.209162	0.193995	0.196784	0.200696	0.165221	0.217071	0.201563	0.185686	0.186216
568.0	0.184252	0.151964	0.162842	0.210332	0.188274	0.173250	0.139414	0.177832	0.178521	0.181918	0.190421	0.196800	0.160962	0.185175	0.179040	0.188350	0.204463	0.187427	0.161266	0.172262
569.0	0.160548	0.169418	0.171279	0.191829	0.202148	0.174973	0.173801	0.139798	0.195257	0.165000	0.166134	0.176196	0.164668	0.182785	0.187899	0.145380	0.174756	0.197073	0.159231	0.163775
570.0	0.163019	0.153462	0.155306	0.132493	0.168057	0.168952	0.174566	0.159259	0.203803	0.149027	0.147884	0.157618	0.193141	0.178346	0.150214	0.140440	0.179246	0.196740	0.137237	0.180142
571.0	0.157424	0.137981	0.149754	0.164668	0.161841	0.175702	0.168266	0.129171	0.174070	0.171655	0.189060	0.151059	0.177598	0.197637	0.175594	0.154169	0.178901	0.137602	0.155678	0.161952
572.0	0.159718	0.147638	0.181194	0.135417	0.192058	0.193961	0.151820	0.141819	0.142041	0.174440	0.164042	0.153017	0.167538	0.155556	0.147458	0.130561	0.184601	0.149709	0.138286	0.136358
573.0	0.145464	0.144754	0.169169	0.146851	0.155913	0.114316	0.138987	0.138544	0.142664	0.145227	0.136302	0.154150	0.159032	0.163562	0.126803	0.128876	0.145221	0.154349	0.139867	0.140791
574.0	0.185121	0.151034	0.127256	0.182634	0.152147	0.135702	0.129981	0.133805	0.132142	0.130287	0.162579	0.151334	0.157973	0.122796	0.138599	0.140473	0.124184	0.151838	0.175041	0.123209
575.0	0.138248	0.140296	0.131059	0.151051	0.157192	0.123339	0.122257	0.115651	0.141400	0.134123	0.168940	0.135109	0.147554	0.115660	0.138730	0.116585	0.133407	0.139780	0.153721	0.156797
576.0	0.127296	0.136084	0.130501	0.118117	0.117750	0.140924	0.152550	0.125390	0.143323	0.167032	0.120859	0.138354	0.139732	0.120218	0.137614	0.146536	0.133649	0.145501	0.097414	0.134405
577.0	0.135105	0.143559	0.127797	0.144612	0.102002	0.105240	0.149506	0.123770	0.108017	0.140953	0.145911	0.123107	0.135479	0.153456	0.157285	0.127075	0.125168	0.120605	0.098181	0.109993
578.0	0.114742	0.138645	0.113266	0.124075	0.111227	0.128917	0.135641	0.123212	0.119056	0.134473	0.123920	0.115346	0.121285	0.123120	0.130707	0.111199	0.133165	0.134109	0.129943	0.102655
579.0	0.126228	0.123620	0.111914	0.121744	0.112813	0.108952	0.119569	0.126296	0.147364	0.112913	0.131795	0.130078	0.117869	0.103249	0.078257	0.094662	0.120453	0.133295	0.132854	0.123800
580.0	0.092976	0.106071	0.124047	0.104241	0.104056	0.104369	0.101718	0.110372	0.125964	0.132424	0.104735	0.142337	0.128322	0.102617	0.122701	0.117081	0.100401	0.111359	0.139585	0.113243
581.0	0.094716	0.096528	0.126607	0.116323	0.118561	0.116306	0.117291	0.128596	0.108195	0.120584	0.116283	0.108290	0.090114	0.076583	0.110593	0.121904	0.101126	0.133544	0.108012	0.103787
582.0	0.104798	0.128533	0.105046	0.089846	0.112993	0.090977	0.136246	0.101538	0.099293	0.099970	0.103612	0.116995	0.098415	0.120081	0.118583	0.111761	0.099796	0.104640	0.110735	0.113178
583.0	0.100330	0.146519	0.119864	0.087385	0.099443	0.095595	0.109958	0.120233	0.094557	0.100163	0.090363	0.118300	0.107587	0.098571	0.129247	0.086881	0.091765	0.090521	0.097571	0.074697
584.0	0.100963	0.098691	0.123398	0.089957	0.110092	0.109893	0.092818	0.127533	0.076504	0.114472	0.116879	0.112359	0.102548	0.089267	0.125523	0.078208	0.100815	0.085548	0.079130	0.087305
585.0	0.127335	0.093644	0.138198	0.090216	0.094470	0.087442	0.100721	0.098820	0.094860	0.119831	0.092149	0.132911	0.086715	0.084948	0.117205	0.071633	0.104857	0.082754	0.092671	0.078883
586.0	0.076607	0.120603	0.107444	0.078319	0.104326	0.107975	0.099439	0.082269	0.089056	0.113894	0.093323	0.113149	0.076057	0.095601	0.129985	0.107053	0.094839	0.096857	0.106446	0.076092
587.0	0.085325	0.084424	0.072092	0.102742	0.087281	0.082913	0.099315	0.075840	0.087169	0.069811	0.077454	0.084784	0.086630	0.093569	0.106098	0.064628	0.081816	0.090005	0.064588	0.089193
588.0	0.075282	0.077063	0.085108	0.079559	0.064848	0.108153	0.101059	0.071450	0.091531	0.112615	0.092829	0.089849	0.106169	0.062943	0.088494	0.048355	0.067498	0.077615	0.056103	0.085121
589.0	0.071032	0.089205	0.078816	0.090771	0.062307	0.098348	0.092818	0.077652	0.090605	0.106520	0.100908	0.085729	0.091036	0.076446	0.059587	0.057722	0.071730	0.075304	0.076391	0.083939
590.0	0.095368	0.087441	0.099313	0.068069	0.104164	0.095471	0.084471	0.099587	0.066552	0.091021	0.074988	0.080921	0.087108	0.061372	0.097665	0.062447	0.096497	0.090521	0.079944	0.066587
591.0	0.091098	0.092563	0.108994	0.076784	0.090885	0.082345	0.075358	0.087043	0.073780	0.079706	0.057623	0.072645	0.070814	0.073049	0.072827	0.086138	0.062524	0.078846	0.067828	0.062581
592.0	0.100765	0.063479	0.084909	0.078819	0.084146	0.062664	0.065996	0.074168	0.060445	0.070021	0.085363	0.053449	0.085776	0.073595	0.079323	0.073797	0.098259	0.073408	0.084703	0.066702
593.0	0.091394	0.061449	0.078726	0.079078	0.063136	0.070959	0.073774	0.069986	0.095483	0.090320	0.115739	0.055905	0.069857	0.090138	0.078454	0.086105	0.069847	0.073990	0.066936	0.068869
594.0	0.077931	0.056972	0.070848	0.064702	0.060434	0.078330	0.050476	0.060160	0.077305	0.085153	0.103800	0.099207	0.063606	0.072127	0.067216	0.075763	0.063076	0.073042	0.042907	0.059823
595.0	0.090347	0.089717	0.062105	0.081206	0.067190	0.057016	0.063558	0.068157	0.056563	0.091423	0.060429	0.062687	0.079781	0.072844	0.066412	0.070129	0.066997	0.064494	0.056698	0.050104
596.0	0.060633	0.070935	0.073967	0.090235	0.053514	0.064298	0.053876	0.061414	0.047003	0.084418	0.057300	0.072697	0.066407	0.055483	0.068184	0.060448	0.074355	0.058723	0.063774	0.081198
597.0	0.073463	0.051489	0.086081	0.073472	0.075695	0.068544	0.063024	0.053522	0.064736	0.083192	0.058354	0.071529	0.077936	0.082319	0.065083	0.062794	0.066151	0.059953	0.076720	0.056195
598.0	0.099124	0.070214	0.069063	0.057745	0.061731	0.060018	0.037110	0.056083	0.081916	0.061404	0.038472	0.052728	0.056039	0.069310	0.047003	0.059589	0.070141	0.040812	0.060612	0.039860
599.0	0.050452	0.058699	0.066936	0.038003	0.083047	0.064494	0.053217	0.042668	0.077661	0.051842	0.069205	0.064970	0.074418	0.081739	0.049530	0.067470	0.052800	0.040047	0.057857	0.048036
600.0	0.073918	0.048435	0.065404	0.045219	0.055659	0.065684	0.054783	0.069707	0.049566	0.062770	0.056773	0.075032	0.053443	0.051522	0.070776	0.048025	0.056807	0.049526	0.054366	0.056868
601.0	0.066465	0.065737	0.061870	0.046126	0.049821	0.056519	0.057524	0.052546	0.058041	0.038899	0.067369	0.074688	0.054178	0.053963	0.053779	0.057789	0.063318	0.063346	0.052002	0.050433
602.0	0.063776	0.049497	0.064358	0.056191	0.059154	0.051439	0.047112	0.085701	0.043905	0.050143	0.063525	0.066275	0.045074	0.055244	0.068381	0.075746	0.062610	0.071046	0.052206	0.049004
603.0	0.060831	0.043635	0.063312	0.075840	0.068163	0.059290	0.064928	0.039601	0.053733	0.056290	0.072233	0.048213	0.044510	0.056541	0.052778	0.050635	0.056686	0.061650	0.039651	0.054980
604.0	0.064409	0.051319	0.079393	0.074230	0.058578	0.076643	0.058468	0.045020	0.071341	0.047498	0.058133	0.057004	0.046287	0.056951	0.044526	0.033636	0.049017	0.042441	0.050640	0.053223
605.0	0.056798	0.059021	0.053271	0.090235	0.033388	0.056679	0.071389	0.057303	0.045596	0.031998	0.056773	0.061159	0.037576	0.053775	0.051302	0.045167	0.053491	0.037968	0.032450	0.073695
606.0	0.039203	0.066951	0.049503	0.062315	0.059262	0.060284	0.048518	0.035908	0.061175	0.064031	0.057521	0.034872	0.038310	0.050071	0.055912	0.060828	0.044544	0.036088	0.030556	0.050794
607.0	0.054010	0.050066	0.027420	0.046348	0.051659	0.060995	0.039459	0.031796	0.046914	0.043277	0.043387	0.036915	0.040531	0.059272	0.047364	0.057227	0.036892	0.054964	0.026001	0.044391
608.0	0.037345	0.056555	0.040003	0.058430	0.057605	0.051279	0.049586	0.046762	0.045044	0.061825	0.041533	0.049981	0.054229	0.050276	0.057618	0.040475	0.041988	0.055097	0.029742	0.041338
609.0	0.034557	0.058926	0.032864	0.067496	0.048812	0.057762	0.050031	0.042145	0.062510	0.060196	0.036516	0.042083	0.052043	0.078102	0.049924	0.039517	0.056772	0.056112	0.064791	0.054389
610.0	0.042860	0.048112	0.047322	0.044146	0.043694	0.046412	0.061191	0.061745	0.040059	0.050335	0.053269	0.044641	0.045809	0.045154	0.043246	0.045679	0.028395	0.064710	0.051861	0.055046
611.0	0.053793	0.054164	0.030070	0.039298	0.041965	0.030853	0.051686	0.051536	0.046006	0.070547	0.039373	0.036623	0.062376	0.040272	0.046757	0.034759	0.032592	0.051023	0.036160	0.038924
612.0	0.043928	0.038532	0.051486	0.064572	0.034613	0.036163	0.036077	0.060439	0.059733	0.043067	0.049850	0.026579	0.035834	0.035167	0.025610	0.025260	0.081713	0.029303	0.031104	0.052452
613.0	0.032501	0.039253	0.032720	0.041574	0.041370	0.023659	0.022319	0.040647	0.038207	0.043995	0.038183	0.037533	0.041521	0.043823	0.029547	0.030926	0.047048	0.023882	0.020788	0.046296
614.0	0.043196	0.044887	0.046601	0.039927	0.029478	0.041279	0.083367	0.031082	0.032012	0.038671	0.057351	0.042735	0.025330	0.030695	0.044116	0.021163	0.037911	0.018876	0.045960	0.038711
615.0	0.043730	0.057105	0.029980	0.039631	0.036992	0.030462	0.045190	0.023520	0.033169	0.057691	0.026345	0.046169	0.040890	0.053895	0.056092	0.038790	0.023334	0.047564	0.058514	0.040106
616.0	0.060752	0.048036	0.017559	0.035135	0.030613	0.022860	0.020913	0.035420	0.047288	0.057166	0.030138	0.050273	0.050147	0.046844	0.053074	0.020271	0.032713	0.051871	0.034564	0.035772
617.0	0.028468	0.046841	0.030052	0.056616	0.050415	0.018970	0.032696	0.045612	0.035946	0.041631	0.044561	0.036949	0.055766	0.030729	0.046642	0.040772	0.025649	0.032047	0.021681	0.033852
618.0	0.055908	0.058888	0.036361	0.029104	0.034073	0.014281	0.019614	0.032929	0.030427	0.036517	0.057759	0.027060	0.034997	0.026068	0.016652	0.032760	0.050244	0.034326	0.045694	0.036134
619.0	0.060099	0.050123	0.028411	0.048216	0.014559	0.021030	0.021127	0.039479	0.029145	0.021893	0.050633	0.061399	0.022631	0.033887	0.024609	0.036295	0.034613	0.026892	0.037945	0.049218
620.0	0.036079	0.030658	0.023273	0.051103	0.044307	0.040497	0.024526	0.039357	0.026706	0.038671	0.017518	0.042135	0.020616	0.050634	0.039211	0.041219	0.036305	0.014252	0.028271	0.030453
621.0	0.063598	0.029103	0.032503	0.036745	0.021802	0.034956	0.032891	0.081781	0.032261	0.022628	0.062011	0.024467	0.020564	0.043003	0.033665	0.024979	0.058189	0.046366	0.035988	0.028335
622.0	0.051776	0.023658	0.040021	0.052453	0.045208	0.038046	0.052149	0.044323	0.033952	0.032033	0.030393	0.031764	0.032589	0.026307	0.025741	0.039732	0.022091	0.039282	0.025860	0.050039
623.0	0.033509	0.046139	0.039624	0.045238	0.044920	0.022806	0.027943	0.049341	0.040113	0.028600	0.028743	0.044968	0.030966	0.028322	0.044854	0.048818	0.018084	0.024131	0.036677	0.026743
624.0	0.042069	0.053747	0.033062	0.023664	0.014847	0.027211	0.019632	0.040629	0.043495	0.015955	0.034543	0.028347	0.035151	0.031702	0.034371	0.035569	0.026668	0.031565	0.009674	0.024872
625.0	0.016942	0.042288	0.034577	0.027383	0.040343	0.021066	0.040224	0.029514	0.037780	0.028530	0.035394	0.038941	0.036415	0.030165	0.034961	0.035205	0.026184	0.013105	0.014762	0.027974
626.0	0.019987	0.043976	0.026122	0.040890	0.028073	0.026838	0.023565	0.001882	0.046451	0.016761	0.031669	0.013289	0.046953	0.052734	0.042902	0.010804	0.033334	0.041577	0.020256	0.023887
627.0	0.022399	0.051432	0.029673	0.022665	0.040685	0.017300	0.036647	0.027719	0.028433	0.029651	0.023964	0.024948	0.038686	0.032794	0.025183	0.022749	0.049915	0.020971	0.029977	0.033572
628.0	0.051045	0.021685	0.013935	0.026014	0.000234	0.019218	0.011302	0.016429	0.021329	0.033102	0.038319	0.023076	0.020513	0.046349	0.026561	0.020419	0.038879	0.046000	0.032607	0.032210
629.0	0.027321	0.045987	0.024247	0.033230	0.031856	0.026323	0.021483	0.029862	0.026065	0.033802	0.031448	0.041225	0.007037	0.023661	0.025626	0.021923	0.042385	0.054632	0.044269	0.023427
630.0	0.018524	0.026788	0.025365	0.023442	0.026127	0.022735	0.018991	0.047215	0.025513	0.025203	0.027995	0.033824	0.046133	0.011779	0.030942	0.028399	0.035442	0.045834	0.029445	0.041420
631.0	0.032738	0.044166	0.022282	0.056820	0.031244	0.015808	0.024277	0.055247	0.020190	0.031578	0.009235	0.027197	0.031069	0.029226	0.035060	0.013894	0.028965	0.028139	0.021962	0.044063
632.0	0.046696	0.040391	0.031350	0.049271	0.023081	0.012895	0.044994	0.037302	0.017751	0.023469	0.031856	0.032399	0.023383	0.026188	0.007826	0.029621	0.018187	0.022335	0.026017	0.034475
633.0	0.041635	0.015007	0.026212	0.024127	0.028775	0.050995	0.016143	0.028573	0.025727	0.034310	0.041618	0.030957	0.028711	0.026376	0.032484	0.042243	0.010380	0.037835	0.036442	0.035345
634.0	0.025799	0.027490	0.023832	0.040038	0.032901	0.029254	0.022123	0.032824	0.017412	0.023854	0.019253	0.023763	0.014450	0.026188	0.030925	0.016273	0.010484	0.035141	0.014120	0.024642
635.0	0.026135	0.019389	0.041319	0.032508	0.035172	0.033215	0.026146	0.027493	0.018605	0.032436	0.035785	0.025428	0.040087	0.005378	0.018982	0.023393	0.016633	0.015267	0.035174	0.011623
636.0	0.021944	0.028477	0.019992	0.021166	0.041911	0.007815	0.027623	0.025019	0.042035	0.035133	0.030002	0.016861	0.016038	0.018010	0.028251	0.024202	0.024854	0.043206	0.026721	0.006255
637.0	0.021885	0.025877	0.026735	0.032619	0.061533	0.023872	0.005998	0.024984	0.023857	0.030299	0.051466	0.035335	0.028131	0.016918	0.057208	0.020518	0.002953	0.038051	0.006496	0.014529
638.0	0.026946	0.031076	0.020786	0.040538	0.029694	0.024369	0.029972	0.015489	0.019958	0.017742	0.039152	0.027935	0.035185	0.025266	0.029941	0.009450	0.017410	0.029769	0.007232	0.013659
639.0	0.031335	0.009808	0.021200	0.029233	0.018108	0.018703	0.026662	0.031814	0.011448	0.014834	0.023794	0.036795	0.027584	0.024771	0.012879	0.007153	0.024975	0.018510	0.023215	0.023542
640.0	0.023980	0.014893	0.015323	0.030436	0.013730	0.036821	0.018955	0.026047	0.013674	0.016025	0.034271	0.018664	0.004714	0.012479	0.001887	0.023327	0.013057	0.009446	0.012695	0.026792
641.0	0.010913	0.015595	0.007662	0.007641	0.015730	0.031172	0.008632	0.031378	0.010771	0.016271	0.016685	0.012585	0.006900	0.020264	0.003659	0.016388	0.017393	0.043888	0.008719	0.008340
642.0	0.035190	0.024151	0.034577	0.009455	0.030541	0.014227	0.014595	0.035664	0.041608	0.031228	0.012994	0.013169	0.003245	0.004678	0.025774	0.012523	0.019258	0.024447	0.004947	0.006961
643.0	0.032976	0.024625	0.016657	0.014876	0.017117	0.023588	0.022141	0.028277	0.033258	0.031455	0.006973	0.014543	0.025432	0.011114	0.022083	0.015661	0.002988	0.016797	0.006418	0.021408
644.0	0.023723	0.013204	0.017973	0.004385	0.019370	0.024085	0.028566	0.017806	0.036943	0.011927	0.001548	0.025051	0.015184	0.015074	0.021771	0.029258	0.026149	0.032563	0.013228	0.016778
645.0	0.047585	0.036274	0.000000	0.019427	0.017658	0.041901	0.021625	0.037458	0.029822	0.018863	0.033438	0.020277	0.033699	0.014613	0.028612	0.027953	0.022367	0.015383	0.026659	0.025692
646.0	0.029318	0.026598	0.021615	0.019520	0.019730	0.006892	0.026092	0.005837	0.005982	0.010403	0.013198	0.018509	0.032725	0.018523	0.020147	0.019246	0.025579	0.021603	0.015043	0.013281
647.0	0.019592	0.024625	0.016207	0.034007	0.018991	0.010657	0.016855	0.015471	0.027418	0.020404	0.015443	0.034391	0.030044	0.010636	0.023658	0.013530	0.026823	0.024281	0.004884	0.018124
648.0	0.012415	0.023563	0.036307	0.012618	0.000685	0.022131	0.012601	0.000993	0.026172	0.036026	0.009814	0.013083	0.009394	0.011523	0.008876	0.008045	0.016823	0.009978	0.017595	0.015465
649.0	0.026946	0.018459	0.014548	0.025144	0.012775	0.018401	0.014630	0.016621	0.014564	0.026691	0.017178	0.035936	0.022716	0.022278	0.020212	0.007748	0.017168	0.009047	0.018926	0.019257
650.0	0.028508	0.027073	0.031097	0.035117	0.004793	0.013730	0.014933	0.021848	0.036124	0.027532	0.007075	0.011813	0.019454	0.016337	0.023231	0.014538	0.029155	0.018260	0.021555	0.024313
651.0	0.025068	0.022311	0.042238	0.032490	0.022090	0.014618	0.024686	0.021273	0.024890	0.015237	0.018896	0.010783	0.019932	0.025283	0.023247	0.012919	0.026944	0.018543	0.026690	0.016089
652.0	0.015875	0.027604	0.022841	0.027661	0.029766	0.019378	0.012103	0.029305	0.021133	0.003205	0.015358	0.019848	0.022956	0.012787	0.014323	0.003122	0.031158	0.013654	0.007561	0.020045
653.0	0.022557	0.030886	0.024860	0.029585	0.005387	0.016750	0.012352	0.028869	0.001300	0.028706	0.016702	0.021994	0.033853	0.019001	0.015717	0.022319	0.027099	0.024597	0.006700	0.024609
654.0	0.030821	0.013584	0.007481	0.020019	0.004883	0.022558	0.009273	0.021761	0.018587	0.020737	0.020154	0.005803	0.025466	0.021100	0.007481	0.015926	0.028343	0.020871	0.014636	0.038251
655.0	0.017773	0.012901	0.010438	0.029030	0.010505	0.048579	0.022373	0.039044	0.008350	0.023294	0.044714	0.019728	0.015833	0.007460	0.005594	0.038526	0.025769	0.016398	0.020726	0.032834
656.0	0.004310	0.010321	0.004218	0.017429	0.026433	0.022789	0.019400	0.027545	0.006516	0.015535	0.035411	0.022716	0.017780	0.013145	0.003724	0.018817	0.018636	0.032895	0.014777	0.016384
657.0	0.011624	0.016942	0.036668	0.001943	0.036703	0.015897	0.017976	0.010140	0.005786	0.014432	0.021226	0.008482	0.018344	0.014630	0.012403	0.013993	0.005855	0.031016	0.027222	0.019717
658.0	0.029377	0.035591	0.030250	0.011897	0.031568	0.024529	0.013473	0.012457	0.023911	0.010386	0.000119	0.026974	0.017763	0.014477	0.012912	0.008822	0.010173	0.013687	0.025641	0.006994
659.0	0.024356	0.030108	0.003984	0.010824	0.026163	0.036163	0.001709	0.016046	0.038546	0.005797	0.009933	0.036159	0.003672	0.012394	0.008154	0.017082	0.014301	0.014435	0.023246	0.021720
660.0	0.012791	0.023734	0.001586	0.016337	0.023748	0.049698	0.019080	0.010122	0.019905	0.016341	0.024253	0.008259	0.014023	0.019069	0.020065	0.007930	0.023628	0.023150	0.021274	0.014824
661.0	0.028231	0.027262	0.013539	0.019594	0.020217	0.032558	0.019952	0.005384	0.033543	0.021420	0.034186	0.021136	0.035629	0.016081	0.020163	0.014059	0.005147	0.024015	0.032231	0.008964
662.0	0.014708	0.024568	0.027348	0.017281	0.008613	0.026892	0.021803	0.017004	0.021151	0.028986	0.030410	0.045156	0.021504	0.009594	0.025528	0.024450	0.032868	0.023682	0.025218	0.013560
663.0	0.012277	0.019750	0.026518	0.035265	0.015207	0.030178	0.035579	0.020890	0.024231	0.022926	0.017331	0.015607	0.034587	0.021288	0.024117	0.033553	0.022091	0.020239	0.017751	0.013429
664.0	0.034676	0.016961	0.013214	0.022628	0.026973	0.020266	0.013135	0.027719	0.035572	0.027935	0.019440	0.011504	0.024237	0.017276	0.010155	0.034214	0.021123	0.021404	0.009799	0.019815
665.0	0.035980	0.019788	0.007283	0.019501	0.011298	0.009591	0.017140	0.022039	0.036018	0.022786	0.019695	0.014629	0.001366	0.005907	0.006907	0.011498	0.007375	0.035689	0.017204	0.004433
666.0	0.026353	0.024758	0.019398	0.017688	0.015550	0.015471	0.009540	0.031570	0.018285	0.032454	0.026175	0.020655	0.026423	0.027878	0.012452	0.002263	0.023541	0.036138	0.015341	0.026218
667.0	0.033648	0.011744	0.023976	0.030214	0.014361	0.029254	0.015574	0.028765	0.028077	0.026972	0.011208	0.021943	0.015953	0.014340	0.012748	0.020155	0.022730	0.029553	0.013431	0.032637
668.0	0.040389	0.010017	0.012763	0.014765	0.017910	0.023890	0.033710	0.023886	0.014831	0.023942	0.004728	0.027901	0.001213	0.020281	0.027825	0.021080	0.001900	0.021670	0.026158	0.012116
669.0	0.024830	0.018630	0.005643	0.027198	0.017171	0.022931	0.026395	0.016307	0.028380	0.018547	0.031686	0.012122	0.018532	0.028766	0.012403	0.013101	0.001364	0.008049	0.020460	0.017632
670.0	0.017615	0.014912	0.011015	0.005939	0.008649	0.020053	0.019507	0.032284	0.020528	0.020106	0.036890	0.029841	0.011563	0.015569	0.034650	0.031521	0.024560	0.010244	0.025625	0.015859
671.0	0.022280	0.037545	0.002019	0.028586	0.008288	0.025169	0.020610	0.022266	0.032101	0.016691	0.016668	0.018028	0.022921	0.034980	0.017997	0.014224	0.021642	0.032047	0.019192	0.026004
672.0	0.030999	0.028021	0.027961	0.009510	0.028055	0.011581	0.008454	0.018851	0.013958	0.027707	0.025767	0.017977	0.027413	0.014323	0.035667	0.024219	0.005682	0.030866	0.006246	0.019175
673.0	0.025740	0.022311	0.005643	0.033433	0.026018	0.007957	0.024259	0.032737	0.034754	0.026551	0.017518	0.015710	0.038755	0.028646	0.018834	0.020436	0.008619	0.015716	0.023559	0.028582
674.0	0.028191	0.009429	0.035604	0.032009	0.005009	0.009325	0.014043	0.013694	0.030356	0.034503	0.016583	0.022887	0.022751	0.019240	0.016915	0.016058	0.008653	0.007351	0.020319	0.027843
675.0	0.010596	0.006621	0.017523	0.006272	0.024685	0.037407	0.032411	0.013816	0.030356	0.014029	0.016413	0.016655	0.008711	0.017089	0.043575	0.006625	0.020260	0.015566	0.006449	0.024461
676.0	0.011486	0.015766	0.035622	0.015523	0.030685	0.034121	0.016535	0.020367	0.022469	0.016533	0.023301	0.010147	0.023775	0.010909	0.026627	0.018503	0.021624	0.007018	0.008531	0.000312
677.0	0.026135	0.028135	0.037948	0.013266	0.014865	0.024369	0.026359	0.002509	0.038635	0.022681	0.006973	0.021256	0.002596	0.032265	0.010615	0.024847	0.000397	0.011525	0.023982	0.020570
678.0	0.008580	0.024606	0.032197	0.015542	0.041370	0.026341	0.015876	0.024496	0.020439	0.027935	0.028675	0.007829	0.012810	0.008058	0.022657	0.003304	0.022211	0.011691	0.032951	0.019208
679.0	0.015262	0.029539	0.015630	0.027846	0.015298	0.029183	0.035187	0.031343	0.024712	0.023854	0.021209	0.016620	0.024032	0.004234	0.001673	0.020485	0.014871	0.005837	0.032607	0.026382
680.0	0.038036	0.011914	0.009194	0.010343	0.023009	0.027513	0.020059	0.015767	0.027810	0.021507	0.012977	0.014611	0.007635	0.016662	0.009499	0.031405	0.019655	0.012556	0.032231	0.021818
681.0	0.021252	0.015443	0.020551	0.021795	0.004685	0.016998	0.019667	0.020384	0.023395	0.001296	0.032383	0.019968	0.014040	0.027366	0.002362	0.023294	0.015614	0.008897	0.037115	0.016056
682.0	0.010656	0.029463	0.028610	0.018724	0.020883	0.010107	0.030862	0.032719	0.016380	0.022733	0.018147	0.006799	0.010692	0.006760	0.027562	0.011548	0.019742	0.025378	0.011897	0.017287
683.0	0.035486	0.028780	0.011700	0.026717	0.025568	0.014529	0.026235	0.017980	0.031602	0.028565	0.029458	0.012105	0.004321	0.012804	0.013486	0.014406	0.010398	0.016331	0.008594	0.008323
684.0	0.017733	0.017397	0.009176	0.019964	0.021658	0.025826	0.031645	0.012771	0.003828	0.031508	0.015137	0.020226	0.004492	0.009048	0.021541	0.026234	0.008912	0.012007	0.019505	0.005976
685.0	0.027816	0.011838	0.016099	0.017262	0.033136	0.007869	0.015289	0.030925	0.033721	0.007724	0.004405	0.017565	0.012058	0.022483	0.021984	0.013018	0.000622	0.019175	0.014120	0.022754
686.0	0.019730	0.014020	0.031386	0.013636	0.013676	0.003712	0.010661	0.011081	0.018979	0.005640	0.021345	0.018080	0.036654	0.009202	0.017489	0.023839	0.021935	0.007384	0.015184	0.017665
687.0	0.019157	0.016980	0.026681	0.000426	0.012973	0.005648	0.017033	0.011464	0.005021	0.029756	0.030529	0.035541	0.023758	0.015945	0.016111	0.010854	0.012591	0.024530	0.011725	0.008291
688.0	0.020086	0.024777	0.003245	0.002461	0.009532	0.013162	0.022586	0.023712	0.023395	0.012610	0.031652	0.028433	0.011427	0.023200	0.009187	0.017578	0.006270	0.008099	0.000564	0.007782
689.0	0.000000	0.031550	0.041788	0.019890	0.024955	0.001758	0.010109	0.017614	0.029484	0.024660	0.029186	0.014732	0.002938	0.026529	0.018227	0.020518	0.020225	0.009529	0.030666	0.015465
690.0	0.004488	0.023677	0.005174	0.004515	0.002054	0.001883	0.015235	0.015785	0.012641	0.027707	0.019270	0.000206	0.026662	0.036892	0.014306	0.013629	0.024405	0.016265	0.020381	0.013068
691.0	0.013384	0.008196	0.021993	0.030824	0.026865	0.005524	0.005073	0.022823	0.025567	0.021577	0.024236	0.013753	0.020342	0.014221	0.025200	0.009169	0.019448	0.002312	0.010786	0.014480
692.0	0.018287	0.041320	0.019524	0.047310	0.028469	0.019183	0.011480	0.014879	0.012570	0.009755	0.023794	0.014165	0.013971	0.018506	0.010664	0.013382	0.008878	0.017595	0.014120	0.015908
693.0	0.027578	0.006735	0.017541	0.016226	0.017856	0.007194	0.011587	0.028660	0.024427	0.014572	0.019066	0.020827	0.018515	0.015279	0.010992	0.020618	0.006891	0.014934	0.003319	0.011919
694.0	0.017516	0.007266	0.022570	0.011453	0.019766	0.009059	0.011338	0.014896	0.023127	0.006690	0.010766	0.022647	0.021555	0.022910	0.007399	0.013101	0.010208	0.012905	0.014793	0.008307
695.0	0.035862	0.001726	0.029403	0.021407	0.013117	0.013233	0.013224	0.030420	0.035822	0.035519	0.030682	0.012929	0.007396	0.035133	0.022952	0.015761	0.007910	0.010128	0.029742	0.017369
696.0	0.019354	0.011193	0.024752	0.026014	0.000414	0.018277	0.006995	0.025768	0.022878	0.003906	0.028335	0.023402	0.023690	0.014391	0.026561	0.009912	0.027704	0.011309	0.008672	0.009308
697.0	0.012830	0.014343	0.018334	0.013247	0.019532	0.011652	0.035988	0.012405	0.012285	0.006971	0.037060	0.024106	0.017473	0.022364	0.022608	0.010490	0.013230	0.000732	0.020068	0.003743
698.0	0.008204	0.001062	0.028213	0.027624	0.016865	0.014991	0.031432	0.011760	0.010736	0.026779	0.013028	0.027283	0.000017	0.007597	0.023740	0.019428	0.025579	0.014036	0.002818	0.000000
699.0	0.005338	0.006925	0.020659	0.006642	0.022307	0.007265	0.001602	0.004600	0.022825	0.016901	0.020801	0.023832	0.002733	0.001827	0.017587	0.016653	0.005648	0.033228	0.013040	0.014627
700.0	0.014649	0.031152	0.016675	0.004292	0.001712	0.006448	0.019721	0.011046	0.027187	0.023224	0.011957	0.020930	0.008557	0.003722	0.006776	0.002875	0.020985	0.023848	0.030228	0.006304
701.0	0.008165	0.013261	0.031836	0.006624	0.015189	0.027940	0.006336	0.001690	0.007745	0.010228	0.018981	0.007400	0.021043	0.030421	0.006973	0.015942	0.023818	0.004923	0.012194	0.010080
702.0	0.015361	0.009163	0.000324	0.011508	0.014469	0.005222	0.009665	0.009286	0.044475	0.019633	0.010392	0.012551	0.023092	0.001946	0.017259	0.010094	0.018412	0.013820	0.013024	0.003792
703.0	0.013028	0.004952	0.004146	0.010657	0.008541	0.013659	0.041630	0.004112	0.026457	0.014729	0.013436	0.026407	0.015201	0.017959	0.030007	0.011812	0.009154	0.011026	0.006888	0.018436
704.0	0.025344	0.012920	0.004435	0.025033	0.004054	0.020515	0.007030	0.006133	0.018926	0.004974	0.011821	0.023007	0.021640	0.035287	0.008498	0.003701	0.013023	0.000183	0.025641	0.006747
705.0	0.004883	0.007057	0.022606	0.020223	0.010505	0.009147	0.007885	0.000000	0.009116	0.003783	0.011191	0.006233	0.014347	0.020622	0.010336	0.009582	0.010847	0.004657	0.004743	0.018256
706.0	0.000988	0.015879	0.016585	0.019557	0.019009	0.005719	0.017709	0.014583	0.019745	0.020842	0.014525	0.013032	0.009274	0.019274	0.004151	0.007897	0.001105	0.000000	0.033217	0.019946
707.0	0.026274	0.020945	0.026482	0.013007	0.012270	0.005027	0.015912	0.022580	0.017804	0.027322	0.013793	0.001889	0.006456	0.016235	0.018883	0.000430	0.022747	0.000832	0.010097	0.034492
708.0	0.022260	0.023373	0.016441	0.038096	0.026901	0.010231	0.022711	0.010140	0.028896	0.017567	0.017994	0.014560	0.025654	0.006453	0.012616	0.013563	0.013921	0.004008	0.007107	0.028532
709.0	0.022933	0.015177	0.039841	0.010935	0.008270	0.017496	0.002972	0.013921	0.013513	0.011629	0.003521	0.010800	0.024219	0.001639	0.025774	0.011482	0.024198	0.004274	0.035487	0.019339
710.0	0.019552	0.016486	0.016513	0.008862	0.009802	0.018437	0.016748	0.021290	0.002884	0.015675	0.013742	0.003451	0.007703	0.000973	0.016701	0.000810	0.010294	0.005106	0.016437	0.023821
711.0	0.002669	0.019674	0.021056	0.014117	0.001856	0.014618	0.011658	0.016517	0.002350	0.006760	0.013317	0.013667	0.011495	0.010465	0.019031	0.011878	0.013213	0.021819	0.027159	0.013774
712.0	0.021015	0.011762	0.001677	0.031361	0.009676	0.015968	0.000908	0.015872	0.000000	0.000000	0.015324	0.003091	0.019113	0.020008	0.018211	0.015794	0.006736	0.019474	0.016687	0.003448
713.0	0.009114	0.028021	0.013052	0.036412	0.018523	0.008206	0.008098	0.028730	0.009133	0.017689	0.021294	0.013976	0.012861	0.024464	0.018719	0.015909	0.001537	0.021454	0.013118	0.010261
714.0	0.013957	0.027680	0.034685	0.016781	0.006775	0.036341	0.018635	0.021482	0.037602	0.006095	0.014797	0.027781	0.024715	0.023234	0.029613	0.002528	0.022436	0.005189	0.015012	0.002988
715.0	0.019928	0.014684	0.016874	0.002590	0.019766	0.021687	0.020005	0.002195	0.032439	0.002084	0.007501	0.004979	0.006815	0.009270	0.032533	0.009301	0.024077	0.011625	0.013228	0.006468
716.0	0.021173	0.017340	0.008058	0.002461	0.017982	0.002131	0.030827	0.024862	0.017110	0.020246	0.019559	0.022303	0.014416	0.013743	0.025987	0.012423	0.015510	0.008665	0.030353	0.014414
717.0	0.025898	0.000702	0.033783	0.008344	0.008865	0.012451	0.021038	0.033085	0.003365	0.013924	0.022638	0.004172	0.001076	0.010431	0.029285	0.029919	0.005907	0.026293	0.006183	0.013330
718.0	0.011348	0.010453	0.002452	0.021740	0.007189	0.017869	0.015485	0.006882	0.018623	0.018267	0.011531	0.010405	0.016465	0.021203	0.013420	0.000149	0.030606	0.019158	0.013619	0.020817
719.0	0.011763	0.017701	0.002524	0.001776	0.003297	0.018064	0.011444	0.006673	0.033828	0.030930	0.009388	0.029721	0.011051	0.020742	0.011501	0.011416	0.015320	0.019508	0.014871	0.007683
720.0	0.020066	0.011706	0.021308	0.002091	0.004559	0.019183	0.012690	0.011185	0.041288	0.012260	0.015188	0.003949	0.001571	0.020383	0.001280	0.020865	0.004940	0.002511	0.009846	0.018239
721.0	0.010616	0.000190	0.016243	0.021999	0.009730	0.019716	0.006212	0.022684	0.018481	0.017934	0.010919	0.024484	0.003894	0.008297	0.015701	0.013481	0.005803	0.028738	0.025672	0.014874
722.0	0.003914	0.004439	0.003696	0.001277	0.028307	0.021634	0.000587	0.017649	0.001086	0.011034	0.019117	0.021308	0.008198	0.018762	0.018982	0.005419	0.009499	0.012423	0.009737	0.013626
723.0	0.029160	0.009808	0.007049	0.002109	0.007370	0.009698	0.006158	0.013293	0.011056	0.016936	0.026481	0.016466	0.013510	0.013316	0.012534	0.007748	0.034181	0.013504	0.022275	0.013741
724.0	0.038511	0.020470	0.018136	0.000000	0.023388	0.014831	0.005962	0.018189	0.021116	0.007759	0.010834	0.018681	0.004560	0.006214	0.000935	0.019560	0.023265	0.000832	0.009079	0.019832
725.0	0.023328	0.016069	0.006274	0.022610	0.007784	0.016394	0.003293	0.029601	0.003899	0.007724	0.006667	0.008516	0.007071	0.026478	0.002920	0.019395	0.011296	0.002495	0.000000	0.014890
726.0	0.010260	0.029862	0.012637	0.006087	0.009027	0.014796	0.028691	0.010994	0.005697	0.003275	0.014780	0.000704	0.018686	0.004729	0.004922	0.015761	0.003420	0.000233	0.012883	0.018485
727.0	0.011980	0.003263	0.023039	0.021240	0.024757	0.011545	0.019347	0.012056	0.011145	0.008074	0.015120	0.009478	0.009445	0.004661	0.001706	0.015116	0.013109	0.009180	0.033139	0.006386
728.0	0.021213	0.000247	0.034288	0.022943	0.018865	0.006412	0.016748	0.024200	0.022932	0.034012	0.005443	0.008705	0.013801	0.018591	0.000197	0.007798	0.027963	0.000798	0.012022	0.008865
729.0	0.006287	0.040220	0.018929	0.022813	0.008288	0.014227	0.017371	0.027754	0.008065	0.007881	0.000595	0.001459	0.008198	0.018215	0.000312	0.012374	0.017652	0.028937	0.012899	0.000246
730.0	0.011071	0.018592	0.001154	0.017373	0.006883	0.005666	0.005909	0.005854	0.001086	0.013223	0.009048	0.026201	0.000000	0.011933	0.006070	0.010639	0.003748	0.012323	0.025406	0.007519
731.0	0.000000	0.011971	0.021723	0.006679	0.015964	0.003854	0.022728	0.002230	0.004006	0.013136	0.012722	0.020981	0.022375	0.037540	0.017128	0.002082	0.023041	0.016814	0.018894	0.012510
732.0	0.024435	0.007020	0.000955	0.008141	0.008072	0.015329	0.004378	0.018851	0.005234	0.007549	0.000000	0.018337	0.018873	0.013162	0.009745	0.002131	0.020899	0.007633	0.000720	0.010162
733.0	0.029457	0.030526	0.003101	0.038540	0.012865	0.009076	0.001424	0.013781	0.009312	0.012855	0.010069	0.013066	0.010829	0.023234	0.007153	0.007732	0.018308	0.012090	0.014574	0.015826
734.0	0.009272	0.010017	0.014963	0.019538	0.012054	0.010568	0.015200	0.009077	0.014314	0.002032	0.005936	0.026562	0.013305	0.011165	0.001854	0.009714	0.017496	0.007118	0.005933	0.028106
735.0	0.029002	0.016543	0.015702	0.020667	0.010379	0.009432	0.004859	0.012091	0.010113	0.016393	0.005358	0.002988	0.007396	0.010704	0.002871	0.000000	0.001451	0.008847	0.008250	0.018206
736.0	0.021173	0.000266	0.025383	0.009751	0.002811	0.003499	0.025665	0.021447	0.021276	0.037655	0.012161	0.001374	0.003143	0.009338	0.004495	0.016008	0.014439	0.002860	0.010065	0.007174
737.0	0.005021	0.008708	0.012980	0.015153	0.007243	0.007940	0.001976	0.029514	0.004861	0.022190	0.016396	0.020157	0.036039	0.011301	0.017095	0.003915	0.002591	0.003609	0.005667	0.001855
738.0	0.030801	0.020224	0.022444	0.023923	0.021045	0.022558	0.000000	0.014530	0.040219	0.016201	0.013470	0.012139	0.030232	0.022159	0.013748	0.010540	0.003368	0.001547	0.008797	0.007404
739.0	0.041298	0.011706	0.011610	0.028049	0.016865	0.013144	0.019169	0.013833	0.009312	0.018845	0.034356	0.011933	0.017814	0.013213	0.003429	0.001817	0.001088	0.016863	0.000595	0.003251
740.0	0.034221	0.025005	0.021849	0.028845	0.008451	0.013606	0.012423	0.012161	0.006694	0.014432	0.020154	0.006799	0.004970	0.007426	0.027579	0.014290	0.001744	0.010045	0.009596	0.016959
741.0	0.025265	0.016202	0.000811	0.007123	0.013298	0.017194	0.020255	0.011516	0.007282	0.006568	0.027400	0.003640	0.017251	0.001127	0.018769	0.010028	0.023403	0.015101	0.019489	0.021194
742.0	0.029911	0.019484	0.005931	0.003127	0.014847	0.008668	0.037448	0.021534	0.004380	0.015342	0.013487	0.023900	0.009326	0.001434	0.015290	0.011250	0.013472	0.007467	0.012523	0.008750
743.0	0.018900	0.004781	0.003822	0.008677	0.031929	0.000586	0.023138	0.014966	0.005608	0.011104	0.016940	0.022115	0.005568	0.012240	0.009516	0.007319	0.019914	0.021969	0.012789	0.005024
744.0	0.006781	0.026485	0.001767	0.000056	0.002613	0.006394	0.016392	0.014461	0.008884	0.000350	0.014134	0.029463	0.019898	0.037387	0.013092	0.009780	0.020415	0.020788	0.022557	0.009456
745.0	0.007236	0.018232	0.022931	0.030935	0.010991	0.013854	0.018670	0.018363	0.000890	0.021945	0.002755	0.017960	0.012537	0.028151	0.000935	0.016735	0.013886	0.013554	0.021242	0.020078
746.0	0.005595	0.009846	0.002794	0.018428	0.002811	0.015275	0.017994	0.020210	0.021365	0.013013	0.004099	0.010456	0.012878	0.020520	0.022509	0.014175	0.001054	0.007584	0.014495	0.015235
747.0	0.010063	0.006412	0.001190	0.008937	0.013099	0.026572	0.029634	0.030106	0.015490	0.023837	0.003078	0.014423	0.032794	0.009441	0.031450	0.016702	0.007720	0.012007	0.014981	0.027498
748.0	0.008916	0.012408	0.026086	0.005976	0.037424	0.009893	0.022017	0.011760	0.028148	0.009598	0.006871	0.010834	0.018617	0.023508	0.008744	0.016884	0.039172	0.007484	0.014449	0.004268
749.0	0.017081	0.011288	0.016315	0.009917	0.026055	0.000462	0.024295	0.010349	0.019887	0.011104	0.010358	0.003503	0.009992	0.024685	0.012551	0.007071	0.023265	0.023449	0.020788	0.026809
750.0	0.007690	0.020660	0.011502	0.010250	0.018883	0.008810	0.006087	0.020576	0.004843	0.005272	0.006004	0.013513	0.021589	0.007324	0.013748	0.000661	0.000311	0.024963	0.008860	0.018518
751.0	0.000909	0.017985	0.010059	0.025977	0.008487	0.018934	0.002634	0.023207	0.041519	0.013468	0.009269	0.007246	0.037559	0.001041	0.007842	0.011531	0.003817	0.032313	0.010425	0.006534
752.0	0.033055	0.023070	0.012042	0.030436	0.018235	0.016785	0.019916	0.023677	0.003401	0.010421	0.005766	0.008413	0.020189	0.000000	0.016340	0.012523	0.016253	0.046000	0.011740	0.010359
753.0	0.037226	0.004439	0.013935	0.024756	0.000000	0.016821	0.001050	0.020384	0.027578	0.019458	0.016413	0.019814	0.019881	0.019342	0.005644	0.016124	0.007772	0.016814	0.022620	0.007683
754.0	0.010438	0.012825	0.015738	0.014432	0.007640	0.020657	0.009576	0.023102	0.019513	0.014939	0.017875	0.010319	0.005073	0.020264	0.006825	0.006493	0.011831	0.021404	0.026549	0.006435
755.0	0.002530	0.019863	0.012060	0.003885	0.013027	0.004973	0.004895	0.005244	0.028896	0.010368	0.013130	0.016758	0.015577	0.008980	0.004364	0.021642	0.004888	0.020040	0.009909	0.020948
756.0	0.011012	0.014627	0.014296	0.008677	0.002685	0.002948	0.013189	0.009739	0.013656	0.010438	0.007926	0.025016	0.009736	0.029073	0.004134	0.001784	0.021503	0.010444	0.019379	0.013757
757.0	0.022399	0.008841	0.005589	0.031694	0.011964	0.000693	0.015502	0.024984	0.011911	0.008091	0.011310	0.027506	0.031154	0.001417	0.011632	0.014852	0.011486	0.014286	0.031026	0.005532
758.0	0.008659	0.002523	0.013755	0.029178	0.006865	0.008028	0.000142	0.008851	0.023216	0.016165	0.031771	0.010508	0.024783	0.009184	0.002822	0.026796	0.006080	0.012573	0.021759	0.005877
759.0	0.016547	0.009467	0.020317	0.008714	0.011279	0.037247	0.008579	0.012631	0.014225	0.012593	0.019321	0.000000	0.011546	0.008126	0.003150	0.031389	0.002159	0.014918	0.016922	0.008323
760.0	0.008224	0.028154	0.021471	0.012766	0.005369	0.022966	0.009611	0.029705	0.010041	0.017374	0.013896	0.025274	0.011666	0.007563	0.006464	0.006294	0.014439	0.017911	0.017861	0.023000
761.0	0.037285	0.011895	0.028790	0.021074	0.015694	0.031687	0.030880	0.009408	0.005573	0.018915	0.026464	0.020243	0.031974	0.021203	0.000082	0.003370	0.014526	0.021769	0.008641	0.030191
762.0	0.013839	0.018991	0.019776	0.003700	0.021244	0.021634	0.025487	0.029479	0.007638	0.014887	0.029526	0.021239	0.021350	0.006555	0.010467	0.024252	0.029051	0.014053	0.014355	0.016302
763.0	0.029852	0.007627	0.008112	0.007123	0.002955	0.020941	0.013723	0.029357	0.004077	0.005097	0.016753	0.006576	0.011871	0.009919	0.010762	0.008855	0.004007	0.009496	0.004790	0.010655
764.0	0.023229	0.017966	0.014278	0.021018	0.009153	0.009023	0.027178	0.020471	0.016469	0.020667	0.021583	0.006971	0.017780	0.005770	0.006825	0.017346	0.009292	0.015051	0.024295	0.015547
765.0	0.001127	0.015120	0.010204	0.012359	0.005640	0.019893	0.003310	0.022336	0.012036	0.006480	0.021498	0.004447	0.006029	0.032453	0.003412	0.016933	0.011071	0.007883	0.011819	0.019864
766.0	0.010241	0.005464	0.025238	0.006087	0.012685	0.004973	0.012263	0.011116	0.000694	0.022716	0.031210	0.013753	0.015714	0.023081	0.004544	0.008458	0.001520	0.001513	0.007890	0.000919
767.0	0.001502	0.019313	0.021993	0.011064	0.005478	0.006306	0.021572	0.007962	0.009133	0.008039	0.000612	0.012929	0.024134	0.015706	0.013240	0.013051	0.013023	0.015034	0.004665	0.006879
768.0	0.015440	0.008689	0.015053	0.001129	0.002883	0.000107	0.024971	0.013224	0.014599	0.013556	0.004388	0.010336	0.032452	0.012445	0.003872	0.017826	0.016529	0.020472	0.015200	0.012247
769.0	0.007512	0.022197	0.012854	0.004329	0.019280	0.002309	0.022141	0.031413	0.010807	0.012417	0.013776	0.002318	0.010555	0.006214	0.016997	0.012027	0.000795	0.006868	0.022729	0.027941
770.0	0.026906	0.014684	0.014620	0.000296	0.011045	0.012895	0.027125	0.028991	0.020439	0.021560	0.023539	0.007915	0.016141	0.022005	0.010090	0.015959	0.009137	0.020522	0.012069	0.015087
771.0	0.010893	0.031929	0.010095	0.022924	0.007424	0.021528	0.000819	0.019130	0.012036	0.003065	0.019712	0.015247	0.011358	0.012121	0.019129	0.014439	0.033576	0.025378	0.010253	0.003776
772.0	0.019058	0.009277	0.016279	0.026125	0.005279	0.008774	0.013313	0.021221	0.009596	0.015342	0.017960	0.007932	0.009804	0.006846	0.007514	0.010507	0.011417	0.025711	0.004649	0.007798
773.0	0.014550	0.001518	0.026446	0.013895	0.014901	0.015968	0.022212	0.021343	0.013958	0.013731	0.014627	0.015281	0.028097	0.015160	0.011533	0.006790	0.013282	0.012539	0.002082	0.015186
774.0	0.005278	0.012294	0.017396	0.017447	0.000180	0.026092	0.026502	0.019949	0.021774	0.024958	0.026447	0.003949	0.006593	0.004404	0.013223	0.005799	0.001468	0.014701	0.025547	0.024149
775.0	0.022913	0.014741	0.021525	0.014376	0.024217	0.021510	0.007546	0.024235	0.012160	0.016743	0.013368	0.000446	0.011631	0.014204	0.002477	0.015017	0.006183	0.011026	0.006277	0.018436
776.0	0.022102	0.013508	0.017451	0.007401	0.009297	0.014689	0.001976	0.006168	0.026065	0.003573	0.008657	0.015865	0.016141	0.020657	0.008892	0.026648	0.023766	0.006752	0.006324	0.012428
777.0	0.013621	0.003301	0.002344	0.013766	0.012865	0.000000	0.009771	0.017997	0.024338	0.005499	0.002755	0.016054	0.027021	0.014869	0.007481	0.013398	0.014992	0.027474	0.013165	0.014874
778.0	0.014590	0.000000	0.007031	0.006753	0.011694	0.004618	0.028317	0.021203	0.021792	0.027094	0.027706	0.005838	0.019078	0.011745	0.022854	0.006146	0.007634	0.015500	0.020710	0.024051
779.0	0.007987	0.004572	0.013737	0.008844	0.020649	0.008650	0.017798	0.018311	0.022041	0.021612	0.025597	0.011693	0.034536	0.002578	0.013748	0.006889	0.023023	0.025545	0.004727	0.001313
780.0	0.011190	0.015993	0.003353	0.008455	0.002054	0.007478	0.020201	0.008189	0.031584	0.011857	0.012824	0.000309	0.018276	0.019393	0.013289	0.020023	0.010208	0.012473	0.012038	0.009374
781.0	0.027835	0.017492	0.006021	0.009325	0.015532	0.008863	0.007974	0.002073	0.019335	0.019546	0.017671	0.011178	0.005431	0.002407	0.012731	0.009037	0.014577	0.019907	0.009424	0.004252
782.0	0.024237	0.001328	0.009879	0.011083	0.012433	0.007282	0.012886	0.014478	0.002136	0.014011	0.016226	0.001288	0.000734	0.009150	0.012124	0.019825	0.006028	0.027108	0.014981	0.003185
783.0	0.019097	0.012123	0.023760	0.006975	0.008036	0.020586	0.003382	0.010715	0.009080	0.010701	0.009473	0.006954	0.000051	0.009526	0.007563	0.015397	0.007323	0.006503	0.016233	0.004564
784.0	0.042287	0.009106	0.022733	0.009658	0.010198	0.029556	0.009931	0.006812	0.005021	0.029967	0.006123	0.006387	0.004048	0.007119	0.003560	0.020105	0.018861	0.005155	0.017235	0.014742
785.0	0.016033	0.028875	0.033910	0.018706	0.018361	0.028348	0.008365	0.025507	0.021721	0.029774	0.013334	0.024639	0.008318	0.005087	0.018916	0.013249	0.017928	0.006918	0.032435	0.007338
786.0	0.006287	0.014039	0.014260	0.011508	0.001243	0.018117	0.024615	0.002944	0.010522	0.012733	0.013113	0.010285	0.008933	0.007392	0.006579	0.016587	0.008377	0.000333	0.018284	0.008816
787.0	0.003302	0.019256	0.005643	0.009936	0.004541	0.015737	0.020077	0.004843	0.013656	0.027199	0.001650	0.025772	0.012708	0.005378	0.005906	0.010276	0.006442	0.008881	0.015654	0.005450
788.0	0.011308	0.031208	0.005534	0.009196	0.000396	0.016838	0.023672	0.005732	0.024053	0.010999	0.010919	0.003485	0.010948	0.005838	0.003609	0.005254	0.001347	0.000998	0.009690	0.014217
789.0	0.008026	0.018080	0.014097	0.019224	0.002306	0.014298	0.009593	0.023416	0.027222	0.004536	0.001242	0.020449	0.017951	0.022022	0.000000	0.007368	0.006546	0.002777	0.013196	0.009423
790.0	0.009450	0.000911	0.021705	0.005403	0.001676	0.023783	0.037857	0.008764	0.012837	0.011069	0.006939	0.008087	0.023280	0.013145	0.012403	0.017462	0.003074	0.007933	0.019489	0.015038
791.0	0.018741	0.012540	0.006111	0.017392	0.009910	0.016004	0.021821	0.018381	0.003134	0.008985	0.032774	0.004481	0.024373	0.003209	0.004003	0.025475	0.013990	0.015117	0.013368	0.023804
792.0	0.023427	0.014722	0.007752	0.025292	0.025604	0.007282	0.018297	0.022545	0.010576	0.019441	0.013198	0.001374	0.025962	0.001058	0.013551	0.008128	0.018671	0.011575	0.001878	0.014201
793.0	0.006603	0.009846	0.008401	0.018280	0.003478	0.002185	0.009522	0.007666	0.000926	0.028688	0.018709	0.013787	0.004475	0.002390	0.025315	0.008458	0.002453	0.048196	0.009533	0.006780
794.0	0.026274	0.004212	0.028357	0.033822	0.005333	0.001794	0.012138	0.003345	0.004148	0.015290	0.003027	0.002730	0.008164	0.017054	0.000016	0.002313	0.011831	0.025229	0.013681	0.004055
795.0	0.022300	0.022728	0.007914	0.009455	0.017496	0.019112	0.016891	0.002160	0.013691	0.009230	0.002789	0.023454	0.000325	0.013504	0.017177	0.008145	0.005631	0.014236	0.009815	0.006846
796.0	0.012020	0.026390	0.025112	0.001425	0.000541	0.008917	0.026342	0.011185	0.007193	0.016551	0.010919	0.009426	0.004202	0.003705	0.001969	0.011878	0.000000	0.000050	0.012288	0.011508
797.0	0.025305	0.020357	0.011898	0.014210	0.015766	0.006945	0.024295	0.012945	0.006819	0.019248	0.010052	0.002833	0.012400	0.008945	0.011993	0.005716	0.030139	0.002611	0.009549	0.004449
798.0	0.002530	0.015728	0.016026	0.000981	0.016054	0.025577	0.009202	0.019827	0.019620	0.019476	0.003249	0.004395	0.009889	0.006316	0.009220	0.021196	0.009689	0.010976	0.017595	0.011098
799.0	0.003302	0.005938	0.014043	0.007789	0.021730	0.024583	0.017300	0.000000	0.016771	0.033469	0.003232	0.010268	0.012229	0.003517	0.023740	0.007021	0.013144	0.008482	0.001769	0.010490
800.0	0.006741	0.009695	0.025996	0.026847	0.018523	0.007957	0.013687	0.014339	0.017911	0.026867	0.010443	0.012328	0.004612	0.013794	0.009417	0.026598	0.013904	0.009613	0.003366	0.019946
