480.0	23.09	22.09	15.39	15.97	20.47	20.04	32.49	19.91	16.60	22.61	35.99	30.15	21.75	30.60	25.84	15.72	23.20	17.67	18.26	19.43	
481.0	20.97	24.62	20.06	19.87	26.80	22.59	22.92	24.06	21.83	26.95	25.39	20.98	23.25	25.18	20.07	19.58	21.75	21.06	26.40	28.59	
482.0	26.04	28.86	20.96	20.40	28.18	23.96	22.02	25.16	28.23	24.04	24.80	20.42	23.22	24.49	26.53	24.09	30.53	23.47	21.21	30.65	
483.0	31.67	27.81	29.51	26.39	28.08	35.76	27.91	28.96	25.64	30.13	28.30	25.51	26.17	27.70	26.33	27.50	28.21	31.46	22.90	27.15	
484.0	27.99	29.05	34.90	30.48	31.82	35.27	34.24	29.13	33.30	34.43	33.81	26.05	32.70	31.19	30.13	30.90	37.61	33.45	32.92	38.02	
485.0	35.81	36.93	37.70	39.29	34.87	35.51	39.00	41.68	39.37	38.45	41.11	36.03	35.61	35.01	43.32	39.04	37.34	36.27	44.97	38.64	
486.0	42.96	41.44	44.16	37.30	42.54	53.85	42.83	44.53	43.39	44.19	43.57	41.37	50.11	35.43	47.89	46.23	43.18	46.92	42.88	48.90	
487.0	52.29	54.70	50.79	48.66	44.07	52.99	45.16	47.45	52.37	46.98	49.96	54.22	59.06	38.54	41.00	46.38	53.29	55.05	51.53	54.57	
488.0	55.51	47.71	55.09	58.82	56.78	59.13	59.01	52.94	57.56	66.90	56.96	64.04	58.43	57.36	59.11	62.21	54.46	65.94	68.00	61.88	
489.0	63.26	68.89	66.53	61.79	64.16	63.61	66.65	65.30	70.33	66.64	69.99	61.35	62.97	64.04	72.23	63.09	63.58	72.88	63.94	75.43	
490.0	80.49	77.82	72.90	72.71	72.60	67.86	77.80	95.81	75.03	80.43	89.21	72.31	75.04	83.34	75.81	76.67	63.45	71.52	80.05	91.96	
491.0	85.89	83.38	91.73	73.85	93.88	89.62	83.08	94.46	82.84	91.72	91.79	78.70	83.93	91.61	91.85	96.86	83.31	90.81	106.2	88.08	
492.0	93.10	96.03	97.80	96.88	98.18	99.69	99.98	98.03	102.7	101.4	100.5	111.3	107.4	105.5	103.3	103.1	102.4	102.8	98.02	101.4	
493.0	123.3	114.5	120.4	110.1	124.1	100.4	107.8	117.6	125.5	118.7	108.4	108.3	120.7	118.6	119.2	119.4	115.3	121.3	113.4	118.4	
494.0	136.1	119.1	132.4	126.8	135.8	130.2	139.1	123.3	142.6	127.1	131.7	131.6	142.7	140.9	130.6	126.3	130.4	126.8	138.1	137.2	
495.0	154.9	144.2	160.9	159.4	153.3	130.5	135.5	144.4	139.6	152.0	150.5	141.2	154.8	139.3	150.9	146.1	140.3	146.1	147.2	153.0	
496.0	159.5	169.1	163.9	160.7	158.6	157.0	159.1	159.4	182.6	183.1	149.7	166.2	163.0	161.1	161.6	175.4	154.1	173.6	163.1	166.0	
497.0	180.0	181.9	183.2	177.0	168.8	191.5	173.5	166.1	192.1	186.7	175.4	182.1	179.3	181.6	185.9	172.7	179.0	199.8	175.4	182.4	
498.0	205.4	192.2	188.7	199.5	191.2	188.2	201.8	191.2	187.3	196.1	191.8	200.0	192.6	202.6	205.1	205.4	201.0	189.7	208.2	204.9	
499.0	224.8	210.9	208.4	216.3	208.5	208.8	211.5	207.2	211.4	191.4	206.6	216.4	217.5	214.3	220.4	212.5	206.5	201.0	248.2	202.5	
500.0	248.3	226.6	244.0	225.1	239.6	253.7	227.3	226.8	229.6	238.1	224.1	238.8	246.3	219.3	237.1	238.4	241.2	244.9	241.6	243.2	
501.0	251.2	260.4	255.1	243.5	242.5	238.7	252.5	240.5	250.7	255.0	252.0	251.5	246.2	247.3	237.6	234.5	255.6	254.1	252.5	252.4	
502.0	281.2	281.2	269.3	244.7	274.2	269.3	283.0	266.1	286.7	269.1	259.4	270.4	276.8	287.7	267.9	266.0	262.5	283.1	279.5	260.2	
503.0	292.1	306.6	294.5	287.2	273.5	277.6	282.2	276.8	269.9	281.8	287.3	274.6	302.1	308.9	284.8	263.3	288.3	290.7	287.1	274.0	
504.0	316.6	334.5	312.7	309.3	291.9	307.9	282.5	285.7	308.5	304.5	291.8	297.2	297.1	302.2	297.5	310.6	289.5	304.9	306.6	304.1	
505.0	322.4	343.5	327.8	324.5	316.1	323.5	302.2	322.6	335.5	331.5	308.6	311.4	318.4	308.8	313.3	330.7	313.7	306.3	302.2	319.8	
506.0	349.4	336.4	319.3	331.9	338.1	346.7	336.2	334.8	349.7	330.5	331.7	327.0	326.6	337.8	343.3	330.5	330.5	320.5	356.6	329.1	
507.0	360.0	369.8	349.0	355.2	339.5	355.8	334.5	356.4	353.7	360.0	351.1	354.3	355.0	335.9	339.9	346.9	353.1	332.4	353.1	351.2	
508.0	366.8	373.1	357.2	350.3	343.0	353.1	347.4	352.6	351.0	383.6	377.1	359.2	364.9	347.7	368.3	373.8	354.9	366.4	369.4	378.4	
509.0	380.3	390.5	358.3	358.6	374.9	345.2	382.7	368.4	361.3	369.9	363.0	367.8	378.7	363.3	365.3	374.4	357.0	367.0	377.6	377.6	
510.0	378.0	367.0	388.6	366.2	380.1	345.4	372.3	381.1	371.6	381.8	376.2	369.9	390.2	365.0	388.0	379.8	368.3	393.4	408.1	384.3	
511.0	440.0	383.2	400.5	399.2	398.9	368.5	366.7	389.7	387.2	402.5	383.1	386.8	384.4	396.8	392.1	392.3	407.6	387.9	375.8	378.5	
512.0	415.1	409.3	410.8	394.7	405.3	376.0	377.0	402.0	411.2	405.6	400.3	403.1	401.0	408.3	395.8	412.6	390.7	392.0	396.5	394.0	
513.0	400.3	426.7	410.2	391.1	386.0	411.1	377.4	416.1	397.4	395.9	409.2	423.2	404.9	393.7	405.3	390.8	421.5	409.2	398.4	394.9	
514.0	394.5	418.7	401.0	413.5	383.3	391.1	382.0	391.2	405.5	402.5	399.3	400.9	408.5	430.5	409.5	413.0	396.1	408.0	406.4	402.9	
515.0	417.2	408.8	424.9	392.9	399.0	388.6	407.3	419.5	392.0	423.7	410.6	411.3	405.9	406.7	419.9	409.5	403.5	414.6	399.4	397.9	
516.0	427.3	430.6	420.2	430.0	377.6	404.0	411.6	393.9	409.1	420.6	433.9	386.9	407.9	415.1	401.6	405.1	400.0	411.3	423.1	415.4	
517.0	429.1	407.7	409.0	410.2	406.0	418.2	406.0	394.9	412.3	415.7	427.0	402.3	420.0	417.9	399.3	378.2	405.0	424.7	427.8	438.7	
518.0	421.9	406.6	404.2	418.8	404.4	390.1	409.2	421.4	417.0	414.7	406.3	403.2	406.6	424.3	389.3	413.5	399.6	402.9	396.9	403.8	
519.0	426.8	426.9	408.0	410.7	397.9	401.6	386.7	398.6	416.4	385.5	408.2	398.9	438.4	414.1	405.9	406.6	413.7	413.5	408.2	425.7	
520.0	432.4	426.0	423.1	413.1	390.7	404.2	417.4	403.2	421.7	393.7	385.9	394.7	406.2	395.9	416.9	382.3	422.7	415.5	410.9	415.5	
521.0	426.3	430.2	405.6	403.5	388.8	392.6	412.0	405.0	395.1	412.0	402.7	407.9	412.6	406.9	408.7	403.7	402.7	403.8	409.1	413.0	
522.0	397.8	412.3	406.7	411.0	404.5	390.3	413.3	405.5	390.9	394.4	401.4	411.5	416.4	412.8	390.8	394.0	403.6	388.1	435.9	429.4	
523.0	401.2	421.3	412.7	414.5	413.9	404.2	371.3	400.8	400.8	385.9	405.3	424.8	411.9	371.5	400.4	398.2	381.1	401.1	420.0	421.6	
524.0	404.9	405.5	383.5	415.3	414.1	375.4	406.3	378.2	379.5	375.4	384.0	391.9	391.2	399.3	403.1	413.4	409.8	407.4	415.6	399.2	
525.0	391.5	390.8	395.5	403.5	395.6	379.8	396.4	392.7	398.7	404.1	385.5	385.7	398.8	400.4	388.6	401.6	388.2	403.1	392.4	380.3	
526.0	393.5	384.3	394.4	398.6	400.9	378.1	382.9	396.9	383.4	394.2	359.0	392.7	400.5	403.5	374.1	393.3	377.7	379.5	381.0	384.0	
527.0	381.1	391.5	389.1	386.5	396.3	372.7	384.9	374.7	399.5	379.0	369.4	389.7	406.5	380.6	383.0	360.8	386.8	359.2	372.8	370.3	
528.0	372.4	370.6	407.8	389.2	394.2	359.8	382.4	377.1	387.2	405.0	376.9	409.8	378.9	387.4	392.5	387.0	390.3	366.6	383.1	371.7	
529.0	374.8	392.2	371.1	393.2	371.2	378.3	381.6	364.9	357.4	394.9	391.8	379.1	365.2	369.8	357.1	362.7	363.6	388.3	379.6	380.4	
530.0	366.1	380.7	356.2	385.6	361.0	362.3	352.4	360.8	368.2	396.0	375.2	366.0	365.6	360.3	363.3	370.6	360.9	359.5	374.0	375.3	
531.0	368.3	353.1	364.7	367.2	355.5	373.4	369.9	365.8	354.9	363.1	377.5	367.3	372.5	376.8	352.4	378.1	357.8	374.8	385.3	372.0	
532.0	373.5	378.2	362.8	343.6	369.3	362.0	366.7	371.5	361.5	363.4	369.0	362.6	380.0	370.2	369.5	360.8	378.4	373.3	372.5	369.5	
533.0	378.1	361.2	361.9	349.9	371.1	375.1	372.0	384.7	369.5	363.4	360.6	356.1	373.1	373.6	357.8	340.8	358.2	359.6	367.6	359.5	
534.0	388.0	390.3	361.6	344.6	371.0	362.6	343.8	353.6	349.0	362.2	374.2	375.1	346.8	356.2	355.9	361.1	356.8	369.0	368.5	348.4	
535.0	374.9	377.4	364.0	360.6	331.8	341.8	358.9	362.7	369.1	355.7	356.0	340.7	358.3	347.4	355.0	352.5	348.3	363.4	360.1	359.8	
536.0	364.2	354.6	359.5	355.2	341.0	345.3	345.1	353.6	345.4	367.5	344.0	349.2	337.3	357.1	349.2	348.5	362.8	336.3	354.3	352.6	
537.0	370.4	354.8	353.8	370.2	352.0	343.7	354.1	336.2	350.0	345.0	339.7	340.4	355.1	353.1	346.1	349.0	347.4	337.5	341.1	356.1	
538.0	359.2	360.6	360.9	360.4	341.6	363.6	349.3	332.6	344.0	345.2	353.2	332.4	370.6	356.2	354.9	343.8	351.4	328.7	354.5	342.3	
539.0	355.3	344.0	362.6	352.7	332.8	349.2	343.3	347.8	353.6	342.9	331.3	325.4	349.3	354.4	348.0	341.2	354.6	331.6	334.5	354.5	
540.0	353.0	338.1	340.5	324.3	358.3	342.3	328.1	345.9	335.1	344.9	322.9	345.8	348.7	336.0	332.1	341.0	335.6	342.9	359.1	336.1	
541.0	343.7	337.7	360.7	341.0	338.0	340.7	339.8	330.3	347.9	343.4	343.0	328.9	343.6	328.5	329.0	342.9	350.0	333.1	357.5	335.8	
542.0	342.8	332.2	355.2	347.9	339.2	327.9	339.0	337.6	340.9	329.5	321.4	334.5	323.5	349.8	321.0	347.9	322.3	343.4	340.8	344.3	
543.0	351.4	339.3	342.7	343.8	329.0	336.5	334.2	339.4	327.2	331.6	340.5	340.2	337.8	322.1	338.7	340.6	328.9	345.0	330.3	338.3	
544.0	354.9	352.3	327.0	341.6	320.2	344.6	317.7	320.6	329.6	311.8	342.3	331.8	347.7	349.8	341.5	327.7	335.2	327.1	331.5	325.2	
545.0	325.1	350.0	319.8	329.2	312.9	323.0	308.2	320.5	319.2	333.4	330.4	316.3	326.9	330.1	326.8	351.8	322.4	353.6	332.9	328.1	
546.0	325.3	340.4	339.1	309.5	304.8	328.1	318.9	321.5	320.9	334.0	329.2	324.4	325.2	326.6	341.1	324.5	335.7	335.8	347.6	323.1	
547.0	347.5	319.8	315.3	325.3	299.3	325.5	321.4	302.4	306.3	327.4	311.8	333.5	316.6	328.4	324.1	313.8	319.0	340.6	328.6	311.9	
548.0	331.7	338.0	315.3	324.0	298.9	323.3	309.3	320.8	324.7	347.4	320.2	324.2	326.6	321.6	306.3	320.8	315.4	327.1	318.7	301.8	
549.0	329.6	317.7	322.4	312.1	314.9	321.0	313.1	338.1	321.4	328.5	321.2	321.5	326.2	324.6	306.2	335.2	314.4	310.9	317.7	316.1	
550.0	323.5	326.2	321.6	317.1	315.6	298.0	327.6	328.5	297.7	316.1	301.5	299.2	323.4	311.5	293.4	320.7	318.9	294.5	317.8	315.8	
551.0	317.1	309.4	312.7	299.6	316.1	319.7	298.1	289.0	300.6	313.9	323.1	306.0	320.8	332.3	312.4	306.7	321.8	302.1	326.8	310.3	
552.0	317.4	313.1	313.3	313.6	291.8	299.3	299.4	299.1	298.2	307.4	313.3	290.6	300.4	300.5	312.8	286.9	307.8	290.4	305.9	299.2	
553.0	338.0	315.5	302.9	303.5	290.2	296.1	314.1	299.8	305.5	308.4	301.6	296.1	315.0	285.1	284.9	311.0	282.1	289.6	311.7	304.6	
554.0	309.8	312.7	308.8	296.6	286.9	297.6	304.6	294.0	296.1	302.5	286.3	291.0	312.3	282.5	304.4	290.7	297.7	290.4	296.4	296.0	
555.0	321.7	311.5	289.7	298.8	285.7	288.6	284.6	295.4	297.7	307.3	295.8	292.8	302.0	299.4	305.1	279.7	303.3	292.7	300.2	292.2	
556.0	287.3	297.6	293.0	305.9	289.9	278.1	279.7	292.3	292.0	291.0	295.5	312.0	298.1	293.8	293.9	276.0	281.5	272.8	283.9	294.9	
557.0	272.2	278.2	279.7	306.4	278.5	296.4	293.1	313.0	280.5	269.2	279.4	282.4	291.8	268.8	299.4	282.8	297.6	276.5	298.8	279.2	
558.0	265.2	298.8	294.4	270.9	264.4	269.5	283.3	289.9	271.9	289.0	279.9	268.9	284.5	282.7	276.7	282.6	286.2	268.7	298.0	263.1	
559.0	277.8	292.4	262.5	286.3	275.0	282.4	269.5	263.8	285.7	271.1	279.7	262.9	268.0	267.9	287.0	278.2	282.2	262.5	274.0	281.8	
560.0	272.2	270.1	283.7	284.0	273.1	253.2	274.1	268.1	273.7	273.4	264.6	291.5	258.3	260.4	260.0	272.4	261.3	280.9	260.5	271.1	
561.0	276.2	266.7	261.3	248.4	259.4	263.5	263.0	254.0	264.2	265.7	284.3	271.2	266.1	254.1	264.8	270.0	268.6	272.1	255.2	267.4	
562.0	255.4	280.1	267.2	246.4	242.9	261.6	251.8	262.7	246.1	251.5	263.1	257.2	247.0	250.4	251.9	264.2	253.9	250.1	257.5	266.8	
563.0	276.5	249.4	263.8	237.2	226.5	230.8	240.5	247.7	241.8	250.0	257.4	253.6	246.2	256.2	247.1	239.7	247.7	233.7	249.0	257.4	
564.0	259.7	255.2	246.7	239.2	259.2	228.7	239.0	251.7	236.2	243.6	231.7	243.1	228.2	241.8	229.7	252.5	243.4	240.1	254.0	224.7	
565.0	246.6	238.5	239.9	239.3	240.4	231.2	228.9	231.4	233.3	248.8	234.2	229.9	226.6	255.7	241.8	248.5	256.9	245.1	238.8	239.4	
566.0	235.5	233.2	224.6	220.2	220.9	233.3	227.8	226.0	237.1	237.6	245.4	226.1	250.9	231.5	236.8	242.1	232.5	222.3	222.9	221.3	
567.0	226.0	229.6	231.8	219.8	225.7	218.9	226.9	211.9	227.5	236.1	214.1	225.5	239.9	236.2	245.5	220.2	235.0	215.0	235.7	219.1	
568.0	221.0	217.7	213.5	224.6	204.5	216.9	218.6	210.9	224.4	222.2	207.7	229.5	233.2	230.7	228.0	235.4	224.8	233.6	240.9	209.7	
569.0	212.3	220.0	211.4	226.5	233.8	218.5	221.2	203.4	211.9	213.2	213.5	227.0	224.3	235.1	205.6	211.8	204.2	217.3	231.7	215.0	
570.0	222.0	229.3	227.7	224.4	218.5	205.9	212.6	202.5	210.4	216.2	211.5	201.2	201.7	207.1	213.1	197.6	218.5	210.3	229.2	218.2	
571.0	202.6	188.5	217.1	217.8	205.9	208.0	206.5	209.4	212.9	213.3	196.9	209.5	209.4	203.2	233.0	208.8	202.9	199.6	195.8	206.8	
572.0	180.1	220.8	197.2	208.7	196.0	198.6	195.4	196.6	210.2	215.2	189.1	205.1	190.4	178.0	202.1	200.2	200.6	195.2	194.2	195.8	
573.0	195.4	194.7	216.6	202.6	194.4	197.7	192.1	197.3	200.8	198.9	183.0	216.1	201.5	190.8	204.3	205.5	216.5	179.5	189.8	184.6	
574.0	200.1	189.5	183.2	187.9	189.4	184.6	188.5	193.0	198.3	205.5	189.0	191.2	187.3	204.1	195.5	175.3	191.1	192.5	189.6	190.7	
575.0	195.3	186.7	182.9	198.7	196.9	181.7	184.8	185.9	192.5	199.4	180.7	176.6	192.3	186.8	189.1	173.3	182.2	175.2	182.9	188.0	
576.0	193.8	173.2	177.7	188.8	169.5	182.6	178.0	169.3	176.1	192.7	177.6	185.0	183.1	177.0	176.1	182.0	194.4	174.2	177.1	168.6	
577.0	197.0	178.2	183.6	182.6	173.7	167.7	189.6	160.7	178.1	179.3	170.0	182.8	170.9	183.8	192.3	193.0	187.9	165.9	182.6	167.0	
578.0	172.7	184.6	178.9	172.5	161.8	161.6	171.4	174.7	172.2	172.0	166.1	179.6	190.0	161.0	162.1	154.2	175.2	156.6	176.4	162.1	
579.0	168.2	167.1	176.0	147.3	158.9	156.8	163.2	176.9	158.3	167.6	172.8	163.9	163.7	178.5	153.9	169.1	167.6	156.1	163.5	152.8	
580.0	165.8	176.4	166.4	154.8	168.4	147.4	169.9	162.7	155.6	170.1	165.5	164.0	159.0	168.1	164.4	171.9	170.8	162.8	164.7	152.3	
581.0	166.0	161.1	156.9	151.5	146.8	160.0	153.2	144.7	163.6	156.6	158.3	157.4	144.6	163.9	159.4	175.6	165.0	163.2	166.9	155.2	
582.0	160.7	160.4	149.2	171.0	147.8	145.1	150.5	148.3	155.7	169.8	159.7	139.0	157.0	154.7	176.5	154.5	164.6	157.5	169.3	154.2	
583.0	161.3	162.3	132.8	161.7	141.4	157.6	144.6	154.5	152.8	160.4	156.4	133.7	150.0	143.4	137.8	169.1	156.3	147.8	156.3	146.1	
584.0	150.9	167.0	157.9	147.3	139.7	142.9	141.2	146.8	152.5	151.9	144.7	140.7	148.7	147.9	142.3	153.0	140.6	143.7	160.0	135.7	
585.0	140.0	151.2	143.9	139.8	153.7	143.9	140.4	146.3	151.9	150.6	147.3	136.0	159.5	149.7	142.8	127.4	148.7	152.2	144.5	143.2	
586.0	149.9	144.3	140.0	143.8	157.3	143.3	125.9	149.0	146.0	147.1	132.5	137.7	138.0	148.0	136.6	138.3	140.4	140.2	138.7	155.5	
587.0	132.2	142.5	132.1	149.1	141.5	137.2	133.7	132.1	144.0	129.5	136.1	140.5	131.0	132.1	130.1	135.6	133.9	142.2	141.2	148.0	
588.0	121.7	133.6	126.4	138.5	139.2	127.4	126.0	124.8	137.2	128.5	132.9	135.8	128.4	130.6	137.6	121.8	122.1	130.8	128.9	130.1	
589.0	135.0	133.0	132.0	131.4	130.7	125.8	119.1	132.1	138.0	124.0	140.4	132.6	133.6	119.3	124.1	126.1	128.1	125.9	116.0	116.4	
590.0	125.3	127.9	122.7	132.6	123.9	126.1	123.8	137.1	132.8	106.0	138.8	134.3	130.1	122.3	112.3	115.2	126.5	137.9	129.8	121.1	
591.0	120.7	115.6	127.8	136.5	126.1	116.2	119.4	118.4	123.7	129.5	134.8	124.1	111.7	121.1	117.4	127.8	126.8	118.2	137.5	124.8	
592.0	133.6	132.1	122.3	119.4	122.4	117.9	119.7	106.3	121.5	117.1	115.0	117.2	121.6	116.1	122.2	114.5	128.9	130.9	117.1	121.0	
593.0	117.4	114.2	120.7	109.5	120.2	115.2	123.0	108.3	118.3	119.6	110.7	107.6	115.8	123.0	122.6	116.7	123.3	107.8	115.0	128.6	
594.0	125.0	125.4	117.4	117.4	113.7	115.1	109.8	106.3	112.1	108.9	117.0	110.3	109.9	110.9	109.3	115.2	122.8	118.4	121.1	112.9	
595.0	109.0	115.5	122.8	112.2	101.1	110.0	120.8	122.9	105.5	117.9	104.9	104.6	114.8	113.8	115.9	113.2	106.8	110.6	124.1	105.8	
596.0	117.2	115.2	113.9	108.1	111.5	109.0	116.2	111.8	109.7	108.9	112.4	109.7	122.1	116.0	104.0	110.6	111.7	111.1	105.0	122.8	
597.0	108.4	109.1	107.2	102.2	102.5	110.1	106.6	101.2	102.1	112.4	99.94	107.8	99.80	108.3	108.1	109.0	100.9	100.6	123.9	106.3	
598.0	106.2	108.6	109.2	96.75	110.7	105.5	112.3	102.0	104.8	114.6	108.5	108.0	99.51	106.1	107.3	111.3	102.4	109.3	109.9	108.5	
599.0	111.5	100.8	106.8	94.71	99.91	112.8	110.3	100.1	107.8	108.3	107.4	108.1	99.55	98.53	116.0	96.73	101.9	97.94	98.93	110.4	
600.0	102.1	101.2	98.45	105.3	87.09	101.5	98.59	102.7	97.67	103.3	96.68	90.62	97.53	101.2	97.37	79.84	100.4	95.69	104.0	101.2	
601.0	103.2	100.7	103.7	97.19	89.53	97.22	89.41	100.7	97.79	104.6	98.03	89.10	101.7	98.90	98.80	97.70	96.01	91.33	106.7	97.65	
602.0	104.7	95.81	103.2	98.70	94.98	96.18	98.22	101.7	100.6	85.82	85.33	102.4	92.93	105.7	93.87	112.5	91.86	99.39	89.73	105.2	
603.0	91.75	98.55	108.8	97.23	106.6	98.79	91.02	89.58	86.23	95.43	91.12	88.30	94.43	97.32	89.79	96.25	98.20	97.69	88.95	98.97	
604.0	86.83	93.80	104.2	93.76	89.29	96.29	90.96	94.45	86.78	104.6	86.24	91.04	90.95	98.16	88.55	82.08	95.76	88.86	95.51	83.16	
605.0	81.64	87.34	87.62	102.7	94.79	88.56	92.67	86.56	86.93	84.80	85.03	88.23	77.55	98.24	87.25	89.12	81.60	82.17	92.83	79.46	
606.0	78.01	91.68	87.48	96.84	92.61	85.15	81.52	80.46	92.19	85.84	72.95	89.11	89.28	93.70	80.41	88.23	83.62	89.26	82.81	86.40	
607.0	92.41	83.42	83.20	84.26	87.77	85.18	73.86	76.23	95.65	89.30	80.74	87.53	84.10	75.52	82.06	78.14	85.19	87.45	83.81	94.84	
608.0	84.59	86.82	79.36	89.00	85.11	83.17	75.40	81.74	85.42	85.97	76.50	78.29	73.54	83.49	76.75	87.57	88.01	81.20	81.07	85.08	
609.0	87.30	81.81	72.58	82.41	86.94	65.47	80.09	90.93	86.81	80.14	77.48	81.00	81.31	86.40	82.88	73.37	72.96	86.79	83.85	82.68	
610.0	88.71	81.76	78.88	77.01	79.43	74.97	78.16	76.68	82.52	83.26	79.75	79.66	77.62	80.66	80.52	78.77	89.43	83.73	95.13	81.05	
611.0	77.71	81.57	77.84	73.17	74.02	86.84	72.42	76.73	86.98	91.92	80.34	80.09	77.55	71.69	72.59	89.81	82.91	85.60	80.67	83.89	
612.0	83.85	79.73	74.21	68.47	76.63	80.69	75.52	79.61	79.73	94.43	73.17	70.47	67.50	81.70	76.29	70.45	78.84	67.59	69.51	83.90	
613.0	80.33	84.39	75.00	79.16	74.30	77.39	78.69	70.52	81.42	75.40	74.98	80.67	79.61	77.12	76.26	69.73	73.05	66.15	76.95	80.36	
614.0	75.71	70.75	67.53	75.73	76.43	69.95	76.06	65.76	70.49	72.58	66.74	81.96	67.00	67.15	70.99	68.95	84.81	70.00	70.44	70.79	
615.0	75.10	74.36	76.73	73.32	66.17	71.41	68.82	80.31	71.85	66.85	59.09	68.30	73.17	67.32	61.25	71.15	73.80	66.08	77.63	65.62	
616.0	69.68	71.43	66.68	64.41	67.72	64.26	63.40	66.27	74.59	60.92	67.05	69.36	66.11	64.46	69.08	68.16	69.43	69.40	74.51	65.19	
617.0	72.94	64.46	70.17	64.37	63.02	59.02	61.73	74.61	58.57	66.82	61.05	61.66	65.04	62.37	62.35	62.19	69.68	66.83	62.08	67.37	
618.0	70.74	70.22	64.25	55.33	62.44	65.06	63.66	66.34	55.75	63.09	66.65	56.37	63.62	56.11	64.80	64.76	58.79	56.41	74.70	63.23	
619.0	70.50	66.55	58.24	57.92	62.49	60.96	64.65	64.73	63.36	52.83	62.21	68.07	61.34	61.19	65.39	69.06	65.59	57.94	61.70	67.81	
620.0	61.55	59.20	67.49	68.65	63.09	59.21	67.20	58.66	55.13	55.91	65.72	55.80	60.99	62.30	57.14	64.47	59.27	64.17	58.42	64.79	
621.0	62.61	64.97	63.51	65.69	57.53	55.54	56.08	48.14	60.14	61.37	56.94	53.08	54.65	60.95	52.06	50.90	56.78	58.37	57.13	55.63	
622.0	55.62	68.58	60.26	54.67	52.37	49.09	49.30	65.25	54.35	54.15	53.44	54.83	48.97	62.34	52.98	60.06	53.17	57.74	58.50	60.04	
623.0	59.37	57.90	58.79	49.41	56.44	54.85	62.92	54.85	60.59	54.18	53.17	54.66	52.93	54.70	48.89	53.32	60.64	57.84	52.19	57.74	
624.0	53.90	55.28	53.90	51.92	55.14	50.85	56.64	51.67	54.49	57.72	62.53	59.43	59.11	52.90	49.18	53.50	58.31	51.22	55.65	54.50	
625.0	51.43	56.26	61.13	42.70	55.91	49.96	49.40	52.56	50.20	58.97	45.52	63.88	43.32	50.47	50.09	56.59	55.05	56.95	43.91	51.44	
626.0	54.41	53.49	50.06	51.80	51.02	45.57	48.07	55.35	56.29	47.77	58.01	45.36	52.54	55.88	48.56	52.25	49.86	52.82	50.35	46.53	
627.0	52.52	46.46	51.89	54.37	50.47	45.71	42.91	47.01	51.05	48.30	46.60	44.49	53.02	50.20	48.49	57.27	48.65	47.96	44.81	52.32	
628.0	52.86	51.90	43.16	51.55	53.00	49.45	50.73	55.11	48.69	49.36	48.37	49.92	45.81	50.09	51.53	53.89	49.24	52.54	39.31	53.15	
629.0	45.11	43.36	50.92	49.83	42.52	49.39	49.36	49.50	50.97	55.32	41.83	43.53	39.40	45.55	51.06	57.19	44.27	43.87	49.00	54.44	
630.0	48.43	39.11	48.87	50.35	52.52	52.20	40.82	44.04	39.80	47.87	40.01	42.14	41.55	49.81	44.47	51.17	39.06	49.35	41.06	53.46	
631.0	47.94	46.87	45.94	40.68	43.24	48.04	40.21	39.96	44.78	48.35	40.96	41.86	44.98	41.61	48.88	47.30	44.43	47.55	33.79	48.88	
632.0	43.91	42.84	37.96	45.39	40.65	41.61	46.20	46.72	43.13	45.12	41.05	48.27	39.88	46.62	43.62	48.14	46.00	40.80	37.48	46.67	
633.0	41.86	44.98	43.58	34.08	45.06	46.84	43.40	33.40	40.81	44.91	38.18	38.51	36.44	32.32	44.14	39.87	36.13	40.54	34.69	42.12	
634.0	49.29	40.87	43.26	37.24	44.45	41.34	40.76	38.69	33.64	45.27	35.37	41.11	36.99	49.02	34.01	41.26	35.79	41.17	41.32	41.63	
635.0	43.10	35.73	37.38	38.53	42.87	41.40	36.34	39.44	41.23	35.78	39.27	35.07	41.27	38.05	39.53	43.74	44.90	45.87	41.62	43.38	
636.0	35.22	31.00	45.95	35.54	33.72	44.61	37.86	42.90	38.58	36.10	44.83	34.84	38.59	38.33	34.76	37.15	37.59	40.00	38.86	35.68	
637.0	34.92	34.17	39.97	35.38	33.83	40.04	41.48	36.67	36.08	42.54	36.39	31.92	41.73	41.94	34.60	46.84	33.17	43.98	32.73	37.13	
638.0	36.73	38.90	39.10	30.31	29.44	32.76	34.92	33.52	36.82	41.79	33.62	41.62	37.21	36.53	29.99	39.25	36.81	40.22	29.55	36.08	
639.0	40.67	38.08	37.77	31.17	38.58	39.62	38.75	35.45	37.62	39.45	30.70	40.19	35.19	25.56	32.25	33.11	37.88	34.01	33.57	36.47	
640.0	30.05	43.37	36.58	31.51	36.25	29.00	36.58	30.34	36.11	30.08	28.12	35.37	29.70	37.87	34.33	35.43	34.09	37.53	34.49	31.46	
641.0	29.02	37.93	37.31	27.56	32.48	34.16	26.25	29.05	33.70	35.94	27.23	37.77	30.26	34.05	30.27	33.10	33.65	39.11	36.66	37.03	
642.0	28.57	36.11	34.61	29.02	24.66	27.75	24.57	38.68	35.24	35.27	30.57	33.08	29.96	30.97	31.96	33.90	31.38	33.57	38.33	33.10	
643.0	28.67	30.65	32.16	24.06	31.47	36.19	26.13	33.49	31.77	37.42	34.83	33.11	28.79	25.93	31.31	34.98	29.72	29.67	33.37	32.12	
644.0	33.96	32.40	27.53	28.24	24.94	29.61	30.75	37.02	27.95	35.23	34.84	28.53	30.16	25.66	28.68	29.18	27.68	38.28	29.53	28.82	
645.0	30.15	34.46	25.83	29.15	27.68	29.50	32.09	34.18	29.31	25.46	32.42	22.28	27.81	25.42	29.27	34.31	33.63	27.76	29.13	23.53	
646.0	33.98	26.34	30.90	30.36	30.33	28.48	29.05	38.32	26.35	29.17	31.53	31.00	31.16	35.38	25.30	29.70	32.18	24.37	28.98	29.42	
647.0	27.11	27.20	26.41	24.15	31.39	28.27	23.47	33.16	29.40	26.20	26.50	25.77	23.97	30.78	29.44	27.16	29.17	27.30	32.80	25.60	
648.0	25.39	26.31	35.03	31.79	24.60	31.16	29.26	27.40	19.95	23.41	32.97	26.24	26.26	28.76	28.79	30.05	25.65	27.48	32.94	29.39	
649.0	26.20	24.78	28.75	30.80	29.06	21.51	23.64	23.07	25.40	27.33	29.02	26.00	27.52	30.67	30.36	22.35	28.81	26.31	26.55	28.02	
650.0	28.50	25.10	28.59	28.41	23.22	24.47	25.68	26.84	24.45	26.60	31.80	27.88	26.84	31.16	35.44	19.60	24.61	27.25	26.45	24.03	
651.0	27.73	26.52	32.06	27.05	18.49	27.22	25.71	22.15	20.87	23.43	21.21	22.30	26.13	31.59	30.26	29.11	24.04	23.94	21.93	28.39	
652.0	25.10	22.26	27.78	25.96	19.49	26.70	22.31	23.96	25.21	30.81	18.13	21.20	24.54	22.84	23.89	27.07	18.22	30.28	27.01	25.11	
653.0	26.24	23.95	28.36	25.73	26.40	25.87	27.83	27.25	23.38	28.20	25.34	24.92	21.29	27.09	27.05	22.62	27.19	23.06	26.34	27.39	
654.0	22.66	21.46	26.62	24.92	26.84	25.12	24.84	20.96	27.76	19.23	23.62	25.12	23.92	26.42	30.89	20.65	25.16	24.07	25.08	18.97	
655.0	22.15	21.76	21.41	26.83	21.65	21.97	27.17	20.40	25.03	19.87	27.83	21.47	19.17	20.97	25.36	24.87	18.36	17.44	23.32	20.56	
656.0	24.26	27.81	23.27	25.91	21.67	26.04	25.21	25.29	17.64	23.00	23.84	25.08	18.09	19.94	25.88	26.17	17.27	21.32	23.06	17.59	
657.0	19.68	21.91	21.87	22.74	24.59	19.13	21.71	24.69	18.75	24.70	25.39	17.84	17.58	22.55	21.12	26.17	21.27	24.81	27.22	24.94	
658.0	22.72	24.51	26.00	18.75	27.16	22.77	18.38	23.99	28.06	23.15	21.28	22.20	16.25	18.91	22.44	25.10	26.62	22.29	22.78	23.10	
659.0	24.37	22.07	23.58	20.40	19.37	17.94	21.52	23.04	20.10	20.18	22.62	18.97	20.92	24.10	22.92	21.89	23.29	18.88	24.40	17.64	
660.0	20.85	19.35	23.10	24.17	19.11	19.48	24.42	23.02	20.70	21.96	17.81	18.83	19.63	23.01	25.34	19.89	22.00	20.28	19.13	16.28	
661.0	18.46	20.53	20.44	17.46	28.65	17.16	23.70	17.60	23.64	20.11	19.52	21.69	17.84	20.20	23.00	21.70	22.35	20.19	17.49	21.16	
662.0	17.14	19.60	18.18	16.88	19.45	20.33	19.06	18.03	19.41	22.59	18.73	20.06	15.45	22.25	25.44	22.05	16.47	20.50	20.67	19.81	
663.0	20.69	16.64	16.25	19.88	21.05	18.57	24.64	16.29	22.78	23.70	21.22	17.66	21.11	27.61	23.63	18.82	22.54	18.56	19.80	17.31	
664.0	19.08	16.06	17.76	17.49	19.94	18.25	16.84	19.95	19.48	29.58	17.67	18.63	16.79	20.66	21.25	23.53	24.57	20.32	19.15	19.17	
665.0	18.01	18.13	22.93	22.27	20.66	20.46	18.67	18.25	15.47	21.60	17.57	17.91	20.74	16.45	19.81	19.56	19.48	17.52	21.57	18.22	
666.0	22.77	18.17	16.07	14.97	21.23	17.48	19.91	19.51	15.62	24.02	22.28	20.33	19.38	16.85	17.38	15.72	18.43	17.55	20.15	18.21	
667.0	20.30	16.45	17.98	16.87	17.78	15.90	18.01	16.51	16.07	22.71	14.78	20.45	16.44	24.01	21.31	12.30	13.72	15.60	15.89	25.21	
668.0	18.95	14.61	19.38	19.29	21.13	15.89	16.97	13.88	19.12	18.19	17.07	19.28	15.92	17.17	17.83	16.53	17.98	15.90	23.08	17.03	
669.0	13.22	16.43	16.38	20.56	20.12	13.23	18.95	19.37	14.04	18.51	19.42	16.50	11.44	15.15	13.70	17.18	19.18	17.81	21.93	16.71	
670.0	16.17	15.76	13.53	16.55	19.13	16.99	16.72	18.10	14.05	20.47	21.87	18.30	16.25	17.69	13.51	16.49	15.88	15.04	18.87	12.59	
671.0	15.49	16.81	14.70	14.51	18.55	20.29	12.82	17.98	14.90	21.06	17.61	16.85	10.96	16.60	19.89	17.01	17.91	16.75	15.33	16.88	
672.0	17.07	14.24	18.67	18.23	16.71	17.42	22.21	17.44	15.18	22.24	18.24	14.05	16.04	12.89	14.50	16.03	20.39	15.96	16.38	21.08	
673.0	15.08	15.43	14.44	13.35	16.67	16.62	16.21	13.40	14.20	13.93	15.58	15.89	17.63	16.44	18.67	11.78	17.08	13.65	14.54	14.61	
674.0	16.27	12.74	18.20	15.29	14.00	12.73	16.86	14.33	9.746	15.36	13.73	14.67	15.80	18.11	15.26	12.77	13.41	13.73	16.24	13.49	
675.0	10.33	17.24	13.99	15.33	14.89	12.37	15.17	15.27	14.74	19.96	15.66	18.70	14.18	17.23	14.37	14.45	11.18	11.91	13.10	15.01	
676.0	12.21	17.09	14.77	15.68	16.57	15.18	13.96	15.56	11.53	16.53	14.78	15.12	11.48	18.01	13.12	10.33	13.76	18.42	19.61	17.29	
677.0	11.76	19.14	15.20	11.92	15.75	11.00	17.30	12.21	18.98	15.49	12.63	12.12	13.21	14.32	12.64	15.82	15.50	12.23	17.17	15.41	
678.0	17.04	12.12	14.21	13.19	15.49	16.59	14.03	13.47	14.85	17.16	11.78	12.82	10.66	10.01	12.97	10.81	17.06	12.35	17.50	13.31	
679.0	17.55	9.138	12.02	14.37	14.51	11.93	15.68	14.58	9.866	17.26	13.46	11.85	14.82	18.48	16.44	14.23	17.24	15.05	15.56	14.04	
680.0	12.68	9.531	11.26	11.52	15.31	12.23	14.71	12.47	10.05	16.69	13.68	15.90	12.40	11.71	15.81	12.31	15.19	8.578	13.04	17.94	
681.0	11.85	12.20	17.34	14.19	16.05	10.78	14.37	13.04	12.19	17.41	9.353	14.26	11.95	14.32	11.01	13.49	15.88	10.07	17.11	14.79	
682.0	14.70	13.39	14.85	10.22	15.56	16.35	15.37	10.14	11.89	12.49	14.93	12.07	13.89	16.57	15.61	15.87	13.99	14.20	11.98	12.76	
683.0	13.95	11.84	15.75	10.33	13.47	12.81	12.06	10.25	10.79	16.54	12.78	16.41	12.81	13.42	14.20	13.72	10.43	13.51	11.51	12.53	
684.0	11.41	13.40	14.60	9.759	14.77	13.27	11.18	12.74	11.91	11.72	15.55	12.22	13.10	10.84	13.61	11.42	11.36	15.15	15.07	11.20	
685.0	18.16	11.70	15.22	7.016	18.18	12.98	11.04	9.974	11.28	16.13	14.65	13.24	12.96	15.78	15.84	13.27	12.15	12.16	12.68	11.15	
686.0	11.90	11.38	9.268	9.292	15.73	10.14	13.02	11.55	12.09	11.64	11.79	13.45	13.03	15.72	11.98	10.41	12.77	10.73	10.15	18.30	
687.0	14.05	12.34	12.94	12.30	10.49	13.60	15.06	14.71	9.366	16.56	12.23	11.17	13.14	12.54	13.99	13.06	8.934	12.12	11.99	13.84	
688.0	12.92	16.02	12.66	11.30	8.153	13.09	13.19	9.812	12.32	13.63	12.91	9.942	9.847	10.73	9.871	10.81	10.28	11.74	14.79	15.54	
689.0	9.212	12.81	11.98	7.778	6.651	10.55	11.23	17.82	11.37	15.70	15.36	14.79	11.39	13.32	10.30	11.19	11.37	9.249	10.86	12.11	
690.0	9.809	14.39	14.01	11.57	13.21	12.40	10.51	11.36	11.42	11.88	9.609	9.852	13.22	9.563	7.544	13.51	8.212	17.68	12.32	14.74	
691.0	11.56	12.09	9.413	11.05	13.73	10.96	8.534	10.93	13.16	11.92	8.607	11.88	12.86	8.967	16.54	10.41	8.632	10.91	13.18	11.26	
692.0	10.61	12.51	10.33	7.739	9.352	9.689	11.43	13.49	11.73	8.729	10.90	7.795	13.39	11.83	13.90	9.631	9.442	8.849	12.06	9.907	
693.0	13.44	14.65	12.41	11.55	10.12	11.83	12.16	10.01	10.81	9.675	11.76	10.53	8.840	7.028	9.551	13.41	9.946	12.13	14.79	9.792	
694.0	13.37	11.10	10.00	10.76	11.84	9.226	9.922	7.273	11.37	11.32	10.57	11.40	7.675	12.06	9.156	13.72	13.23	11.31	7.592	13.13	
695.0	12.68	10.02	9.078	9.581	10.51	9.166	10.90	10.14	7.366	17.45	12.14	12.19	11.97	12.74	12.00	10.37	12.72	10.29	6.426	11.15	
696.0	8.611	10.22	11.00	9.243	9.413	9.136	14.22	9.181	8.163	11.10	9.449	11.30	10.31	11.91	9.668	9.905	13.11	11.41	9.840	9.013	
697.0	10.68	13.44	11.88	8.752	7.685	5.783	8.824	13.25	8.985	11.81	9.528	7.925	10.50	14.89	10.78	12.63	9.090	12.33	9.606	12.52	
698.0	11.11	9.523	8.898	9.794	8.702	14.16	14.11	12.86	11.33	8.931	9.371	7.777	8.777	11.26	12.61	7.527	12.29	11.89	10.35	12.10	
699.0	11.22	10.62	9.570	9.081	9.872	12.08	13.17	13.52	11.29	9.159	7.969	9.174	9.366	9.592	9.148	10.54	13.92	10.56	10.41	9.809	
700.0	10.17	11.25	10.27	9.233	11.06	14.48	14.11	12.26	9.058	11.15	6.198	10.85	10.12	11.41	8.887	7.572	11.25	13.36	12.66	13.85	
701.0	9.929	11.22	11.58	8.751	11.73	11.40	9.766	12.68	5.925	11.27	6.641	5.995	10.06	14.20	9.487	9.484	7.839	13.06	13.37	11.59	
702.0	12.64	9.108	9.407	6.672	12.02	8.135	14.25	11.42	6.482	10.82	7.824	9.908	10.53	7.726	8.787	12.82	10.66	11.84	11.72	8.981	
703.0	16.32	10.72	7.216	6.050	10.56	10.85	7.912	7.383	5.486	9.197	12.69	12.40	12.77	12.07	9.331	12.29	9.554	13.53	13.25	9.377	
704.0	8.136	10.16	7.644	11.13	12.59	10.82	13.61	8.719	8.206	10.69	11.03	11.46	9.032	10.20	10.42	9.207	8.451	14.41	8.594	7.172	
705.0	7.412	9.698	9.867	11.69	9.525	7.271	10.43	7.708	9.265	9.352	11.50	8.082	7.485	13.95	6.950	12.05	9.363	12.78	6.307	10.30	
706.0	11.59	10.49	7.972	6.218	12.46	9.430	9.765	9.001	10.35	8.826	10.92	11.17	10.05	9.240	11.05	14.09	9.199	10.57	7.776	12.89	
707.0	8.251	9.075	12.48	7.812	10.38	8.147	11.32	9.415	12.72	10.03	7.593	8.133	10.62	10.66	11.70	9.346	11.08	11.14	8.331	11.08	
708.0	7.461	11.27	9.306	6.734	11.41	7.629	11.55	7.783	10.85	7.705	10.66	8.927	10.63	9.376	12.71	8.461	6.420	8.284	10.87	7.539	
709.0	10.33	15.21	14.56	7.923	9.727	6.629	10.07	13.23	10.89	9.923	9.353	9.348	12.32	10.71	10.94	8.257	12.00	7.428	9.274	7.428	
710.0	4.045	10.27	11.23	12.98	5.863	9.379	10.63	9.588	11.57	11.30	8.169	7.691	8.597	12.40	14.07	11.80	7.917	11.14	8.594	12.02	
711.0	7.071	9.879	7.965	9.521	11.37	11.32	9.164	10.20	12.18	9.141	8.214	11.10	9.192	10.40	12.05	7.926	9.978	8.282	6.763	6.247	
712.0	7.090	8.691	9.144	8.140	10.88	6.257	8.568	8.878	8.242	9.412	8.455	12.00	11.27	10.95	8.438	9.512	11.51	11.67	6.392	8.265	
713.0	7.545	11.27	11.16	12.35	12.78	12.26	8.823	7.419	8.149	9.998	8.857	11.78	7.611	9.251	6.978	8.149	12.35	8.810	10.02	10.10	
714.0	7.495	7.796	8.947	9.913	7.117	10.85	10.06	6.727	8.175	6.769	11.72	6.285	8.666	6.983	12.09	7.472	11.21	7.216	10.80	11.14	
715.0	10.29	7.596	6.738	8.306	8.689	9.825	7.858	6.522	10.27	7.393	8.769	8.008	6.384	11.40	9.309	11.39	13.33	8.895	13.92	9.246	
716.0	9.920	7.879	8.635	7.171	8.060	6.981	11.37	8.557	7.486	10.22	10.78	8.075	12.22	9.045	6.411	9.075	7.451	13.99	8.709	3.990	
717.0	12.52	8.768	6.450	10.78	9.780	12.42	10.68	9.714	9.160	8.085	11.30	5.224	8.927	8.902	6.918	13.33	6.329	9.847	10.25	8.210	
718.0	9.994	8.663	7.045	8.549	13.12	9.046	8.139	10.20	7.858	11.34	11.42	7.470	10.79	10.22	4.884	10.45	10.29	8.156	12.17	8.493	
719.0	10.15	5.630	3.371	9.592	11.22	7.960	7.973	12.14	7.193	7.567	9.066	8.319	8.235	6.432	6.665	7.112	10.46	9.552	14.36	9.100	
720.0	5.652	7.523	10.57	6.290	11.17	7.429	6.674	11.52	5.864	6.862	7.577	11.75	7.167	5.796	9.015	10.30	11.52	10.91	10.12	5.582	
721.0	8.550	7.573	9.336	12.45	10.02	6.900	6.693	9.620	8.557	7.590	6.727	7.464	5.816	8.134	7.793	6.478	8.926	10.34	10.07	6.740	
722.0	11.95	7.900	9.337	10.49	10.64	9.218	8.824	7.893	11.15	9.727	6.672	10.11	9.541	5.798	6.269	9.710	6.504	10.08	9.713	10.54	
723.0	11.24	9.019	8.132	7.438	7.413	9.428	5.530	10.53	7.975	7.909	9.682	8.110	8.544	7.734	9.754	8.555	6.510	7.735	7.380	8.341	
724.0	8.188	8.214	7.497	5.112	6.632	10.45	9.235	6.247	7.186	9.002	14.25	6.077	8.524	11.79	9.651	6.499	7.282	11.33	8.627	9.453	
725.0	6.923	5.725	11.15	5.774	7.763	7.509	8.217	5.034	9.298	9.942	11.13	9.480	10.01	8.463	11.85	7.711	9.341	8.005	8.703	6.141	
726.0	8.523	7.696	9.069	3.783	12.38	6.967	9.133	3.791	11.24	7.655	11.79	8.658	3.655	11.38	8.877	4.407	10.02	6.967	10.64	12.90	
727.0	11.68	7.572	7.913	9.602	9.478	4.920	10.28	7.200	9.446	10.22	7.650	8.870	5.424	6.041	8.972	7.919	10.45	5.783	10.39	9.388	
728.0	7.536	11.34	11.30	9.280	8.510	6.365	7.589	11.00	10.31	6.239	6.530	9.635	10.67	8.605	7.200	8.460	8.286	10.78	9.581	6.777	
729.0	4.491	8.266	9.361	7.814	10.27	6.696	7.119	10.72	8.037	7.744	7.811	8.109	8.577	9.033	8.975	12.06	8.758	6.777	5.979	8.120	
730.0	8.877	12.06	11.55	7.968	5.942	9.667	8.746	6.029	9.248	8.096	10.67	9.575	6.485	9.511	7.726	8.098	8.996	8.869	9.472	5.615	
731.0	5.842	8.229	10.18	8.435	13.86	12.62	6.168	8.398	6.095	8.972	6.452	7.140	8.978	5.992	12.09	11.75	11.57	5.747	6.265	9.602	
732.0	6.490	8.497	8.342	6.492	7.893	6.477	7.077	6.363	7.853	6.635	7.336	9.048	8.812	7.609	6.893	7.260	11.42	6.615	7.361	12.14	
733.0	5.906	9.744	7.361	7.123	10.51	6.581	7.708	6.274	8.899	15.11	8.732	9.930	7.532	9.849	7.503	8.525	8.403	5.654	8.868	4.923	
734.0	7.212	8.304	10.24	9.440	7.420	7.244	6.680	10.88	7.502	9.754	8.470	7.944	6.332	6.740	9.856	6.835	8.232	4.892	11.55	7.093	
735.0	4.219	9.711	8.255	6.956	8.276	10.80	6.039	8.213	6.882	5.955	7.211	7.449	9.678	9.733	9.546	9.533	6.720	6.042	8.970	8.743	
736.0	6.562	7.925	6.005	6.642	10.23	8.151	10.06	9.521	8.355	5.638	8.176	6.039	8.963	10.45	6.728	8.152	7.396	6.920	6.334	9.265	
737.0	8.489	10.83	7.649	6.142	5.639	9.398	8.405	8.731	10.58	4.767	4.356	8.645	7.416	6.586	7.112	7.302	10.95	6.067	4.956	12.68	
738.0	7.456	9.066	6.112	6.390	8.656	6.678	6.702	6.789	6.994	8.146	9.182	4.841	6.572	9.278	6.714	8.024	9.610	7.474	8.612	14.50	
739.0	8.628	7.441	4.921	13.07	8.623	7.510	7.260	9.416	6.584	7.321	5.333	7.220	8.536	11.96	7.334	5.464	8.017	7.938	10.90	8.664	
740.0	7.129	10.09	7.678	9.381	9.711	7.951	5.528	4.776	10.38	4.085	5.537	5.778	9.082	8.695	8.670	9.679	3.956	6.755	9.698	13.30	
741.0	6.619	10.74	8.135	7.951	6.366	7.256	7.296	11.05	10.01	9.625	8.846	7.294	9.287	8.326	10.16	8.713	8.693	5.947	6.985	9.136	
742.0	10.04	12.86	6.998	5.396	10.19	10.38	4.471	6.022	6.357	9.671	7.010	8.323	5.474	5.744	8.022	9.865	9.362	6.890	12.91	9.618	
743.0	6.045	14.28	8.515	7.434	6.418	8.073	10.24	9.299	8.965	14.86	9.370	5.524	7.083	9.159	8.917	11.04	6.376	6.145	8.568	7.867	
744.0	6.554	9.667	8.397	8.263	7.871	7.946	7.388	6.779	10.34	9.504	6.145	8.266	6.246	9.208	13.17	5.102	8.388	5.385	8.989	10.71	
745.0	5.945	9.348	7.614	9.432	6.394	7.211	7.726	6.966	10.00	9.762	6.472	7.465	10.45	7.134	8.232	8.503	13.12	3.898	11.79	8.350	
746.0	7.444	7.902	8.500	11.41	8.776	7.594	7.851	10.93	10.91	6.342	7.619	7.901	7.647	5.415	9.689	2.678	7.342	7.647	7.373	8.551	
747.0	6.321	6.846	4.447	6.474	9.481	7.230	8.256	5.430	6.440	6.949	8.672	7.949	10.40	8.800	7.630	4.426	8.665	8.705	7.746	9.947	
748.0	9.690	8.289	5.982	5.253	6.250	10.77	5.364	9.993	6.936	5.752	7.359	7.179	7.804	5.569	5.823	5.998	8.090	10.36	10.04	8.359	
749.0	9.582	8.975	10.64	6.127	6.166	8.396	6.357	7.805	9.554	7.649	6.745	9.996	8.536	6.986	9.980	8.003	5.479	7.684	7.983	10.09	
750.0	7.663	10.48	6.162	6.033	7.299	8.352	6.359	9.147	8.172	8.920	6.378	6.006	6.815	8.246	10.04	6.109	9.094	6.880	8.334	5.627	
751.0	6.703	7.977	5.642	7.481	8.377	8.090	5.818	5.821	10.23	6.605	7.428	7.400	4.688	5.513	7.860	7.219	9.115	8.055	12.79	7.977	
752.0	8.006	8.420	9.136	9.356	7.093	11.04	10.21	7.375	12.58	8.723	6.981	5.941	6.718	9.469	5.352	5.109	10.18	6.496	8.162	6.421	
753.0	5.481	7.119	6.971	6.219	11.21	7.704	6.895	6.321	8.192	7.678	6.426	10.19	9.306	9.929	7.762	8.271	8.719	9.302	9.167	6.914	
754.0	4.283	8.249	9.035	7.833	9.463	8.247	9.384	9.462	8.533	7.520	7.809	7.707	5.494	6.965	7.142	6.814	5.998	8.247	8.620	6.236	
755.0	9.056	9.922	4.770	6.004	9.871	7.293	10.40	7.547	9.591	6.375	6.786	11.52	5.392	6.597	8.087	7.849	6.078	8.547	6.206	7.769	
756.0	7.874	13.11	8.236	5.926	10.22	9.613	8.158	10.43	5.993	6.909	9.338	9.021	10.67	6.748	11.76	6.557	8.398	7.129	6.079	8.955	
757.0	6.136	8.662	8.811	6.592	8.637	9.142	6.250	11.79	9.161	9.314	7.323	8.449	10.69	8.884	10.88	8.188	8.420	6.892	7.905	9.470	
758.0	4.591	7.375	6.926	8.678	11.59	7.550	5.888	10.06	7.085	10.28	5.489	5.997	10.13	10.66	6.529	12.08	8.143	6.552	11.42	6.964	
759.0	6.347	6.675	8.503	8.710	7.848	7.396	3.848	9.891	6.768	9.699	8.374	6.109	6.421	8.230	8.303	6.934	7.838	11.06	7.269	9.217	
760.0	3.087	7.526	9.290	10.21	5.914	7.560	7.353	8.107	6.817	8.330	8.348	7.219	8.697	8.083	5.370	6.778	12.41	6.069	4.406	8.176	
761.0	7.948	10.57	6.835	5.202	5.075	8.411	6.289	7.143	4.531	10.20	8.957	6.516	8.429	8.180	7.495	8.248	6.299	4.276	9.210	6.132	
762.0	5.701	8.637	6.698	4.885	9.310	6.870	8.532	4.530	7.247	6.629	6.714	7.500	9.087	10.48	7.092	6.738	5.856	9.400	8.618	10.29	
763.0	8.029	6.683	7.579	7.870	5.966	9.338	7.101	5.272	6.075	5.708	6.490	6.963	6.438	5.705	9.736	6.809	4.626	6.871	5.455	9.256	
764.0	6.346	7.596	7.327	4.462	4.501	5.884	8.887	3.161	10.33	5.644	10.88	8.059	5.373	8.738	7.672	8.184	5.791	4.637	7.103	6.630	
765.0	8.073	7.168	6.869	9.714	7.723	9.057	12.56	5.991	10.49	9.820	7.124	6.076	9.273	5.586	9.466	7.909	6.761	8.345	6.536	5.262	
766.0	5.023	9.366	7.749	7.513	4.953	10.33	6.838	7.556	7.286	9.265	6.338	8.000	7.901	8.495	6.444	5.946	5.446	7.852	9.751	7.910	
767.0	5.727	7.010	8.715	8.953	8.056	7.849	6.337	5.086	6.393	10.58	9.486	6.617	9.261	10.09	7.895	8.803	8.791	6.623	14.35	5.638	
768.0	5.808	5.980	12.87	8.898	5.984	4.993	7.382	5.467	8.662	12.31	9.345	6.400	9.700	5.164	7.271	6.767	7.898	8.702	13.53	6.472	
769.0	7.855	6.637	7.113	5.140	6.081	7.693	4.778	8.572	10.24	9.914	6.884	6.713	7.073	5.457	6.825	8.862	6.592	7.902	7.641	7.044	
770.0	6.962	6.577	4.979	9.541	6.062	6.318	7.528	8.495	11.70	6.197	6.329	8.126	10.43	7.626	5.994	6.981	5.683	8.562	7.077	8.278	
771.0	5.700	7.390	5.995	7.537	6.079	7.268	8.874	6.964	7.962	6.572	7.275	10.72	12.58	8.051	7.405	9.928	6.355	6.193	7.193	6.471	
772.0	8.036	4.220	7.090	6.330	8.754	9.389	7.653	8.537	6.855	9.703	8.452	4.753	4.963	9.005	5.388	5.589	7.110	5.819	6.743	7.272	
773.0	5.124	8.791	8.900	6.938	4.385	6.749	10.87	8.255	8.993	9.125	8.045	4.500	5.936	8.100	7.909	7.993	9.748	8.214	5.447	9.859	
774.0	8.057	6.433	12.64	8.372	5.759	7.967	10.88	8.474	6.501	7.751	9.526	6.029	9.186	4.784	10.77	5.372	9.772	6.852	7.403	8.208	
775.0	7.951	9.240	6.993	5.774	8.747	9.446	11.01	5.694	5.289	8.403	6.194	6.410	10.16	4.873	7.177	5.304	5.895	5.391	5.321	6.103	
776.0	8.421	9.354	6.916	7.511	8.026	6.961	6.867	4.602	6.720	9.474	9.156	8.467	5.265	11.00	9.076	5.485	6.565	4.241	8.838	8.122	
777.0	8.195	8.783	11.18	8.471	4.484	6.074	6.040	7.428	7.870	8.645	7.435	6.090	6.430	8.050	6.034	4.554	5.557	7.888	8.321	12.20	
778.0	7.861	6.489	8.520	8.685	7.106	7.029	5.828	7.637	6.077	4.080	7.169	7.663	11.79	9.537	9.431	7.063	8.281	6.571	11.28	7.424	
779.0	8.192	5.421	9.005	3.497	8.641	6.536	4.886	6.903	9.771	5.313	10.05	7.847	10.23	6.653	10.92	4.582	6.108	6.710	7.439	5.358	
780.0	6.001	9.770	7.995	8.511	8.514	7.048	8.095	7.819	6.882	7.855	7.441	4.710	6.618	7.078	7.542	12.15	6.734	9.373	5.848	5.544	
