2	475.0	3.609	4.085	6.643	-0.635	-4.166	-4.063	-0.540	0.587	4.141	11.98	2.103	9.754	10.08	2.700	2.648	-5.278	4.801	4.030	-0.768	5.454	
2	476.0	3.477	1.478	2.920	3.992	3.065	0.230	6.547	-0.012	5.342	4.290	2.888	4.723	4.723	2.064	1.303	2.453	1.391	1.734	4.310	0.019	
2	477.0	4.513	1.691	0.745	-0.201	5.435	2.045	1.047	1.222	1.989	3.554	3.879	8.877	2.776	3.958	0.984	-0.135	2.361	4.785	2.537	0.383	
2	478.0	1.932	3.208	-0.045	0.922	7.055	-0.697	0.304	5.915	5.362	3.773	3.942	3.904	-1.518	3.860	2.967	7.129	1.391	5.714	1.138	0.489	
2	479.0	3.660	1.035	-0.436	2.598	9.241	-0.411	5.659	-2.038	-1.147	4.578	0.060	-0.649	3.691	3.550	1.833	4.488	1.577	7.397	-0.641	2.198	
2	480.0	3.403	2.116	4.614	2.084	3.526	3.903	1.764	2.191	3.585	1.494	4.931	5.445	2.736	2.788	0.852	2.194	1.039	-0.667	2.158	-0.915	
2	481.0	4.216	-0.874	2.382	6.235	-1.868	0.252	4.985	3.896	4.980	3.193	0.182	0.652	3.306	5.418	4.165	2.349	2.557	2.533	0.527	4.996	
2	482.0	5.274	2.909	3.359	5.374	1.678	4.259	3.895	2.136	6.365	2.716	4.102	2.927	3.059	2.961	2.738	6.977	4.206	6.584	1.058	1.753	
2	483.0	4.987	-0.830	5.960	3.295	2.148	0.765	3.426	0.737	3.851	1.729	2.771	6.785	7.404	0.801	0.262	0.507	5.946	0.813	3.480	5.978	
2	484.0	6.299	0.697	3.997	4.403	-0.183	0.866	4.594	7.332	2.536	0.818	2.852	2.963	2.464	-0.343	1.079	3.544	7.816	4.895	3.329	2.607	
2	485.0	5.134	3.605	1.784	2.609	5.153	1.866	2.433	6.420	1.919	3.532	9.132	4.696	4.297	1.579	2.193	6.703	5.935	4.429	3.754	2.488	
2	486.0	0.297	0.192	-0.758	0.335	5.060	1.454	4.319	3.914	2.796	1.345	6.909	4.093	8.698	4.986	1.858	4.611	0.950	1.567	1.481	6.346	
2	487.0	4.012	1.991	2.142	4.356	3.940	4.231	4.833	2.073	7.050	3.515	2.254	7.669	5.614	5.502	3.933	3.889	3.558	2.031	5.229	6.005	
2	488.0	4.229	7.035	2.832	1.457	2.165	2.658	4.459	8.323	1.536	3.645	1.574	6.786	1.418	3.567	2.146	3.600	4.666	4.755	4.870	1.359	
2	489.0	6.510	5.351	1.661	1.169	5.357	2.327	1.628	2.963	2.762	2.329	5.564	7.230	4.632	4.622	3.569	4.118	3.805	6.652	0.466	7.127	
2	490.0	5.320	3.999	3.784	7.305	4.319	5.881	4.187	4.261	2.636	2.185	3.729	3.642	7.135	7.899	4.200	2.961	2.182	1.260	1.224	-1.255	
2	491.0	4.392	0.883	3.489	2.693	0.617	3.020	5.572	4.447	7.466	6.504	2.502	5.500	2.720	-1.864	5.630	2.747	6.050	4.173	3.627	8.138	
2	492.0	2.411	0.071	6.786	1.934	1.473	5.440	2.476	5.355	3.293	7.062	2.842	5.387	3.787	2.251	5.996	0.533	9.979	7.369	3.534	4.788	
2	493.0	3.197	6.548	7.664	1.233	1.552	5.204	5.111	5.310	3.195	1.648	4.197	8.515	4.703	1.622	1.864	-1.159	4.275	6.546	4.310	4.690	
2	494.0	2.913	5.586	1.574	5.085	0.680	5.461	4.903	7.435	5.642	2.799	1.034	5.855	2.059	4.036	3.264	7.143	3.952	5.406	4.055	8.636	
2	495.0	2.283	5.908	4.630	5.164	8.960	1.741	10.27	7.205	5.809	2.319	4.263	1.640	7.628	5.726	0.695	7.499	5.615	1.704	6.025	5.909	
2	496.0	5.991	3.222	8.520	3.943	6.905	3.251	7.916	10.07	5.439	7.804	4.417	3.524	4.533	7.899	7.598	1.792	3.321	5.291	7.362	8.281	
2	497.0	5.792	4.930	7.128	3.244	2.824	3.304	7.649	7.007	4.642	5.879	5.850	2.011	2.095	4.874	5.753	5.798	1.927	7.551	3.928	1.584	
2	498.0	4.987	3.996	7.586	8.295	7.966	2.984	6.084	7.802	5.386	4.181	2.432	7.169	4.673	4.631	5.953	5.497	2.097	9.063	3.692	2.227	
2	499.0	4.168	5.548	3.465	7.486	3.491	4.529	6.917	5.093	5.169	5.901	2.191	4.622	6.968	5.469	5.526	6.054	3.767	6.529	3.899	6.165	
2	500.0	3.107	7.567	5.862	4.369	5.416	6.490	4.728	7.928	5.531	5.686	8.980	6.051	10.36	6.679	8.819	7.970	9.549	7.038	8.656	6.735	
2	501.0	5.865	7.676	6.974	6.388	2.970	8.132	10.67	5.400	9.335	5.765	11.02	6.801	6.465	9.393	4.687	10.89	10.78	10.41	6.837	6.314	
2	502.0	6.923	10.25	5.330	3.962	9.775	12.00	10.67	6.701	9.634	5.870	6.259	3.151	7.921	9.763	6.084	7.595	6.226	9.802	4.514	7.150	
2	503.0	4.434	8.477	8.443	7.342	9.825	7.992	6.485	4.535	10.98	6.923	4.865	10.14	7.506	11.09	6.061	7.704	6.537	7.407	4.476	7.548	
2	504.0	5.421	8.019	5.098	5.371	8.859	8.226	9.287	10.99	12.62	8.051	8.485	6.247	13.04	11.23	4.807	10.62	10.04	5.686	8.570	9.140	
2	505.0	8.443	8.772	7.156	6.064	12.00	7.284	10.16	7.805	8.379	10.88	8.501	4.606	10.80	11.41	7.928	7.102	10.21	6.240	12.39	11.71	
2	506.0	9.894	9.152	14.57	6.734	13.04	4.041	10.84	8.651	12.73	8.698	5.196	10.55	9.537	7.826	9.368	17.76	6.545	8.887	10.84	14.18	
2	507.0	10.27	10.94	9.105	8.790	6.177	9.436	9.867	4.764	18.64	8.901	12.95	8.166	12.17	10.84	13.41	10.94	6.166	6.565	8.003	7.724	
2	508.0	6.983	10.42	3.357	8.755	6.692	4.804	10.36	8.087	11.47	6.348	5.521	11.08	12.30	11.08	9.685	10.41	5.115	10.04	8.082	9.982	
2	509.0	7.793	10.67	10.64	12.84	7.592	10.14	10.89	17.50	13.22	12.06	10.38	10.33	11.86	9.077	14.35	14.46	7.843	13.82	9.336	16.59	
2	510.0	10.53	9.634	10.07	7.674	12.10	14.09	14.66	12.15	11.31	12.64	10.23	11.96	11.97	11.77	11.43	11.64	5.551	10.02	9.356	18.97	
2	511.0	14.69	11.64	11.87	16.37	7.268	14.26	9.094	14.15	10.04	10.58	12.26	14.45	16.64	15.78	10.89	12.09	11.54	6.715	17.96	14.80	
2	512.0	13.43	14.19	10.29	14.47	14.61	11.05	16.47	13.06	13.48	11.29	12.41	10.45	14.93	11.32	12.94	14.66	12.76	14.38	16.81	17.99	
2	513.0	12.12	11.44	13.86	11.92	12.10	15.56	9.044	8.994	10.65	10.93	12.86	10.23	17.01	9.443	10.82	16.44	15.74	8.517	19.67	12.87	
2	514.0	14.75	18.25	14.07	15.62	12.92	15.31	8.957	14.33	18.06	20.24	14.00	12.12	16.14	12.51	16.65	14.75	11.29	13.98	13.86	15.14	
2	515.0	12.66	17.78	12.73	22.83	9.948	18.81	11.22	16.53	18.05	21.02	12.39	10.92	13.17	11.98	13.98	21.26	12.52	18.24	14.44	13.89	
2	516.0	14.18	11.88	16.80	17.25	21.00	14.49	15.61	20.15	20.63	23.72	17.95	19.70	16.56	18.28	19.74	14.44	16.75	20.03	14.54	19.24	
2	517.0	17.48	19.03	20.86	15.14	17.62	14.96	14.79	25.89	11.07	19.06	19.74	18.47	18.64	13.06	22.24	15.59	20.98	17.21	14.15	19.43	
2	518.0	14.64	22.63	15.01	15.97	16.36	11.04	14.01	17.50	14.20	15.58	18.00	13.55	25.89	19.09	19.58	14.64	15.63	21.62	22.22	23.03	
2	519.0	18.07	14.84	24.53	22.25	15.03	22.41	17.87	24.76	17.05	23.21	15.01	18.88	19.91	21.25	18.57	19.10	15.67	24.14	16.38	27.05	
2	520.0	23.53	19.34	18.42	19.44	13.57	22.36	21.49	26.79	19.03	20.90	14.57	17.50	21.67	20.12	19.25	20.34	11.45	23.06	20.04	21.69	
2	521.0	21.43	25.48	18.56	19.23	17.72	29.51	16.48	21.23	19.32	17.20	15.26	23.65	25.84	27.55	22.45	28.26	17.14	23.83	23.50	22.82	
2	522.0	21.56	22.92	18.60	21.32	22.36	26.65	23.38	26.28	19.00	23.17	24.97	24.81	22.85	26.07	26.54	27.14	25.99	20.95	22.34	19.81	
2	523.0	22.26	32.93	25.30	26.53	22.23	26.26	27.74	29.13	25.76	18.00	31.84	23.96	27.44	30.79	28.00	24.49	23.94	28.15	30.52	26.59	
2	524.0	22.88	18.54	33.35	25.59	26.87	27.41	29.30	26.25	29.52	27.46	24.51	27.01	26.70	25.86	22.97	26.95	28.05	27.61	29.11	31.35	
2	525.0	21.41	25.27	30.24	25.26	28.96	34.70	25.03	26.72	31.26	31.88	27.87	25.17	32.63	35.34	28.16	30.89	30.20	25.28	26.46	24.77	
2	526.0	30.47	30.77	32.33	28.09	26.06	40.94	23.53	38.01	33.40	32.76	27.91	31.36	33.91	38.83	37.83	27.83	29.38	31.16	31.39	32.05	
2	527.0	35.49	32.25	34.32	37.77	30.17	35.20	37.64	38.48	34.98	32.74	39.11	27.27	33.85	36.14	36.23	33.70	28.02	30.87	30.92	42.68	
2	528.0	39.91	40.72	44.33	35.38	28.36	40.57	41.86	37.35	34.91	34.22	42.56	29.10	35.95	39.66	38.30	37.66	31.61	39.08	37.98	42.79	
2	529.0	39.85	39.88	39.61	40.84	33.90	38.48	37.58	44.19	44.57	37.19	39.86	43.01	38.57	38.10	39.64	36.18	36.66	44.45	36.77	36.79	
2	530.0	35.21	44.41	44.35	38.34	46.51	37.15	43.47	41.05	41.54	44.82	42.39	38.43	46.77	44.23	37.55	46.39	38.40	44.41	41.99	47.51	
2	531.0	49.40	52.68	47.74	41.93	40.87	55.19	49.83	51.42	44.89	47.72	47.41	50.05	42.14	52.83	43.88	49.04	43.04	50.54	47.29	48.45	
2	532.0	48.99	56.75	48.75	48.20	54.10	46.83	58.74	54.97	54.69	46.31	51.48	53.68	50.03	55.11	44.67	49.89	50.15	50.52	52.89	56.45	
2	533.0	60.10	57.98	51.86	56.73	54.97	55.17	54.18	56.85	51.99	56.58	54.33	63.86	52.94	58.30	52.17	55.11	59.25	45.88	60.18	61.75	
2	534.0	65.05	65.64	59.67	66.75	64.88	59.86	70.70	62.22	57.61	62.08	70.36	60.01	56.35	65.33	63.76	60.62	63.02	59.18	57.90	67.69	
2	535.0	67.59	72.12	70.33	67.42	61.38	75.67	68.19	72.23	63.70	63.29	78.18	64.35	74.66	70.15	70.82	68.82	67.35	74.47	69.59	77.95	
2	536.0	78.95	76.24	72.13	73.88	84.78	73.34	73.53	72.40	71.92	72.82	79.63	78.59	75.13	86.38	78.44	72.00	76.43	70.90	71.11	75.03	
2	537.0	74.34	85.53	93.46	87.04	88.74	81.70	87.69	88.01	81.51	81.07	82.89	83.18	85.05	87.00	80.75	79.86	91.60	83.03	79.68	87.12	
2	538.0	92.18	86.67	90.64	92.09	89.08	91.26	109.5	96.30	94.74	104.8	103.2	88.98	91.55	101.8	93.70	93.35	91.67	94.51	86.22	96.76	
2	539.0	107.7	102.1	111.6	102.4	100.7	90.50	106.9	98.11	99.94	106.8	109.1	101.5	99.21	108.3	111.1	108.9	104.9	89.26	114.5	103.2	
2	540.0	121.4	127.2	116.1	117.2	121.2	116.5	116.6	105.0	110.6	111.9	103.4	93.60	96.45	110.3	113.2	107.3	103.7	105.6	113.5	118.5	
2	541.0	118.1	123.5	141.2	127.3	119.8	123.1	137.6	133.0	129.6	121.2	118.1	111.1	116.6	126.0	129.1	118.7	122.6	127.8	125.6	133.2	
2	542.0	128.6	148.0	149.3	144.3	122.9	135.7	142.9	141.4	142.5	142.5	133.0	132.4	129.7	140.5	131.5	132.8	131.0	141.6	147.7	144.2	
2	543.0	144.0	149.5	157.6	156.8	132.3	141.6	154.2	146.2	154.0	151.4	166.8	150.9	145.0	149.4	160.7	155.9	156.0	154.1	158.6	155.9	
2	544.0	173.0	187.2	168.6	158.9	160.6	174.7	182.0	160.9	169.7	175.5	168.0	169.9	171.6	160.8	170.2	174.6	179.5	169.5	172.6	162.6	
2	545.0	189.5	181.8	187.9	189.7	191.1	185.9	187.5	178.9	177.0	186.8	185.8	181.2	201.1	187.9	186.3	202.3	189.7	190.1	182.3	201.2	
2	546.0	199.4	210.1	201.5	198.6	190.9	191.8	202.1	209.4	197.8	201.6	191.2	203.6	219.6	215.1	198.2	220.0	203.3	196.5	198.6	202.7	
2	547.0	220.5	211.5	243.4	235.1	225.1	235.4	236.1	237.4	229.4	215.9	208.3	224.7	233.5	226.4	235.2	230.8	225.9	227.2	226.0	227.0	
2	548.0	256.5	261.0	261.4	257.1	243.8	253.0	261.0	256.9	250.2	259.8	235.0	246.0	252.4	263.3	248.5	263.8	272.0	257.3	272.5	255.7	
2	549.0	272.2	290.9	290.2	274.1	288.9	276.4	290.3	286.8	276.3	278.2	267.6	272.6	296.4	287.1	271.3	290.5	281.0	283.1	262.4	259.9	
2	550.0	316.4	334.9	318.4	311.1	296.9	304.5	315.8	304.5	292.4	303.2	303.1	303.5	311.3	307.6	309.8	308.4	310.3	307.4	303.0	320.7	
2	551.0	327.6	355.6	352.3	345.9	330.6	332.8	322.5	326.9	333.2	343.6	333.0	328.2	355.3	329.0	317.9	324.9	335.9	352.6	343.8	347.4	
2	552.0	340.7	362.4	380.5	389.6	353.0	363.0	360.6	382.7	370.8	362.3	372.7	344.9	375.7	353.9	379.6	388.0	351.9	361.6	355.0	382.0	
2	553.0	385.4	408.0	425.3	414.5	388.4	386.9	407.2	384.4	412.1	394.9	400.3	390.7	434.5	412.0	417.3	426.0	385.4	417.6	403.6	418.4	
2	554.0	445.3	442.8	470.9	448.0	426.1	425.1	440.7	432.3	448.8	423.7	426.6	441.7	455.5	443.8	432.6	413.9	406.1	442.8	431.9	445.0	
2	555.0	481.7	487.5	497.2	474.8	481.5	468.0	483.0	482.0	477.7	453.8	472.7	473.6	494.2	481.4	487.2	461.2	458.3	488.8	456.1	475.3	
2	556.0	524.0	522.9	532.1	517.4	517.2	519.3	511.1	498.0	550.7	512.1	509.2	524.7	522.5	549.2	523.1	530.5	505.8	522.0	513.7	529.8	
2	557.0	575.3	603.9	613.1	591.7	565.5	565.0	552.5	571.4	583.4	579.4	574.7	551.8	599.4	569.7	588.5	596.5	576.2	581.5	601.7	595.5	
2	558.0	643.5	649.2	642.9	628.9	604.3	613.3	610.7	617.2	615.4	631.4	604.6	617.8	645.5	636.5	627.4	618.2	628.4	618.9	644.3	649.0	
2	559.0	708.2	710.2	703.3	672.8	676.7	667.3	685.0	691.7	670.3	639.6	665.1	671.8	681.8	687.5	690.2	710.9	673.5	669.7	680.3	689.2	
2	560.0	731.8	754.0	750.6	741.3	743.0	716.9	716.8	733.1	718.0	746.4	704.3	727.5	734.5	757.5	745.7	743.1	730.5	724.6	730.4	734.0	
2	561.0	805.2	802.0	808.7	791.7	779.3	790.2	757.1	749.0	789.8	805.7	786.6	817.9	803.0	803.7	796.8	822.1	811.5	798.6	795.0	773.9	
2	562.0	858.2	869.3	909.6	860.2	860.6	874.0	865.8	853.7	847.2	851.1	822.1	868.9	851.2	868.0	871.2	858.5	879.0	881.8	872.9	864.0	
2	563.0	944.8	969.2	986.8	938.5	939.4	920.7	930.9	909.4	934.4	902.5	899.1	908.7	942.2	951.8	921.0	943.6	923.7	952.9	927.2	930.6	
2	564.0	989.4	1050	1012	1010	960.3	970.2	983.7	1001	994.4	960.4	991.3	1011	1025	1039	1002	990.6	997.7	1000	1010	985.1	
2	565.0	1088	1086	1083	1079	1049	1024	1055	1051	1038	1026	1079	1069	1070	1098	1063	1058	1093	1088	1076	1060	
2	566.0	1190	1166	1206	1147	1120	1127	1149	1133	1131	1128	1167	1202	1187	1210	1189	1204	1131	1127	1149	1162	
2	567.0	1286	1290	1295	1256	1248	1232	1215	1229	1240	1242	1232	1265	1274	1266	1238	1250	1222	1257	1269	1291	
2	568.0	1352	1383	1425	1355	1316	1332	1326	1367	1347	1325	1282	1349	1355	1330	1354	1332	1328	1387	1362	1363	
2	569.0	1470	1457	1502	1444	1462	1440	1434	1419	1436	1382	1380	1397	1467	1426	1475	1459	1441	1442	1478	1436	
2	570.0	1595	1550	1576	1551	1515	1530	1577	1532	1561	1473	1500	1501	1565	1544	1568	1522	1523	1538	1572	1580	
2	571.0	1664	1708	1712	1648	1629	1614	1615	1629	1624	1614	1641	1590	1737	1694	1658	1673	1661	1659	1649	1716	
2	572.0	1743	1766	1740	1768	1716	1678	1712	1747	1703	1738	1674	1775	1786	1756	1701	1755	1736	1775	1776	1766	
2	573.0	1890	1915	1875	1856	1815	1854	1843	1854	1842	1827	1755	1883	1860	1843	1850	1880	1789	1820	1879	1878	
2	574.0	2003	1939	1968	1921	1916	1912	1922	1906	1932	1908	1842	1960	1998	1933	1945	1969	1853	1887	2008	1948	
2	575.0	2063	2084	2047	2072	2040	2033	2013	2039	2042	2019	1942	2012	2069	2054	2075	2023	1993	2048	2088	2056	
2	576.0	2124	2137	2172	2079	2118	2085	2080	2065	2047	2134	2046	2113	2105	2089	2140	2161	2061	2133	2152	2184	
2	577.0	2235	2218	2246	2230	2150	2143	2173	2152	2140	2182	2221	2183	2232	2272	2219	2298	2143	2168	2215	2246	
2	578.0	2314	2329	2341	2308	2225	2249	2298	2248	2323	2315	2279	2256	2325	2266	2326	2343	2259	2315	2317	2350	
2	579.0	2374	2413	2453	2389	2333	2312	2327	2318	2345	2310	2281	2371	2449	2364	2428	2448	2289	2362	2421	2443	
2	580.0	2480	2522	2532	2485	2417	2407	2428	2464	2427	2450	2374	2449	2476	2465	2482	2481	2391	2457	2507	2462	
2	581.0	2517	2608	2626	2542	2441	2461	2466	2509	2459	2473	2484	2511	2533	2543	2507	2536	2475	2565	2582	2562	
2	582.0	2652	2695	2643	2652	2534	2530	2541	2571	2584	2562	2532	2609	2603	2634	2628	2605	2589	2601	2630	2579	
2	583.0	2691	2730	2687	2681	2627	2649	2587	2612	2667	2587	2625	2660	2696	2668	2648	2648	2570	2669	2746	2708	
2	584.0	2727	2742	2801	2707	2685	2662	2670	2676	2688	2669	2628	2718	2756	2802	2810	2719	2692	2746	2763	2815	
2	585.0	2740	2826	2788	2769	2711	2727	2787	2719	2679	2713	2704	2714	2812	2807	2779	2775	2782	2807	2794	2861	
2	586.0	2818	2884	2872	2876	2783	2793	2764	2787	2735	2714	2784	2797	2926	2872	2816	2847	2777	2847	2890	2905	
2	587.0	2874	2888	2938	2878	2829	2797	2791	2840	2812	2788	2795	2854	2964	2899	2909	2923	2831	2883	2895	2930	
2	588.0	2953	2902	2927	2920	2874	2896	2868	2879	2865	2850	2803	2878	2925	2997	2882	2961	2842	2939	2919	2988	
2	589.0	2994	2978	2976	2958	2924	2925	2873	2867	2872	2917	2819	3019	3003	3001	2971	2952	2941	2986	2948	2961	
2	590.0	2961	2977	2978	2999	2909	2939	2944	2927	2915	2952	2908	2970	3031	3061	2967	2980	2914	2965	2990	3008	
2	591.0	3022	3056	3043	3063	2922	2943	2975	2954	2881	2973	2890	3011	3004	3022	3006	2997	2939	2950	2972	3055	
2	592.0	3000	3108	3062	3082	3015	2939	2981	2964	2976	3000	2898	2992	3058	3017	3055	3026	2978	3042	3052	3043	
2	593.0	3029	3045	3042	3035	3017	2939	2945	2958	2981	2970	2943	3024	3034	3083	3053	3011	3034	3026	3030	3029	
2	594.0	3081	3072	3118	3019	2980	2954	3035	3015	2995	2993	2896	3066	3077	3033	3055	3073	3000	3101	3054	3112	
2	595.0	3068	3131	3095	3086	3039	2975	3019	3033	2979	3006	2952	3021	3108	3119	3030	2990	3042	3071	3092	3060	
2	596.0	3010	3094	3142	3057	2991	2992	3030	3041	2996	3038	2932	3053	3070	3094	3053	3058	2963	3027	3113	3109	
2	597.0	3009	3105	3074	3059	2998	3003	3013	2990	3000	2966	2919	3056	3039	3080	3083	3036	2964	3023	3092	3093	
2	598.0	3019	3130	3075	3019	3017	3022	2947	3001	3051	2983	2918	3065	3017	3060	3085	3091	2933	2982	3063	3093	
2	599.0	3015	3034	3152	3049	2938	3002	2935	3009	3005	2984	2964	3012	3043	3043	3030	3103	2936	3060	3070	3062	
2	600.0	3036	2992	3045	2993	2974	2940	2981	2997	2973	2944	2947	3070	3059	3005	3043	3069	2993	3006	3101	3037	
2	601.0	3021	3061	3003	2997	2909	2951	2971	2960	3011	2967	2978	2956	3057	3057	3033	2974	2956	3018	2963	3029	
2	602.0	2964	3092	3057	2974	2952	2929	2968	2894	2918	3006	2932	2966	3014	2993	3018	2954	2877	2949	2960	3039	
2	603.0	2935	3005	3040	2951	2936	2906	2850	2890	2945	2901	2857	2935	2975	2958	2965	2933	2867	2966	3015	2993	
2	604.0	2959	2985	3003	2986	2968	2853	2820	2858	2913	2905	2862	2897	2968	2933	2992	2883	2927	2930	2955	2917	
2	605.0	2932	3002	2937	2967	2859	2814	2893	2873	2867	2852	2772	2891	2937	2931	2871	2909	2887	2893	2926	2962	
2	606.0	2943	2928	2877	2933	2832	2793	2845	2807	2863	2806	2798	2858	2921	2908	2858	2899	2784	2837	2885	2889	
2	607.0	2846	2857	2845	2882	2849	2805	2790	2773	2860	2754	2751	2805	2914	2903	2844	2888	2831	2810	2882	2893	
2	608.0	2871	2923	2830	2822	2761	2782	2801	2796	2766	2703	2734	2806	2864	2829	2844	2831	2833	2804	2816	2866	
2	609.0	2840	2856	2812	2768	2759	2740	2777	2753	2735	2714	2673	2726	2849	2802	2811	2791	2774	2774	2751	2812	
2	610.0	2729	2814	2808	2736	2687	2726	2711	2682	2741	2695	2661	2728	2842	2753	2710	2763	2683	2710	2709	2804	
2	611.0	2721	2789	2771	2766	2687	2653	2690	2623	2647	2682	2628	2722	2785	2734	2704	2696	2647	2656	2733	2685	
2	612.0	2673	2661	2747	2712	2645	2624	2612	2650	2590	2594	2558	2658	2720	2665	2651	2666	2623	2713	2693	2701	
2	613.0	2652	2644	2679	2622	2638	2607	2642	2604	2598	2557	2508	2616	2643	2642	2627	2666	2621	2621	2611	2688	
2	614.0	2619	2594	2632	2610	2556	2530	2549	2533	2522	2496	2478	2552	2587	2615	2634	2606	2582	2597	2641	2626	
2	615.0	2588	2611	2607	2549	2508	2507	2592	2524	2470	2554	2491	2553	2603	2625	2590	2575	2555	2557	2558	2601	
2	616.0	2585	2534	2595	2535	2438	2491	2462	2434	2416	2510	2442	2477	2527	2528	2534	2517	2471	2459	2482	2548	
2	617.0	2439	2563	2525	2474	2379	2443	2442	2430	2412	2408	2407	2492	2485	2514	2484	2492	2433	2415	2448	2498	
2	618.0	2446	2457	2477	2413	2414	2394	2440	2442	2431	2393	2392	2429	2457	2421	2399	2445	2400	2410	2452	2466	
2	619.0	2464	2453	2471	2398	2333	2305	2371	2340	2341	2344	2350	2335	2443	2408	2401	2442	2337	2355	2407	2387	
2	620.0	2495	2399	2399	2384	2310	2309	2348	2288	2293	2334	2315	2373	2398	2368	2387	2378	2302	2352	2386	2374	
2	621.0	2348	2387	2350	2361	2284	2281	2287	2302	2249	2281	2267	2326	2349	2339	2320	2337	2318	2355	2338	2293	
2	622.0	2326	2295	2317	2294	2168	2238	2224	2237	2220	2228	2217	2279	2298	2313	2254	2343	2268	2257	2316	2258	
2	623.0	2261	2275	2253	2259	2188	2140	2264	2220	2184	2224	2144	2237	2241	2229	2251	2275	2199	2223	2274	2265	
2	624.0	2179	2240	2205	2195	2154	2161	2175	2122	2147	2164	2124	2197	2206	2261	2156	2273	2192	2200	2199	2234	
2	625.0	2148	2143	2188	2171	2146	2131	2085	2104	2169	2133	2058	2124	2154	2180	2133	2182	2186	2212	2112	2182	
2	626.0	2108	2155	2126	2093	2084	2113	2085	2130	2116	2053	2115	2097	2119	2123	2154	2104	2096	2181	2157	2153	
2	627.0	2046	2133	2132	2092	2008	2046	2053	2071	2022	2003	2053	2130	2069	2110	2102	2107	2060	2111	2102	2118	
2	628.0	2062	2078	2082	2072	2025	2040	1980	2029	1968	1987	2014	2021	2060	2063	2092	2067	2029	2075	2017	2078	
2	629.0	1985	1998	2015	2020	1972	1993	1991	1989	1978	1968	1939	1981	1990	2056	2021	2053	1985	2016	2007	2026	
2	630.0	2011	1990	2033	2022	1941	1938	1913	1949	1935	1960	1925	1986	2013	2004	1936	1962	1948	1984	1972	1973	
2	631.0	1976	1941	1969	1914	1900	1945	1932	1942	1911	1871	1894	1987	1954	1943	1861	1945	1913	1962	1973	1941	
2	632.0	1899	1839	1924	1888	1905	1885	1867	1950	1909	1855	1857	1893	1938	1916	1906	1913	1878	1898	1950	1908	
2	633.0	1874	1869	1902	1822	1825	1812	1813	1852	1837	1806	1794	1900	1910	1855	1868	1851	1862	1847	1876	1870	
2	634.0	1846	1821	1838	1815	1770	1814	1789	1837	1810	1751	1795	1848	1777	1794	1896	1810	1771	1816	1832	1839	
2	635.0	1795	1780	1826	1738	1742	1731	1775	1759	1783	1744	1735	1815	1804	1779	1839	1841	1785	1788	1782	1803	
2	636.0	1743	1768	1795	1739	1679	1713	1728	1738	1744	1719	1705	1789	1781	1768	1702	1819	1735	1780	1763	1744	
2	637.0	1687	1701	1756	1753	1667	1687	1713	1694	1713	1677	1648	1731	1740	1699	1682	1741	1652	1718	1725	1718	
2	638.0	1693	1633	1646	1632	1624	1655	1611	1632	1662	1660	1634	1721	1680	1701	1660	1720	1635	1633	1717	1702	
2	639.0	1671	1597	1679	1644	1612	1608	1630	1602	1608	1582	1594	1622	1598	1650	1662	1644	1545	1633	1649	1667	
2	640.0	1623	1629	1626	1632	1595	1576	1610	1562	1577	1585	1600	1563	1623	1602	1598	1566	1581	1630	1598	1614	
2	641.0	1617	1607	1641	1562	1558	1559	1517	1575	1534	1550	1483	1559	1592	1589	1596	1554	1521	1600	1586	1596	
2	642.0	1602	1567	1563	1591	1504	1519	1494	1549	1487	1493	1535	1575	1494	1603	1562	1549	1471	1525	1576	1586	
2	643.0	1517	1487	1481	1526	1494	1499	1462	1508	1509	1433	1430	1548	1437	1528	1501	1532	1458	1496	1511	1561	
2	644.0	1506	1474	1493	1438	1454	1430	1427	1480	1422	1396	1441	1447	1505	1487	1464	1439	1367	1488	1464	1491	
2	645.0	1453	1452	1459	1427	1402	1368	1376	1414	1401	1437	1404	1426	1442	1383	1388	1464	1355	1404	1453	1405	
2	646.0	1440	1484	1439	1421	1412	1368	1391	1357	1375	1359	1300	1356	1380	1397	1421	1352	1379	1404	1436	1418	
2	647.0	1367	1349	1389	1345	1385	1355	1353	1349	1374	1319	1266	1404	1364	1364	1356	1331	1386	1396	1370	1423	
2	648.0	1299	1308	1369	1341	1309	1322	1362	1355	1328	1322	1284	1350	1346	1324	1342	1321	1367	1360	1359	1340	
2	649.0	1295	1287	1323	1332	1315	1316	1251	1269	1299	1309	1240	1336	1304	1309	1328	1338	1322	1293	1334	1328	
2	650.0	1303	1314	1283	1276	1237	1311	1233	1216	1240	1236	1239	1281	1262	1286	1265	1300	1271	1239	1284	1215	
2	651.0	1245	1249	1252	1222	1197	1214	1200	1239	1176	1172	1220	1215	1258	1248	1210	1264	1203	1241	1233	1230	
2	652.0	1186	1255	1265	1187	1194	1189	1184	1203	1170	1150	1157	1158	1253	1216	1230	1197	1213	1213	1181	1180	
2	653.0	1132	1210	1163	1173	1145	1175	1126	1154	1178	1137	1155	1159	1140	1170	1174	1172	1173	1123	1209	1193	
2	654.0	1121	1166	1151	1158	1121	1108	1130	1120	1124	1141	1156	1151	1155	1149	1144	1148	1052	1139	1159	1183	
2	655.0	1144	1141	1128	1120	1059	1091	1080	1114	1089	1093	1104	1102	1119	1151	1135	1130	1078	1101	1090	1132	
2	656.0	1124	1089	1096	1108	1037	1078	1049	1074	1072	1061	1051	1095	1085	1087	1089	1092	1095	1054	1061	1093	
2	657.0	1079	1083	1035	1029	1020	1037	1060	1078	1036	1016	997.5	1071	1062	1085	1051	1055	1021	1057	1059	1080	
2	658.0	1069	1049	1028	1029	1020	989.3	999.2	1052	967.1	980.0	1004	1025	1042	1084	1046	1028	999.6	1026	1062	1046	
2	659.0	1028	1045	984.4	1004	1007	987.2	976.9	998.7	962.6	963.7	958.1	1002	1003	975.0	962.5	990.4	970.2	1001	1068	1015	
2	660.0	961.5	996.6	962.9	966.0	963.8	938.2	989.7	967.2	963.2	949.7	969.8	985.0	959.7	955.0	961.2	1012	968.7	979.4	968.3	1019	
2	661.0	966.9	988.3	955.3	961.9	935.5	919.0	942.7	954.6	933.9	917.1	911.5	946.3	945.3	976.3	971.7	956.7	942.2	960.8	939.3	964.3	
2	662.0	943.6	941.1	882.2	933.8	951.3	871.2	896.6	923.9	898.9	881.6	904.9	929.2	946.2	927.3	930.3	944.0	884.8	929.8	903.5	925.7	
2	663.0	896.0	897.8	940.3	908.2	915.1	862.8	910.1	888.6	877.1	863.4	870.3	874.0	888.2	901.9	886.7	938.0	894.9	909.2	875.5	919.2	
2	664.0	876.5	880.1	914.2	897.7	891.6	873.7	870.6	868.1	823.6	860.5	846.1	879.9	878.9	855.7	907.5	915.2	890.4	881.3	858.1	874.9	
2	665.0	847.5	866.8	856.5	865.5	852.9	864.8	836.7	864.0	859.8	841.6	848.8	843.9	862.0	819.0	849.6	850.7	862.0	843.6	868.3	873.4	
2	666.0	847.2	841.6	840.2	831.1	785.6	807.3	825.3	847.2	824.1	816.3	825.2	810.6	827.6	841.5	834.2	854.9	809.8	839.5	832.7	822.7	
2	667.0	817.2	814.5	830.1	798.6	790.6	805.5	777.8	795.4	789.6	780.7	786.1	800.1	812.9	814.5	792.1	808.0	798.5	805.1	829.4	819.4	
2	668.0	811.1	794.2	810.8	765.8	793.5	769.9	765.3	760.6	790.6	767.1	784.1	806.1	808.5	806.7	782.0	795.9	776.6	778.2	792.2	790.4	
2	669.0	795.9	756.1	791.7	783.5	751.5	749.3	757.8	761.5	744.9	750.7	752.9	805.1	785.8	800.5	771.3	782.5	755.6	745.0	777.9	770.7	
2	670.0	752.4	746.2	735.7	757.9	721.0	768.5	749.4	737.3	737.4	721.4	738.6	752.0	741.4	736.4	750.7	749.5	733.7	729.4	755.3	731.0	
2	671.0	725.1	737.3	743.9	719.0	696.2	736.7	720.5	711.4	708.1	691.8	717.9	719.4	722.5	724.1	684.7	726.7	714.0	733.0	754.1	720.5	
2	672.0	693.3	699.4	705.6	711.3	706.1	700.2	686.1	691.0	703.2	667.6	672.8	706.5	700.8	740.9	685.4	710.4	677.4	705.9	705.8	719.1	
2	673.0	683.6	699.9	703.1	677.4	672.7	658.3	689.6	664.0	687.3	676.2	682.8	681.0	687.6	695.4	712.9	700.5	664.3	668.0	672.3	693.5	
2	674.0	671.2	681.3	668.9	659.4	661.8	658.2	670.4	657.9	657.8	647.3	665.5	666.7	680.9	660.8	668.2	657.2	654.7	663.0	663.0	649.6	
2	675.0	669.6	645.4	643.5	649.3	639.4	631.7	629.7	651.4	623.3	641.1	632.3	651.2	664.2	623.7	635.3	620.8	639.2	651.6	654.4	625.4	
2	676.0	636.0	646.5	624.2	613.3	597.7	629.2	629.7	622.0	596.2	617.8	628.4	619.9	635.8	610.9	636.0	629.4	623.2	651.4	628.6	649.5	
2	677.0	614.4	605.8	628.1	605.1	609.5	602.8	612.2	609.7	597.6	582.8	607.0	611.7	613.9	601.4	629.7	621.8	590.1	634.5	631.1	598.6	
2	678.0	606.0	586.6	614.6	576.8	596.1	581.1	593.1	591.9	575.0	566.5	570.0	601.9	584.2	597.4	586.0	581.3	565.9	593.1	591.0	596.2	
2	679.0	584.5	563.7	592.0	563.9	570.5	558.6	564.9	552.2	545.8	553.1	538.4	559.7	588.3	569.4	590.0	562.5	552.0	552.7	575.1	582.6	
2	680.0	554.9	557.0	586.0	551.2	512.2	543.4	550.2	546.6	570.9	532.8	525.3	542.3	562.6	582.5	549.0	547.9	529.4	548.7	555.5	532.6	
2	681.0	539.0	529.9	579.0	551.8	538.0	551.7	516.9	538.5	531.0	512.7	509.3	547.5	546.0	524.4	526.9	533.4	530.5	547.8	544.2	521.0	
2	682.0	513.2	527.3	559.0	560.3	545.7	482.5	522.5	549.2	517.7	498.5	489.1	517.6	515.9	531.0	495.2	537.5	523.6	506.8	514.0	527.8	
2	683.0	517.5	483.7	498.7	522.5	503.4	505.4	517.6	514.1	482.2	465.4	480.4	499.8	503.5	511.2	489.5	507.8	494.4	515.2	509.8	518.7	
2	684.0	499.6	489.5	474.7	506.9	502.2	478.2	473.8	481.9	475.5	491.2	476.6	495.6	496.4	491.1	482.6	503.2	483.1	489.0	495.7	487.6	
2	685.0	495.6	479.0	491.3	498.0	471.0	478.4	473.4	490.0	445.4	447.0	476.8	473.4	473.9	473.2	489.2	473.3	465.8	483.8	473.9	464.7	
2	686.0	447.2	465.8	460.7	442.3	447.2	440.8	480.6	459.2	452.3	437.3	424.7	474.6	468.7	456.5	460.7	464.3	454.3	455.7	450.0	465.7	
2	687.0	426.8	447.2	449.6	450.2	433.2	441.1	436.2	442.0	432.5	419.0	437.0	452.6	458.6	452.5	453.8	439.8	423.4	459.3	447.5	430.2	
2	688.0	412.7	437.1	434.6	435.2	421.5	449.1	440.0	422.7	407.4	410.5	430.8	438.3	405.8	424.9	435.2	438.3	412.2	430.9	427.4	438.3	
2	689.0	439.1	427.5	425.8	427.6	412.8	433.9	390.3	405.5	403.5	405.1	408.4	410.9	409.4	395.7	414.1	414.4	429.1	419.6	418.8	419.4	
2	690.0	398.0	416.9	435.2	413.7	395.1	384.7	387.7	395.0	407.4	403.7	378.9	418.5	414.7	398.6	403.0	400.9	410.5	401.6	402.6	406.7	
2	691.0	392.5	394.3	406.1	391.6	362.3	392.8	405.0	411.8	384.1	375.2	365.7	394.3	396.7	397.0	386.2	378.8	401.7	397.2	387.9	398.0	
2	692.0	373.8	369.9	367.5	370.3	376.3	366.9	367.6	355.7	378.6	386.3	372.1	378.8	378.7	393.4	383.7	382.3	398.7	369.9	368.9	375.8	
2	693.0	368.6	357.6	371.0	375.0	362.7	365.6	367.2	375.0	372.9	362.9	371.7	361.8	372.5	378.8	367.5	364.9	380.0	359.8	380.1	352.5	
2	694.0	358.5	351.4	376.2	352.3	365.3	330.4	364.5	338.4	371.2	364.5	362.5	365.7	375.8	345.8	374.1	362.5	361.5	357.1	347.6	366.3	
2	695.0	333.4	334.6	356.7	337.1	377.1	342.6	357.0	350.6	358.6	332.1	338.7	326.4	349.1	356.4	345.9	351.7	350.9	333.3	337.6	350.4	
2	696.0	341.6	342.9	341.4	336.9	339.6	324.5	353.2	334.4	324.7	317.5	328.5	336.9	324.5	322.2	333.1	344.3	334.9	317.9	332.1	323.3	
2	697.0	339.8	340.5	333.1	317.1	329.0	316.9	331.8	319.2	314.4	311.2	333.0	318.6	318.4	317.8	323.7	344.8	323.4	315.2	325.5	314.7	
2	698.0	318.1	304.2	306.3	315.5	315.2	308.4	308.8	303.7	299.0	313.7	302.8	303.2	337.5	330.4	305.1	324.0	326.5	308.0	321.3	327.8	
2	699.0	286.5	309.3	310.8	292.4	309.9	309.2	302.6	299.5	304.4	295.1	297.5	281.6	310.3	295.8	307.0	303.5	308.4	305.6	307.3	303.1	
2	700.0	284.8	305.4	310.0	308.0	300.2	283.0	288.4	293.3	297.7	289.3	312.5	295.8	289.7	300.5	317.6	285.4	288.5	293.6	317.8	312.1	
2	701.0	285.7	320.4	274.8	298.8	296.8	294.4	280.6	272.1	283.7	293.8	282.6	296.5	290.8	303.2	301.8	287.3	294.4	287.9	296.8	302.0	
2	702.0	286.3	286.9	286.1	284.6	264.6	258.5	273.0	261.0	283.1	288.4	286.2	293.6	281.3	264.5	276.0	287.8	277.5	277.9	277.2	288.6	
2	703.0	279.8	288.8	271.7	273.5	291.3	256.6	276.0	274.6	272.9	257.3	271.4	286.7	272.8	273.0	282.4	274.7	263.2	279.5	266.4	278.1	
2	704.0	264.4	279.3	257.7	273.4	269.0	267.6	248.5	269.0	286.7	269.8	250.9	268.9	271.3	286.6	265.2	267.6	251.6	261.4	280.1	270.3	
2	705.0	255.1	271.7	265.9	243.1	257.5	255.1	260.4	267.8	255.2	239.3	241.6	264.1	266.5	263.2	256.8	268.0	250.4	267.2	260.7	263.7	
2	706.0	240.6	252.6	261.2	255.7	264.6	253.9	247.8	253.2	251.0	229.7	230.2	249.9	248.6	250.4	246.0	251.1	259.6	246.8	264.3	255.8	
2	707.0	242.3	243.2	252.5	259.6	238.2	232.7	245.0	255.1	240.3	237.5	241.2	240.3	247.4	240.3	231.4	254.6	252.5	235.2	237.7	242.8	
2	708.0	242.3	244.0	239.3	255.0	242.3	228.8	222.5	245.2	232.3	225.1	248.2	242.7	240.8	218.8	240.6	240.6	242.8	242.7	236.0	239.7	
2	709.0	239.7	231.7	245.7	240.0	231.6	224.8	216.1	247.5	214.3	202.6	218.8	225.6	227.7	212.2	231.8	243.2	238.8	222.9	226.2	223.7	
2	710.0	211.7	220.5	215.6	230.0	207.7	213.7	207.1	227.2	210.8	208.8	215.6	223.9	215.2	216.0	218.1	225.6	231.5	225.0	229.8	233.0	
2	711.0	218.5	221.5	215.6	227.4	220.2	206.5	212.7	216.8	210.7	212.1	224.5	222.6	225.0	203.1	227.2	206.0	221.3	224.4	215.7	214.3	
2	712.0	202.5	208.4	227.7	214.4	204.2	212.4	222.2	213.7	206.7	197.9	208.4	224.0	208.1	214.6	198.8	204.8	209.1	212.6	207.3	209.2	
2	713.0	198.0	203.9	197.3	203.8	199.5	210.3	196.2	220.6	201.3	209.9	200.2	219.1	203.7	213.3	202.3	208.1	219.8	202.4	209.4	196.4	
2	714.0	198.8	200.3	204.1	196.6	193.9	199.5	197.0	202.6	194.4	193.3	197.4	198.1	196.1	196.2	200.6	200.9	196.4	199.8	206.3	198.2	
2	715.0	183.1	200.6	183.5	193.3	191.6	198.8	189.7	183.1	189.9	188.0	176.2	191.8	192.7	182.5	196.2	185.2	178.7	195.3	191.8	184.6	
2	716.0	171.3	186.2	181.9	179.9	180.6	179.5	185.6	182.6	175.4	183.6	187.3	177.6	173.2	179.5	182.4	196.9	180.8	189.8	187.8	183.7	
2	717.0	180.2	174.3	193.7	185.0	178.9	177.2	160.6	174.7	164.0	174.3	176.8	194.5	172.1	176.8	173.2	190.7	176.7	185.6	184.0	182.7	
2	718.0	176.8	172.2	182.9	154.6	180.8	169.3	176.6	171.4	169.5	163.0	158.7	187.0	168.7	177.6	173.0	174.7	168.6	168.0	173.0	181.8	
2	719.0	177.2	169.1	174.7	156.8	170.4	158.9	177.5	181.9	158.1	166.7	171.5	171.5	171.9	174.3	162.5	181.4	169.8	176.1	167.8	183.9	
2	720.0	164.3	166.5	162.9	149.7	165.3	170.0	159.8	161.9	144.5	178.3	162.9	166.8	161.5	163.4	164.1	170.4	160.8	162.6	158.8	162.9	
2	721.0	158.3	155.8	155.7	158.5	158.5	164.2	151.7	158.9	152.9	164.8	164.2	152.2	157.4	152.2	161.9	169.1	156.9	153.8	156.9	159.5	
2	722.0	155.3	157.7	150.9	153.6	160.8	157.4	147.8	161.1	153.4	151.3	151.1	152.5	149.9	148.8	177.2	153.1	153.2	164.1	158.4	146.8	
2	723.0	144.2	155.7	147.9	143.0	146.7	158.8	142.1	153.1	140.0	136.3	156.2	142.3	142.3	168.6	154.9	157.6	157.9	145.4	137.8	142.9	
2	724.0	145.0	143.1	141.2	149.4	124.0	155.1	135.6	142.4	137.3	147.5	143.8	145.5	137.1	146.4	136.2	150.2	139.6	142.2	140.8	136.2	
2	725.0	145.3	135.6	150.4	155.9	139.6	133.5	136.2	138.6	141.7	121.1	134.5	147.7	128.1	137.0	122.9	154.1	132.5	131.1	132.0	145.6	
2	726.0	137.3	137.8	134.3	147.2	139.5	128.4	124.9	132.4	125.4	132.7	119.5	145.2	129.3	128.8	135.2	130.4	136.6	133.8	126.9	140.1	
2	727.0	120.1	134.5	135.5	125.2	123.1	132.5	108.5	125.3	131.5	131.8	121.2	122.4	126.1	137.7	120.4	125.1	129.8	132.7	124.0	121.0	
2	728.0	122.8	126.5	118.8	126.0	121.3	114.8	122.4	123.4	127.9	129.4	123.1	128.0	121.1	121.0	110.7	119.0	114.4	131.9	124.0	115.4	
2	729.0	131.3	110.9	123.4	102.2	105.9	117.8	113.4	114.9	116.3	121.6	111.2	119.6	112.4	116.5	119.7	117.8	114.3	125.1	123.4	115.2	
2	730.0	116.2	112.1	121.2	117.6	110.9	121.4	115.7	124.8	111.2	105.2	112.7	116.7	122.3	121.0	97.49	118.8	114.3	123.2	109.6	122.7	
2	731.0	107.3	100.2	109.3	102.4	105.2	109.7	114.1	118.2	114.3	101.3	110.9	110.6	109.9	108.4	104.9	116.5	107.4	114.0	125.9	110.4	
2	732.0	105.0	107.2	111.6	96.61	103.9	110.0	115.0	110.7	97.45	108.6	102.2	111.8	103.0	105.8	111.8	100.6	104.3	99.83	116.3	102.6	
2	733.0	103.6	93.13	104.8	109.9	106.5	106.6	97.95	100.2	97.55	98.73	99.89	99.04	104.0	103.0	107.0	103.3	112.2	99.27	109.2	111.2	
2	734.0	106.6	97.43	97.42	104.4	91.50	91.41	101.6	101.3	99.07	102.4	101.2	99.80	105.6	94.79	98.11	105.2	100.0	108.0	105.2	94.11	
2	735.0	92.50	97.04	96.38	100.5	86.93	75.90	91.02	97.47	98.71	98.29	91.58	102.3	97.68	86.70	100.3	96.05	95.73	102.6	94.89	102.5	
2	736.0	90.77	94.05	87.85	93.00	83.28	86.67	101.7	89.28	91.07	101.0	92.89	95.14	101.0	87.96	97.38	91.48	86.51	87.46	94.63	94.35	
2	737.0	89.49	97.16	99.25	94.94	81.07	75.97	88.53	94.05	95.16	92.08	82.76	89.04	94.33	76.39	103.4	96.36	81.44	81.91	97.19	90.88	
2	738.0	96.72	84.71	82.46	81.61	86.49	84.38	80.84	84.49	76.90	78.51	81.10	94.71	93.73	78.58	86.28	84.42	90.40	91.68	90.98	87.22	
2	739.0	87.77	84.20	89.85	74.89	83.03	84.59	78.89	74.83	86.15	75.98	78.52	94.26	94.61	85.29	83.87	77.34	87.36	92.25	83.00	77.41	
2	740.0	76.17	80.02	87.70	76.97	77.51	79.22	74.50	69.56	80.42	71.29	79.93	87.45	81.67	78.27	77.02	72.80	79.15	79.50	71.43	84.38	
2	741.0	75.55	67.16	73.82	82.62	72.75	82.57	72.65	64.18	73.64	76.85	77.97	73.76	81.56	80.25	72.89	73.19	84.66	78.56	77.06	73.46	
2	742.0	74.67	72.35	70.44	80.70	70.14	76.52	62.16	73.58	65.76	77.25	67.90	70.20	68.98	69.28	77.08	75.07	83.29	79.39	73.53	71.19	
2	743.0	63.69	59.63	70.38	73.79	73.20	73.18	71.64	71.04	75.50	72.32	76.52	75.38	74.87	68.45	79.41	70.08	67.52	74.42	63.55	74.25	
2	744.0	73.13	76.24	70.00	62.08	65.88	65.98	61.38	72.33	66.17	64.49	64.54	64.86	62.71	69.46	67.50	68.52	66.04	77.69	71.03	80.53	
2	745.0	57.30	63.11	71.39	72.21	60.88	69.16	62.16	70.56	64.91	64.96	63.16	59.58	61.99	67.45	61.32	70.30	64.32	59.78	62.02	62.93	
2	746.0	60.68	62.21	66.27	58.72	58.13	62.85	54.94	63.49	63.77	59.10	56.33	65.29	67.73	62.37	70.02	65.97	70.69	58.80	66.09	66.08	
2	747.0	65.08	68.80	60.81	59.95	55.91	55.08	62.91	58.97	64.17	63.55	65.44	61.81	57.69	57.57	62.46	55.38	65.20	60.95	69.12	58.05	
2	748.0	64.26	69.11	53.93	58.82	55.83	65.08	62.49	57.81	52.53	62.29	57.86	59.10	56.99	60.48	59.41	63.66	53.39	57.97	68.97	64.19	
2	749.0	59.22	57.40	56.11	55.91	54.86	60.96	59.28	58.46	48.41	57.62	57.68	65.09	52.79	62.32	55.03	51.82	56.54	56.16	54.57	62.69	
2	750.0	50.93	56.98	60.42	57.20	46.68	60.24	56.66	50.50	55.70	61.14	52.68	53.03	49.02	56.28	57.36	50.58	61.66	54.38	57.31	53.20	
2	751.0	47.84	55.12	58.62	50.52	50.90	55.54	53.36	44.81	49.89	52.92	42.86	57.01	50.13	61.05	59.22	46.96	53.68	52.75	46.81	47.31	
2	752.0	53.13	49.72	52.69	52.63	55.03	45.89	50.92	52.24	46.98	49.34	54.72	55.69	58.97	53.64	58.54	47.94	56.01	47.94	46.95	46.35	
2	753.0	58.16	45.77	51.99	54.05	52.75	51.91	53.38	49.39	48.06	49.73	44.52	52.70	45.67	57.13	43.59	56.52	53.06	47.89	44.10	38.90	
2	754.0	47.31	40.18	46.59	43.73	42.58	43.48	48.64	47.69	41.60	43.09	45.83	53.27	51.15	49.71	54.10	46.28	53.70	54.61	55.98	39.79	
2	755.0	41.52	48.57	43.01	51.84	48.58	36.48	45.30	47.74	39.40	40.71	40.47	46.13	41.64	42.96	49.72	47.77	49.49	45.19	43.47	41.07	
2	756.0	43.78	44.81	31.44	43.14	40.36	40.87	43.37	43.56	36.88	45.41	46.81	42.01	45.26	44.79	41.66	41.97	40.29	46.39	40.95	41.45	
2	757.0	43.85	41.36	42.01	40.60	42.49	36.66	42.17	43.70	46.72	38.57	44.89	46.33	38.37	48.47	46.16	40.57	36.64	38.91	41.98	36.95	
2	758.0	37.50	45.52	34.19	39.45	41.53	38.72	42.25	40.99	37.05	38.36	37.53	42.77	36.65	34.46	40.29	40.57	34.00	39.57	42.03	47.11	
2	759.0	33.58	37.95	37.62	47.88	39.61	31.41	39.38	40.10	40.00	40.93	36.06	46.13	41.33	37.99	45.65	35.48	33.32	37.92	39.13	37.81	
2	760.0	36.27	44.47	39.62	37.72	39.33	40.70	34.61	34.15	29.87	37.97	38.14	35.54	38.89	35.35	38.87	41.51	45.16	40.66	37.96	40.10	
2	761.0	35.21	43.99	34.82	32.11	29.75	31.94	40.73	41.58	26.71	42.78	34.30	32.45	29.57	48.54	32.51	39.81	37.35	35.28	33.38	32.92	
2	762.0	29.28	36.45	27.73	40.04	40.98	35.08	30.60	28.76	31.61	28.33	31.90	29.82	33.24	38.00	35.27	41.48	35.82	36.50	36.16	35.67	
2	763.0	35.28	35.04	35.06	38.17	34.43	30.64	28.88	36.64	33.43	29.10	31.72	34.81	30.65	42.04	32.45	27.67	26.47	36.71	37.96	31.72	
2	764.0	35.15	32.86	29.33	35.81	33.71	29.52	32.50	28.95	28.94	32.45	29.86	34.73	29.87	32.28	38.16	27.06	25.97	31.84	33.17	26.29	
2	765.0	25.10	41.32	28.04	36.36	37.25	26.39	25.00	27.30	36.61	28.04	31.82	33.34	26.55	29.53	40.51	27.80	31.98	32.71	34.99	30.46	
2	766.0	30.01	31.75	30.50	35.82	25.66	29.69	27.75	20.62	27.41	24.24	26.34	30.95	31.20	24.91	25.39	25.90	32.29	31.05	35.14	28.43	
2	767.0	34.04	25.68	32.69	30.34	30.70	30.46	32.51	22.70	22.49	27.24	24.72	34.09	31.32	27.54	33.91	25.44	30.72	25.80	27.74	38.07	
2	768.0	25.51	31.62	35.32	28.48	25.64	29.72	27.27	31.38	22.16	22.38	29.13	28.31	27.64	24.68	30.39	25.27	24.52	30.13	23.09	27.85	
2	769.0	28.54	30.71	31.73	27.12	28.79	33.18	23.49	30.65	28.30	20.64	25.46	24.42	33.99	25.30	23.19	25.22	29.45	35.68	26.73	31.00	
2	770.0	18.03	24.40	26.13	23.66	24.70	25.34	27.13	32.80	24.60	29.70	17.82	27.92	29.83	24.57	28.49	28.82	29.50	33.58	24.68	26.07	
2	771.0	19.72	26.04	26.11	25.95	26.07	24.54	24.43	29.99	21.19	20.85	30.70	29.64	27.57	25.74	28.28	32.99	31.80	20.39	27.86	22.03	
2	772.0	20.79	24.40	23.21	29.36	22.35	31.52	25.67	24.43	24.94	21.32	20.00	23.43	24.80	23.19	21.35	31.91	24.02	18.35	23.43	22.45	
2	773.0	27.54	20.03	18.74	19.03	25.67	23.08	12.86	21.91	25.15	24.02	23.23	22.72	19.86	16.96	25.86	18.43	28.60	18.70	23.28	26.16	
2	774.0	25.57	23.11	22.23	18.98	23.08	25.18	20.01	20.64	26.02	21.17	21.33	23.52	21.76	22.12	20.20	23.45	17.03	19.42	28.62	20.58	
2	775.0	29.57	25.32	20.92	20.00	22.45	29.82	23.92	19.03	21.19	14.75	15.21	19.33	24.19	21.28	25.58	24.14	24.66	20.50	21.60	24.56	
2	776.0	19.93	22.49	15.75	17.95	23.92	19.58	24.31	24.93	18.92	26.39	18.95	24.59	22.54	20.49	24.47	20.16	19.19	21.31	18.55	23.61	
2	777.0	18.85	23.22	21.12	16.27	18.50	16.37	16.87	21.56	20.03	19.61	21.00	17.09	22.58	21.92	21.49	19.69	17.58	15.42	18.97	16.34	
2	778.0	25.52	16.44	17.14	17.95	19.58	14.39	17.69	22.43	21.01	20.74	20.96	17.94	20.47	16.99	19.48	12.92	17.18	15.70	24.50	18.97	
2	779.0	21.06	14.53	12.45	13.83	23.63	14.28	17.89	19.98	18.21	19.23	19.48	17.57	14.48	20.01	19.38	13.61	19.91	21.47	16.35	17.95	
2	780.0	18.03	16.48	19.06	19.13	18.35	12.62	15.43	22.11	15.88	17.17	19.59	18.58	11.41	17.88	14.85	16.46	14.77	23.28	10.66	18.33	
2	781.0	18.27	15.13	19.76	17.30	15.44	14.54	17.51	15.88	19.77	17.48	17.99	17.91	20.49	16.14	17.44	18.40	12.73	18.80	18.50	14.80	
2	782.0	13.76	16.70	18.09	14.50	19.28	18.73	18.30	14.35	12.28	12.82	13.89	12.51	18.62	14.40	23.55	15.77	15.25	19.06	25.25	20.66	
2	783.0	17.16	13.86	15.00	17.60	14.94	15.54	17.49	15.26	17.17	13.78	14.37	11.81	12.83	20.04	21.83	14.17	11.49	14.17	16.79	19.05	
2	784.0	14.16	17.14	15.89	18.33	15.07	12.48	11.95	16.38	10.94	15.84	21.07	13.53	13.47	17.23	13.19	15.06	13.85	16.86	13.84	18.36	
2	785.0	15.73	14.71	13.08	15.50	10.99	14.03	19.96	13.41	14.40	14.72	15.85	18.43	15.48	17.52	20.90	18.05	19.92	13.30	20.48	13.93	
2	786.0	9.283	12.22	13.47	11.67	15.24	13.37	18.85	16.58	16.13	10.80	13.80	16.99	16.35	8.915	15.61	17.57	13.39	15.04	15.22	11.32	
2	787.0	10.01	10.64	9.286	17.02	13.18	13.62	16.03	10.33	15.83	15.15	10.01	16.81	14.43	12.61	16.07	15.56	11.42	17.15	15.02	11.63	
2	788.0	14.00	14.02	9.534	15.03	12.33	12.05	10.08	14.39	16.85	16.23	14.98	13.91	10.66	12.58	13.15	13.04	13.64	15.03	17.88	13.73	
2	789.0	11.98	14.48	6.941	19.33	15.10	12.00	11.99	11.53	15.17	15.27	11.09	17.82	13.06	15.00	16.33	15.65	18.34	15.24	13.32	13.73	
2	790.0	17.42	15.20	13.17	16.61	12.02	10.96	15.14	12.93	15.23	17.26	16.26	16.76	12.71	13.71	12.33	15.01	13.13	19.44	13.84	15.01	
2	791.0	13.06	15.29	9.159	12.65	19.05	11.06	10.63	11.16	14.60	15.34	11.93	18.67	8.896	7.788	12.60	14.20	11.47	13.46	16.40	12.49	
2	792.0	15.94	13.20	13.36	16.61	13.40	18.07	9.700	12.94	15.29	12.01	9.093	12.86	14.94	12.87	12.19	17.59	8.915	9.301	10.83	15.23	
2	793.0	13.44	11.74	15.47	10.71	12.42	16.27	12.29	12.57	10.20	9.692	9.557	18.26	13.78	11.65	11.45	10.04	12.69	7.783	7.980	11.58	
2	794.0	6.833	14.67	11.13	15.29	16.16	13.69	10.38	12.67	13.40	12.13	16.23	11.99	11.34	12.96	11.73	13.73	8.331	15.86	15.71	9.460	
2	795.0	8.847	12.67	11.80	11.12	13.95	14.61	13.92	9.684	15.27	8.235	11.61	10.40	14.61	13.82	13.82	15.83	14.00	14.46	15.56	9.608	
2	796.0	8.740	12.13	11.98	14.23	11.11	10.42	14.13	13.09	13.61	7.926	12.86	12.15	11.25	10.59	11.39	4.654	13.83	12.56	13.17	11.29	
2	797.0	6.223	10.81	12.94	12.76	10.32	10.72	8.661	11.56	11.01	13.55	10.16	5.571	9.239	9.106	8.560	9.144	10.73	17.21	11.85	12.75	
2	798.0	13.93	10.52	10.39	11.10	9.504	13.28	8.193	8.093	10.33	12.60	9.515	5.454	10.91	15.33	11.57	11.97	10.71	16.19	10.41	8.902	
2	799.0	3.915	7.815	9.749	13.20	8.815	9.883	7.457	8.344	8.820	12.94	7.581	11.74	15.90	16.17	9.672	6.793	11.85	11.19	8.743	9.596	
2	800.0	8.398	8.230	14.29	10.01	10.77	11.67	8.914	11.10	9.869	13.94	8.736	7.471	13.19	12.22	12.01	10.40	10.30	13.89	8.264	9.230	
