475.0	14.82	12.69	3.264	5.573	4.599	0.894	2.285	2.608	1.534	1.829	0.899	0.787	10.43	3.700	0.703	1.356	2.096	8.512	0.536	1.511
476.0	10.45	5.964	6.568	3.261	2.826	0.289	3.865	4.306	1.846	3.107	0.289	11.73	6.032	1.628	3.097	1.020	2.081	3.320	1.479	0.138
477.0	5.158	3.155	3.226	6.446	0.662	3.979	7.483	4.960	2.319	4.546	7.062	5.551	0.492	0.353	2.032	1.942	1.868	8.023	2.496	3.535
478.0	4.922	3.934	0.779	2.351	4.673	1.527	2.447	0.962	1.112	0.050	3.800	3.611	0.999	2.477	0.755	6.876	0.347	3.969	2.339	5.402
479.0	3.675	6.990	3.501	2.467	3.593	3.057	1.057	0.600	4.606	0.487	4.060	1.623	5.507	3.854	0.033	4.185	5.481	4.977	1.435	4.591
480.0	3.392	2.969	2.443	3.766	5.534	3.490	7.452	0.975	0.228	0.960	1.567	4.393	4.271	0.165	1.300	3.967	5.953	4.322	1.555	1.574
481.0	1.116	2.550	0.920	7.377	2.718	3.502	2.890	2.062	0.107	1.542	1.161	1.111	0.832	5.238	1.539	2.458	2.583	3.607	1.368	1.680
482.0	2.103	0.128	4.810	3.552	5.981	1.891	1.574	6.439	4.372	3.035	1.927	2.909	2.832	2.365	3.523	1.664	2.516	1.199	4.246	0.493
483.0	3.096	2.554	7.113	3.953	1.687	3.928	4.808	0.119	3.426	2.455	4.122	0.384	4.486	2.754	0.729	1.574	2.199	2.911	4.011	1.784	
484.0	7.389	2.721	8.091	4.586	3.677	2.636	3.305	0.392	1.196	2.425	0.457	5.895	5.599	2.223	1.246	1.150	0.805	3.272	1.526	2.010
485.0	3.297	5.055	1.217	4.544	3.055	0.239	5.112	0.025	3.718	1.607	3.313	3.901	1.418	1.031	5.433	1.147	0.441	1.955	4.766	0.942
486.0	0.815	4.433	4.756	0.954	2.178	3.382	2.154	1.599	1.079	4.154	1.258	1.905	2.178	0.146	4.072	1.287	1.085	1.642	6.850	1.468
487.0	4.535	1.435	4.156	0.730	0.361	0.122	0.017	2.847	3.380	11.85	5.538	2.349	4.425	4.933	2.781	1.340	2.087	1.003	2.443	0.133
488.0	1.351	5.534	5.146	1.407	3.471	0.538	1.415	3.323	5.326	5.965	4.548	0.033	4.129	4.450	2.920	0.301	1.868	0.537	2.277	1.707
489.0	2.572	3.852	0.907	4.473	3.125	0.025	3.187	3.647	9.124	7.213	0.146	0.487	1.534	4.505	4.324	2.854	3.501	6.055	0.106	1.385
490.0	1.056	0.831	3.152	2.986	2.254	1.717	4.959	5.426	1.643	1.430	6.305	3.091	0.379	4.658	1.867	1.616	0.436	2.907	7.217	4.596
491.0	5.508	5.430	3.087	4.186	1.462	1.983	3.658	2.524	4.496	2.003	0.666	3.173	3.501	0.196	0.159	6.329	2.952	3.158	2.744	2.360
492.0	3.813	8.660	4.566	4.424	3.242	4.041	1.828	1.536	3.298	1.582	2.868	6.863	1.327	6.331	1.270	1.146	1.798	4.791	4.121	2.359
493.0	4.290	4.302	2.709	4.051	2.405	6.442	2.945	1.609	0.540	0.667	4.217	7.914	4.547	7.283	0.110	1.788	1.296	1.688	2.703	1.287
494.0	4.419	5.070	6.393	2.928	0.607	4.414	3.537	5.638	6.371	2.549	1.251	6.456	6.480	2.413	0.687	0.120	9.420	1.820	1.829	5.615	
495.0	0.145	4.568	1.839	7.448	5.423	2.899	2.727	3.962	1.135	2.990	6.037	3.785	3.446	0.604	2.437	3.330	1.209	2.507	1.549	0.575
496.0	4.690	1.755	4.396	3.088	4.293	0.532	5.522	6.456	2.619	6.029	5.402	6.521	2.416	0.733	2.142	2.915	5.580	1.529	1.959	3.183
497.0	3.208	0.675	5.528	3.172	5.616	0.516	4.513	5.073	4.044	5.595	3.526	4.727	5.161	7.253	1.671	4.736	0.757	2.595	7.565	5.433
498.0	8.016	4.257	3.925	2.162	4.834	5.554	3.724	6.310	3.993	0.927	4.332	8.660	3.004	2.013	5.965	4.321	3.480	4.199	7.799	3.487	
499.0	4.587	3.066	4.091	2.478	5.066	5.317	5.750	4.322	3.987	6.347	0.181	6.214	1.232	5.038	4.902	6.083	4.811	2.918	2.046	4.743	
500.0	3.668	2.183	5.819	7.426	2.924	1.762	6.359	6.576	10.49	3.658	3.635	3.553	1.995	4.410	1.877	7.165	4.631	2.868	3.012	6.500	
501.0	6.500	0.452	4.141	5.931	6.804	1.251	5.641	6.027	2.065	2.940	4.450	2.057	4.477	5.711	1.336	4.809	4.266	5.397	4.581	7.674	
502.0	10.27	5.789	0.480	7.616	7.798	3.226	5.536	5.854	3.718	1.360	5.323	0.028	0.301	3.490	0.184	0.184	4.440	4.392	1.046	7.066
503.0	8.497	5.239	7.393	5.938	3.722	10.41	2.273	4.933	3.009	7.128	5.662	0.620	9.738	5.967	3.941	4.885	3.608	0.310	3.619	3.141	
504.0	5.532	0.402	2.833	4.989	9.385	3.935	5.485	4.473	2.924	5.086	5.350	0.046	3.805	7.232	1.361	3.498	6.496	0.865	2.855	2.568
505.0	5.469	6.617	5.681	4.766	5.220	8.448	1.512	4.738	6.733	7.105	1.162	3.309	8.470	5.122	3.357	2.714	5.233	3.570	1.955	7.306	
506.0	4.729	7.350	4.945	5.939	9.536	4.598	6.344	8.382	5.104	4.318	5.723	4.802	1.801	5.193	1.743	4.186	2.181	3.498	3.922	5.835	
507.0	10.58	5.454	6.908	7.201	7.210	9.225	6.734	4.407	10.63	5.359	5.184	5.228	7.488	2.119	3.049	4.906	7.350	0.145	0.570	3.151
508.0	8.007	2.717	4.113	8.208	4.549	5.568	9.626	1.473	8.535	3.755	0.206	8.218	4.858	4.590	2.958	5.424	5.967	2.015	3.771	6.814	
509.0	6.428	8.562	7.891	4.871	4.224	6.089	8.127	6.643	5.209	7.151	7.703	3.600	3.354	3.329	6.714	4.917	5.178	5.114	10.47	4.934	
510.0	8.187	4.530	4.841	5.258	11.70	9.269	5.067	6.084	1.738	5.558	6.902	3.758	9.802	2.925	8.184	10.17	1.429	5.773	7.299	3.957
511.0	6.877	5.339	2.060	5.570	9.323	11.53	2.572	5.887	5.020	7.023	7.643	9.042	8.996	4.327	6.356	6.765	10.61	6.886	9.161	4.207	
512.0	4.644	7.342	10.93	4.371	6.922	8.451	2.330	6.362	2.866	6.948	5.984	7.621	4.282	4.383	4.242	5.386	11.83	9.009	5.358	1.404	
513.0	10.46	7.099	10.28	6.491	3.535	7.057	5.040	8.213	5.376	6.500	7.793	4.618	8.273	5.394	2.791	4.765	7.412	9.299	4.599	3.552	
514.0	7.142	7.243	10.03	6.621	8.446	12.03	4.743	5.803	6.714	0.845	1.495	6.085	9.213	6.993	3.780	5.083	5.310	9.122	5.125	1.848	
515.0	10.23	10.10	7.953	7.845	9.901	11.21	5.160	5.002	4.526	4.588	2.354	8.551	5.643	3.997	4.653	4.195	5.256	10.48	6.504	3.939	
516.0	5.451	5.835	11.40	11.01	9.081	7.234	5.903	10.53	9.860	4.151	7.543	8.396	7.085	6.198	6.512	7.793	5.822	5.129	6.004	4.467	
517.0	10.05	8.125	7.968	4.633	6.459	11.37	7.470	13.56	8.431	8.588	6.299	4.717	9.982	5.549	7.634	9.826	8.224	6.278	8.214	6.036	
518.0	14.03	6.804	11.28	8.404	8.640	7.680	9.025	7.540	7.776	3.005	5.940	6.211	9.903	3.205	6.988	4.691	7.695	6.737	7.028	6.417	
519.0	11.55	5.571	11.23	4.447	13.51	12.11	10.13	7.085	6.271	7.726	5.435	6.253	9.044	5.247	8.744	8.808	5.992	8.019	10.64	9.548	
520.0	14.50	7.385	10.87	15.25	13.67	10.73	11.22	8.878	8.381	7.373	6.180	5.937	4.986	5.056	13.99	9.769	9.669	7.380	9.252	5.252	
521.0	13.77	9.075	7.438	8.889	8.420	11.18	11.80	12.90	6.096	9.915	12.93	7.984	5.984	11.66	13.55	6.273	11.81	9.092	13.35	5.366	
522.0	11.42	9.742	15.69	16.35	5.452	8.724	10.93	11.51	13.99	7.734	7.834	8.820	10.70	11.65	14.90	11.26	7.393	10.87	11.38	10.50	
523.0	15.89	14.01	15.83	17.34	9.700	11.31	13.37	8.543	13.15	12.05	9.578	10.79	12.59	9.964	14.80	9.890	13.78	10.33	9.493	9.179	
524.0	16.33	13.17	16.01	15.10	13.18	12.98	12.03	16.58	11.10	15.68	9.326	11.22	13.00	7.868	13.96	10.16	7.902	14.12	9.748	11.37	
525.0	18.69	16.43	12.52	16.17	16.79	17.50	15.06	18.43	12.24	12.01	11.52	12.13	8.087	13.61	15.28	9.867	13.90	15.84	15.13	10.81	
526.0	14.08	17.53	18.29	15.40	15.35	16.23	11.89	15.82	8.029	15.90	14.58	13.61	17.12	14.70	14.44	12.49	16.23	14.26	10.07	12.93	
527.0	20.43	19.25	19.76	15.90	17.91	20.33	17.68	19.23	13.34	16.24	19.61	18.44	16.48	14.93	16.88	16.32	16.69	15.10	9.092	17.88	
528.0	24.09	24.08	22.14	19.53	13.99	19.53	17.66	18.40	14.75	16.46	17.02	18.09	17.86	20.21	14.47	11.23	16.05	20.35	18.89	17.03	
529.0	25.77	27.04	19.52	22.29	17.93	17.44	18.47	16.35	15.43	24.95	22.49	19.12	19.39	17.22	15.87	17.54	22.09	21.03	20.17	19.26	
530.0	30.96	25.50	19.40	22.58	21.50	26.68	26.66	23.82	20.19	15.91	23.64	17.15	21.29	20.28	17.67	20.68	18.32	16.96	16.69	19.44	
531.0	29.39	25.72	27.75	33.79	34.20	28.14	25.30	22.66	24.11	21.61	22.93	19.29	22.50	23.62	16.97	21.21	28.62	18.70	20.58	19.05	
532.0	30.95	31.97	26.41	26.16	26.45	29.94	25.97	32.92	28.70	26.68	18.67	31.32	24.86	23.39	23.83	22.68	22.21	25.55	23.57	22.05	
533.0	32.11	34.28	29.56	31.95	28.75	39.42	27.59	29.60	31.12	32.60	37.57	30.52	29.32	28.89	31.52	25.51	27.57	32.22	25.55	25.19	
534.0	45.23	38.24	32.40	31.76	31.70	37.98	31.79	38.69	34.11	31.34	34.62	36.08	22.66	29.59	32.92	24.57	30.51	35.65	32.50	26.06	
535.0	48.29	45.28	44.80	38.01	39.48	41.77	33.72	32.59	36.18	36.55	37.52	37.15	29.48	36.93	34.22	33.22	27.91	35.83	33.97	31.66	
536.0	45.35	41.79	38.75	48.42	34.54	40.02	39.91	37.05	35.29	36.41	44.76	36.87	36.11	32.14	28.87	34.77	31.26	43.47	36.52	30.44	
537.0	54.32	43.83	49.44	50.13	44.64	46.20	43.91	42.25	33.73	38.76	42.40	43.19	38.74	44.18	45.66	36.97	34.09	41.99	44.89	33.40	
538.0	56.18	60.40	48.11	55.07	46.30	46.24	43.78	52.62	42.76	41.10	41.95	44.59	44.00	44.79	47.61	42.45	31.63	41.77	46.26	48.37	
539.0	54.16	64.76	57.57	58.54	48.10	59.34	58.90	54.45	57.97	53.14	46.90	52.23	57.06	48.23	46.38	46.11	46.21	45.19	50.20	42.05	
540.0	63.23	70.07	60.69	69.29	59.40	71.91	60.35	58.65	56.29	55.80	56.38	56.48	54.95	53.35	59.37	55.73	51.98	54.46	47.39	51.76	
541.0	68.49	72.92	60.40	76.50	80.58	74.64	67.43	67.71	74.24	72.25	59.68	60.91	61.23	60.42	58.69	52.00	52.20	60.97	55.62	58.00	
542.0	84.85	79.87	69.48	75.49	81.00	74.56	61.65	68.24	71.05	65.36	66.00	65.95	65.36	63.89	67.14	59.19	72.52	67.74	56.84	63.27	
543.0	94.94	90.81	87.10	85.41	78.22	85.50	75.91	82.74	76.77	75.78	73.13	71.82	72.47	76.79	68.21	72.93	76.37	68.37	72.75	69.81	
544.0	104.4	92.78	90.10	88.53	85.40	94.57	87.24	82.54	82.07	73.55	80.39	85.99	91.90	79.55	86.46	69.26	75.35	79.57	76.22	83.66	
545.0	115.6	103.4	106.2	105.9	103.5	102.4	95.83	92.23	84.28	97.33	97.37	94.30	98.96	79.72	83.60	84.08	76.14	92.14	96.35	89.40	
546.0	107.6	115.5	117.3	122.7	111.2	110.3	108.7	105.8	99.39	108.1	107.4	102.2	101.7	91.76	93.85	93.76	96.87	93.20	101.8	102.8	
547.0	127.7	128.6	138.4	127.5	128.8	121.5	127.2	109.1	104.9	115.7	116.7	104.6	92.16	99.25	105.5	92.67	97.22	96.06	100.6	109.2	
548.0	150.5	140.5	120.6	143.2	128.5	137.8	138.3	120.3	117.9	119.7	116.8	109.8	112.7	109.7	99.38	110.5	102.1	110.5	110.2	117.7	
549.0	160.7	168.5	137.3	148.4	153.9	143.5	146.7	142.4	122.7	131.0	134.9	132.7	118.0	129.4	120.1	114.3	112.1	127.3	126.3	128.7	
550.0	172.8	174.3	158.0	159.0	160.9	148.5	165.7	150.9	147.9	142.9	128.6	145.6	138.4	142.8	130.6	127.9	136.3	138.3	132.5	139.2	
551.0	172.0	183.0	158.7	178.2	174.4	172.7	163.6	170.5	166.0	154.6	155.2	158.0	146.8	160.3	143.0	133.1	145.5	142.1	137.5	146.8	
552.0	206.9	200.0	198.0	210.1	194.3	174.4	183.9	197.4	199.6	165.1	165.2	173.2	186.7	175.4	179.9	158.9	156.2	154.7	164.8	151.0	
553.0	223.6	220.8	218.2	215.8	206.4	194.0	202.8	205.9	193.4	177.6	195.9	177.1	180.3	182.9	187.5	175.7	176.4	184.4	173.6	185.7	
554.0	232.3	222.9	245.7	227.1	237.0	225.3	231.2	205.8	212.7	186.4	214.3	193.2	210.1	189.7	198.0	181.8	188.6	187.2	203.8	207.5	
555.0	272.5	271.0	268.1	253.8	254.9	239.6	241.0	235.4	242.7	228.4	241.2	221.1	228.9	208.7	202.5	188.3	200.0	197.6	202.2	210.3	
556.0	284.0	295.2	286.2	287.1	288.2	271.7	269.9	257.7	261.0	245.1	238.9	247.8	255.0	251.5	226.1	226.8	229.1	240.3	227.6	228.4	
557.0	306.7	303.2	316.6	296.7	325.2	292.2	287.8	279.7	295.3	275.4	269.4	247.8	272.6	259.4	250.4	263.7	240.5	272.3	256.7	258.4	
558.0	344.0	343.3	339.9	332.0	329.5	312.0	291.9	304.0	301.3	297.5	298.5	276.3	302.7	298.5	261.1	283.4	271.1	291.3	277.2	269.9	
559.0	365.8	364.5	356.3	333.7	375.1	358.6	339.5	355.7	338.6	316.8	313.1	313.2	310.6	298.2	286.8	296.0	287.8	320.1	271.6	288.4	
560.0	403.7	398.8	388.8	374.5	385.7	363.5	365.1	382.3	366.3	354.9	325.8	317.5	359.0	322.6	305.6	321.9	296.2	340.8	316.0	305.5	
561.0	438.3	453.0	421.4	415.7	412.8	400.2	394.4	396.6	404.1	369.3	352.5	367.1	372.5	331.8	344.1	340.8	328.9	347.6	351.2	338.0	
562.0	441.0	473.4	455.9	449.5	434.9	426.9	442.5	439.4	424.5	416.0	379.3	401.2	401.5	386.3	399.3	388.2	366.8	380.4	395.0	389.2	
563.0	485.2	497.8	509.6	495.3	473.5	484.3	464.9	451.9	448.0	423.3	424.1	428.2	435.0	393.6	396.3	417.3	403.7	399.5	408.0	409.7	
564.0	523.4	542.0	524.7	512.0	501.7	489.0	483.5	489.3	483.9	436.7	460.2	437.5	477.3	436.5	421.2	441.0	431.8	447.4	428.9	433.0	
565.0	567.0	590.6	529.7	549.8	564.5	534.4	548.2	538.6	514.4	485.6	489.1	482.1	508.2	451.6	459.5	477.0	454.1	484.8	450.7	474.4	
566.0	603.8	615.8	575.5	596.3	580.5	576.3	584.4	586.9	573.9	503.1	508.6	523.9	515.6	489.4	504.8	493.3	496.3	484.2	506.7	506.9	
567.0	648.7	662.5	632.9	645.8	639.3	600.6	600.2	614.2	616.7	558.6	541.0	581.1	562.0	545.1	548.4	519.2	537.0	534.6	536.3	549.2	
568.0	716.3	713.9	679.9	664.0	684.3	621.0	663.6	619.6	612.2	570.2	597.3	602.5	608.5	564.3	569.0	567.2	587.3	575.7	568.3	571.5	
569.0	779.0	753.8	716.7	740.8	709.0	708.5	670.9	665.2	665.2	636.4	626.7	613.7	635.5	605.9	595.8	562.3	596.5	618.0	611.6	598.2	
570.0	812.8	774.9	736.7	738.6	754.7	727.0	708.2	719.4	694.3	675.4	669.0	672.6	673.1	658.9	622.0	627.4	604.8	644.0	640.5	642.1	
571.0	821.7	882.6	802.9	787.3	789.5	794.4	751.4	748.5	738.8	704.8	691.1	701.7	702.2	679.7	672.6	665.5	660.6	690.5	653.8	677.9	
572.0	861.3	921.7	879.5	853.7	869.6	842.0	791.6	816.2	786.8	743.3	725.0	759.2	755.0	746.1	697.8	694.7	725.3	728.1	711.9	701.8	
573.0	901.4	940.4	886.8	891.6	882.8	875.5	875.2	869.2	834.4	787.8	778.2	808.9	782.2	781.9	727.1	726.0	749.2	777.5	767.8	771.7	
574.0	948.7	958.0	950.6	939.9	948.7	932.9	930.3	903.9	857.1	852.4	818.1	848.6	826.0	797.8	770.9	764.1	789.2	819.4	826.9	818.2	
575.0	1002	1015	1013	950.0	1049	965.2	953.3	963.0	911.3	905.1	849.7	891.4	880.8	823.9	816.2	837.9	825.2	842.5	829.6	851.6	
576.0	1044	1065	1028	1040	1075	1007	969.4	982.8	938.4	909.4	863.7	902.8	907.1	883.2	896.3	884.7	845.2	893.0	893.0	856.1	
577.0	1137	1172	1067	1056	1117	1071	1093	1027	1009	944.4	942.7	947.7	975.0	915.4	922.0	938.3	876.3	930.1	928.2	913.9	
578.0	1184	1174	1122	1117	1134	1130	1108	1098	1030	1001	1004	996.4	994.7	960.4	911.8	984.5	928.6	969.5	953.1	947.7	
579.0	1253	1230	1218	1200	1239	1147	1136	1130	1129	1032	1030	1058	1048	1036	963.1	1015	1008	1011	990.8	988.8	
580.0	1312	1260	1261	1243	1286	1219	1169	1160	1149	1095	1078	1060	1050	1072	1031	1037	1009	1037	1043	1022	
581.0	1378	1329	1278	1279	1315	1243	1226	1195	1204	1095	1124	1123	1158	1102	1084	1034	1096	1102	1037	1046	
582.0	1450	1394	1338	1309	1327	1296	1270	1295	1250	1176	1147	1124	1175	1150	1107	1083	1143	1163	1142	1099	
583.0	1422	1449	1419	1358	1356	1324	1381	1309	1304	1250	1223	1250	1216	1155	1159	1137	1148	1210	1216	1179	
584.0	1475	1512	1406	1423	1427	1372	1381	1369	1398	1268	1255	1214	1250	1233	1211	1215	1238	1249	1243	1219	
585.0	1559	1544	1482	1491	1493	1457	1386	1437	1382	1346	1306	1379	1271	1244	1214	1257	1238	1267	1298	1269	
586.0	1603	1540	1548	1510	1497	1483	1469	1486	1452	1416	1323	1382	1350	1299	1305	1288	1267	1316	1310	1305	
587.0	1640	1594	1607	1550	1572	1564	1531	1536	1440	1415	1402	1362	1440	1362	1400	1313	1295	1317	1342	1355	
588.0	1635	1626	1626	1589	1613	1578	1479	1560	1448	1519	1408	1402	1393	1389	1399	1375	1371	1370	1325	1345	
589.0	1729	1708	1675	1623	1579	1608	1565	1549	1515	1489	1439	1507	1445	1429	1427	1416	1446	1442	1395	1407	
590.0	1744	1740	1672	1640	1652	1673	1617	1576	1583	1539	1504	1453	1521	1477	1500	1428	1476	1491	1437	1467	
591.0	1771	1789	1757	1681	1702	1681	1678	1633	1602	1548	1586	1544	1555	1460	1486	1469	1485	1511	1514	1502	
592.0	1834	1751	1749	1761	1775	1652	1659	1685	1674	1603	1519	1572	1576	1533	1546	1480	1502	1564	1490	1491	
593.0	1806	1825	1774	1773	1790	1757	1710	1706	1654	1662	1541	1586	1632	1571	1585	1558	1517	1569	1563	1567	
594.0	1826	1865	1831	1803	1788	1814	1779	1748	1689	1621	1600	1653	1607	1569	1601	1558	1568	1598	1532	1558	
595.0	1845	1865	1805	1837	1839	1810	1821	1781	1756	1704	1636	1695	1714	1629	1592	1518	1616	1626	1618	1542	
596.0	1877	1896	1847	1841	1867	1841	1811	1817	1757	1669	1692	1652	1679	1674	1619	1601	1631	1658	1607	1612	
597.0	1953	1929	1876	1858	1890	1846	1817	1774	1775	1730	1698	1756	1711	1722	1645	1589	1655	1621	1636	1635	
598.0	1953	1957	1923	1925	1858	1819	1816	1827	1835	1729	1716	1716	1712	1663	1665	1619	1674	1694	1638	1699	
599.0	1924	1935	1930	1905	1897	1883	1852	1860	1832	1752	1712	1738	1736	1697	1729	1635	1652	1701	1695	1663	
600.0	1919	1900	1952	1913	1960	1910	1877	1822	1829	1765	1796	1771	1779	1732	1686	1636	1676	1695	1700	1673	
601.0	1988	1976	1921	1949	1945	1892	1907	1915	1869	1785	1824	1760	1765	1763	1701	1668	1757	1766	1699	1715	
602.0	2030	2014	1963	1958	1940	1909	1890	1913	1834	1843	1800	1786	1848	1725	1733	1691	1733	1795	1692	1768	
603.0	1993	2009	1910	1924	1940	1916	1912	1889	1830	1805	1785	1799	1809	1817	1717	1715	1756	1787	1717	1705	
604.0	1997	1990	1919	1927	1972	1862	1874	1925	1882	1793	1767	1803	1837	1722	1731	1686	1730	1748	1753	1716	
605.0	1990	1990	1978	1945	1911	1930	1937	1859	1870	1795	1792	1766	1820	1766	1737	1755	1726	1787	1726	1764	
606.0	1954	1994	1975	1956	1917	1894	1888	1885	1835	1856	1769	1774	1832	1794	1760	1739	1758	1746	1736	1772	
607.0	1983	2012	1933	1948	1934	1822	1849	1852	1880	1814	1724	1813	1820	1778	1737	1764	1735	1807	1775	1753	
608.0	1991	1947	1921	1946	1959	1934	1889	1842	1896	1781	1799	1802	1850	1776	1698	1736	1737	1718	1778	1756	
609.0	2000	2001	1940	1874	1910	1917	1897	1893	1881	1789	1761	1818	1826	1769	1764	1734	1687	1738	1805	1745	
610.0	1949	1884	1979	1986	1925	1886	1886	1931	1828	1801	1789	1799	1843	1725	1764	1750	1736	1765	1766	1742	
611.0	1945	1912	1929	1910	1896	1913	1832	1869	1820	1818	1755	1801	1814	1761	1747	1726	1748	1712	1756	1689	
612.0	1930	1956	1963	1878	1897	1889	1822	1858	1813	1749	1736	1745	1826	1748	1700	1701	1689	1727	1697	1711	
613.0	1914	1902	1941	1896	1882	1858	1834	1849	1809	1785	1725	1741	1774	1755	1690	1692	1698	1759	1756	1683	
614.0	1920	1868	1836	1912	1814	1825	1774	1893	1811	1773	1729	1739	1792	1694	1688	1699	1678	1770	1718	1635	
615.0	1860	1858	1841	1796	1869	1822	1772	1800	1762	1743	1714	1705	1780	1723	1697	1693	1673	1713	1678	1628	
616.0	1872	1899	1818	1807	1817	1843	1780	1816	1817	1744	1654	1709	1716	1664	1672	1656	1634	1684	1661	1622	
617.0	1899	1888	1819	1810	1831	1834	1798	1795	1774	1674	1725	1674	1686	1630	1635	1628	1638	1660	1624	1637	
618.0	1838	1802	1788	1821	1760	1758	1736	1767	1657	1668	1686	1657	1651	1617	1595	1633	1673	1635	1603	1639	
619.0	1823	1807	1789	1804	1699	1729	1771	1711	1686	1658	1649	1689	1655	1604	1597	1599	1596	1671	1637	1627	
620.0	1764	1776	1749	1719	1758	1744	1745	1705	1687	1623	1647	1630	1641	1606	1611	1546	1621	1625	1582	1607	
621.0	1715	1727	1723	1680	1758	1703	1687	1669	1635	1624	1552	1597	1662	1577	1556	1579	1550	1600	1548	1655	
622.0	1728	1722	1694	1679	1676	1671	1659	1635	1627	1648	1567	1591	1587	1590	1534	1550	1551	1570	1528	1565	
623.0	1723	1697	1633	1632	1688	1600	1596	1612	1588	1569	1576	1518	1563	1548	1492	1538	1496	1539	1528	1535	
624.0	1698	1670	1672	1637	1644	1604	1562	1576	1564	1545	1553	1535	1541	1501	1510	1471	1516	1494	1505	1492	
625.0	1673	1588	1591	1611	1598	1552	1575	1578	1535	1518	1535	1500	1487	1495	1464	1428	1486	1463	1460	1496	
626.0	1597	1564	1549	1531	1603	1591	1600	1529	1534	1531	1458	1523	1510	1502	1419	1434	1421	1467	1425	1414	
627.0	1609	1537	1534	1584	1507	1524	1536	1528	1510	1488	1468	1442	1448	1433	1441	1407	1445	1406	1396	1422	
628.0	1566	1517	1533	1524	1494	1500	1522	1515	1448	1392	1447	1402	1388	1422	1380	1336	1364	1374	1346	1414	
629.0	1538	1514	1450	1525	1502	1463	1447	1428	1445	1428	1365	1371	1393	1381	1373	1319	1404	1343	1371	1409	
630.0	1528	1464	1443	1459	1441	1455	1416	1457	1417	1403	1381	1314	1378	1361	1310	1308	1331	1337	1330	1332	
631.0	1454	1463	1419	1465	1415	1371	1395	1364	1373	1397	1361	1317	1334	1314	1307	1288	1287	1272	1293	1329	
632.0	1435	1457	1428	1368	1476	1361	1337	1365	1348	1360	1302	1329	1332	1273	1322	1267	1308	1307	1318	1252	
633.0	1452	1411	1371	1332	1376	1358	1350	1296	1284	1324	1316	1328	1322	1262	1238	1239	1237	1289	1301	1263	
634.0	1392	1341	1293	1316	1351	1366	1307	1294	1283	1272	1298	1269	1270	1215	1249	1211	1212	1217	1225	1246	
635.0	1312	1339	1292	1303	1293	1306	1275	1267	1259	1261	1261	1223	1256	1194	1189	1174	1189	1202	1227	1256	
636.0	1332	1278	1271	1296	1272	1210	1270	1234	1173	1184	1220	1177	1207	1175	1235	1171	1164	1154	1183	1157	
637.0	1257	1265	1248	1255	1282	1264	1234	1246	1195	1200	1168	1145	1177	1145	1125	1135	1178	1123	1163	1167	
638.0	1238	1237	1270	1276	1238	1214	1179	1269	1175	1135	1150	1118	1196	1123	1128	1144	1107	1133	1138	1151	
639.0	1205	1172	1197	1192	1213	1192	1171	1199	1176	1130	1153	1132	1118	1104	1056	1082	1090	1132	1130	1062	
640.0	1239	1191	1195	1160	1160	1115	1120	1172	1143	1091	1116	1124	1119	1083	1048	1090	1054	1047	1071	1053	
641.0	1222	1152	1157	1164	1140	1126	1119	1170	1127	1094	1063	1082	1073	1055	1072	1051	1011	1057	1068	1040	
642.0	1139	1157	1153	1118	1085	1098	1087	1140	1082	1059	1030	1015	1047	1006	1016	998.1	1029	1052	1022	1002	
643.0	1090	1103	1094	1044	1054	1087	1074	1087	1049	1010	1037	1055	1062	1014	1036	1030	991.7	987.9	1022	1021	
644.0	1106	1082	1081	1057	1088	1052	1068	1038	1034	966.7	1030	1003	1006	958.8	1004	964.2	981.3	961.2	966.0	984.2	
645.0	1089	1055	1049	1058	1041	1043	1027	1022	1013	989.3	978.8	1005	977.2	969.3	964.6	968.7	975.9	962.7	975.6	965.7	
646.0	1072	1029	1006	981.0	1034	1050	1016	996.6	983.3	933.6	973.8	980.5	966.7	939.0	966.2	928.3	924.5	978.3	925.7	950.0	
647.0	1042	1005	962.0	1012	1004	948.2	981.1	973.8	990.6	911.2	966.5	957.7	919.6	929.8	892.1	934.0	864.3	925.0	906.0	915.6	
648.0	1006	971.4	976.7	952.3	967.0	956.8	966.8	948.9	960.6	955.0	929.4	906.2	917.8	895.6	922.8	916.8	880.0	906.0	899.2	873.1	
649.0	962.3	978.0	968.9	984.1	944.3	934.5	923.8	935.8	939.7	916.6	929.7	887.0	903.1	884.2	900.2	875.0	888.5	895.5	856.0	910.3	
650.0	975.1	957.6	956.5	939.5	925.7	963.1	926.4	920.5	915.8	877.7	895.7	858.5	857.4	859.4	886.5	871.1	878.1	899.2	875.7	850.2	
651.0	916.4	970.2	892.6	949.8	904.0	928.4	903.5	898.0	898.4	862.4	851.3	840.2	869.1	856.4	848.1	841.8	872.8	859.1	834.6	872.9	
652.0	909.6	884.2	902.5	918.3	884.4	895.8	904.6	880.6	887.9	849.1	860.0	861.1	860.8	838.6	810.5	850.0	833.1	845.9	842.1	854.6	
653.0	893.8	912.5	881.7	863.0	891.2	845.6	852.7	878.4	862.5	863.9	840.9	873.3	801.0	837.8	819.5	816.0	825.5	808.4	826.6	813.1	
654.0	873.2	857.9	851.1	857.3	874.2	829.5	860.2	855.9	831.3	818.5	847.1	824.7	800.1	819.6	793.3	786.3	805.5	790.5	782.1	791.7	
655.0	844.2	827.7	844.4	822.7	860.7	823.0	830.7	811.9	814.1	798.8	819.1	768.7	795.2	774.7	765.6	778.3	794.0	785.8	772.6	751.5	
656.0	811.2	819.4	822.3	823.2	819.1	823.2	788.0	799.6	758.0	798.6	810.4	768.2	782.3	771.6	756.8	744.9	728.0	783.2	759.6	730.8	
657.0	815.2	819.0	822.7	802.8	815.3	782.0	760.8	778.6	766.0	772.3	753.7	770.4	773.4	734.5	749.3	754.6	714.7	728.9	733.9	744.1	
658.0	810.8	798.4	777.4	815.2	768.8	779.3	792.9	751.1	735.5	749.3	752.3	726.2	723.8	711.4	708.7	713.6	728.1	732.1	737.7	724.5	
659.0	786.6	782.4	765.8	785.4	767.8	751.7	778.9	740.4	758.1	720.8	717.9	726.1	722.0	706.2	708.4	702.9	715.9	724.9	726.6	721.1	
660.0	753.5	783.9	733.6	751.9	776.2	717.0	743.7	716.4	738.0	699.1	710.6	720.3	701.0	701.5	710.7	675.4	688.0	711.6	688.5	665.8	
661.0	712.7	752.4	734.7	713.7	717.2	705.4	705.7	699.7	719.5	688.3	690.4	685.2	671.4	673.1	662.9	681.4	667.2	685.1	670.8	682.2	
662.0	731.5	720.2	712.8	703.4	717.8	703.3	704.7	692.2	701.5	670.8	685.4	682.3	663.1	688.9	665.2	667.2	665.7	664.4	672.5	653.9	
663.0	700.2	685.0	693.2	683.4	692.1	704.9	696.8	677.3	680.3	664.2	674.3	679.4	654.2	655.0	633.3	655.1	644.5	668.3	659.7	620.7	
664.0	708.0	696.7	679.8	672.5	679.8	698.8	697.9	665.0	671.9	667.9	648.6	635.6	664.6	620.0	637.8	636.7	629.5	639.5	645.6	622.2	
665.0	689.0	683.0	678.1	665.1	686.4	677.5	653.3	648.2	639.8	642.9	646.0	617.8	626.6	612.3	602.2	605.0	628.5	604.1	619.0	623.5	
666.0	682.8	644.7	648.9	652.0	638.0	623.9	634.8	645.1	635.6	620.9	623.7	591.5	621.4	615.3	617.9	588.9	617.5	598.0	623.0	620.9	
667.0	645.4	620.8	632.8	607.6	617.2	626.2	602.2	633.1	603.1	597.6	605.7	611.3	607.4	598.8	592.9	578.2	601.0	583.0	578.8	589.2	
668.0	623.2	614.6	631.5	590.9	616.9	597.7	595.8	612.4	599.4	583.0	581.8	599.2	581.6	557.7	581.1	568.8	563.5	576.7	584.0	573.6	
669.0	622.0	621.6	626.9	595.6	614.6	584.0	590.3	581.3	576.0	566.5	557.3	561.1	568.6	558.8	560.0	540.3	542.7	574.1	545.8	567.4	
670.0	612.3	573.3	578.8	595.0	591.5	579.1	561.7	572.9	554.8	548.1	551.4	553.3	558.5	550.4	547.7	541.0	545.1	537.1	548.4	592.5	
671.0	575.8	573.6	565.5	565.5	567.0	564.1	555.8	565.6	554.4	550.9	539.9	531.4	557.5	541.5	518.4	541.3	514.7	525.9	523.4	551.3	
672.0	556.4	541.5	550.8	550.7	569.4	548.1	550.5	558.6	534.5	542.0	531.4	517.4	526.3	530.4	489.0	506.2	490.2	541.0	505.8	505.2	
673.0	540.5	553.7	532.7	530.5	550.4	531.9	546.5	540.6	538.2	504.7	514.0	507.9	502.7	492.8	487.1	485.8	484.7	542.1	487.3	496.2	
674.0	526.3	542.8	522.8	502.9	532.0	555.1	521.8	524.2	517.5	507.7	497.9	507.3	499.4	486.6	485.2	486.3	501.0	509.8	496.2	493.6	
675.0	539.6	531.1	504.0	489.1	492.5	517.4	504.3	509.7	502.6	498.7	467.0	486.7	465.6	480.4	466.3	471.2	466.8	480.8	450.3	464.7	
676.0	503.0	509.1	489.4	512.2	498.1	497.0	492.0	498.4	498.4	467.1	479.2	460.9	461.6	456.2	467.9	448.8	468.8	463.4	479.2	470.6	
677.0	472.2	498.8	482.2	476.5	498.1	477.8	471.2	477.9	473.5	453.3	452.2	437.7	464.9	461.2	440.8	455.7	463.9	451.6	468.4	440.8	
678.0	477.7	476.0	457.8	456.7	474.6	476.5	449.1	436.2	435.4	438.1	426.8	429.8	454.3	435.8	429.7	437.9	431.5	452.6	430.7	453.7	
679.0	452.2	485.7	456.7	436.3	457.3	440.5	444.5	423.0	422.1	434.8	434.4	424.9	420.2	402.4	425.0	425.4	418.5	419.7	402.2	448.1	
680.0	426.5	433.0	452.9	435.0	428.1	440.7	445.4	434.3	439.4	447.6	425.1	405.8	420.7	414.0	396.7	413.2	398.3	403.3	396.4	411.2	
681.0	418.5	435.9	445.6	430.3	425.1	435.9	421.9	411.6	411.4	420.1	401.9	409.6	414.2	395.3	389.2	419.6	392.4	400.0	394.4	399.9	
682.0	419.1	421.5	427.0	417.6	443.5	408.1	411.6	413.3	401.4	401.6	399.5	396.3	414.1	400.3	383.7	367.8	386.4	387.1	375.4	394.0	
683.0	400.4	396.9	418.9	406.5	403.6	386.0	392.9	391.0	374.7	394.8	369.0	382.1	389.4	378.2	378.3	383.0	360.6	422.3	382.5	377.8	
684.0	384.2	390.5	395.7	379.8	393.7	371.2	372.2	401.3	391.9	380.8	375.3	377.4	373.3	361.4	377.7	359.7	366.4	369.9	377.4	358.3	
685.0	357.7	383.8	385.8	363.2	355.0	370.7	365.1	370.7	363.9	378.5	377.6	377.3	350.9	339.8	340.3	344.1	357.1	365.5	364.7	354.9	
686.0	376.3	358.2	381.8	365.1	354.6	349.1	369.9	348.0	358.1	345.9	346.0	351.0	351.9	337.8	335.6	357.0	335.6	348.3	329.0	363.6	
687.0	384.0	365.5	363.6	359.3	338.4	341.0	335.6	336.2	354.1	329.9	329.5	341.3	337.4	345.3	336.2	339.6	329.2	323.4	312.6	331.3	
688.0	359.1	338.1	345.2	352.4	353.8	338.8	333.7	336.4	338.3	325.5	328.6	326.2	323.8	311.5	310.2	320.0	319.5	313.8	304.6	329.3	
689.0	325.2	336.9	352.6	337.3	328.4	334.7	334.3	333.8	341.2	306.4	323.6	328.4	306.3	313.4	316.6	303.5	300.9	315.4	304.2	306.2	
690.0	316.9	330.5	334.2	298.0	330.2	323.8	311.3	314.3	319.8	315.0	294.2	298.1	306.6	305.7	303.4	308.0	296.3	310.6	305.5	299.7	
691.0	305.4	314.3	323.2	303.1	300.5	318.5	315.8	301.0	319.9	290.5	294.5	305.1	292.0	275.9	281.9	281.8	307.8	298.0	288.8	296.3	
692.0	303.4	311.6	293.2	288.0	290.8	301.5	288.2	288.8	310.8	290.5	274.4	294.3	279.7	267.2	266.5	267.4	298.8	307.7	266.8	297.0	
693.0	305.9	302.6	282.3	293.6	280.9	302.8	277.1	291.6	305.4	276.4	267.5	276.0	273.0	272.9	271.2	284.4	286.8	279.4	273.8	270.7	
694.0	287.0	297.8	289.6	282.0	278.2	283.3	269.0	283.5	269.4	282.4	256.6	281.4	284.0	273.1	267.0	268.2	265.3	273.8	283.7	269.4	
695.0	281.4	273.9	285.6	277.9	272.3	256.9	259.0	282.5	270.2	269.9	264.8	271.2	272.9	244.2	254.7	259.6	268.3	248.9	264.3	250.8	
696.0	264.3	273.0	265.9	255.8	243.0	250.4	250.5	247.1	245.4	256.7	254.6	263.1	237.5	238.4	266.5	258.8	239.2	246.1	267.3	237.7	
697.0	266.1	250.9	285.1	253.4	261.7	249.9	254.0	243.7	244.3	228.7	245.5	254.2	257.3	245.6	252.9	239.9	238.1	247.3	253.7	240.6	
698.0	244.3	250.4	265.5	253.5	252.2	239.1	248.6	238.3	247.7	231.2	242.7	227.4	243.6	226.4	237.8	224.4	223.2	217.6	225.6	224.9	
699.0	237.6	235.9	238.3	241.4	242.2	229.2	243.4	239.1	219.0	235.9	217.3	237.5	228.5	242.2	222.8	224.7	215.1	223.6	228.2	240.5	
700.0	238.6	261.1	231.5	245.9	233.2	238.0	214.7	235.2	216.6	225.2	212.0	222.5	233.3	210.1	227.0	224.0	232.5	231.8	207.7	230.2	
701.0	237.6	226.9	230.0	220.9	238.3	223.4	222.4	222.2	222.6	198.4	210.9	220.2	213.9	210.6	213.4	217.6	227.2	224.2	223.9	208.2	
702.0	225.0	213.7	231.6	216.3	220.8	217.9	230.1	205.5	226.1	196.1	218.3	220.1	211.4	208.1	212.4	193.5	201.6	219.7	212.4	205.9	
703.0	228.7	213.2	215.0	218.6	213.7	212.9	200.9	205.7	215.1	209.8	195.5	212.4	211.9	210.4	194.9	184.8	216.6	199.4	206.3	194.3	
704.0	212.4	198.5	211.8	205.3	213.2	209.5	215.9	206.5	196.3	216.0	208.3	195.3	201.8	195.3	192.3	193.7	198.9	200.3	199.6	201.2	
705.0	217.1	206.0	208.8	204.9	213.6	207.0	200.8	198.8	200.3	196.2	200.2	184.4	182.8	199.3	186.5	201.0	199.1	182.8	180.4	188.8	
706.0	211.7	189.4	200.7	193.4	197.6	190.3	200.2	186.4	196.3	185.8	185.9	190.7	186.4	181.5	170.8	192.7	176.0	189.5	169.1	185.2	
707.0	197.8	190.2	200.8	200.6	199.6	185.7	200.0	192.9	193.8	187.3	187.0	183.3	179.0	177.6	174.8	180.7	169.9	187.9	172.1	198.3	
708.0	190.2	195.5	164.2	178.8	192.3	183.4	187.5	184.9	180.6	168.8	172.9	185.3	172.0	174.2	183.9	176.8	179.5	168.5	180.5	185.5	
709.0	168.4	181.3	176.2	179.7	175.2	179.6	169.9	189.1	175.1	172.9	169.2	159.2	162.3	179.6	161.5	176.9	175.1	157.8	171.0	176.8	
710.0	174.9	167.9	181.0	168.6	177.1	177.9	163.9	171.9	166.2	152.9	166.4	145.6	160.3	174.2	148.5	157.1	164.4	154.1	161.5	167.6	
711.0	166.0	162.0	170.7	172.7	167.3	153.3	173.4	151.3	157.2	167.0	145.7	154.4	159.2	174.1	155.2	148.4	159.0	163.7	140.0	144.4	
712.0	156.0	168.1	150.6	167.6	163.2	151.2	179.4	146.3	166.9	156.0	147.7	158.7	153.3	162.4	146.7	154.6	159.4	162.8	153.0	138.1	
713.0	151.6	169.9	136.8	152.7	150.4	152.6	158.5	155.5	147.3	141.5	148.7	157.3	143.6	140.2	139.9	145.0	135.3	161.0	145.4	140.8	
714.0	153.4	148.9	139.4	156.0	168.8	150.0	143.1	155.8	147.2	134.3	152.0	153.2	136.3	140.4	151.4	140.2	133.6	141.9	141.6	130.6	
715.0	144.1	146.1	139.9	143.9	160.6	141.3	143.8	142.8	137.4	138.2	151.6	147.6	148.0	130.2	148.2	141.5	141.9	147.5	138.1	138.4	
716.0	144.5	137.9	154.2	127.8	150.0	145.3	139.2	130.2	141.6	144.3	145.8	127.8	139.5	136.6	131.1	142.3	126.8	136.3	130.1	137.6	
717.0	142.3	128.7	133.1	127.5	150.5	130.1	131.3	136.9	140.2	135.5	131.8	126.7	133.9	120.8	114.6	137.3	129.8	127.5	146.8	137.7	
718.0	146.6	130.4	133.8	123.6	130.0	126.2	142.8	133.8	130.6	113.6	125.0	125.4	125.6	119.9	120.8	125.5	111.3	134.6	134.1	131.5	
719.0	134.1	126.2	126.2	126.8	125.2	128.9	127.2	132.3	124.3	118.4	109.8	122.3	129.1	120.2	109.8	114.6	140.3	135.5	122.1	147.3	
720.0	123.8	126.3	110.1	126.7	119.7	132.0	116.7	127.6	121.0	107.6	120.7	113.9	124.6	110.8	106.0	105.7	117.6	116.7	117.9	122.9	
721.0	119.0	124.8	109.9	130.6	109.9	127.7	116.8	109.7	114.7	134.8	116.5	127.0	108.3	108.7	103.2	122.0	116.3	102.4	108.4	122.8	
722.0	122.9	110.9	112.2	113.8	105.7	126.7	108.1	110.2	106.3	105.1	108.0	113.1	114.7	108.1	111.1	100.5	106.4	109.1	114.7	113.4	
723.0	115.3	105.9	112.7	107.4	105.5	110.5	111.6	103.5	100.4	93.84	105.1	120.7	121.4	111.5	105.6	101.2	105.3	114.9	110.9	99.57	
724.0	123.9	116.4	103.9	108.3	103.3	99.57	114.7	104.5	103.3	97.67	104.0	92.89	114.0	98.92	96.54	102.6	102.7	114.3	119.1	96.02	
725.0	109.5	109.1	107.8	98.03	103.4	104.4	96.59	97.52	99.97	99.66	83.41	88.58	99.48	92.34	98.56	89.63	94.57	95.43	102.8	90.77	
726.0	108.6	108.1	107.2	91.24	85.24	96.81	88.15	89.88	105.1	97.27	91.79	93.81	91.03	110.6	85.28	90.01	89.97	94.13	91.45	87.36	
727.0	99.79	102.0	97.08	106.8	95.76	99.53	102.1	99.36	90.93	85.35	90.20	86.61	96.33	95.52	87.27	77.09	83.04	93.68	95.55	99.72	
728.0	93.41	94.24	94.91	90.55	93.80	101.4	96.96	94.63	95.07	90.87	86.85	83.75	96.70	92.44	84.80	90.28	80.30	88.30	90.81	90.02	
729.0	97.02	96.73	100.9	85.03	92.69	88.97	98.62	100.6	76.66	80.56	80.98	83.78	83.21	84.02	77.23	89.86	81.00	76.63	82.34	85.12	
730.0	82.13	92.81	96.57	88.66	81.57	80.38	89.32	96.56	83.85	80.52	75.44	80.18	81.18	84.85	89.00	81.79	82.33	80.54	89.15	79.76	
731.0	70.07	97.66	80.18	87.46	95.62	81.45	81.14	74.73	96.75	84.74	76.02	76.63	73.44	77.89	68.75	78.55	80.31	79.42	78.76	84.55	
732.0	82.98	90.99	86.65	85.53	90.17	65.83	77.78	77.03	87.06	80.14	79.81	72.07	69.16	69.03	74.01	84.27	71.72	76.02	72.06	82.48	
733.0	80.16	79.03	91.40	74.28	74.62	80.15	73.46	70.90	73.15	72.95	70.01	72.84	76.15	65.81	73.46	82.42	70.08	73.42	67.88	69.34	
734.0	79.63	73.53	84.29	80.70	75.81	74.99	69.76	69.38	69.54	66.58	65.26	75.12	70.78	67.53	68.86	78.96	63.13	74.44	64.18	69.20	
735.0	78.92	73.18	78.45	84.10	67.87	71.73	68.44	69.51	71.36	60.29	62.63	75.88	69.56	61.48	66.39	76.87	60.20	70.89	70.74	68.26	
736.0	69.35	81.83	84.35	67.55	68.51	62.87	63.69	58.87	64.12	67.04	62.53	56.30	63.51	62.94	66.99	69.71	68.01	66.06	61.11	64.70	
737.0	70.93	62.37	69.70	68.20	68.00	58.99	68.59	63.61	61.03	65.10	54.32	63.62	60.98	69.60	64.18	58.47	62.08	62.24	53.29	63.03	
738.0	61.45	71.61	57.36	64.21	63.49	72.82	57.16	65.92	61.83	57.53	60.52	62.51	63.19	57.38	62.77	56.93	59.77	57.42	55.94	58.25	
739.0	64.52	69.12	64.38	60.04	55.00	57.94	63.86	57.50	61.49	55.19	58.17	58.47	56.07	52.39	62.78	53.98	54.02	61.35	49.44	53.02	
740.0	60.46	65.95	63.76	61.62	53.87	65.39	57.34	55.93	54.96	49.82	57.62	54.71	55.36	48.73	46.36	53.68	58.43	63.16	51.60	53.15	
741.0	53.73	62.95	54.07	54.72	47.40	59.69	55.82	62.18	52.02	41.30	57.56	52.70	58.77	59.48	48.71	54.82	48.27	57.74	47.28	48.08	
742.0	57.12	52.36	57.77	61.15	52.77	63.66	47.32	57.90	48.87	46.32	56.15	49.06	54.10	53.43	44.82	49.78	52.16	54.73	59.46	43.39	
743.0	47.69	54.49	46.63	53.24	49.22	50.60	45.93	52.85	60.04	49.97	51.95	48.04	55.41	45.48	55.65	47.21	48.28	49.75	50.68	43.35	
744.0	51.20	53.41	46.80	58.60	52.96	47.50	48.12	47.86	54.01	44.59	57.41	51.17	49.73	50.86	45.64	47.76	49.75	44.00	48.41	43.08	
745.0	42.82	43.09	48.73	47.32	54.18	41.81	46.85	44.28	46.53	52.17	55.54	46.24	49.39	49.43	42.24	50.77	43.09	54.41	47.11	48.41	
746.0	46.37	45.29	51.47	48.73	47.90	47.98	51.54	41.56	46.33	50.58	52.03	42.19	42.11	39.96	46.95	46.72	43.66	48.78	49.53	42.94	
747.0	51.48	46.03	44.15	40.96	43.91	46.37	40.12	43.87	43.05	49.10	51.02	39.96	45.32	43.66	35.42	40.43	35.25	43.40	40.17	38.81	
748.0	44.10	41.58	36.46	35.48	43.54	42.96	39.68	37.96	44.24	47.04	38.76	44.24	42.52	37.65	33.63	36.43	35.63	40.67	39.11	45.57	
749.0	45.16	36.30	36.20	37.33	44.22	45.20	42.44	48.62	31.61	33.39	38.35	31.41	35.02	38.02	33.05	39.71	48.28	44.18	36.09	43.41	
750.0	38.34	35.09	39.72	35.30	43.25	32.83	36.76	50.31	34.68	37.47	41.00	33.28	32.53	30.96	33.81	35.18	41.43	44.01	37.22	33.46	
751.0	37.65	31.92	35.56	32.11	42.62	38.23	40.51	34.39	35.68	43.73	38.02	35.37	31.42	34.51	34.09	35.03	40.80	39.27	37.72	36.93	
752.0	35.63	36.56	39.15	34.53	31.10	39.35	41.14	28.79	34.54	32.11	37.83	37.05	34.43	38.90	36.23	37.62	32.74	36.21	29.98	36.88	
753.0	35.16	37.87	43.58	31.18	35.47	42.42	36.11	38.59	38.03	37.98	32.58	33.58	31.45	37.76	31.29	34.59	31.42	35.19	29.67	36.36	
754.0	31.23	39.26	36.00	35.93	32.64	34.65	29.53	33.33	38.78	30.74	36.23	32.97	42.96	30.47	32.87	34.14	33.87	31.76	29.28	32.71	
755.0	34.84	32.17	36.22	30.28	39.72	36.27	34.35	37.02	36.71	30.05	36.49	34.05	33.63	38.53	27.97	31.11	31.26	29.86	33.32	28.62	
756.0	34.95	28.48	32.67	30.78	31.81	31.98	37.00	30.96	33.81	33.02	33.33	34.47	28.28	33.16	27.90	29.50	23.71	27.13	26.64	33.80	
757.0	33.79	24.96	28.91	33.16	35.76	31.77	36.14	25.05	31.74	28.12	28.43	32.92	30.90	37.37	26.98	20.59	29.26	22.42	27.04	29.72	
758.0	28.59	24.21	36.89	24.26	28.72	26.48	31.61	30.88	28.24	27.68	29.09	28.85	26.99	35.02	30.76	18.72	33.03	29.19	29.60	28.43	
759.0	28.75	27.33	28.62	31.32	24.31	24.07	28.10	32.40	21.07	28.82	27.09	30.93	31.83	28.67	24.07	25.00	23.85	26.68	22.70	28.66	
760.0	24.14	26.82	22.92	28.25	28.49	25.44	23.93	26.75	27.42	26.44	24.04	21.72	25.31	26.46	34.39	27.23	21.58	28.72	29.02	21.29	
761.0	32.31	27.76	27.02	22.58	22.00	28.62	22.72	23.79	30.13	21.95	27.50	29.17	23.37	27.27	26.64	27.94	24.87	28.34	23.49	23.02	
762.0	20.97	29.87	22.54	22.13	17.54	21.99	26.30	24.11	22.32	21.81	22.55	28.73	26.73	20.92	26.10	21.40	24.76	22.24	25.76	28.30	
763.0	26.27	21.60	25.09	28.99	31.44	27.32	22.09	21.40	24.66	22.40	25.24	29.15	20.62	18.89	27.65	24.75	18.30	20.26	18.65	24.10	
764.0	26.96	22.87	24.83	24.09	19.73	22.27	29.65	20.73	21.13	20.27	25.54	22.86	22.57	24.44	24.72	20.47	23.08	30.23	23.97	26.45	
765.0	27.16	22.46	22.31	18.41	24.05	19.14	25.35	23.24	18.31	16.83	16.83	21.49	23.21	24.57	19.84	16.51	19.96	21.43	19.52	21.30	
766.0	24.79	18.19	22.01	21.05	19.31	22.71	21.35	22.46	21.09	19.03	21.99	23.62	20.11	22.09	23.82	18.65	28.74	24.90	20.02	18.87	
767.0	20.39	19.68	20.27	22.35	19.57	19.94	16.69	23.06	21.58	20.05	15.98	23.19	21.12	20.31	23.81	21.93	16.95	21.75	23.41	19.14	
768.0	15.07	18.03	16.48	22.48	20.62	23.29	25.12	19.22	18.39	24.54	22.03	24.76	22.94	15.86	20.09	24.40	17.57	15.46	19.57	23.05	
769.0	15.42	16.57	21.84	19.97	16.94	20.31	22.94	18.73	22.78	17.78	14.62	20.93	14.32	18.16	21.49	17.36	18.21	14.13	23.77	19.23	
770.0	18.81	16.59	21.49	19.95	16.28	17.22	20.17	13.31	18.56	20.70	16.74	23.62	17.78	23.44	14.46	19.59	13.68	28.50	16.94	14.54	
771.0	20.18	17.77	16.53	25.71	17.76	13.65	16.50	18.80	14.13	16.33	21.36	21.22	18.13	20.04	11.69	14.45	13.96	20.34	14.65	16.77	
772.0	15.88	20.26	18.47	13.38	16.49	15.62	16.32	15.61	13.69	17.50	18.74	17.83	19.42	18.43	14.00	15.70	14.27	16.50	13.11	18.57	
773.0	17.28	16.24	18.59	19.16	17.99	14.93	15.67	13.51	14.41	18.93	13.17	17.82	15.88	19.43	19.34	13.93	13.11	15.92	11.06	19.86	
774.0	14.09	16.73	15.85	15.28	13.91	15.37	13.92	14.09	19.42	16.72	19.07	19.07	17.50	17.27	14.02	17.00	17.52	11.46	11.57	17.80	
775.0	14.33	19.74	14.75	14.88	15.70	17.64	19.47	12.56	11.39	17.87	14.81	15.48	19.23	16.64	14.05	13.66	15.45	19.08	18.08	13.57	
776.0	18.41	15.96	19.43	16.54	16.92	9.666	16.46	6.396	15.17	12.56	18.81	18.29	15.16	13.91	15.36	11.19	14.50	16.55	18.14	14.72	
777.0	19.56	16.51	16.94	13.02	15.45	13.97	15.38	14.61	9.071	15.47	17.17	13.68	13.06	14.42	17.09	15.04	15.93	13.48	15.67	14.15	
778.0	19.43	17.74	15.34	10.84	16.13	13.04	19.11	19.25	13.91	16.99	14.45	13.32	10.56	17.97	16.08	14.38	14.22	13.95	15.97	11.26	
779.0	11.30	18.23	11.63	16.19	15.43	15.07	14.91	24.02	15.81	15.32	20.08	17.34	12.55	10.69	11.28	19.16	17.11	15.96	13.37	12.65	
780.0	13.44	14.53	12.99	10.33	16.20	13.71	16.22	12.39	12.84	11.67	14.21	11.18	13.40	10.01	9.348	13.01	12.14	9.308	14.06	12.07	
781.0	7.320	15.34	8.965	9.388	15.68	11.68	14.45	12.52	12.70	8.502	13.91	15.40	14.33	10.69	13.92	11.15	13.15	9.419	11.10	13.93	
782.0	15.46	16.58	11.36	13.71	12.06	11.28	16.17	7.877	11.91	10.39	14.76	10.89	12.45	6.580	11.76	7.476	11.35	15.81	16.44	10.30	
783.0	11.08	15.56	14.67	13.62	9.821	8.815	6.574	10.40	12.37	13.01	16.24	10.70	13.14	10.46	11.30	9.574	9.011	11.79	8.595	10.61	
784.0	14.06	10.07	10.92	9.752	10.28	12.55	7.032	14.46	15.80	6.843	8.354	12.47	6.813	9.265	12.85	10.33	8.808	12.38	10.45	16.24	
785.0	12.31	11.91	14.10	12.97	14.26	12.47	11.64	12.65	8.858	10.36	11.64	12.81	8.705	11.14	17.31	17.51	13.98	9.935	13.23	11.05	
786.0	7.146	8.932	15.79	10.75	10.43	8.012	8.791	11.90	11.05	8.496	9.217	13.56	11.66	13.40	9.845	15.43	17.87	14.05	13.49	14.84	
787.0	12.34	11.12	10.91	14.19	9.791	10.92	12.55	14.46	10.03	9.966	10.19	12.63	13.29	6.280	6.021	14.44	14.23	17.19	10.49	11.28	
788.0	11.28	10.50	6.525	10.17	8.547	13.78	14.55	9.932	5.990	11.13	10.15	8.616	11.00	10.84	9.436	17.39	8.862	8.546	8.056	15.56	
789.0	8.648	9.134	5.566	14.47	9.741	9.862	7.864	9.324	9.526	11.22	11.12	8.847	11.25	13.37	5.600	10.88	10.63	5.809	10.32	8.530	
790.0	9.793	14.58	10.69	10.27	7.593	11.56	9.825	11.43	9.735	11.24	6.840	6.854	9.292	11.14	10.99	11.21	9.915	6.230	6.974	8.112	
791.0	11.22	8.799	8.949	7.590	9.188	10.26	9.553	11.91	12.90	8.481	3.808	7.824	7.292	12.15	5.998	9.046	11.54	7.967	13.20	12.99	
792.0	10.29	8.703	7.454	6.501	12.00	5.516	8.011	10.53	12.35	6.233	9.239	8.206	8.655	5.346	4.685	13.91	3.077	7.239	6.176	9.968	
793.0	8.872	9.172	11.33	8.538	10.53	5.504	8.148	8.265	10.87	5.986	6.999	6.479	4.202	8.830	5.570	10.96	5.969	6.976	7.044	8.919	
794.0	11.16	8.785	10.83	6.162	8.216	9.058	10.52	6.265	12.15	4.834	5.529	8.302	7.149	13.09	6.847	9.794	8.627	5.567	7.735	12.38	
795.0	10.97	3.279	8.103	7.720	7.347	11.47	3.528	5.486	13.24	10.45	4.845	10.99	4.552	8.542	4.187	7.441	9.226	1.827	4.106	9.285	
796.0	13.37	9.260	8.586	8.559	10.71	7.430	5.489	7.320	7.138	12.20	11.49	10.41	8.437	7.814	4.253	6.201	16.52	6.758	4.276	6.273	
797.0	7.098	5.793	16.43	8.509	7.524	9.527	7.006	5.308	8.259	9.569	8.014	9.609	8.380	10.06	7.676	7.616	8.152	6.396	10.23	7.589	
798.0	9.679	7.943	9.120	7.425	4.227	10.33	5.905	4.172	6.919	8.273	3.590	8.681	9.098	13.41	11.28	6.848	8.735	8.070	8.168	10.40	
799.0	4.929	7.837	10.64	7.534	4.023	7.443	4.562	7.299	9.187	6.428	4.664	10.19	5.845	8.716	9.427	9.870	7.551	8.057	10.91	5.774	
800.0	9.895	6.128	7.197	11.88	4.040	5.850	6.055	9.570	3.779	4.366	5.914	8.313	7.962	11.06	8.687	9.085	6.933	4.239	11.57	12.81	
