2 475 2.89
2 476 3.29
2 477 3.73
2 478 2.42
2 479 3.04
2 480 2.80
2 481 1.94
2 482 2.87
2 483 2.90
2 484 2.86
2 485 2.37
2 486 2.12
2 487 2.50
2 488 2.61
2 489 3.13
2 490 2.89
2 491 2.89
2 492 3.25
2 493 2.95
2 494 3.90
2 495 2.92
2 496 3.51
2 497 3.99
2 498 4.55
2 499 4.16
2 500 4.53
2 501 4.33
2 502 3.86
2 503 5.00
2 504 3.95
2 505 4.92
2 506 5.01
2 507 5.59
2 508 5.07
2 509 6.03
2 510 5.98
2 511 6.76
2 512 6.03
2 513 6.43
2 514 6.18
2 515 6.60
2 516 7.27
2 517 7.97
2 518 7.45
2 519 8.37
2 520 9.29
2 521 9.87
2 522 10.84
2 523 12.08
2 524 12.54
2 525 14.10
2 526 14.45
2 527 17.07
2 528 18.09
2 529 19.97
2 530 21.27
2 531 24.31
2 532 26.21
2 533 30.54
2 534 32.92
2 535 36.73
2 536 37.64
2 537 42.64
2 538 46.30
2 539 52.37
2 540 58.38
2 541 64.74
2 542 68.97
2 543 77.79
2 544 84.48
2 545 94.94
2 546 104.60
2 547 112.17
2 548 120.83
2 549 134.94
2 550 147.06
2 551 158.10
2 552 179.78
2 553 193.90
2 554 210.03
2 555 230.41
2 556 255.88
2 557 278.50
2 558 301.27
2 559 324.52
2 560 349.73
2 561 379.01
2 562 414.56
2 563 442.46
2 564 470.05
2 565 507.72
2 566 541.31
2 567 583.67
2 568 617.83
2 569 655.49
2 570 689.82
2 571 730.88
2 572 780.53
2 573 820.78
2 574 865.09
2 575 908.78
2 576 944.20
2 577 999.15
2 578 1037.43
2 579 1093.13
2 580 1129.65
2 581 1172.40
2 582 1221.90
2 583 1273.25
2 584 1317.90
2 585 1366.00
2 586 1407.45
2 587 1451.85
2 588 1472.50
2 589 1519.65
2 590 1559.50
2 591 1597.70
2 592 1620.80
2 593 1657.30
2 594 1680.40
2 595 1712.45
2 596 1732.40
2 597 1755.80
2 598 1771.90
2 599 1786.40
2 600 1799.55
2 601 1828.25
2 602 1843.25
2 603 1836.75
2 604 1831.70
2 605 1842.20
2 606 1841.70
2 607 1836.65
2 608 1837.80
2 609 1837.45
2 610 1836.70
2 611 1817.65
2 612 1801.75
2 613 1797.15
2 614 1778.40
2 615 1756.35
2 616 1744.25
2 617 1732.95
2 618 1699.20
2 619 1690.05
2 620 1669.30
2 621 1639.85
2 622 1618.60
2 623 1583.55
2 624 1564.50
2 625 1531.65
2 626 1510.10
2 627 1483.25
2 628 1444.20
2 629 1423.45
2 630 1393.25
2 631 1360.90
2 632 1347.25
2 633 1317.45
2 634 1281.35
2 635 1253.90
2 636 1218.15
2 637 1198.60
2 638 1180.95
2 639 1145.30
2 640 1119.55
2 641 1102.15
2 642 1066.75
2 643 1047.43
2 644 1021.57
2 645 1006.49
2 646 981.73
2 647 952.02
2 648 935.42
2 649 920.88
2 650 904.49
2 651 883.50
2 652 868.68
2 653 850.37
2 654 827.50
2 655 804.19
2 656 784.92
2 657 769.61
2 658 751.86
2 659 740.49
2 660 719.33
2 661 695.95
2 662 688.34
2 663 671.10
2 664 660.92
2 665 642.42
2 666 627.24
2 667 606.62
2 668 591.67
2 669 577.75
2 670 564.64
2 671 549.17
2 672 532.27
2 673 518.52
2 674 510.82
2 675 489.44
2 676 481.06
2 677 465.93
2 678 448.05
2 679 433.69
2 680 423.38
2 681 413.64
2 682 403.46
2 683 389.45
2 684 377.90
2 685 363.33
2 686 353.14
2 687 341.67
2 688 330.44
2 689 322.46
2 690 311.11
2 691 300.72
2 692 289.33
2 693 283.71
2 694 277.24
2 695 266.47
2 696 253.06
2 697 250.65
2 698 238.22
2 699 232.12
2 700 228.55
2 701 220.64
2 702 214.32
2 703 208.01
2 704 203.61
2 705 197.94
2 706 188.98
2 707 187.97
2 708 180.27
2 709 172.84
2 710 165.10
2 711 159.25
2 712 157.10
2 713 148.70
2 714 145.91
2 715 143.56
2 716 138.44
2 717 133.15
2 718 128.26
2 719 126.03
2 720 118.42
2 721 116.67
2 722 111.05
2 723 108.14
2 724 105.83
2 725 98.08
2 726 95.15
2 727 94.19
2 728 91.50
2 729 87.10
2 730 84.83
2 731 81.21
2 732 78.74
2 733 74.58
2 734 72.08
2 735 70.34
2 736 66.50
2 737 63.42
2 738 61.40
2 739 58.44
2 740 56.59
2 741 53.86
2 742 53.12
2 743 50.32
2 744 49.64
2 745 47.72
2 746 46.63
2 747 43.12
2 748 40.36
2 749 39.40
2 750 37.33
2 751 36.78
2 752 35.54
2 753 35.51
2 754 33.97
2 755 33.62
2 756 31.17
2 757 29.75
2 758 28.86
2 759 27.21
2 760 26.02
2 761 26.02
2 762 23.85
2 763 23.94
2 764 23.84
2 765 21.10
2 766 21.74
2 767 20.56
2 768 20.45
2 769 18.77
2 770 18.62
2 771 17.50
2 772 16.49
2 773 16.31
2 774 15.88
2 775 15.92
2 776 15.21
2 777 14.98
2 778 15.20
2 779 15.40
2 780 12.65
2 781 12.18
2 782 12.23
2 783 11.37
2 784 10.99
2 785 12.44
2 786 11.73
2 787 11.62
2 788 10.54
2 789 9.59
2 790 9.71
2 791 9.53
2 792 8.20
2 793 7.96
2 794 8.65
2 795 7.33
2 796 8.62
2 797 8.44
2 798 8.11
2 799 7.54
2 800 7.77
