475.0	0.089193	0.087826	0.092147	0.093474	0.091031	0.080520	0.088099	0.080326	0.084649	0.086284	0.084302	0.086650	0.086405	0.089152	0.084180	0.090007	0.092021	0.093171	0.089386	0.089697
476.0	0.094402	0.092740	0.094094	0.096702	0.100716	0.090867	0.095321	0.095246	0.092802	0.091329	0.093584	0.095293	0.094789	0.096553	0.095989	0.093604	0.094164	0.097123	0.094995	0.092715
477.0	0.104038	0.104552	0.106476	0.105800	0.106004	0.105916	0.105488	0.105903	0.106972	0.102512	0.104535	0.108781	0.105246	0.104634	0.108001	0.105518	0.105593	0.107873	0.107674	0.106988
478.0	0.119099	0.118399	0.118051	0.117570	0.122425	0.117265	0.120016	0.118944	0.121731	0.117058	0.118797	0.124904	0.119029	0.119094	0.120882	0.119101	0.117251	0.120744	0.120908	0.119347
479.0	0.130516	0.133306	0.133299	0.133041	0.132918	0.136848	0.135738	0.132966	0.135535	0.133230	0.132407	0.135587	0.136704	0.136107	0.135846	0.134957	0.130423	0.134342	0.133062	0.135941
480.0	0.149814	0.149678	0.150606	0.152713	0.150619	0.150534	0.150822	0.150915	0.151419	0.149766	0.150150	0.152844	0.149663	0.151276	0.152258	0.150871	0.151709	0.149770	0.150152	0.151549
481.0	0.171569	0.167219	0.168664	0.172301	0.168376	0.168615	0.167683	0.169845	0.170649	0.168572	0.173637	0.170555	0.169015	0.172201	0.172433	0.169490	0.167024	0.168104	0.170953	0.168520
482.0	0.189329	0.188886	0.188697	0.191528	0.187859	0.185249	0.188350	0.189084	0.189626	0.192059	0.190388	0.191014	0.185554	0.187229	0.191363	0.189893	0.190511	0.188878	0.191753	0.191555
483.0	0.210355	0.212345	0.213489	0.208918	0.212852	0.209172	0.212100	0.212193	0.211245	0.212183	0.213564	0.208271	0.211641	0.210309	0.218050	0.211677	0.212512	0.210698	0.216264	0.214647
484.0	0.236185	0.232193	0.235052	0.233404	0.232891	0.232955	0.232378	0.236059	0.236632	0.234072	0.235551	0.233037	0.236819	0.231462	0.236865	0.234987	0.233598	0.239927	0.240162	0.235477
485.0	0.263824	0.261626	0.262766	0.261034	0.263005	0.256877	0.267240	0.261411	0.263480	0.258231	0.259066	0.260807	0.264981	0.257434	0.263407	0.261778	0.260342	0.261718	0.261839	0.260658
486.0	0.290950	0.287801	0.291035	0.294368	0.293064	0.295682	0.294713	0.292990	0.292662	0.288389	0.296531	0.294698	0.290983	0.292848	0.287055	0.287620	0.295115	0.294550	0.289154	0.289089
487.0	0.324688	0.320655	0.323033	0.320245	0.322844	0.315431	0.321935	0.324120	0.323306	0.322021	0.330205	0.328986	0.322242	0.319785	0.321529	0.315678	0.316830	0.328254	0.326315	0.323467
488.0	0.357887	0.347264	0.357814	0.355025	0.351511	0.354931	0.356658	0.358054	0.356480	0.358176	0.357087	0.352789	0.356912	0.350974	0.358289	0.355391	0.353117	0.360504	0.360204	0.353928
489.0	0.387307	0.387178	0.385360	0.392032	0.391033	0.383860	0.389992	0.388062	0.389092	0.384522	0.388497	0.391043	0.387603	0.388118	0.393602	0.389348	0.376832	0.389850	0.391463	0.387001
490.0	0.423745	0.420846	0.427096	0.430708	0.429163	0.428367	0.426937	0.420033	0.423390	0.422359	0.421605	0.432131	0.430229	0.425829	0.426020	0.423593	0.420548	0.427040	0.430318	0.424425
491.0	0.461802	0.471349	0.463268	0.464933	0.463397	0.464251	0.463048	0.467429	0.468091	0.463839	0.465183	0.463585	0.471718	0.462689	0.463649	0.463017	0.460264	0.465683	0.462162	0.466200
492.0	0.505257	0.497415	0.505839	0.504165	0.499022	0.494293	0.499160	0.496034	0.503795	0.501396	0.507346	0.501840	0.504683	0.507489	0.504172	0.498701	0.496266	0.499096	0.500725	0.500433
493.0	0.539266	0.530812	0.545072	0.549798	0.541605	0.541025	0.543883	0.540065	0.543435	0.540073	0.541302	0.544628	0.547877	0.542364	0.538906	0.537838	0.532839	0.544421	0.540457	0.537857
494.0	0.582451	0.576699	0.590425	0.585413	0.573612	0.576352	0.573883	0.582973	0.586168	0.575107	0.577240	0.579766	0.586241	0.583478	0.586086	0.571795	0.568840	0.586260	0.578728	0.578472
495.0	0.616190	0.621228	0.632718	0.622420	0.616752	0.618633	0.619995	0.620273	0.625808	0.619110	0.619685	0.620004	0.623752	0.611265	0.622557	0.615249	0.601413	0.621707	0.626347	0.619668
496.0	0.662074	0.663586	0.669725	0.661653	0.657665	0.656186	0.654995	0.663182	0.660388	0.656666	0.658170	0.663643	0.664389	0.647275	0.664817	0.651508	0.642557	0.656282	0.658775	0.655351
497.0	0.699861	0.694268	0.695323	0.696712	0.700526	0.704865	0.688051	0.690946	0.699466	0.685535	0.698635	0.704448	0.694228	0.688672	0.705050	0.682587	0.682559	0.693472	0.698799	0.695386
498.0	0.733330	0.734724	0.730938	0.742622	0.728080	0.723502	0.725274	0.726282	0.734889	0.730098	0.741363	0.726550	0.728044	0.730919	0.736021	0.722588	0.720275	0.725142	0.723047	0.734551
499.0	0.771387	0.762962	0.775736	0.779073	0.757860	0.764671	0.759997	0.755730	0.768063	0.758966	0.770793	0.758004	0.769818	0.752752	0.773939	0.756257	0.766562	0.759136	0.770667	0.764142
500.0	0.804586	0.794187	0.807455	0.797159	0.793764	0.798329	0.796942	0.796395	0.798988	0.799045	0.805315	0.794275	0.795962	0.784225	0.802884	0.789639	0.788277	0.800975	0.801342	0.800405
501.0	0.831847	0.832472	0.836393	0.821366	0.824101	0.825033	0.812775	0.826683	0.832724	0.830155	0.833046	0.833097	0.832337	0.823354	0.837329	0.822157	0.809135	0.834969	0.836107	0.819553
502.0	0.853709	0.850935	0.863382	0.864772	0.858334	0.854241	0.854165	0.862580	0.853247	0.853137	0.864173	0.860016	0.859617	0.844903	0.863380	0.849783	0.849423	0.857632	0.867366	0.854656
503.0	0.880430	0.871028	0.888424	0.890093	0.874755	0.882335	0.875554	0.879688	0.889232	0.886209	0.887377	0.892320	0.874395	0.873824	0.891746	0.873668	0.878567	0.878551	0.895704	0.881346
504.0	0.898784	0.901438	0.909571	0.912352	0.901753	0.905701	0.903610	0.906330	0.905819	0.910873	0.916806	0.904505	0.909348	0.893388	0.920401	0.901582	0.892281	0.900342	0.910020	0.909486
505.0	0.922806	0.922074	0.932387	0.925430	0.928471	0.931571	0.930277	0.927925	0.928029	0.927970	0.930389	0.933692	0.924409	0.920325	0.926480	0.924028	0.907996	0.925039	0.925795	0.923121
506.0	0.936032	0.945967	0.942404	0.942125	0.945449	0.934631	0.936944	0.944471	0.935620	0.938340	0.947933	0.940209	0.943733	0.939322	0.951372	0.951654	0.925140	0.935498	0.949167	0.949811
507.0	0.958704	0.962802	0.963828	0.957985	0.957417	0.959666	0.951666	0.959335	0.960922	0.954596	0.970288	0.957212	0.968172	0.953783	0.962082	0.946187	0.938283	0.949445	0.972538	0.975631
508.0	0.972469	0.978550	0.974958	0.974680	0.969385	0.973018	0.953055	0.968309	0.967951	0.970571	0.976796	0.972513	0.973572	0.969378	0.968450	0.966906	0.954855	0.961648	0.994157	0.968668
509.0	0.978677	0.979636	0.979410	0.991096	0.975786	0.976912	0.967222	0.993830	0.977509	0.979820	0.975381	0.983565	0.982949	0.975048	0.984370	0.975252	0.960284	0.966296	0.997955	0.975921
510.0	0.989743	0.977192	0.990540	0.996383	0.984971	0.983866	0.978611	0.985417	0.978915	0.986827	0.982739	0.984415	0.985507	0.979018	0.998553	0.986475	0.977713	0.993898	0.988314	0.988686
511.0	0.991903	0.982351	0.999722	0.999444	0.995547	0.968289	0.987222	0.982612	1.000000	1.000000	0.993775	0.991216	0.995737	0.982420	0.997105	0.986187	1.000000	1.000000	0.993865	0.992457
512.0	0.995412	0.992940	1.000000	0.988035	0.990815	0.993880	0.998611	0.994952	0.997470	0.989350	0.998019	0.994899	0.999432	0.994329	0.994500	0.982158	0.979999	0.992155	1.000000	0.993618
513.0	0.995142	1.000000	0.998331	0.990261	0.988589	1.000000	1.000000	1.000000	0.999438	0.994114	0.996604	0.998016	0.996306	1.000000	1.000000	0.993957	0.987714	0.999419	0.995910	1.000000
514.0	1.000000	0.996199	1.000000	1.000000	0.996660	0.989986	0.981111	0.992989	0.992409	0.995516	1.000000	1.000000	0.999716	0.987241	0.996527	0.997986	0.984857	0.992155	0.995618	0.998549
515.0	0.983536	0.987782	0.988592	0.991096	1.000000	0.984979	0.986389	0.984295	0.991566	0.986267	0.993209	0.997733	1.000000	0.980436	0.994500	1.000000	0.977713	0.989250	0.998539	0.993328
516.0	0.989204	0.976378	0.993044	0.985253	0.984414	0.984979	0.978611	0.982893	0.979196	0.978419	0.980192	0.994616	0.992043	0.984122	0.997105	0.992806	0.972570	0.988669	0.994741	0.975341
517.0	0.977598	0.969861	0.979688	0.974680	0.979404	0.978581	0.965277	0.976162	0.979477	0.973374	0.981324	0.979881	0.976413	0.969945	0.982054	0.972374	0.963427	0.986635	0.987146	0.968088
518.0	0.966531	0.967146	0.988592	0.966889	0.965766	0.960500	0.962222	0.968309	0.966545	0.966928	0.977645	0.971663	0.976413	0.953499	0.975686	0.962302	0.956855	0.979662	0.969617	0.971569
519.0	0.959244	0.952484	0.979688	0.962715	0.961035	0.946314	0.951666	0.956250	0.957548	0.957679	0.968307	0.966846	0.966467	0.950097	0.964977	0.950503	0.944855	0.948864	0.954718	0.963156
520.0	0.943319	0.948411	0.954090	0.957707	0.941553	0.949374	0.938610	0.941106	0.945178	0.943946	0.951329	0.947577	0.954532	0.945560	0.959766	0.939568	0.941712	0.936661	0.954425	0.952132
521.0	0.929824	0.940808	0.936839	0.944907	0.935708	0.931293	0.921943	0.917548	0.934495	0.931614	0.934350	0.928308	0.938618	0.932801	0.953688	0.934388	0.923426	0.927944	0.943616	0.933275
522.0	0.925775	0.911484	0.913744	0.917361	0.917060	0.915159	0.926110	0.909415	0.921001	0.913116	0.920485	0.913006	0.919578	0.913236	0.922138	0.917985	0.900853	0.916032	0.934268	0.924282
523.0	0.906072	0.894650	0.905397	0.902892	0.895630	0.895131	0.905832	0.886699	0.908069	0.903867	0.906053	0.900255	0.909348	0.895090	0.908534	0.893524	0.882852	0.904991	0.918784	0.896431
524.0	0.886638	0.869670	0.882303	0.884528	0.883940	0.875938	0.886387	0.876603	0.892606	0.881725	0.884830	0.881836	0.887467	0.864467	0.890588	0.867337	0.875709	0.889592	0.892783	0.885987
525.0	0.854519	0.861524	0.872008	0.860042	0.870581	0.858969	0.848609	0.853886	0.875176	0.847532	0.881435	0.862283	0.859617	0.853976	0.874379	0.854963	0.852851	0.866639	0.868243	0.864229
526.0	0.831307	0.834372	0.855870	0.850860	0.831894	0.837829	0.827498	0.840986	0.849311	0.830716	0.846063	0.843864	0.842567	0.832144	0.848328	0.835970	0.826279	0.845429	0.844871	0.841601
527.0	0.806475	0.812922	0.820255	0.825818	0.819091	0.817244	0.812497	0.812941	0.822322	0.816422	0.808145	0.823179	0.817844	0.812012	0.825172	0.820430	0.807992	0.825090	0.818870	0.816942
528.0	0.798378	0.786585	0.803838	0.797993	0.799052	0.806674	0.789997	0.791907	0.796739	0.799886	0.795977	0.797392	0.799941	0.789329	0.801148	0.795394	0.781420	0.792839	0.793162	0.793733
529.0	0.779485	0.769750	0.771284	0.780464	0.764819	0.778023	0.766941	0.768350	0.769187	0.772699	0.769095	0.771606	0.776354	0.762960	0.774229	0.769207	0.762848	0.768724	0.778262	0.774876
530.0	0.754923	0.750744	0.750415	0.748465	0.737821	0.748815	0.746385	0.746755	0.756255	0.739627	0.749570	0.755454	0.758735	0.745380	0.748178	0.759135	0.740561	0.748676	0.761026	0.749926
531.0	0.719835	0.723592	0.731773	0.724815	0.724184	0.721277	0.719441	0.725722	0.728142	0.723091	0.724385	0.731934	0.732875	0.715041	0.736021	0.724602	0.716846	0.725723	0.733564	0.725847
532.0	0.695543	0.700784	0.706453	0.701998	0.699970	0.697076	0.695274	0.696555	0.702558	0.694783	0.704577	0.700481	0.701332	0.696611	0.707945	0.694674	0.693988	0.706256	0.705226	0.694806
533.0	0.677189	0.675261	0.673342	0.676121	0.677147	0.678995	0.662773	0.669071	0.674726	0.672922	0.677695	0.677528	0.675188	0.680165	0.685078	0.676544	0.670844	0.671390	0.688866	0.683782
534.0	0.653977	0.652182	0.651361	0.651636	0.646532	0.650344	0.645273	0.642989	0.654484	0.649099	0.657604	0.652025	0.645918	0.652662	0.663369	0.655537	0.636271	0.658025	0.664326	0.655931
535.0	0.634544	0.627202	0.634944	0.632715	0.625936	0.629482	0.627217	0.622517	0.622716	0.625556	0.635815	0.630772	0.635688	0.628845	0.634135	0.618702	0.621128	0.636234	0.638910	0.625760
536.0	0.608632	0.603580	0.607398	0.610177	0.609515	0.598605	0.605828	0.605970	0.603317	0.602294	0.608933	0.605836	0.608975	0.598789	0.614742	0.604889	0.600270	0.610085	0.615538	0.613866
537.0	0.584880	0.577514	0.582356	0.588196	0.585858	0.581915	0.585550	0.584376	0.591509	0.577349	0.587710	0.580899	0.582547	0.579225	0.592744	0.581292	0.580840	0.587422	0.586324	0.590657
538.0	0.562478	0.557421	0.569279	0.569275	0.568880	0.560496	0.566661	0.563622	0.570424	0.562495	0.566487	0.562197	0.565780	0.572420	0.563509	0.561723	0.555125	0.578125	0.569087	0.564257
539.0	0.543854	0.548732	0.552862	0.547850	0.544388	0.544085	0.544160	0.540065	0.542592	0.543436	0.543000	0.544062	0.545888	0.544916	0.545853	0.539565	0.533696	0.544421	0.539873	0.543659
540.0	0.527390	0.527282	0.531716	0.531712	0.524071	0.528785	0.523327	0.528286	0.526286	0.524378	0.522909	0.525926	0.527133	0.522517	0.527907	0.525176	0.519981	0.525245	0.530524	0.520741
541.0	0.506067	0.510720	0.506952	0.506391	0.503197	0.499578	0.499993	0.505850	0.506044	0.504479	0.508477	0.509207	0.499283	0.506922	0.508803	0.503018	0.498552	0.505488	0.512995	0.507106
542.0	0.486364	0.492256	0.487197	0.484966	0.482601	0.487339	0.487215	0.482853	0.485240	0.488783	0.487820	0.486538	0.484791	0.481970	0.489989	0.491219	0.479122	0.492123	0.496343	0.490860
543.0	0.466660	0.467548	0.478293	0.469385	0.470633	0.473708	0.463048	0.474720	0.469215	0.464400	0.468861	0.469536	0.473424	0.463824	0.479569	0.467334	0.457693	0.475852	0.472387	0.468231
544.0	0.450196	0.446641	0.452138	0.450742	0.448646	0.453124	0.456104	0.455369	0.456002	0.457673	0.453298	0.453951	0.454100	0.448796	0.454097	0.447190	0.445692	0.455223	0.448724	0.451695
545.0	0.437240	0.432250	0.440174	0.433213	0.429720	0.431705	0.436103	0.443591	0.432949	0.439455	0.442545	0.432131	0.445006	0.428948	0.442519	0.431938	0.430263	0.434304	0.442004	0.437480
546.0	0.421316	0.418131	0.425983	0.423474	0.420813	0.413624	0.411103	0.417789	0.417767	0.416473	0.416511	0.417963	0.425398	0.421292	0.423705	0.421578	0.418834	0.419486	0.430026	0.420073
547.0	0.403502	0.408085	0.405671	0.403997	0.409959	0.401663	0.403047	0.405169	0.407365	0.397415	0.404627	0.407195	0.400959	0.401728	0.409232	0.407477	0.400262	0.398857	0.407531	0.400926
548.0	0.388117	0.392065	0.396489	0.395093	0.390198	0.389146	0.388325	0.389184	0.387967	0.387325	0.392742	0.389343	0.383056	0.385566	0.396496	0.391362	0.391119	0.392465	0.388542	0.395414
549.0	0.378670	0.373058	0.378125	0.379511	0.377674	0.378575	0.377214	0.383575	0.379533	0.377235	0.378310	0.374041	0.374531	0.375642	0.379129	0.378988	0.369689	0.376775	0.380946	0.374236
550.0	0.363015	0.360840	0.364770	0.365877	0.362923	0.358825	0.356936	0.360578	0.362946	0.364062	0.361615	0.363840	0.367142	0.358063	0.362052	0.365175	0.353117	0.366606	0.365755	0.362922
551.0	0.347900	0.345635	0.353640	0.347235	0.347058	0.343526	0.341658	0.349080	0.347765	0.345564	0.345485	0.350805	0.349807	0.346437	0.353079	0.348196	0.339117	0.348301	0.353192	0.349867
552.0	0.336564	0.329887	0.336667	0.333600	0.332029	0.327393	0.329435	0.333094	0.337644	0.328187	0.332186	0.337203	0.337872	0.334245	0.337449	0.334959	0.327116	0.334065	0.341507	0.336522
553.0	0.320370	0.315768	0.324424	0.321079	0.314216	0.320438	0.316102	0.319913	0.317402	0.319779	0.321999	0.328419	0.321390	0.316666	0.323555	0.317405	0.317401	0.323314	0.322517	0.325788
554.0	0.310653	0.304364	0.313851	0.310784	0.308372	0.312093	0.309991	0.304208	0.312341	0.309689	0.309548	0.307166	0.311160	0.309577	0.309082	0.300714	0.306258	0.310530	0.311708	0.304320
555.0	0.296888	0.295132	0.298826	0.297985	0.294177	0.292344	0.289435	0.296355	0.301096	0.300440	0.293419	0.295832	0.293541	0.292281	0.293742	0.295822	0.291400	0.298618	0.303528	0.297937
556.0	0.285282	0.279384	0.285748	0.288246	0.285828	0.280382	0.284712	0.281211	0.285915	0.283064	0.284363	0.287614	0.284731	0.282499	0.287663	0.284800	0.287115	0.285630	0.288482	0.285695
557.0	0.273945	0.275311	0.274257	0.277033	0.271717	0.270535	0.271546	0.274368	0.269777	0.274347	0.277431	0.271405	0.270693	0.272462	0.277677	0.272253	0.271428	0.271713	0.273554	0.270116
558.0	0.259181	0.257363	0.262710	0.264401	0.258691	0.257016	0.255045	0.261636	0.257548	0.257811	0.263650	0.259447	0.265009	0.265883	0.265983	0.260973	0.261942	0.260353	0.262832	0.261239
559.0	0.250895	0.249842	0.255142	0.253159	0.248505	0.250313	0.246684	0.252633	0.251560	0.247189	0.252359	0.249359	0.250517	0.249835	0.255621	0.247649	0.245170	0.253350	0.253542	0.251607
560.0	0.236050	0.239823	0.243734	0.243226	0.236314	0.239909	0.241740	0.241696	0.245487	0.238724	0.244889	0.241227	0.241934	0.238465	0.245722	0.242469	0.239284	0.241264	0.247056	0.242208
561.0	0.228358	0.230700	0.233773	0.232597	0.232585	0.232677	0.229462	0.238218	0.238965	0.231830	0.234079	0.228419	0.231278	0.226159	0.232841	0.232368	0.231227	0.236440	0.235078	0.231386
562.0	0.221637	0.216472	0.227011	0.224918	0.221396	0.227447	0.221378	0.224084	0.224655	0.222188	0.221148	0.222666	0.224202	0.220432	0.219295	0.227246	0.222112	0.222581	0.222370	0.224830
563.0	0.215537	0.210390	0.217106	0.216264	0.213742	0.213289	0.216462	0.214969	0.213016	0.213220	0.210961	0.211133	0.216302	0.210565	0.217906	0.215649	0.209511	0.213429	0.211327	0.216040
564.0	0.207629	0.201566	0.206839	0.205329	0.205114	0.205862	0.206739	0.202601	0.204385	0.203803	0.202783	0.205381	0.205929	0.202030	0.204967	0.205116	0.206597	0.207211	0.202533	0.208526
565.0	0.199127	0.197656	0.197879	0.198206	0.192757	0.195375	0.195739	0.195282	0.195923	0.193348	0.197236	0.198580	0.200189	0.196416	0.198165	0.200742	0.197882	0.199890	0.198268	0.200432
566.0	0.189329	0.187963	0.191758	0.188801	0.189946	0.187669	0.190267	0.189729	0.187658	0.183847	0.188323	0.194443	0.185242	0.189724	0.188845	0.186555	0.185682	0.191318	0.189971	0.189582
567.0	0.179585	0.175989	0.179459	0.181094	0.180733	0.180493	0.179072	0.176576	0.182963	0.181689	0.184163	0.179793	0.184219	0.180424	0.182187	0.179677	0.175567	0.183968	0.179074	0.182271
568.0	0.171974	0.173382	0.171307	0.170659	0.172300	0.177294	0.172294	0.173603	0.173432	0.169441	0.170496	0.175032	0.173732	0.169338	0.174170	0.168540	0.171024	0.174641	0.175247	0.175309
569.0	0.167440	0.163689	0.167022	0.162006	0.164647	0.166751	0.163739	0.165274	0.164605	0.163555	0.163619	0.167580	0.166600	0.160576	0.167860	0.165519	0.164281	0.167435	0.169434	0.165822
570.0	0.154970	0.156466	0.158842	0.160726	0.156993	0.158100	0.158377	0.157814	0.154568	0.156352	0.155866	0.161260	0.156511	0.157457	0.155471	0.154756	0.159652	0.160753	0.161020	0.156480
571.0	0.150408	0.151932	0.147211	0.152768	0.147279	0.151619	0.145738	0.151307	0.149957	0.149374	0.148848	0.149727	0.148668	0.147618	0.151564	0.148598	0.151452	0.149944	0.154651	0.152622
572.0	0.144551	0.139496	0.143510	0.146563	0.144106	0.143024	0.140099	0.139108	0.139668	0.143039	0.142425	0.143012	0.143610	0.143167	0.143922	0.145001	0.144680	0.145499	0.145361	0.146095
573.0	0.137318	0.133061	0.135580	0.136936	0.137288	0.137766	0.133988	0.136612	0.135676	0.136593	0.136341	0.140093	0.134545	0.135681	0.137467	0.136339	0.132051	0.138381	0.136246	0.138958
574.0	0.129868	0.129043	0.130182	0.129479	0.128409	0.129143	0.130683	0.132910	0.133567	0.130511	0.130625	0.132499	0.130651	0.128281	0.130173	0.129777	0.128680	0.129897	0.130199	0.129732
575.0	0.123957	0.123395	0.127344	0.122773	0.121368	0.123747	0.126544	0.123767	0.126145	0.124401	0.124880	0.126095	0.125394	0.125587	0.125658	0.124626	0.122394	0.126323	0.126225	0.124627
576.0	0.119099	0.121440	0.119442	0.119184	0.118139	0.119129	0.120710	0.117261	0.117739	0.115208	0.117353	0.120059	0.117267	0.118896	0.120766	0.117921	0.118336	0.118769	0.117403	0.118679
577.0	0.111919	0.116173	0.114350	0.113786	0.110875	0.113315	0.114849	0.111400	0.115265	0.112658	0.113533	0.111756	0.112919	0.115550	0.113848	0.111043	0.109936	0.114904	0.112991	0.111601
578.0	0.108518	0.106697	0.108507	0.111532	0.108203	0.107975	0.107099	0.106015	0.107168	0.105595	0.108242	0.107761	0.106752	0.106363	0.107249	0.108569	0.104479	0.109965	0.108667	0.105392
579.0	0.101636	0.101049	0.103888	0.104326	0.102971	0.101744	0.102460	0.101332	0.103261	0.102904	0.106233	0.103454	0.102746	0.105172	0.101894	0.103763	0.100593	0.104793	0.103438	0.101447
580.0	0.094618	0.098524	0.097016	0.094921	0.099881	0.096570	0.098182	0.098303	0.099269	0.099765	0.101252	0.100762	0.096465	0.098084	0.098797	0.099417	0.098650	0.099157	0.097449	0.096834
581.0	0.093619	0.094370	0.092258	0.091109	0.094426	0.092759	0.089626	0.091880	0.093252	0.091610	0.093046	0.093479	0.091407	0.091364	0.092516	0.092943	0.092393	0.096542	0.093184	0.096892
582.0	0.088842	0.089129	0.090477	0.089078	0.088999	0.088169	0.086793	0.088122	0.090525	0.088470	0.090414	0.088152	0.088338	0.089492	0.088203	0.086640	0.088478	0.088523	0.092191	0.088276
583.0	0.086494	0.085138	0.083549	0.084153	0.087245	0.086333	0.085099	0.082738	0.082597	0.085303	0.084161	0.086168	0.086945	0.086203	0.083717	0.085432	0.083621	0.081201	0.085647	0.086245
584.0	0.079098	0.082721	0.079431	0.079896	0.083043	0.079268	0.078293	0.080158	0.079673	0.079950	0.082350	0.081152	0.082938	0.081837	0.083224	0.081950	0.080535	0.083206	0.082696	0.081894
585.0	0.075859	0.078676	0.077845	0.076000	0.078450	0.077237	0.074765	0.077185	0.077368	0.077876	0.077398	0.077554	0.078846	0.078604	0.077754	0.078583	0.078763	0.079690	0.078869	0.074322
586.0	0.074051	0.070449	0.071250	0.071966	0.075946	0.074567	0.070710	0.073118	0.076974	0.070841	0.072531	0.073502	0.076800	0.072338	0.076799	0.074180	0.071363	0.072804	0.075597	0.073654
587.0	0.069867	0.067380	0.068691	0.070630	0.068987	0.067362	0.069765	0.069781	0.072111	0.068795	0.069927	0.071320	0.071429	0.067518	0.070199	0.068022	0.068592	0.070567	0.070367	0.071508
588.0	0.068410	0.066050	0.066186	0.067903	0.064256	0.064914	0.065737	0.067538	0.067275	0.065909	0.066107	0.068061	0.067621	0.064541	0.067768	0.065719	0.065563	0.066499	0.068118	0.066750
589.0	0.064550	0.064964	0.063320	0.063813	0.062948	0.064664	0.063959	0.062546	0.065532	0.062517	0.063249	0.065341	0.061910	0.061649	0.063687	0.064942	0.063049	0.064407	0.065255	0.062630
590.0	0.061932	0.061000	0.061846	0.061587	0.058912	0.061298	0.058348	0.062574	0.062496	0.060499	0.061664	0.062989	0.061142	0.060571	0.063137	0.062036	0.060191	0.061356	0.060668	0.061615
591.0	0.058828	0.056737	0.057171	0.058749	0.059191	0.058377	0.056598	0.057105	0.058532	0.058481	0.058806	0.059277	0.059778	0.057679	0.058187	0.058381	0.057505	0.058741	0.057980	0.059439
592.0	0.054429	0.057334	0.055224	0.054881	0.055405	0.055735	0.055154	0.054609	0.056227	0.057612	0.053996	0.054346	0.056908	0.053908	0.057290	0.056626	0.056820	0.054993	0.054708	0.056741
593.0	0.051703	0.051388	0.054305	0.052043	0.053568	0.054455	0.052709	0.054889	0.052600	0.051671	0.053090	0.052816	0.051821	0.054277	0.054858	0.053259	0.055048	0.054877	0.054445	0.053637
594.0	0.050218	0.050057	0.051106	0.049038	0.050674	0.049560	0.049654	0.050458	0.050801	0.048980	0.050629	0.051881	0.049349	0.051470	0.050285	0.049921	0.051819	0.051420	0.049654	0.051229
595.0	0.048464	0.048944	0.047961	0.048036	0.046193	0.047918	0.048043	0.050178	0.047764	0.048139	0.048902	0.048905	0.048923	0.048889	0.049764	0.047072	0.047191	0.049502	0.046733	0.048415
596.0	0.043497	0.046283	0.046375	0.046172	0.045302	0.046667	0.047793	0.044316	0.046837	0.046121	0.045733	0.046837	0.047559	0.046252	0.045827	0.047043	0.047191	0.046248	0.046821	0.047052
597.0	0.044712	0.045034	0.043955	0.043891	0.044523	0.044414	0.045181	0.043727	0.043885	0.043487	0.044318	0.043210	0.043154	0.043729	0.043801	0.046295	0.044162	0.044301	0.047259	0.047110
598.0	0.043147	0.040853	0.041339	0.043000	0.042408	0.043356	0.042487	0.042690	0.044278	0.043291	0.043243	0.042416	0.041136	0.041772	0.042267	0.042122	0.040905	0.041774	0.044805	0.044150
599.0	0.039584	0.039631	0.041033	0.038520	0.039541	0.040714	0.041904	0.041456	0.040314	0.040600	0.041545	0.040971	0.041165	0.038257	0.039749	0.040309	0.039476	0.039507	0.040773	0.040118
600.0	0.039125	0.040310	0.037778	0.037602	0.037426	0.038989	0.038737	0.038371	0.039246	0.038049	0.037668	0.037514	0.039090	0.038568	0.037954	0.037633	0.038676	0.038316	0.038933	0.038522
601.0	0.035454	0.039522	0.037861	0.036406	0.037342	0.038016	0.036487	0.038455	0.036266	0.036396	0.036338	0.036125	0.035879	0.035166	0.038823	0.037949	0.037619	0.035643	0.037647	0.036579
602.0	0.034698	0.037404	0.037360	0.035961	0.034003	0.034900	0.034265	0.036324	0.034298	0.035471	0.033594	0.035870	0.033748	0.034145	0.036362	0.034813	0.035933	0.035236	0.036858	0.034693
603.0	0.034455	0.033495	0.034773	0.034263	0.034225	0.032842	0.032431	0.031416	0.032864	0.033173	0.033848	0.033008	0.032270	0.033720	0.035639	0.035532	0.034647	0.034684	0.035777	0.035505
604.0	0.031271	0.033467	0.032185	0.033428	0.032277	0.031785	0.032820	0.032033	0.030896	0.033229	0.032830	0.032130	0.033066	0.031877	0.032860	0.032568	0.034505	0.031691	0.034930	0.032256
605.0	0.031513	0.030508	0.030349	0.031676	0.029883	0.029810	0.029348	0.032061	0.030643	0.030482	0.031867	0.030005	0.029798	0.029580	0.031818	0.030237	0.029619	0.030326	0.031308	0.030515
606.0	0.028221	0.029069	0.028679	0.029783	0.029549	0.029170	0.028320	0.029986	0.028985	0.029137	0.030651	0.030118	0.029684	0.029580	0.028006	0.027946	0.028427	0.028972	0.029701	0.029413
607.0	0.027951	0.028173	0.027900	0.026027	0.028213	0.028419	0.027187	0.029705	0.027554	0.027657	0.028158	0.028055	0.028661	0.028304	0.027893	0.027877	0.027559	0.027293	0.027659	0.030341
608.0	0.026893	0.026191	0.026968	0.027633	0.025277	0.027918	0.025545	0.026228	0.026960	0.027206	0.025580	0.027559	0.027513	0.027207	0.027025	0.026910	0.026936	0.026985	0.026990	0.026628
609.0	0.025511	0.025262	0.023868	0.025810	0.025244	0.025487	0.024498	0.025181	0.025515	0.026306	0.024870	0.026995	0.025768	0.024737	0.025656	0.025518	0.027104	0.026677	0.025295	0.026703
610.0	0.024310	0.023853	0.022755	0.025729	0.023696	0.024742	0.025078	0.025257	0.023705	0.024137	0.023242	0.024357	0.024899	0.024125	0.025016	0.024605	0.025787	0.025526	0.024261	0.024934
611.0	0.022798	0.023242	0.022691	0.024185	0.022931	0.022958	0.024103	0.022907	0.023210	0.022273	0.022563	0.023564	0.022608	0.022863	0.024527	0.024418	0.022667	0.023591	0.024933	0.024655
612.0	0.022593	0.021409	0.022552	0.022941	0.021968	0.021576	0.022545	0.022444	0.021290	0.022786	0.022518	0.022580	0.021699	0.022480	0.023282	0.021938	0.022007	0.023658	0.022140	0.022946
613.0	0.022620	0.021501	0.021548	0.021973	0.020955	0.021017	0.021487	0.022506	0.020191	0.021264	0.021409	0.021053	0.021804	0.021366	0.020631	0.020649	0.021655	0.020238	0.021419	0.022659
614.0	0.020731	0.020187	0.020479	0.021197	0.020924	0.021000	0.020156	0.020734	0.020309	0.020751	0.019838	0.021076	0.019138	0.019863	0.019974	0.021040	0.019424	0.020186	0.020615	0.021774
615.0	0.018361	0.019571	0.019672	0.019352	0.018695	0.019910	0.018345	0.018532	0.020247	0.018789	0.020158	0.019319	0.018866	0.019906	0.020414	0.019840	0.018450	0.018341	0.019753	0.019181
616.0	0.016798	0.019134	0.018710	0.019271	0.017356	0.017537	0.019470	0.018810	0.017331	0.018657	0.017498	0.018372	0.017999	0.018159	0.019077	0.018568	0.017698	0.018271	0.018970	0.017191
617.0	0.016588	0.017290	0.017711	0.017994	0.017740	0.017267	0.018962	0.018675	0.018428	0.018282	0.016850	0.018463	0.017720	0.017269	0.018388	0.017621	0.018167	0.016446	0.018471	0.016274
618.0	0.017376	0.018317	0.017619	0.017527	0.016605	0.017437	0.017028	0.017287	0.016679	0.015409	0.016961	0.017650	0.017882	0.015638	0.017129	0.017250	0.016572	0.016266	0.017121	0.017588
619.0	0.016153	0.016367	0.016000	0.016035	0.016093	0.016452	0.015823	0.015531	0.016193	0.016068	0.017478	0.016531	0.016265	0.015993	0.016194	0.016764	0.016415	0.015209	0.016113	0.016486
620.0	0.014477	0.015411	0.015240	0.015059	0.016644	0.016146	0.015795	0.015256	0.015049	0.015502	0.015415	0.015887	0.015131	0.013753	0.016330	0.016038	0.015309	0.014840	0.015970	0.015610
621.0	0.015081	0.014073	0.013754	0.014232	0.015082	0.014622	0.014228	0.015666	0.014470	0.013938	0.014476	0.015227	0.014353	0.014604	0.014987	0.014844	0.014452	0.014732	0.014273	0.013469
622.0	0.014528	0.014097	0.013445	0.013272	0.013560	0.014013	0.013187	0.013694	0.014728	0.013506	0.013409	0.014357	0.014410	0.014484	0.014037	0.014024	0.013447	0.014918	0.014141	0.014266
623.0	0.013759	0.014594	0.013106	0.013553	0.013190	0.012958	0.012184	0.012917	0.012901	0.013187	0.013421	0.013331	0.013219	0.013384	0.014110	0.014136	0.013435	0.013773	0.013163	0.012616
624.0	0.012542	0.013071	0.012716	0.013628	0.012936	0.011565	0.012156	0.013218	0.012524	0.012040	0.012478	0.013422	0.012486	0.012001	0.012138	0.012493	0.011752	0.013250	0.012727	0.012784
625.0	0.011972	0.013084	0.012168	0.012822	0.011559	0.011164	0.011506	0.012595	0.011661	0.012735	0.013321	0.012708	0.012094	0.012080	0.011473	0.012545	0.011906	0.011609	0.012336	0.013370
626.0	0.010258	0.012224	0.011932	0.011461	0.010816	0.011615	0.011625	0.012085	0.011568	0.011160	0.012110	0.011234	0.011068	0.011864	0.011227	0.011117	0.011824	0.011054	0.011056	0.011777
627.0	0.010509	0.010855	0.011498	0.010640	0.010727	0.010647	0.011334	0.011389	0.010177	0.011219	0.011015	0.012226	0.009704	0.010991	0.011146	0.009995	0.010398	0.011342	0.011065	0.011075
628.0	0.010501	0.010413	0.011066	0.010292	0.009741	0.010380	0.010012	0.010071	0.011737	0.010586	0.010121	0.010894	0.010013	0.010662	0.010300	0.010001	0.009729	0.010249	0.010855	0.009984
629.0	0.010199	0.009842	0.009898	0.009939	0.009608	0.010970	0.009264	0.009580	0.010376	0.009229	0.010053	0.009271	0.010258	0.010192	0.010271	0.010519	0.009346	0.009642	0.010487	0.010158
630.0	0.009367	0.009052	0.009286	0.009783	0.009318	0.009045	0.009981	0.009398	0.010272	0.008694	0.009448	0.008387	0.010090	0.010243	0.009429	0.010792	0.009866	0.008942	0.009435	0.009352
631.0	0.008936	0.008395	0.009208	0.009558	0.008703	0.009148	0.008828	0.009244	0.009063	0.007917	0.009190	0.008843	0.008738	0.008984	0.008402	0.009046	0.008418	0.008956	0.009511	0.008963
632.0	0.008266	0.008686	0.008362	0.007991	0.009229	0.009373	0.009228	0.008610	0.009195	0.008845	0.009261	0.008857	0.008797	0.008300	0.008642	0.008827	0.009189	0.009067	0.008351	0.009010
633.0	0.008021	0.007896	0.006948	0.008428	0.008828	0.007673	0.008842	0.008601	0.008900	0.007760	0.007914	0.008347	0.008934	0.008088	0.008448	0.008358	0.008769	0.009148	0.008184	0.008189
634.0	0.007613	0.006788	0.006784	0.008297	0.007748	0.008324	0.007942	0.008509	0.007812	0.007945	0.008174	0.007990	0.007825	0.007101	0.007582	0.007799	0.007895	0.008224	0.008018	0.008456
635.0	0.007586	0.007309	0.007544	0.006870	0.006941	0.007462	0.007311	0.007477	0.007140	0.007828	0.007911	0.007534	0.007950	0.007138	0.007771	0.007330	0.007338	0.007904	0.007656	0.007867
636.0	0.006555	0.007046	0.007215	0.007340	0.007256	0.007531	0.007636	0.007308	0.007022	0.007379	0.007280	0.007247	0.007592	0.006829	0.007316	0.007241	0.006909	0.007634	0.007840	0.007443
637.0	0.006733	0.006568	0.006345	0.006720	0.006908	0.006864	0.006261	0.006588	0.006825	0.006536	0.006884	0.007403	0.006382	0.006795	0.007197	0.006890	0.006806	0.007416	0.006145	0.007156
638.0	0.006981	0.006557	0.006439	0.007401	0.006922	0.006252	0.005917	0.006156	0.006367	0.006628	0.006397	0.006607	0.005899	0.006625	0.006358	0.005992	0.006378	0.005946	0.006458	0.006576
639.0	0.006525	0.005672	0.006781	0.006249	0.005658	0.006661	0.006150	0.006680	0.006168	0.006199	0.006106	0.006321	0.006473	0.006696	0.005724	0.006263	0.005661	0.006362	0.006627	0.006692
640.0	0.005937	0.005881	0.005830	0.006227	0.005591	0.006029	0.005964	0.006599	0.005996	0.005230	0.006556	0.005746	0.005839	0.006165	0.006014	0.006263	0.005069	0.005844	0.005964	0.006123
641.0	0.005991	0.005645	0.005994	0.006180	0.005820	0.005765	0.005653	0.005351	0.005307	0.005373	0.005630	0.005499	0.005646	0.005337	0.005944	0.005388	0.005149	0.005708	0.006043	0.006294
642.0	0.005648	0.005541	0.004759	0.005651	0.005458	0.005542	0.005373	0.005014	0.005403	0.005190	0.005186	0.005536	0.005151	0.005678	0.005368	0.006116	0.004626	0.005769	0.005798	0.005612
643.0	0.005502	0.005142	0.005248	0.005788	0.005661	0.005465	0.004845	0.005073	0.005569	0.005302	0.005322	0.005394	0.005549	0.005162	0.005394	0.004919	0.004809	0.005438	0.004988	0.005232
644.0	0.005054	0.004371	0.005048	0.005086	0.004456	0.005070	0.004450	0.005093	0.004436	0.004790	0.005053	0.004895	0.005302	0.005414	0.005328	0.005063	0.004209	0.004967	0.005441	0.005372
645.0	0.004334	0.004575	0.005023	0.005134	0.004478	0.004360	0.005089	0.004888	0.004925	0.004223	0.004895	0.005352	0.004608	0.004793	0.005235	0.004637	0.003972	0.004206	0.004831	0.004725
646.0	0.004218	0.004673	0.004450	0.005159	0.004681	0.004574	0.004578	0.004625	0.004160	0.004302	0.004691	0.004422	0.004461	0.004161	0.004772	0.004246	0.004746	0.004557	0.004308	0.004426
647.0	0.004169	0.004249	0.004004	0.004129	0.004801	0.004013	0.004614	0.003635	0.003446	0.004565	0.004363	0.004130	0.004341	0.004331	0.004459	0.004922	0.003718	0.004458	0.004463	0.005183
648.0	0.004342	0.004252	0.003509	0.003929	0.004150	0.004110	0.004203	0.003923	0.003820	0.004226	0.004589	0.004589	0.004120	0.003639	0.004193	0.004280	0.003906	0.004720	0.004474	0.004014
649.0	0.003529	0.004447	0.004436	0.003255	0.003796	0.003262	0.004086	0.003949	0.004062	0.004293	0.004026	0.003975	0.003716	0.004501	0.003915	0.004366	0.004052	0.004275	0.004278	0.004266
650.0	0.003656	0.003910	0.003821	0.004118	0.003551	0.003695	0.003834	0.003831	0.003590	0.004291	0.003579	0.004009	0.004131	0.003923	0.003333	0.004646	0.003886	0.004636	0.004451	0.003892
651.0	0.004563	0.003698	0.003490	0.003623	0.003635	0.003231	0.003617	0.003579	0.003620	0.003626	0.003633	0.003804	0.004168	0.003818	0.003959	0.003995	0.003446	0.003535	0.003978	0.004269
652.0	0.004485	0.003573	0.003771	0.003267	0.003707	0.003309	0.003739	0.003405	0.003140	0.003921	0.003115	0.003736	0.003639	0.003733	0.003362	0.003483	0.004000	0.003552	0.003767	0.003498
653.0	0.003748	0.003505	0.004077	0.003392	0.003518	0.003239	0.003295	0.003105	0.003460	0.003447	0.003137	0.003569	0.003213	0.003540	0.003411	0.004116	0.003229	0.003572	0.003487	0.003303
654.0	0.003241	0.003027	0.003623	0.003520	0.003685	0.002908	0.003136	0.003256	0.003601	0.003100	0.002919	0.003609	0.004066	0.003046	0.003348	0.003500	0.002760	0.003447	0.003624	0.003051
655.0	0.003049	0.002457	0.003640	0.003127	0.002662	0.003545	0.003161	0.003214	0.003545	0.003458	0.003296	0.003745	0.003043	0.002655	0.003119	0.003224	0.002895	0.003154	0.003434	0.003271
656.0	0.003187	0.002905	0.003682	0.003587	0.003059	0.003414	0.002978	0.003674	0.003179	0.003576	0.003850	0.002872	0.003333	0.003253	0.002840	0.003362	0.003489	0.003052	0.003238	0.003138
657.0	0.003408	0.002919	0.003259	0.003016	0.002986	0.003506	0.002641	0.003601	0.003857	0.003691	0.003234	0.002929	0.002841	0.003256	0.003142	0.002942	0.003092	0.003046	0.003177	0.002926
658.0	0.002938	0.002984	0.002933	0.002513	0.003123	0.002956	0.002635	0.002582	0.003258	0.002816	0.003016	0.002813	0.003077	0.003276	0.002678	0.002948	0.002750	0.002858	0.003218	0.003088
659.0	0.002669	0.003041	0.003167	0.002777	0.003042	0.002864	0.003098	0.003447	0.002741	0.002358	0.003638	0.002980	0.002663	0.002417	0.002902	0.003175	0.003480	0.002930	0.002987	0.003373
660.0	0.003065	0.002734	0.002892	0.002699	0.003137	0.002579	0.002809	0.003273	0.002934	0.002794	0.002902	0.002648	0.003389	0.003015	0.002937	0.002835	0.003292	0.003308	0.003180	0.003155
661.0	0.002309	0.002696	0.002739	0.002986	0.002822	0.002335	0.003006	0.003166	0.003280	0.002619	0.002985	0.003031	0.002581	0.003758	0.003012	0.002539	0.002488	0.002898	0.003005	0.003811
662.0	0.002407	0.002635	0.002689	0.003027	0.002474	0.003003	0.003403	0.002640	0.002445	0.003035	0.003075	0.003039	0.003296	0.002984	0.002809	0.002805	0.002538	0.002525	0.002721	0.003115
663.0	0.002261	0.002614	0.002682	0.003150	0.003234	0.002864	0.002429	0.003346	0.002200	0.002742	0.003143	0.002821	0.003665	0.002645	0.002820	0.003561	0.002843	0.002444	0.002449	0.003300
664.0	0.002502	0.002483	0.002703	0.002503	0.002747	0.002462	0.002786	0.002964	0.002850	0.002681	0.002781	0.002300	0.002918	0.002905	0.003148	0.002953	0.002178	0.002204	0.002535	0.002542
665.0	0.002728	0.002409	0.002978	0.002723	0.003153	0.002755	0.002194	0.002925	0.002870	0.002510	0.002951	0.002652	0.003020	0.002882	0.003099	0.002730	0.002708	0.002659	0.003011	0.002455
666.0	0.002587	0.002251	0.002861	0.002211	0.003126	0.002512	0.002461	0.002219	0.003252	0.002417	0.002775	0.003113	0.003401	0.002294	0.003371	0.002514	0.002632	0.002326	0.002768	0.002446
667.0	0.002698	0.002286	0.002737	0.002341	0.002596	0.002574	0.002311	0.002583	0.002587	0.002676	0.002523	0.002033	0.002606	0.002656	0.002762	0.002701	0.002637	0.002204	0.002534	0.001946
668.0	0.002423	0.002468	0.003078	0.002596	0.002260	0.002662	0.002649	0.002708	0.002462	0.002219	0.002524	0.002269	0.002654	0.002523	0.002726	0.002361	0.002023	0.003209	0.002301	0.002792
669.0	0.002017	0.002187	0.002964	0.002562	0.002177	0.002102	0.002534	0.002086	0.002712	0.002136	0.002375	0.002344	0.002421	0.002559	0.002390	0.002437	0.002435	0.002665	0.002637	0.002398
670.0	0.002255	0.001930	0.002489	0.002203	0.002252	0.002259	0.002586	0.002018	0.003005	0.002210	0.002013	0.002157	0.001956	0.002427	0.002425	0.002641	0.002337	0.002740	0.002272	0.002198
671.0	0.002088	0.002264	0.002532	0.002441	0.002074	0.002426	0.002151	0.001992	0.002376	0.002814	0.002328	0.002144	0.002281	0.002275	0.002474	0.002097	0.002578	0.002495	0.002098	0.002552
672.0	0.001726	0.001988	0.002442	0.002427	0.002438	0.002212	0.002226	0.002478	0.002045	0.002057	0.002545	0.002461	0.002282	0.002315	0.002268	0.002092	0.002288	0.002571	0.002366	0.002300
673.0	0.002045	0.001641	0.002131	0.002292	0.001948	0.002561	0.002150	0.001760	0.001532	0.001960	0.002225	0.001812	0.002073	0.002314	0.002103	0.001869	0.002007	0.002216	0.002816	0.001824
674.0	0.001772	0.001953	0.002089	0.001975	0.001980	0.002234	0.002124	0.001994	0.002427	0.002382	0.001758	0.001825	0.002202	0.001703	0.002325	0.002191	0.001807	0.001947	0.002336	0.002084
675.0	0.001876	0.001549	0.001578	0.001663	0.001797	0.002230	0.002035	0.002080	0.001938	0.002120	0.002154	0.002371	0.001888	0.001643	0.002009	0.001359	0.001886	0.002072	0.001972	0.002068
676.0	0.001621	0.001450	0.002345	0.001212	0.002301	0.001496	0.001483	0.001857	0.001974	0.002073	0.001839	0.001976	0.001582	0.001871	0.002205	0.001828	0.001817	0.001586	0.001765	0.002195
677.0	0.001448	0.001777	0.001856	0.001438	0.002280	0.001599	0.002119	0.002005	0.001847	0.001970	0.001385	0.001623	0.001881	0.001770	0.001495	0.001829	0.001742	0.001473	0.001883	0.002441
678.0	0.001738	0.001681	0.001752	0.001693	0.001918	0.001673	0.002021	0.002007	0.001827	0.001458	0.001559	0.001700	0.001871	0.001520	0.001462	0.002073	0.001624	0.001741	0.001502	0.001874
679.0	0.001332	0.001346	0.001551	0.001351	0.001630	0.001949	0.001820	0.001539	0.001491	0.001918	0.001363	0.001339	0.001169	0.001496	0.001718	0.002110	0.001808	0.001794	0.001763	0.001285
680.0	0.001298	0.001760	0.001436	0.001500	0.001099	0.001411	0.001312	0.001449	0.001110	0.002045	0.001799	0.001814	0.002023	0.001567	0.001425	0.001454	0.001523	0.001671	0.001502	0.001482
681.0	0.001965	0.001251	0.001380	0.001315	0.001008	0.001712	0.001354	0.002054	0.001114	0.002059	0.001318	0.001598	0.001462	0.001044	0.001659	0.001524	0.001767	0.001387	0.001333	0.001422
682.0	0.001226	0.001165	0.001689	0.001514	0.001262	0.001545	0.001411	0.001422	0.001078	0.001753	0.001379	0.001441	0.001416	0.001395	0.000943	0.001485	0.001569	0.001556	0.001268	0.001571
683.0	0.001379	0.001142	0.001486	0.001419	0.001228	0.001134	0.001431	0.001608	0.001180	0.001330	0.001382	0.001395	0.001003	0.001089	0.001017	0.001511	0.001283	0.001252	0.001342	0.001315
684.0	0.001170	0.000929	0.001537	0.001181	0.001395	0.001013	0.001212	0.000986	0.001143	0.001363	0.001394	0.001822	0.001210	0.001331	0.000880	0.001452	0.001327	0.001194	0.001217	0.001271
685.0	0.001398	0.001011	0.001522	0.000840	0.000898	0.001421	0.001363	0.001131	0.000545	0.001138	0.001282	0.001156	0.001277	0.001090	0.001238	0.001252	0.001358	0.001276	0.001673	0.001477
686.0	0.001002	0.001056	0.001230	0.001074	0.000987	0.001125	0.001098	0.001252	0.000892	0.001312	0.001186	0.001017	0.001626	0.001096	0.001279	0.000913	0.001118	0.001417	0.001351	0.001254
687.0	0.000842	0.001063	0.001332	0.000780	0.001476	0.001039	0.001028	0.001545	0.000945	0.000984	0.001293	0.001057	0.000826	0.001130	0.001182	0.001445	0.001257	0.000816	0.001374	0.001282
688.0	0.000817	0.000872	0.001141	0.001124	0.001010	0.000939	0.001360	0.001357	0.001378	0.000760	0.001065	0.001313	0.001070	0.000737	0.000976	0.001567	0.000663	0.000819	0.001262	0.001173
689.0	0.001267	0.001272	0.000899	0.000765	0.000923	0.000895	0.000882	0.000589	0.001151	0.000854	0.001105	0.001145	0.000615	0.000764	0.000806	0.000973	0.001538	0.000802	0.001254	0.000859
690.0	0.001138	0.000829	0.000822	0.001438	0.000804	0.001114	0.001205	0.000479	0.000908	0.000827	0.001218	0.000744	0.000861	0.000731	0.000841	0.001192	0.001264	0.001239	0.000668	0.001084
691.0	0.000995	0.000986	0.000911	0.000821	0.000808	0.000787	0.000649	0.000767	0.000980	0.000886	0.000800	0.000774	0.000941	0.000926	0.000899	0.000900	0.000898	0.000894	0.000849	0.001085
692.0	0.000761	0.000865	0.000705	0.000792	0.001324	0.000883	0.000736	0.000639	0.000925	0.000784	0.000694	0.001005	0.000669	0.000794	0.000691	0.000828	0.001120	0.000882	0.000974	0.001482
693.0	0.000340	0.000695	0.000893	0.000863	0.000817	0.000944	0.000813	0.000798	0.001132	0.000959	0.000754	0.001005	0.000903	0.000812	0.001090	0.000688	0.000953	0.001025	0.000633	0.001215
694.0	0.000525	0.000629	0.000919	0.000725	0.000851	0.000796	0.000729	0.001109	0.000710	0.000981	0.000870	0.000599	0.000641	0.000830	0.000941	0.000639	0.000926	0.000935	0.000496	0.000941
695.0	0.000382	0.000794	0.000501	0.000689	0.000732	0.000653	0.000669	0.000470	0.001296	0.000957	0.000695	0.000655	0.001060	0.000902	0.001100	0.001089	0.000377	0.000522	0.000675	0.000835
696.0	0.000844	0.001034	0.000606	0.000646	0.000761	0.000821	0.000895	0.000716	0.000575	0.000834	0.000431	0.000891	0.000744	0.000792	0.000586	0.000942	0.000779	0.000603	0.000522	0.000855
697.0	0.000887	0.000970	0.000835	0.000741	0.000769	0.000525	0.000963	0.000503	0.000718	0.000970	0.000290	0.000770	0.000755	0.000316	0.001026	0.000582	0.000937	0.000746	0.000484	0.000752
698.0	0.000831	0.000835	0.000655	0.000730	0.000786	0.000569	0.000606	0.000512	0.000623	0.000870	0.000495	0.000935	0.000732	0.000317	0.000725	0.000571	0.000393	0.000394	0.000614	0.001180
699.0	0.000611	0.000765	0.000785	0.000683	0.001216	0.000469	0.000602	0.000536	0.000642	0.000747	0.000747	0.000844	0.000346	0.000558	0.001052	0.000822	0.000692	0.000769	0.000396	0.000588
700.0	0.000848	0.000857	0.001078	0.000728	0.000760	0.000888	0.000222	0.000544	0.000766	0.001216	0.001002	0.000785	0.000528	0.000570	0.000554	0.000725	0.000818	0.000556	0.000909	0.000697
701.0	0.000539	0.000660	0.000577	0.000753	0.000624	0.000964	0.000834	0.000590	0.001045	0.000622	0.000650	0.000411	0.000470	0.000699	0.000942	0.000797	0.000877	0.000583	0.000733	0.001107
702.0	0.000710	0.000687	0.000490	0.000377	0.000593	0.000767	0.000695	0.000419	0.001067	0.000538	0.000564	0.000585	0.000831	0.000569	0.000840	0.000570	0.000517	0.000742	0.000713	0.000922
703.0	0.000472	0.000594	0.000715	0.000436	0.000510	0.000809	0.000886	0.000302	0.000971	0.000516	0.000763	0.000483	0.000652	0.000292	0.000872	0.000498	0.000783	0.000880	0.000571	0.001090
704.0	0.000777	0.000577	0.000680	0.000444	0.000662	0.000453	0.000707	0.000641	0.000607	0.000305	0.000538	0.000676	0.000537	0.000734	0.000628	0.000595	0.000590	0.000819	0.000619	0.000900
705.0	0.000496	0.000382	0.000866	0.000423	0.000582	0.000234	0.000936	0.000565	0.000827	0.000600	0.000707	0.000368	0.000616	0.000656	0.000471	0.000738	0.000608	0.000389	0.000242	0.000565
706.0	0.000535	0.000276	0.000415	0.000496	0.000568	0.000798	0.000628	0.000736	0.000618	0.000524	0.000470	0.000567	0.000525	0.000254	0.000583	0.000761	0.000522	0.000880	0.000472	0.000670
707.0	0.000548	0.000570	0.000488	0.000548	0.000729	0.000930	0.000258	0.000162	0.000609	0.000819	0.000546	0.000836	0.000284	0.000534	0.000578	0.000236	0.000540	0.000628	0.000844	0.000827
708.0	0.000566	0.000396	0.000898	0.000650	0.000804	0.000735	0.000549	0.000566	0.000883	0.000578	0.000471	0.000587	0.000342	0.000483	0.000676	0.000514	0.000479	0.000290	0.000428	0.000846
709.0	0.000686	0.000673	0.000666	0.000449	0.000574	0.000975	0.000528	0.000983	0.000667	0.000533	0.000561	0.000893	0.000344	0.000201	0.000516	0.001122	0.000304	0.000551	0.000516	0.000677
710.0	0.000682	0.000218	0.000744	0.000330	0.000548	0.000800	0.000397	0.000767	0.000669	0.000489	0.000776	0.000757	0.000599	0.000477	0.000514	0.000906	0.000619	0.000845	0.000444	0.000442
711.0	0.000370	0.000675	0.000782	0.000348	0.000412	0.000372	0.000468	0.000583	0.000547	0.000831	0.000677	0.000513	0.000481	0.000347	0.000563	0.000638	0.000634	0.000373	0.000768	0.000409
712.0	0.000644	0.000661	0.000550	0.000547	0.000615	0.000485	0.000555	0.000495	0.000514	0.000469	0.000470	0.000428	0.001024	0.000106	0.000457	0.000471	0.000466	0.000772	0.000587	0.000557
713.0	0.000581	0.000396	0.000662	0.000794	0.000593	0.000565	0.000653	0.000191	0.000397	0.000478	0.000374	0.000433	0.000581	0.000432	0.000326	0.000427	0.000499	0.000386	0.000750	0.000536
714.0	0.000606	0.000410	0.000495	0.000730	0.000453	0.000575	0.000296	0.000544	0.000510	0.000612	0.000409	0.000616	0.000354	0.000549	0.000630	0.000182	0.000510	0.000499	0.000725	0.000481
715.0	0.000469	0.000321	0.000888	0.000450	0.000507	0.000572	0.000565	0.000726	0.000759	0.000436	0.000633	0.000472	0.000564	0.000287	0.000178	0.000297	0.000201	0.000775	0.000433	0.000281
716.0	0.000364	0.000462	0.000663	0.000692	0.000546	0.000577	0.000281	0.000968	0.000662	0.000308	0.000580	0.000502	0.000460	0.000045	0.000403	0.000281	0.000497	0.000629	0.000398	0.000386
717.0	0.000420	0.000638	0.000543	0.000502	0.000262	0.000349	0.000608	0.000586	0.000545	0.000816	0.000248	0.000706	0.000690	0.000414	0.000652	0.000474	0.000723	0.000752	0.000533	0.000671
718.0	0.000401	0.000717	0.000678	0.000590	0.000420	0.000451	0.000435	0.000318	0.000283	0.000354	0.000483	0.000578	0.000815	0.000447	0.000713	0.000397	0.000333	0.000656	0.000349	0.000480
719.0	0.000410	0.000481	0.000344	0.000594	0.000274	0.000649	0.000487	0.000411	0.000188	0.000545	0.000532	0.000549	0.000401	0.000404	0.000297	0.000624	0.000459	0.000801	0.000387	0.000601
720.0	0.000552	0.000547	0.000300	0.000199	0.000551	0.000414	0.000375	0.000041	0.000571	0.000598	0.000532	0.000216	0.000167	0.000378	0.000539	0.000218	0.000266	0.000402	0.000505	0.000613
721.0	0.000564	0.000442	0.000514	0.000457	0.000376	0.000628	0.000181	0.000534	0.000397	0.000471	0.000494	0.000390	0.000446	0.000745	0.000297	0.000396	0.000521	0.000320	0.000540	0.000676
722.0	0.000615	0.000460	0.000220	0.000354	0.000638	0.000453	0.000311	0.000680	0.000412	0.000026	0.000255	0.000515	0.000376	0.000511	0.000207	0.000605	0.000389	0.000194	0.000342	0.000588
723.0	0.000317	0.000563	0.000216	0.000612	0.000437	0.000759	0.000288	0.000386	0.000804	0.000395	0.000059	0.000541	0.000542	0.000754	0.000294	0.000184	0.000654	0.000226	0.000616	0.000541
724.0	0.000363	0.000520	0.000409	0.000565	0.000299	0.000482	0.000736	0.000259	0.000370	0.000301	0.000614	0.000587	0.000500	0.000386	0.000505	0.000391	0.000423	0.000227	0.000663	0.000460
725.0	0.000785	0.000470	0.000405	0.000251	0.000364	0.000515	0.000533	0.000506	0.000673	0.000148	0.000411	0.000345	0.000334	0.000318	0.000283	0.000310	0.000595	0.000445	0.000389	0.000280
726.0	0.000314	0.000425	0.000297	0.000669	0.000537	0.000219	0.000377	0.000410	0.000297	0.000356	0.000468	0.000611	0.000535	0.000412	0.000219	0.000425	0.000230	0.000676	0.000391	0.000189
727.0	0.000346	0.000163	0.000389	0.000623	0.000544	0.000255	0.000631	0.000181	0.000481	0.000414	0.000774	0.000784	0.000319	0.000384	0.000155	0.000188	0.000147	0.000334	0.000658	0.000482
728.0	0.000351	0.000552	0.000386	0.000854	0.000332	0.000112	0.000325	0.000303	0.000699	0.000515	0.000321	0.000448	0.000020	0.000093	0.000159	0.000433	0.000346	0.000359	0.000536	0.000473
729.0	0.000416	0.000518	0.000336	0.000481	0.000247	0.000414	0.000528	0.000292	0.000377	0.000629	0.000557	0.000220	0.000331	0.000280	0.000353	0.000641	0.000464	0.000559	0.000363	0.000629
730.0	0.000394	0.000364	0.000421	0.000674	0.000256	0.000497	0.000260	0.000412	0.000246	0.000368	0.000334	0.000237	0.000274	0.000500	0.000432	0.000544	0.000103	0.000486	0.000702	0.000412
731.0	0.000467	0.000353	0.000557	0.000513	0.000424	0.000424	0.000495	0.000316	0.000454	0.000245	0.000363	0.000306	0.000660	0.000700	0.000224	0.000399	0.000412	0.000417	0.000296	0.000523
732.0	0.000395	0.000248	0.000248	0.000870	0.000312	0.000176	0.000377	0.000270	0.000314	0.000093	0.000372	0.000427	0.000420	0.000336	0.000386	0.000439	0.000565	0.000336	0.000551	0.000395
733.0	0.000333	0.000585	0.000396	0.000613	0.000336	0.000210	0.000484	0.000371	0.000088	0.000135	0.000391	0.000328	0.000454	0.000211	0.000289	0.000093	0.000551	0.000402	0.000368	0.000298
734.0	0.000368	0.000555	0.000799	0.000129	0.000651	0.000198	0.000352	0.000133	0.000427	0.000337	0.000402	0.000221	0.000442	0.000357	0.000379	0.000384	0.000201	0.000393	0.000407	0.000526
735.0	0.000064	0.000029	0.000417	0.000686	0.000301	0.000767	0.000635	0.000458	0.000346	0.000436	0.000544	0.000184	0.001000	0.000856	0.000400	0.000380	0.000260	0.000426	0.000565	0.000682
736.0	0.000330	0.000220	0.000204	0.000451	0.000329	0.000492	0.000364	0.000122	0.000250	0.000367	0.000348	0.000366	0.000911	0.000585	0.000235	0.000554	0.000174	0.000630	0.000461	0.000586
737.0	0.000537	0.000191	0.000277	0.000280	0.000379	0.000164	0.000290	0.000098	0.000144	0.000141	0.000393	0.000500	0.000472	0.000186	0.000500	0.000436	0.000431	0.000614	0.000136	0.000457
738.0	0.000201	0.000401	0.000093	0.000444	0.000532	0.000629	0.000362	0.000100	0.000315	0.000555	0.000246	0.000499	0.000350	0.000304	0.000302	0.000399	0.000130	0.000204	0.000112	0.000577
739.0	0.000317	0.000217	0.000226	0.000160	0.000470	0.000552	0.000274	0.000255	0.000568	0.000291	0.000014	0.000523	0.000370	0.000233	0.000525	0.000753	0.000214	0.000015	0.000730	0.000159
740.0	0.000084	0.000256	0.000267	0.000188	0.000399	0.000343	0.000409	0.000284	0.000736	0.000008	0.000061	0.000670	0.000431	0.000086	0.000331	0.000529	0.000370	0.000113	0.000499	0.000370
741.0	0.000248	0.000291	0.000084	0.000387	0.000337	0.000406	0.000330	0.000112	0.000266	0.000346	0.000593	0.000619	0.000244	0.000166	0.000124	0.000326	0.000277	0.000478	0.000940	0.000277
742.0	0.000558	0.000378	0.000254	0.000232	0.000501	0.000020	0.000354	0.000225	0.000550	0.000304	0.000512	0.000273	0.000231	0.000288	0.000386	0.000182	0.000520	0.000453	0.000403	0.000502
743.0	0.000304	0.000385	0.000031	0.000336	0.000192	0.000234	0.000341	0.000210	0.000465	0.000455	0.000132	0.000153	0.000226	0.000278	0.000257	0.000287	0.000413	0.000241	0.000341	0.000226
744.0	0.000395	0.000217	0.000408	0.000065	0.000238	0.000265	0.000219	0.000296	0.000495	0.000260	0.000000	0.000110	0.000531	0.000330	0.000471	0.000556	0.000357	0.000245	0.000340	0.000414
745.0	0.000261	0.000263	0.000029	0.000026	0.000432	0.000258	0.000436	0.000297	0.000474	0.000181	0.000277	0.000226	0.000203	0.000259	0.000364	0.000138	0.000433	0.000235	0.000006	0.000093
746.0	0.000390	0.000328	0.000272	0.000479	0.000390	0.000650	0.000458	0.000316	0.000595	0.000212	0.000217	0.000557	0.000438	0.000377	0.000227	0.000236	0.000454	0.000239	0.000563	0.000181
747.0	0.000312	0.000422	0.000472	0.000213	0.000384	0.000411	0.000342	0.000209	0.000265	0.000064	0.000200	0.000221	0.000419	0.000409	0.000232	0.000151	0.000295	0.000409	0.000573	0.000178
748.0	0.000481	0.000221	0.000445	0.000146	0.000000	0.000106	0.000474	0.000547	0.000168	0.000364	0.000100	0.000146	0.000384	0.000320	0.000252	0.000499	0.000677	0.000431	0.000313	0.000299
749.0	0.000198	0.000068	0.000504	0.000169	0.000372	0.000228	0.000386	0.000375	0.000365	0.000419	0.000381	0.000486	0.000282	0.000360	0.000190	0.000369	0.000577	0.000135	0.000227	0.000205
750.0	0.000631	0.000298	0.000403	0.000000	0.000228	0.000468	0.000596	0.000134	0.000222	0.000179	0.000451	0.000392	0.000346	0.000592	0.000458	0.000367	0.000343	0.000228	0.000536	0.000225
751.0	0.000457	0.000432	0.000454	0.000452	0.000009	0.000295	0.000236	0.000584	0.000339	0.000066	0.000440	0.000120	0.000639	0.000398	0.000364	0.000277	0.000123	0.000370	0.000195	0.000254
752.0	0.000340	0.000185	0.000494	0.000292	0.000399	0.000152	0.000365	0.000477	0.000381	0.000354	0.000276	0.000418	0.000268	0.000145	0.000321	0.000391	0.000089	0.000195	0.000425	0.000250
753.0	0.000200	0.000179	0.000192	0.000260	0.000221	0.000339	0.000290	0.000233	0.000408	0.000475	0.000237	0.000000	0.000173	0.000134	0.000454	0.000229	0.000214	0.000305	0.000286	0.000433
754.0	0.000643	0.000260	0.000444	0.000356	0.000393	0.000534	0.000288	0.000156	0.000247	0.000290	0.000266	0.000148	0.000216	0.000324	0.000225	0.000203	0.000117	0.000282	0.000277	0.000280
755.0	0.000298	0.000356	0.000474	0.000247	0.000301	0.000293	0.000326	0.000047	0.000511	0.000616	0.000389	0.000139	0.000388	0.000469	0.000325	0.000391	0.000367	0.000228	0.000216	0.000388
756.0	0.000183	0.000388	0.000253	0.000282	0.000357	0.000224	0.000118	0.000192	0.000279	0.000400	0.000322	0.000448	0.000412	0.000290	0.000440	0.000221	0.000025	0.000069	0.000372	0.000151
757.0	0.000289	0.000178	0.000210	0.000363	0.000609	0.000160	0.000506	0.000063	0.000551	0.000304	0.000317	0.000390	0.000615	0.000174	0.000336	0.000421	0.000587	0.000434	0.000021	0.000313
758.0	0.000096	0.000138	0.000013	0.000226	0.000719	0.000385	0.000223	0.000106	0.000238	0.000209	0.000479	0.000005	0.000328	0.000048	0.000588	0.000272	0.000430	0.000354	0.000450	0.000595
759.0	0.000073	0.000221	0.000204	0.000325	0.000508	0.000342	0.000611	0.000106	0.000255	0.000214	0.000231	0.000086	0.000228	0.000310	0.000429	0.000289	0.000244	0.000000	0.000343	0.000293
760.0	0.000259	0.000223	0.000311	0.000129	0.000150	0.000154	0.000430	0.000199	0.000263	0.000342	0.000114	0.000416	0.000219	0.000462	0.000306	0.000331	0.000081	0.000116	0.000107	0.000087
761.0	0.000415	0.000445	0.000105	0.000257	0.000103	0.000183	0.000502	0.000216	0.000431	0.000232	0.000269	0.000348	0.000313	0.000513	0.000076	0.000026	0.000360	0.000049	0.000363	0.000303
762.0	0.000408	0.000452	0.000410	0.000280	0.000308	0.000249	0.000142	0.000378	0.000598	0.000305	0.000184	0.000166	0.000363	0.000365	0.000352	0.000038	0.000480	0.000147	0.000105	0.000501
763.0	0.000636	0.000479	0.000364	0.000266	0.000317	0.000412	0.000193	0.000310	0.000483	0.000187	0.000239	0.000390	0.000278	0.000518	0.000235	0.000170	0.000254	0.000492	0.000130	0.000414
764.0	0.000564	0.000326	0.000418	0.000210	0.000109	0.000280	0.000232	0.000301	0.000053	0.000299	0.000364	0.000363	0.000655	0.000594	0.000184	0.000169	0.000303	0.000210	0.000000	0.000230
765.0	0.000257	0.000431	0.000186	0.000507	0.000516	0.000655	0.000396	0.000367	0.000202	0.000161	0.000128	0.000198	0.000436	0.000236	0.000224	0.000471	0.000170	0.000224	0.000055	0.000518
766.0	0.000520	0.000474	0.000388	0.000456	0.000406	0.000030	0.000189	0.000225	0.000191	0.000354	0.000314	0.000498	0.000317	0.000397	0.000041	0.000195	0.000404	0.000383	0.000363	0.000308
767.0	0.000483	0.000180	0.000257	0.000366	0.000158	0.000349	0.000395	0.000107	0.000444	0.000244	0.000724	0.000187	0.000530	0.000085	0.000198	0.000327	0.000359	0.000295	0.000084	0.000019
768.0	0.000384	0.000421	0.000357	0.000218	0.000263	0.000574	0.000234	0.000096	0.000262	0.000429	0.000417	0.000520	0.000124	0.000067	0.000290	0.000271	0.000056	0.000408	0.000351	0.000194
769.0	0.000009	0.000022	0.000507	0.000296	0.000596	0.000308	0.000491	0.000334	0.000181	0.000261	0.000370	0.000680	0.000064	0.000388	0.000144	0.000075	0.000258	0.000257	0.000154	0.000395
770.0	0.000212	0.000052	0.000514	0.000162	0.000561	0.000136	0.000191	0.000047	0.000525	0.000215	0.000349	0.000092	0.000209	0.000214	0.000253	0.000397	0.000686	0.000168	0.000484	0.000377
771.0	0.000104	0.000395	0.000359	0.000098	0.000363	0.000256	0.000451	0.000310	0.000555	0.000297	0.000233	0.000267	0.000083	0.000211	0.000208	0.000562	0.000102	0.000191	0.000332	0.000241
772.0	0.000112	0.000113	0.000333	0.000123	0.000173	0.000318	0.000523	0.000345	0.000280	0.000406	0.000383	0.000414	0.000000	0.000369	0.000387	0.000449	0.000286	0.000198	0.000048	0.000217
773.0	0.000323	0.000184	0.000390	0.000141	0.000245	0.000397	0.000505	0.000236	0.000124	0.000347	0.000471	0.000406	0.000068	0.000451	0.000294	0.000000	0.000060	0.000016	0.000277	0.000028
774.0	0.000257	0.000138	0.000170	0.000313	0.000475	0.000282	0.000435	0.000317	0.000461	0.000487	0.000521	0.000148	0.000251	0.000738	0.000397	0.000239	0.000204	0.000200	0.000201	0.000242
775.0	0.000072	0.000762	0.000358	0.000558	0.000455	0.000216	0.000602	0.000323	0.000182	0.000166	0.000187	0.000398	0.000570	0.000029	0.000064	0.000279	0.000115	0.000182	0.000219	0.000527
776.0	0.000200	0.000654	0.000154	0.000404	0.000246	0.000169	0.000253	0.000232	0.000366	0.000217	0.000392	0.000289	0.000245	0.000143	0.000378	0.000442	0.000378	0.000153	0.000204	0.000438
777.0	0.000425	0.000408	0.000073	0.000116	0.000112	0.000173	0.000308	0.000281	0.000287	0.000129	0.000239	0.000197	0.000092	0.000130	0.000153	0.000346	0.000452	0.000366	0.000349	0.000095
778.0	0.000243	0.000397	0.000085	0.000209	0.000160	0.000436	0.000105	0.000182	0.000390	0.000220	0.000090	0.000294	0.000090	0.000000	0.000093	0.000320	0.000225	0.000633	0.000306	0.000489
779.0	0.000310	0.000418	0.000206	0.000249	0.000003	0.000455	0.000134	0.000238	0.000499	0.000438	0.000286	0.000356	0.000060	0.000235	0.000100	0.000312	0.000090	0.000188	0.000533	0.000348
780.0	0.000289	0.000324	0.000246	0.000178	0.000244	0.000550	0.000000	0.000315	0.000245	0.000096	0.000103	0.000218	0.000322	0.000123	0.000613	0.000384	0.000343	0.000069	0.000431	0.000300
781.0	0.000307	0.000238	0.000000	0.000334	0.000547	0.000331	0.000008	0.000033	0.000161	0.000193	0.000116	0.000162	0.000368	0.000166	0.000375	0.000040	0.000240	0.000511	0.000380	0.000337
782.0	0.000000	0.000266	0.000289	0.000173	0.000393	0.000508	0.000270	0.000209	0.000462	0.000516	0.000226	0.000223	0.000383	0.000015	0.000085	0.000447	0.000176	0.000222	0.000238	0.000245
783.0	0.000304	0.000211	0.000231	0.000320	0.000339	0.000218	0.000253	0.000328	0.000258	0.000394	0.000120	0.000241	0.000412	0.000287	0.000090	0.000087	0.000245	0.000361	0.000317	0.000434
784.0	0.000253	0.000320	0.000111	0.000456	0.000279	0.000299	0.000234	0.000337	0.000161	0.000193	0.000069	0.000275	0.000324	0.000451	0.000131	0.000071	0.000304	0.000541	0.000253	0.000434
785.0	0.000161	0.000294	0.000428	0.000278	0.000699	0.000337	0.000095	0.000237	0.000601	0.000166	0.000461	0.000307	0.000412	0.000136	0.000188	0.000230	0.000210	0.000004	0.000289	0.000307
786.0	0.000275	0.000142	0.000049	0.000279	0.000418	0.000000	0.000018	0.000135	0.000475	0.000604	0.000313	0.000421	0.000337	0.000056	0.000308	0.000209	0.000088	0.000090	0.000337	0.000267
787.0	0.000462	0.000032	0.000421	0.000266	0.000247	0.000037	0.000198	0.000072	0.000292	0.000297	0.000230	0.000725	0.000311	0.000518	0.000469	0.000399	0.000074	0.000164	0.000271	0.000399
788.0	0.000412	0.000000	0.000149	0.000030	0.000219	0.000076	0.000555	0.000303	0.000365	0.000203	0.000111	0.000185	0.000142	0.000225	0.000551	0.000197	0.000453	0.000225	0.000496	0.000346
789.0	0.000528	0.000049	0.000051	0.000084	0.000169	0.000333	0.000118	0.000011	0.000230	0.000136	0.000187	0.000319	0.000809	0.000433	0.000389	0.000201	0.000374	0.000292	0.000375	0.000361
790.0	0.000353	0.000019	0.000191	0.000282	0.000248	0.000039	0.000499	0.000180	0.000000	0.000183	0.000249	0.000341	0.000404	0.000153	0.000288	0.000329	0.000357	0.000250	0.000202	0.000000
791.0	0.000011	0.000294	0.000302	0.000248	0.000040	0.000106	0.000356	0.000000	0.000223	0.000091	0.000223	0.000214	0.000200	0.000442	0.000315	0.000161	0.000178	0.000254	0.000134	0.000217
792.0	0.000356	0.000251	0.000356	0.000375	0.000435	0.000162	0.000152	0.000162	0.000554	0.000376	0.000251	0.000311	0.000194	0.000291	0.000506	0.000504	0.000135	0.000274	0.000896	0.000464
793.0	0.000384	0.000407	0.000132	0.000035	0.000203	0.000304	0.000204	0.000251	0.000177	0.000344	0.000080	0.000298	0.000265	0.000204	0.000375	0.000425	0.000163	0.000247	0.000657	0.000406
794.0	0.000039	0.000094	0.000230	0.000079	0.000205	0.000171	0.000309	0.000119	0.000190	0.000286	0.000272	0.000368	0.000116	0.000218	0.000412	0.000098	0.000151	0.000094	0.000581	0.000225
795.0	0.000271	0.000370	0.000256	0.000563	0.000136	0.000650	0.000486	0.000043	0.000153	0.000314	0.000158	0.000420	0.000237	0.000114	0.000162	0.000206	0.000000	0.000233	0.000474	0.000202
796.0	0.000087	0.000261	0.000765	0.000076	0.000168	0.000454	0.000224	0.000073	0.000274	0.000378	0.000284	0.000388	0.000142	0.000083	0.000000	0.000140	0.000106	0.000040	0.000334	0.000408
797.0	0.000242	0.000171	0.000427	0.000311	0.000719	0.000151	0.000495	0.000328	0.000371	0.000191	0.000517	0.000194	0.000404	0.000026	0.000155	0.000601	0.000084	0.000365	0.000371	0.000288
798.0	0.000116	0.000223	0.000471	0.000070	0.000447	0.000390	0.000295	0.000211	0.000263	0.000000	0.000436	0.000052	0.000174	0.000327	0.000524	0.000199	0.000003	0.000184	0.000464	0.000203
799.0	0.000240	0.000204	0.000204	0.000077	0.000338	0.000273	0.000339	0.000215	0.000229	0.000256	0.000149	0.000083	0.000217	0.000052	0.000228	0.000461	0.000205	0.000214	0.000467	0.000250
800.0	0.000121	0.000143	0.000154	0.000274	0.000100	0.000016	0.000158	0.000152	0.000635	0.000184	0.000425	0.000373	0.000282	0.000197	0.000217	0.000248	0.000350	0.000238	0.000480	0.000325
