480.0	0.047125	0.038111	0.036125	0.032948	0.017462	0.025672	0.014295	0.013878	0.031371	0.041436	0.044767	0.034587	0.034456	0.025098	0.015868	0.018803	0.027959	0.043031	0.012885	0.045268
481.0	0.026451	0.031767	0.039771	0.029714	0.034471	0.026195	0.026790	0.032482	0.028800	0.031594	0.037212	0.030316	0.036818	0.034457	0.035374	0.024576	0.030876	0.027752	0.027947	0.031973
482.0	0.033490	0.040231	0.037710	0.026036	0.037936	0.030530	0.026249	0.034799	0.033792	0.036866	0.039275	0.034060	0.037404	0.045531	0.038195	0.038725	0.038702	0.033657	0.031350	0.042935
483.0	0.036370	0.031882	0.043809	0.039146	0.036029	0.042168	0.048128	0.037166	0.042023	0.036301	0.046763	0.047264	0.034049	0.042797	0.032859	0.057279	0.065731	0.037634	0.044610	0.058666
484.0	0.051863	0.044964	0.054117	0.046297	0.057920	0.052491	0.050782	0.050363	0.048451	0.050081	0.036802	0.037531	0.050889	0.064912	0.056307	0.044999	0.046905	0.043767	0.055241	0.057071
485.0	0.051488	0.064290	0.074988	0.053924	0.061525	0.072800	0.057884	0.056888	0.057533	0.069732	0.060886	0.068585	0.055432	0.059765	0.060759	0.062702	0.067635	0.057924	0.059368	0.055750
486.0	0.068804	0.077438	0.082587	0.064753	0.058935	0.056219	0.083702	0.074851	0.077017	0.076048	0.067947	0.092034	0.063885	0.084938	0.065890	0.070611	0.069146	0.069751	0.072392	0.081226
487.0	0.083461	0.076534	0.091242	0.092913	0.092026	0.085804	0.095706	0.080011	0.093412	0.090529	0.088772	0.106055	0.096457	0.089881	0.094673	0.070844	0.100362	0.087290	0.069612	0.091124
488.0	0.105873	0.087660	0.111670	0.107947	0.108230	0.095334	0.115353	0.104828	0.112829	0.109701	0.121452	0.107535	0.107254	0.122340	0.110203	0.097524	0.099675	0.121790	0.105060	0.104729
489.0	0.119440	0.121185	0.136119	0.137555	0.130174	0.106585	0.117686	0.118518	0.122963	0.123172	0.124778	0.126645	0.117791	0.132582	0.137576	0.117363	0.126155	0.131602	0.127535	0.128815
490.0	0.156253	0.147332	0.144894	0.166414	0.146045	0.146072	0.153598	0.152966	0.135335	0.153316	0.150192	0.141568	0.140657	0.146018	0.158289	0.153303	0.178840	0.147616	0.136734	0.160484
491.0	0.170501	0.185360	0.172648	0.185483	0.184893	0.167932	0.172704	0.167083	0.156955	0.193594	0.177038	0.169270	0.158506	0.196074	0.174906	0.162730	0.182272	0.184727	0.205119	0.172424
492.0	0.228619	0.207547	0.247444	0.203360	0.226016	0.208919	0.214297	0.185326	0.206792	0.237586	0.219338	0.222531	0.203618	0.203888	0.203791	0.216624	0.231353	0.217317	0.225673	0.210337
493.0	0.237993	0.241730	0.255622	0.255800	0.252440	0.255305	0.237461	0.248928	0.267230	0.243577	0.245093	0.242270	0.243030	0.263337	0.245759	0.250495	0.257609	0.276364	0.238309	0.229208
494.0	0.292872	0.255699	0.290890	0.268569	0.302487	0.303040	0.288015	0.297740	0.306798	0.280037	0.307348	0.272048	0.292702	0.302744	0.287048	0.304889	0.312353	0.325950	0.302668	0.264720
495.0	0.322187	0.316012	0.317128	0.332757	0.371608	0.354822	0.354124	0.349181	0.361059	0.339264	0.339243	0.351343	0.336348	0.353530	0.343119	0.340429	0.378938	0.345574	0.349000	0.320646
496.0	0.401950	0.400483	0.388346	0.394390	0.393482	0.394123	0.379486	0.374162	0.380426	0.400374	0.385806	0.378059	0.400189	0.411791	0.406666	0.390485	0.396614	0.424771	0.394826	0.422206
497.0	0.459727	0.413795	0.465016	0.480371	0.463129	0.451810	0.422262	0.461102	0.490951	0.461825	0.460683	0.431830	0.443836	0.481092	0.437081	0.446548	0.479846	0.481891	0.450424	0.459777
498.0	0.488189	0.479696	0.489209	0.504888	0.532250	0.514725	0.532670	0.510078	0.497295	0.501367	0.512534	0.498533	0.502465	0.519479	0.496550	0.487760	0.525323	0.516583	0.514277	0.472815
499.0	0.522446	0.551513	0.522603	0.559030	0.584747	0.562629	0.552959	0.546070	0.579104	0.544845	0.596450	0.548901	0.539597	0.592517	0.584395	0.570019	0.575433	0.581062	0.553532	0.566655
500.0	0.601868	0.628424	0.618014	0.627815	0.643194	0.637520	0.603683	0.601620	0.651396	0.589009	0.636021	0.649467	0.598389	0.619864	0.656098	0.608062	0.653173	0.640810	0.609636	0.636992
501.0	0.623683	0.649296	0.667083	0.663058	0.676442	0.681206	0.651193	0.665387	0.691131	0.714138	0.694523	0.711746	0.660438	0.693921	0.634179	0.651610	0.656091	0.690046	0.698592	0.658779
502.0	0.730204	0.702542	0.720752	0.703920	0.743814	0.774652	0.709694	0.694477	0.706157	0.731426	0.720790	0.738802	0.708156	0.762372	0.720834	0.723190	0.706545	0.771695	0.741217	0.760339
503.0	0.780312	0.732945	0.792821	0.769300	0.803310	0.791013	0.775634	0.761038	0.798484	0.779526	0.797884	0.798528	0.716625	0.770016	0.766201	0.798274	0.767638	0.808315	0.765310	0.794307
504.0	0.825988	0.750859	0.844105	0.863793	0.844608	0.826435	0.850874	0.836473	0.833712	0.831050	0.819034	0.813503	0.813852	0.832353	0.828559	0.807284	0.881760	0.832495	0.813663	0.847145
505.0	0.836555	0.811172	0.848705	0.919127	0.909355	0.913639	0.882322	0.842883	0.852244	0.815302	0.862356	0.823542	0.854078	0.891462	0.839093	0.849332	0.850870	0.926936	0.847022	0.885917
506.0	0.897910	0.831057	0.891810	0.924405	0.935603	0.883615	0.899906	0.888243	0.873280	0.902773	0.887600	0.870167	0.888767	0.920847	0.913175	0.890544	0.945771	0.936572	0.917109	0.937211
507.0	0.956540	0.902053	0.964221	0.914871	0.961327	0.893567	0.944712	0.863755	0.895319	0.928791	0.928535	0.902327	0.898376	0.915242	0.885139	0.954783	0.963962	0.947436	0.988712	0.952308
508.0	0.936428	0.942645	0.947353	0.928491	1.000000	0.948723	0.961450	0.946422	0.896153	0.967134	0.950708	0.957970	0.907170	0.944967	0.949536	0.926251	0.983010	0.998073	0.929745	0.946647
509.0	0.942394	1.000000	0.985688	0.900569	0.978651	0.924097	0.964832	0.964172	0.943402	0.984765	1.000000	0.990471	0.936485	0.981486	0.965168	0.915405	0.971341	1.000000	0.915424	0.964660
510.0	0.953983	0.947082	0.991652	0.985869	0.980226	0.974530	0.939132	1.000000	0.970950	0.983910	0.981409	0.990641	0.926876	1.000000	0.991334	0.964961	0.993307	0.991414	0.945413	0.989021
511.0	0.987047	0.950205	0.986199	0.993871	0.984776	1.000000	1.000000	0.925715	0.970115	1.000000	0.984308	1.000000	1.000000	0.974352	0.977232	0.995328	0.989188	0.963906	0.957712	1.000000
512.0	0.958414	0.967460	0.972569	0.962373	0.971477	0.973856	0.992730	0.945765	0.995325	0.996919	0.980044	0.958140	0.950328	0.967048	0.955653	1.000000	0.994508	0.994393	1.000000	0.989535
513.0	0.963016	0.942645	0.988755	1.000000	0.983376	0.967277	0.933553	0.947573	0.983304	0.976720	0.980215	0.986727	0.932902	0.948874	1.000000	0.941601	1.000000	0.988961	0.958891	0.966375
514.0	1.000000	0.914707	1.000000	0.943644	0.945578	0.925109	0.986812	0.931631	1.000000	0.947278	0.973563	0.936019	0.918570	0.920338	0.974173	0.920077	0.972371	0.924307	0.954511	0.962944
515.0	0.981764	0.922102	0.989437	0.977356	0.973226	0.959518	0.951982	0.923742	0.885468	0.961486	0.911137	0.911176	0.891047	0.933756	0.972814	0.913737	0.959843	0.920453	0.941201	0.968606
516.0	0.947677	0.869020	0.933042	0.932578	0.960802	0.893229	0.935581	0.916018	0.943903	0.919890	0.967593	0.903688	0.874273	0.904711	0.926938	0.917074	0.940108	0.944983	0.924016	0.940814
517.0	0.935576	0.851600	0.920775	0.895972	0.939978	0.930506	0.932876	0.931138	0.907673	0.916638	0.947467	0.946569	0.861407	0.910146	0.920821	0.899054	0.925349	0.954269	0.900261	0.929834
518.0	0.848485	0.854558	0.903907	0.882522	0.915305	0.898627	0.945895	0.861126	0.914852	0.866826	0.897663	0.908113	0.832418	0.882630	0.885479	0.893214	0.929983	0.951641	0.866902	0.908562
519.0	0.900808	0.848806	0.899818	0.877584	0.938053	0.906217	0.888916	0.869507	0.876953	0.877267	0.895104	0.836304	0.822158	0.883989	0.884799	0.913069	0.905099	0.892068	0.853592	0.913708
520.0	0.866380	0.854558	0.876647	0.827869	0.911455	0.883446	0.902442	0.877232	0.870776	0.904484	0.878730	0.850087	0.853264	0.896558	0.856594	0.879198	0.918999	0.902406	0.871619	0.874251
521.0	0.913761	0.820046	0.885847	0.845746	0.921779	0.808218	0.886042	0.837295	0.881127	0.874871	0.878730	0.844302	0.861244	0.865644	0.855575	0.869688	0.878842	0.885935	0.838935	0.870991
522.0	0.855132	0.773373	0.862676	0.826336	0.910230	0.808724	0.841236	0.831872	0.832543	0.837726	0.859969	0.840558	0.801800	0.839996	0.809019	0.806117	0.825814	0.864559	0.820739	0.829818
523.0	0.782527	0.797532	0.824852	0.797222	0.860007	0.818338	0.811648	0.742959	0.827034	0.813933	0.829779	0.787468	0.822646	0.774262	0.830088	0.794437	0.847266	0.858777	0.816022	0.861556
524.0	0.816103	0.790958	0.757724	0.819526	0.840234	0.778531	0.817058	0.775500	0.750902	0.795275	0.798055	0.799890	0.759945	0.748444	0.803751	0.772746	0.818778	0.824435	0.787043	0.840969
525.0	0.792583	0.735411	0.822637	0.789901	0.777062	0.768917	0.787470	0.764325	0.803326	0.804176	0.802830	0.813503	0.783234	0.814688	0.827709	0.779921	0.847094	0.798328	0.798331	0.808374
526.0	0.781675	0.784877	0.779873	0.795009	0.801911	0.769591	0.738099	0.755943	0.758081	0.784491	0.781169	0.804995	0.710110	0.755578	0.759064	0.747551	0.823412	0.790969	0.793109	0.777151
527.0	0.724921	0.712238	0.766924	0.774407	0.780562	0.755929	0.763292	0.772213	0.741051	0.799383	0.757120	0.796997	0.742845	0.741820	0.768240	0.764737	0.754939	0.797978	0.769353	0.787445
528.0	0.757985	0.725550	0.781236	0.730481	0.783187	0.748845	0.729814	0.751834	0.742888	0.750598	0.756267	0.731825	0.737145	0.745387	0.728310	0.707673	0.789948	0.778529	0.770701	0.727229
529.0	0.708048	0.711088	0.726545	0.747677	0.750288	0.758459	0.732520	0.701544	0.745392	0.708831	0.758996	0.701026	0.735191	0.736724	0.719475	0.724525	0.747216	0.736653	0.743744	0.756393
530.0	0.684358	0.726865	0.714277	0.720095	0.739614	0.705495	0.739114	0.697271	0.694470	0.718417	0.718914	0.701706	0.720208	0.699696	0.723043	0.710343	0.734689	0.735601	0.740543	0.776294
531.0	0.707196	0.673125	0.677476	0.740696	0.745214	0.662146	0.724404	0.684616	0.681949	0.699930	0.714991	0.703748	0.699362	0.682710	0.702654	0.674469	0.727138	0.707742	0.708027	0.703040
532.0	0.719637	0.652583	0.697069	0.711071	0.726140	0.703809	0.675709	0.664730	0.677441	0.656452	0.663311	0.669035	0.677376	0.678464	0.709450	0.665125	0.710320	0.722986	0.723022	0.669759
533.0	0.703446	0.667045	0.683269	0.659823	0.698141	0.660628	0.692786	0.644022	0.672432	0.695993	0.702369	0.675501	0.672490	0.693751	0.660685	0.619741	0.645623	0.693199	0.718978	0.674562
534.0	0.700208	0.628917	0.652601	0.676679	0.680642	0.653375	0.618899	0.618383	0.668258	0.668605	0.689407	0.687753	0.658321	0.656043	0.675128	0.601554	0.664671	0.648870	0.672815	0.644883
535.0	0.610049	0.645845	0.625511	0.635647	0.691141	0.628074	0.658464	0.598826	0.630860	0.632145	0.685484	0.658145	0.672490	0.647040	0.622965	0.621911	0.660038	0.665691	0.609130	0.667872
536.0	0.620616	0.623001	0.613925	0.643649	0.658243	0.651520	0.644937	0.586993	0.649058	0.637109	0.651883	0.612712	0.592363	0.639567	0.596458	0.660620	0.634811	0.657631	0.609467	0.652432
537.0	0.633398	0.613469	0.629600	0.593423	0.641619	0.597207	0.613827	0.568586	0.586283	0.621874	0.618623	0.643341	0.585849	0.632773	0.626023	0.604725	0.612158	0.618383	0.591440	0.636134
538.0	0.607833	0.575835	0.626704	0.601084	0.627970	0.593159	0.570036	0.556424	0.594297	0.596711	0.602590	0.607947	0.580149	0.587251	0.604614	0.590542	0.613188	0.631524	0.604581	0.584325
539.0	0.598459	0.576821	0.584280	0.573843	0.604521	0.550315	0.561075	0.579761	0.566415	0.577540	0.587581	0.554857	0.585849	0.577230	0.603085	0.581532	0.582984	0.622238	0.611826	0.603710
540.0	0.569826	0.526040	0.592969	0.616918	0.577747	0.576291	0.568345	0.571380	0.558902	0.578567	0.523620	0.561833	0.605555	0.566189	0.560437	0.581031	0.542656	0.613652	0.567516	0.603024
541.0	0.548863	0.541652	0.604725	0.561073	0.578797	0.569376	0.552114	0.557574	0.530687	0.545016	0.543917	0.554516	0.554254	0.567378	0.547694	0.528473	0.542312	0.558284	0.547467	0.542122
542.0	0.521594	0.496623	0.524818	0.558520	0.557799	0.540195	0.544844	0.515830	0.544043	0.542962	0.548011	0.555197	0.536828	0.534596	0.534610	0.520631	0.535105	0.564417	0.524217	0.536976
543.0	0.481713	0.501882	0.537767	0.541153	0.556749	0.533785	0.495473	0.505969	0.504975	0.505133	0.526008	0.508403	0.500348	0.525594	0.532571	0.517460	0.525323	0.529374	0.514614	0.534917
544.0	0.489382	0.493336	0.504884	0.502505	0.531900	0.486725	0.494966	0.505640	0.512822	0.495205	0.520721	0.483729	0.494648	0.505551	0.500458	0.487427	0.523607	0.534280	0.480076	0.493744
545.0	0.487166	0.472300	0.497217	0.486500	0.513001	0.468846	0.517453	0.484275	0.469080	0.510953	0.498377	0.472498	0.453444	0.492642	0.521527	0.444212	0.481219	0.524643	0.482097	0.506268
546.0	0.487678	0.467534	0.493639	0.437636	0.459979	0.469183	0.466223	0.484933	0.456391	0.473979	0.448744	0.453440	0.440090	0.447121	0.507934	0.447382	0.431452	0.506070	0.465418	0.489112
547.0	0.441149	0.441897	0.479498	0.469815	0.463654	0.450292	0.463686	0.460445	0.430179	0.443510	0.479615	0.488664	0.414195	0.442195	0.451523	0.417015	0.461312	0.471203	0.458174	0.468183
548.0	0.446092	0.438610	0.406576	0.441722	0.449304	0.451641	0.427504	0.432999	0.433852	0.453095	0.450790	0.460417	0.413055	0.468862	0.470383	0.413010	0.451873	0.445271	0.450424	0.431299
549.0	0.403143	0.394567	0.427873	0.451597	0.443180	0.425497	0.402480	0.421165	0.427675	0.441627	0.425547	0.439147	0.392535	0.428946	0.430624	0.408005	0.446725	0.434232	0.455815	0.423922
550.0	0.388145	0.384049	0.408961	0.414651	0.426031	0.401376	0.430209	0.415742	0.414652	0.413725	0.399792	0.414643	0.415498	0.396164	0.425697	0.389484	0.424072	0.412681	0.433744	0.401791
551.0	0.392917	0.406399	0.410836	0.372597	0.395232	0.403569	0.388616	0.399471	0.394283	0.394040	0.412414	0.382143	0.373969	0.397353	0.407176	0.407170	0.410515	0.408125	0.399712	0.402134
552.0	0.401268	0.376161	0.398909	0.371065	0.389633	0.373039	0.399944	0.384351	0.415487	0.398662	0.392970	0.389289	0.360614	0.374422	0.400040	0.381642	0.385460	0.404095	0.390277	0.402478
553.0	0.360194	0.345265	0.373523	0.376513	0.357609	0.370678	0.355477	0.379257	0.359223	0.363057	0.371991	0.373294	0.330648	0.347755	0.382879	0.377304	0.400905	0.397262	0.400385	0.374514
554.0	0.375021	0.316505	0.368582	0.347739	0.377558	0.351618	0.358182	0.350167	0.344364	0.368364	0.368238	0.343346	0.369897	0.351152	0.376252	0.368794	0.348048	0.376762	0.374440	0.350497
555.0	0.334799	0.341156	0.358871	0.359317	0.342385	0.339810	0.337386	0.310723	0.342026	0.358264	0.339072	0.323777	0.328531	0.354210	0.325108	0.362621	0.335521	0.340843	0.347989	0.338316
556.0	0.347582	0.306316	0.330758	0.347229	0.372133	0.322606	0.326734	0.317462	0.311974	0.332759	0.333614	0.322075	0.334557	0.332638	0.335473	0.327081	0.312525	0.325599	0.353380	0.327337
557.0	0.329175	0.314040	0.319854	0.332927	0.339235	0.328509	0.337047	0.304971	0.332343	0.347994	0.320651	0.309143	0.302148	0.349963	0.304209	0.326914	0.333976	0.355736	0.330130	0.303663
558.0	0.319460	0.287088	0.309972	0.282871	0.334685	0.323449	0.305092	0.267664	0.297449	0.330192	0.302060	0.292637	0.284885	0.319729	0.288407	0.296380	0.297080	0.286877	0.307217	0.298516
559.0	0.264751	0.285116	0.293616	0.321179	0.289888	0.302365	0.335357	0.281305	0.291939	0.286884	0.303766	0.266943	0.282768	0.280662	0.294354	0.271018	0.297766	0.309480	0.307891	0.328195
560.0	0.278897	0.283637	0.289527	0.268910	0.305462	0.272004	0.312024	0.248600	0.297950	0.288596	0.273406	0.281747	0.282279	0.272509	0.314234	0.283365	0.303258	0.280044	0.293570	0.293369
561.0	0.269694	0.274926	0.262096	0.274018	0.265564	0.264413	0.276010	0.279826	0.280419	0.264460	0.285857	0.274941	0.295308	0.270301	0.268528	0.269016	0.275972	0.253937	0.281271	0.270038
562.0	0.267989	0.240743	0.278623	0.244563	0.265739	0.266943	0.262484	0.249421	0.260218	0.281920	0.249357	0.276812	0.249544	0.249579	0.274475	0.255501	0.267048	0.282497	0.274195	0.274498
563.0	0.241913	0.263423	0.252214	0.262951	0.271164	0.269305	0.264513	0.270458	0.238513	0.259496	0.247310	0.261498	0.246776	0.252296	0.242191	0.240651	0.283523	0.292309	0.274195	0.244648
564.0	0.270716	0.235156	0.240288	0.235369	0.233716	0.259353	0.258765	0.249915	0.228997	0.255388	0.246969	0.250267	0.245799	0.251447	0.256124	0.250495	0.239762	0.286176	0.240836	0.258715
565.0	0.230664	0.221844	0.231599	0.240987	0.234416	0.242486	0.234925	0.226413	0.235007	0.256586	0.258055	0.230869	0.237493	0.254165	0.234375	0.254833	0.254005	0.267779	0.194505	0.263347
566.0	0.232369	0.191770	0.214561	0.237582	0.231266	0.233209	0.218693	0.220496	0.218646	0.230739	0.236053	0.253160	0.222835	0.227158	0.252386	0.253498	0.237359	0.252535	0.210173	0.246192
567.0	0.201520	0.195550	0.217798	0.212384	0.239840	0.228148	0.218355	0.209814	0.210131	0.214135	0.210127	0.232570	0.232281	0.239557	0.246099	0.230139	0.210416	0.218018	0.194336	0.232982
568.0	0.203395	0.200809	0.200420	0.203871	0.212717	0.209425	0.213790	0.203404	0.228830	0.207117	0.215415	0.207897	0.210784	0.226648	0.230467	0.219627	0.230666	0.219069	0.205793	0.226292
569.0	0.213962	0.194728	0.201953	0.199785	0.219367	0.195257	0.210916	0.190420	0.202117	0.221324	0.224625	0.191051	0.201664	0.191148	0.192917	0.194266	0.235471	0.225902	0.208320	0.205191
570.0	0.193851	0.195878	0.198546	0.195528	0.202217	0.197450	0.200602	0.184504	0.192767	0.215333	0.209274	0.188839	0.193521	0.200491	0.191387	0.196435	0.193427	0.216090	0.190630	0.200902
571.0	0.201691	0.194728	0.193775	0.176289	0.199768	0.200992	0.203138	0.181381	0.181247	0.188801	0.195800	0.195815	0.193195	0.197093	0.181702	0.193765	0.185532	0.218368	0.177152	0.193696
572.0	0.189079	0.197357	0.193434	0.183099	0.203267	0.165402	0.195191	0.180888	0.184587	0.191711	0.179426	0.200240	0.188146	0.201000	0.194276	0.181585	0.201836	0.198919	0.180353	0.195584
573.0	0.165388	0.183388	0.187130	0.178502	0.173869	0.170293	0.176931	0.177108	0.181081	0.167918	0.184884	0.179310	0.177723	0.153322	0.184591	0.181918	0.188278	0.186479	0.180521	0.200730
574.0	0.173569	0.150093	0.173671	0.188207	0.186643	0.159498	0.167970	0.151634	0.178242	0.151382	0.164928	0.166207	0.171698	0.171955	0.173037	0.173075	0.158555	0.185778	0.172940	0.163949
575.0	0.178171	0.159066	0.159955	0.174416	0.161830	0.162872	0.164927	0.144387	0.167056	0.184350	0.172433	0.174885	0.145494	0.167199	0.172697	0.178581	0.178325	0.164490	0.180184	0.159437
576.0	0.162491	0.144094	0.145558	0.161817	0.165119	0.153966	0.150251	0.152341	0.172065	0.170656	0.167657	0.149906	0.160135	0.154698	0.156420	0.163731	0.156599	0.156430	0.158484	0.169850
577.0	0.153867	0.162846	0.167026	0.153934	0.161095	0.147438	0.149253	0.147624	0.160211	0.143868	0.157014	0.158193	0.146796	0.151946	0.146038	0.153820	0.156685	0.171936	0.160978	0.164704
578.0	0.168286	0.155418	0.152748	0.140535	0.170019	0.168775	0.144147	0.148561	0.157172	0.166377	0.156349	0.146588	0.145901	0.175692	0.149929	0.151818	0.152755	0.166172	0.153143	0.146862
579.0	0.150850	0.136896	0.145609	0.131239	0.162897	0.158098	0.133529	0.142759	0.144951	0.140222	0.140760	0.153768	0.147138	0.141007	0.138120	0.135450	0.153922	0.171761	0.147398	0.150739
580.0	0.142959	0.134990	0.151607	0.140841	0.148828	0.146611	0.135659	0.127064	0.132897	0.147154	0.139378	0.141925	0.136048	0.151165	0.140703	0.138970	0.148447	0.164349	0.141485	0.159043
581.0	0.140164	0.133544	0.137551	0.146783	0.150963	0.130756	0.135642	0.133540	0.135869	0.123840	0.131942	0.158907	0.115446	0.130357	0.137984	0.128509	0.155724	0.150105	0.130989	0.150551
582.0	0.159832	0.131457	0.142389	0.132873	0.131434	0.149428	0.126512	0.139588	0.135719	0.131269	0.137707	0.119804	0.122042	0.136285	0.133668	0.146229	0.144020	0.124979	0.135049	0.147806
583.0	0.149521	0.136009	0.133717	0.120683	0.143106	0.147050	0.114389	0.125059	0.130226	0.128171	0.121776	0.113202	0.140315	0.134790	0.131952	0.128892	0.127562	0.136035	0.137408	0.127751
584.0	0.120036	0.138819	0.130241	0.138202	0.120602	0.122390	0.113341	0.118058	0.131895	0.131920	0.134347	0.122510	0.117824	0.129151	0.125071	0.113292	0.117094	0.127765	0.131780	0.120632
585.0	0.119269	0.105836	0.131690	0.123066	0.128249	0.125021	0.118024	0.111763	0.124182	0.131920	0.132846	0.128057	0.124485	0.128540	0.118648	0.105817	0.112907	0.133301	0.120307	0.130633
586.0	0.106555	0.117011	0.122217	0.111301	0.126394	0.121327	0.109249	0.122347	0.115066	0.122128	0.138474	0.124552	0.109127	0.128217	0.113874	0.108136	0.120955	0.133109	0.105700	0.131903
587.0	0.115861	0.110963	0.112233	0.115337	0.113690	0.111240	0.095486	0.121164	0.117287	0.111721	0.111611	0.115499	0.106538	0.130680	0.107298	0.112291	0.103966	0.122210	0.108901	0.104471
588.0	0.111702	0.118424	0.110358	0.094156	0.104870	0.109857	0.104955	0.096775	0.128907	0.103368	0.119047	0.110786	0.105072	0.112845	0.119735	0.113358	0.090683	0.114974	0.114511	0.100182
589.0	0.091966	0.105392	0.107172	0.099162	0.120532	0.097291	0.107643	0.100801	0.111644	0.099345	0.118399	0.107399	0.103297	0.099359	0.107043	0.098375	0.107466	0.106038	0.097327	0.113890
590.0	0.107288	0.095647	0.097290	0.094378	0.086899	0.085012	0.103467	0.095361	0.108371	0.095579	0.106050	0.094297	0.111651	0.105185	0.109031	0.099643	0.115155	0.101518	0.095911	0.097009
591.0	0.107935	0.098473	0.098602	0.090598	0.106393	0.088031	0.098800	0.076461	0.091509	0.095921	0.094265	0.093174	0.100821	0.090152	0.109031	0.094504	0.100327	0.091285	0.098506	0.103596
592.0	0.088813	0.083568	0.108723	0.088061	0.099288	0.079665	0.089450	0.077480	0.095365	0.096315	0.099740	0.097734	0.097629	0.101771	0.088251	0.089282	0.094767	0.093020	0.089307	0.103064
593.0	0.075996	0.089911	0.085960	0.083532	0.097801	0.087508	0.105361	0.093570	0.081909	0.088338	0.096448	0.089243	0.092157	0.105236	0.089950	0.072713	0.097994	0.099327	0.103476	0.093063
594.0	0.069946	0.085162	0.092009	0.078986	0.096418	0.087694	0.081774	0.077858	0.080406	0.091163	0.100763	0.084700	0.090317	0.094382	0.093484	0.090349	0.091215	0.089165	0.081776	0.087573
595.0	0.093909	0.075860	0.101891	0.084264	0.088474	0.083865	0.069939	0.072172	0.070155	0.073052	0.089881	0.076141	0.084014	0.095350	0.092516	0.080922	0.080163	0.085801	0.093148	0.100680
596.0	0.082353	0.091965	0.083013	0.078918	0.085219	0.074149	0.085342	0.073766	0.087986	0.070964	0.082359	0.073622	0.078314	0.092938	0.082966	0.081873	0.068923	0.083891	0.085230	0.089186
597.0	0.074156	0.084439	0.079179	0.086171	0.073249	0.076932	0.077074	0.077447	0.084263	0.082844	0.081012	0.066373	0.069943	0.081745	0.081726	0.084776	0.073093	0.080474	0.087808	0.085171
598.0	0.074496	0.073461	0.080014	0.078084	0.078394	0.078231	0.075113	0.060898	0.071023	0.070861	0.084474	0.067752	0.067256	0.067562	0.078923	0.071128	0.066846	0.071065	0.076553	0.079819
599.0	0.059549	0.070502	0.078089	0.071853	0.070834	0.069443	0.074081	0.073454	0.077000	0.062970	0.065388	0.074116	0.074226	0.083205	0.074794	0.074782	0.086255	0.080159	0.067068	0.079990
600.0	0.063810	0.067741	0.069758	0.076960	0.068227	0.066205	0.076026	0.073289	0.070389	0.060146	0.066736	0.068943	0.067973	0.079723	0.074726	0.065872	0.070896	0.081193	0.079165	0.075290
601.0	0.066520	0.060625	0.074698	0.078084	0.087669	0.068094	0.067555	0.065664	0.074295	0.070023	0.077430	0.060384	0.055579	0.067069	0.074692	0.069042	0.065593	0.077285	0.071735	0.075461
602.0	0.066980	0.065967	0.067935	0.058232	0.070170	0.068482	0.056362	0.055080	0.050504	0.050765	0.062216	0.060656	0.070774	0.073931	0.080350	0.067290	0.070639	0.061586	0.067489	0.068942
603.0	0.063128	0.049976	0.061903	0.068839	0.064587	0.065564	0.054959	0.071284	0.064796	0.062576	0.063410	0.049204	0.059846	0.068819	0.062747	0.064187	0.063156	0.067298	0.070707	0.067021
604.0	0.057249	0.048826	0.066742	0.060615	0.054088	0.061701	0.061857	0.054225	0.064879	0.057184	0.060391	0.065574	0.050319	0.055111	0.063834	0.056228	0.072852	0.063198	0.062974	0.067759
605.0	0.057658	0.048415	0.059961	0.053652	0.058533	0.066221	0.049819	0.054570	0.070723	0.064922	0.060186	0.067122	0.050612	0.062092	0.065788	0.063252	0.055039	0.046378	0.074161	0.064602
606.0	0.058356	0.057996	0.063488	0.057840	0.054000	0.063506	0.056210	0.058153	0.062058	0.063090	0.060527	0.062051	0.055058	0.067596	0.072194	0.055811	0.049771	0.063969	0.067893	0.065014
607.0	0.056703	0.055564	0.062278	0.051932	0.064587	0.069207	0.050985	0.050955	0.053342	0.040923	0.048452	0.056300	0.054146	0.063027	0.052756	0.061100	0.062316	0.060237	0.055696	0.065597
608.0	0.052562	0.050831	0.052226	0.055014	0.066932	0.050433	0.051611	0.045482	0.048534	0.051912	0.047923	0.059873	0.050563	0.050474	0.055390	0.051823	0.055056	0.066334	0.054685	0.042592
609.0	0.045403	0.051669	0.055701	0.058828	0.059058	0.040431	0.038998	0.042063	0.046314	0.047085	0.050822	0.043929	0.056800	0.056249	0.061031	0.053341	0.052825	0.049777	0.061963	0.046417
610.0	0.056635	0.064290	0.045547	0.054810	0.048856	0.060352	0.053302	0.053518	0.039569	0.051210	0.053006	0.049187	0.048837	0.046720	0.051482	0.045416	0.054473	0.047008	0.038005	0.045817
611.0	0.056260	0.055975	0.046501	0.054725	0.040246	0.052188	0.042329	0.059254	0.042557	0.050765	0.043744	0.044150	0.044912	0.048963	0.049103	0.058480	0.049513	0.058485	0.049967	0.044822
612.0	0.048233	0.048497	0.043400	0.046365	0.055173	0.039301	0.053538	0.057742	0.046414	0.039074	0.042448	0.050633	0.047403	0.047213	0.050105	0.043247	0.044245	0.050110	0.049108	0.045011
613.0	0.044688	0.050781	0.048648	0.050740	0.064535	0.051024	0.052338	0.041620	0.049870	0.046623	0.042038	0.030758	0.041280	0.035935	0.045195	0.037674	0.041739	0.045361	0.056723	0.055458
614.0	0.042779	0.045062	0.050232	0.033085	0.047246	0.044074	0.049075	0.055540	0.045779	0.042754	0.041731	0.041053	0.045384	0.033523	0.047081	0.046200	0.047780	0.036793	0.045267	0.048768
615.0	0.045420	0.037536	0.046143	0.045752	0.041506	0.028995	0.046826	0.047815	0.046764	0.049019	0.032248	0.044712	0.042111	0.043340	0.050190	0.035405	0.038908	0.040052	0.047423	0.050603
616.0	0.040580	0.043107	0.032087	0.047931	0.040299	0.043282	0.041162	0.046599	0.045796	0.040409	0.047002	0.036748	0.046719	0.044359	0.040590	0.049020	0.042838	0.050425	0.050169	0.058718
617.0	0.040717	0.040510	0.038544	0.039606	0.048628	0.036434	0.044527	0.042392	0.039635	0.047547	0.042959	0.041836	0.030662	0.028784	0.045399	0.035471	0.045377	0.046342	0.052040	0.038594
618.0	0.044858	0.043353	0.048716	0.041564	0.049328	0.041291	0.041280	0.036426	0.030252	0.044312	0.037007	0.042227	0.037616	0.042933	0.040488	0.039843	0.039920	0.041261	0.043026	0.040550
619.0	0.040444	0.028415	0.046706	0.035962	0.042643	0.027477	0.038304	0.031134	0.034810	0.038424	0.035864	0.037837	0.038023	0.045871	0.044328	0.038358	0.038204	0.039509	0.040263	0.038166
620.0	0.037359	0.033739	0.036347	0.033306	0.047613	0.030395	0.033418	0.029359	0.039869	0.035052	0.041697	0.040373	0.034912	0.043578	0.042935	0.028747	0.042271	0.038072	0.038662	0.044119
621.0	0.031377	0.043320	0.031849	0.037835	0.038514	0.036130	0.030223	0.029524	0.033358	0.037636	0.035250	0.038280	0.029489	0.030890	0.036614	0.037006	0.029898	0.028348	0.036034	0.032127
622.0	0.026622	0.029959	0.043826	0.034225	0.036011	0.032858	0.030797	0.030460	0.035395	0.035394	0.041424	0.032528	0.032306	0.036971	0.032486	0.035805	0.034841	0.029084	0.038005	0.029862
623.0	0.035842	0.026837	0.036142	0.033681	0.030167	0.033246	0.031694	0.032695	0.030954	0.034863	0.027626	0.032834	0.043104	0.041336	0.034847	0.036806	0.037003	0.031239	0.033574	0.034735
624.0	0.028599	0.029220	0.031389	0.022784	0.038986	0.024863	0.031981	0.031463	0.027731	0.038098	0.030508	0.026521	0.030417	0.038143	0.029903	0.038458	0.040332	0.025264	0.037348	0.040550
625.0	0.029178	0.026410	0.029412	0.021098	0.032494	0.022231	0.030696	0.026516	0.026629	0.034470	0.034585	0.031303	0.022649	0.028104	0.032299	0.026595	0.035510	0.030048	0.036118	0.034151
626.0	0.024253	0.028234	0.029906	0.024657	0.032442	0.030058	0.031271	0.022687	0.024142	0.031166	0.038405	0.028751	0.017682	0.027510	0.036088	0.023191	0.030464	0.038055	0.034990	0.034340
627.0	0.026997	0.025078	0.029225	0.023823	0.034559	0.029434	0.032607	0.027305	0.027247	0.020827	0.032623	0.033838	0.029489	0.027153	0.034541	0.026161	0.027616	0.036653	0.035883	0.023755
628.0	0.027542	0.031225	0.023909	0.025202	0.027857	0.029906	0.030290	0.023623	0.021871	0.035206	0.030031	0.044899	0.028837	0.032741	0.028696	0.020238	0.029400	0.035847	0.028908	0.023789
629.0	0.029093	0.034660	0.029071	0.028403	0.020315	0.024289	0.026706	0.028817	0.024743	0.022761	0.030014	0.035659	0.025206	0.028359	0.026658	0.027913	0.028251	0.035619	0.031350	0.028747
630.0	0.023622	0.030436	0.029429	0.023720	0.018670	0.022130	0.019249	0.023065	0.029434	0.021957	0.027933	0.029074	0.024961	0.023756	0.029852	0.028630	0.025676	0.034603	0.022842	0.031321
631.0	0.025923	0.024224	0.027691	0.033085	0.024707	0.016463	0.021600	0.021290	0.027114	0.023651	0.022833	0.023050	0.027535	0.026644	0.024449	0.036523	0.022485	0.024038	0.025016	0.031852
632.0	0.027542	0.025374	0.014794	0.034174	0.032879	0.017087	0.023798	0.024741	0.026396	0.023121	0.025699	0.024650	0.020890	0.026881	0.018740	0.023241	0.028886	0.026806	0.021899	0.029931
633.0	0.020026	0.025259	0.018798	0.022750	0.026877	0.032503	0.018286	0.033172	0.019384	0.023206	0.025187	0.023748	0.025385	0.022533	0.022461	0.027029	0.024201	0.031467	0.028301	0.016962
634.0	0.025395	0.021989	0.023722	0.018953	0.027034	0.024761	0.020027	0.022292	0.022723	0.027759	0.020002	0.019715	0.015923	0.030907	0.027252	0.023258	0.034600	0.030591	0.024948	0.026105
635.0	0.021066	0.020033	0.023210	0.020656	0.026474	0.025723	0.029174	0.024396	0.023073	0.022470	0.018944	0.026215	0.026834	0.025132	0.020286	0.023324	0.022364	0.025562	0.024140	0.023669
636.0	0.027031	0.022153	0.022597	0.025355	0.009850	0.024863	0.030544	0.020912	0.019183	0.028581	0.022236	0.021808	0.025108	0.023569	0.018519	0.028964	0.017113	0.020008	0.020079	0.027203
637.0	0.023179	0.020198	0.030690	0.019498	0.018092	0.025065	0.024592	0.025053	0.030369	0.021631	0.019422	0.019443	0.022649	0.020444	0.023310	0.024009	0.019722	0.018781	0.019608	0.032727
638.0	0.020060	0.017289	0.024386	0.014901	0.026492	0.016530	0.025150	0.023360	0.018081	0.022573	0.022594	0.015291	0.026020	0.017675	0.023701	0.024292	0.017319	0.020130	0.035815	0.030411
639.0	0.019821	0.021200	0.014828	0.013624	0.021312	0.017964	0.028380	0.016047	0.021521	0.019834	0.019678	0.023748	0.020727	0.020750	0.019181	0.018853	0.020271	0.032080	0.029986	0.028044
640.0	0.019174	0.020493	0.017775	0.021081	0.016080	0.017441	0.019520	0.021273	0.022990	0.018602	0.025085	0.029431	0.020467	0.010219	0.014798	0.031100	0.023720	0.020761	0.012144	0.017082
641.0	0.023997	0.023336	0.022938	0.015037	0.017760	0.017559	0.015936	0.018348	0.017163	0.014476	0.018279	0.017979	0.017535	0.012647	0.019062	0.019103	0.011364	0.026946	0.020180	0.022674
642.0	0.022122	0.011570	0.029787	0.021694	0.022607	0.015265	0.019047	0.011873	0.014575	0.016120	0.013725	0.015648	0.010337	0.015161	0.021526	0.018169	0.014419	0.022724	0.017687	0.022194
643.0	0.018697	0.014676	0.031934	0.024844	0.017305	0.019583	0.016696	0.014929	0.025444	0.022025	0.018893	0.019545	0.013138	0.016894	0.016174	0.025610	0.014608	0.017257	0.018883	0.018780
644.0	0.018185	0.012523	0.020093	0.026087	0.014033	0.010576	0.015242	0.020106	0.014425	0.016599	0.021247	0.021910	0.013806	0.008962	0.015205	0.023658	0.016221	0.018851	0.020079	0.016035
645.0	0.013822	0.014199	0.017656	0.018306	0.016027	0.013831	0.021769	0.015899	0.019350	0.020930	0.017699	0.011581	0.011379	0.013514	0.007388	0.020171	0.008361	0.009810	0.026717	0.022142
646.0	0.017094	0.013312	0.021098	0.013879	0.016342	0.011504	0.021295	0.012744	0.012672	0.024267	0.022833	0.022301	0.020125	0.018983	0.019283	0.016884	0.016289	0.017380	0.024662	0.027735
647.0	0.013362	0.012934	0.020927	0.010559	0.025389	0.023344	0.021278	0.010788	0.016412	0.025825	0.017188	0.017367	0.025092	0.023943	0.013948	0.017218	0.016238	0.018150	0.016524	0.024287
648.0	0.018339	0.012539	0.027657	0.016382	0.017007	0.019296	0.016274	0.016984	0.011353	0.016137	0.022134	0.015155	0.016981	0.016962	0.016582	0.011628	0.017714	0.015838	0.011015	0.020993
649.0	0.014640	0.019606	0.011454	0.013471	0.019160	0.011807	0.018894	0.017148	0.015043	0.018756	0.016915	0.013249	0.027111	0.014380	0.015324	0.016083	0.014058	0.010336	0.015177	0.017287
650.0	0.014794	0.013328	0.011574	0.013352	0.013630	0.010340	0.012892	0.020106	0.016161	0.014784	0.016505	0.017350	0.019897	0.024045	0.020099	0.015532	0.013595	0.017309	0.015749	0.016533
651.0	0.021730	0.017502	0.016685	0.008823	0.012055	0.012482	0.013213	0.009835	0.018131	0.020365	0.009870	0.011683	0.013447	0.021038	0.017091	0.018636	0.009888	0.012403	0.013424	0.014302
652.0	0.019719	0.019376	0.014862	0.016553	0.015135	0.012516	0.009680	0.017543	0.013974	0.017249	0.017563	0.016261	0.020483	0.012749	0.021883	0.012012	0.010558	0.010073	0.010291	0.014079
653.0	0.016072	0.016171	0.012034	0.011002	0.014242	0.022906	0.014887	0.015159	0.017747	0.010300	0.012207	0.014508	0.020385	0.008163	0.018485	0.019153	0.015775	0.018186	0.018260	0.011077
654.0	0.015816	0.012030	0.013772	0.004018	0.015117	0.012634	0.011962	0.008881	0.020870	0.007679	0.014322	0.015257	0.012079	0.013225	0.022868	0.017351	0.014968	0.016731	0.012734	0.013891
655.0	0.014538	0.014906	0.010160	0.011496	0.009833	0.014067	0.007313	0.015998	0.019884	0.011686	0.015857	0.013419	0.021769	0.012681	0.016089	0.009676	0.009511	0.024283	0.014974	0.022383
656.0	0.020980	0.015925	0.016174	0.013011	0.011355	0.007000	0.011083	0.009489	0.018315	0.006623	0.021247	0.013878	0.014343	0.020716	0.005779	0.013146	0.012531	0.024686	0.020315	0.019175
657.0	0.013447	0.013821	0.011591	0.009385	0.010708	0.007945	0.013349	0.013434	0.014809	0.011344	0.014510	0.016533	0.017177	0.015892	0.010380	0.014198	0.007880	0.016503	0.014402	0.020341
658.0	0.015339	0.010123	0.012221	0.014663	0.008678	0.011031	0.011455	0.013335	0.013306	0.017386	0.008303	0.011411	0.016118	0.010966	0.015087	0.011144	0.009751	0.008107	0.009684	0.016138
659.0	0.019378	0.010847	0.008267	0.015531	0.016762	0.007860	0.013078	0.011379	0.015143	0.013586	0.012309	0.012330	0.013626	0.014329	0.015885	0.012696	0.009459	0.010791	0.014789	0.013067
660.0	0.014027	0.016073	0.014726	0.012330	0.011793	0.007287	0.009274	0.014321	0.011236	0.017403	0.009615	0.008382	0.009490	0.017369	0.010601	0.008805	0.011965	0.018431	0.018058	0.016636
661.0	0.015663	0.011192	0.020519	0.008636	0.011653	0.004816	0.009916	0.012431	0.011353	0.013090	0.012770	0.004189	0.011721	0.007623	0.013982	0.020254	0.011793	0.012544	0.014166	0.013445
662.0	0.012050	0.007565	0.015015	0.010406	0.017340	0.004497	0.007206	0.009785	0.016696	0.013381	0.012872	0.017401	0.011916	0.010507	0.014407	0.012379	0.011553	0.008727	0.010644	0.011935
663.0	0.011589	0.005878	0.013243	0.014271	0.015642	0.010559	0.013602	0.012711	0.014158	0.014100	0.026125	0.016822	0.011281	0.008690	0.009326	0.009759	0.012171	0.010967	0.016592	0.015023
664.0	0.013413	0.010748	0.012306	0.015344	0.014907	0.008940	0.012250	0.010706	0.017831	0.011258	0.017546	0.010458	0.007832	0.013887	0.014560	0.014715	0.008687	0.015627	0.019001	0.027787
665.0	0.017418	0.008233	0.013669	0.008687	0.008503	0.004375	0.018438	0.012053	0.013073	0.011874	0.021588	0.010322	0.012959	0.010269	0.012351	0.019353	0.011742	0.013402	0.016204	0.023927
666.0	0.015578	0.010058	0.013942	0.004480	0.012265	0.008501	0.017474	0.010393	0.010685	0.010505	0.014459	0.012007	0.011477	0.014414	0.013897	0.010627	0.008859	0.016433	0.015682	0.021422
667.0	0.015782	0.013706	0.015015	0.011973	0.009955	0.007219	0.011523	0.012431	0.008799	0.010419	0.010297	0.008637	0.010434	0.014091	0.011450	0.012879	0.006746	0.019167	0.011942	0.009333
668.0	0.011913	0.015349	0.012528	0.014475	0.004037	0.001228	0.006778	0.015258	0.008882	0.014973	0.008030	0.013113	0.006461	0.011441	0.019929	0.014131	0.007417	0.010704	0.016238	0.011283
669.0	0.009323	0.004930	0.012000	0.014884	0.005309	0.008147	0.012402	0.007649	0.020636	0.010933	0.011951	0.008008	0.010125	0.013582	0.012317	0.009559	0.012960	0.013227	0.011521	0.013205
670.0	0.009561	0.008266	0.012971	0.011939	0.006545	0.012060	0.010779	0.008027	0.010969	0.009324	0.018023	0.010850	0.008871	0.018558	0.016701	0.008059	0.009305	0.010196	0.014317	0.011317
671.0	0.021952	0.008118	0.013635	0.011836	0.008923	0.004475	0.005831	0.003471	0.012488	0.007018	0.007242	0.005694	0.009913	0.010405	0.009326	0.010293	0.009682	0.015365	0.011638	0.013119
672.0	0.007942	0.010041	0.002368	0.013607	0.006429	0.008063	0.004317	0.013385	0.009433	0.006912	0.011798	0.008774	0.012519	0.014057	0.018094	0.004772	0.010832	0.010108	0.013441	0.014354
673.0	0.014231	0.005096	0.005563	0.003662	0.007960	0.010728	0.010762	0.011840	0.009900	0.010522	0.012207	0.009556	0.011965	0.002383	0.012266	0.014331	0.008395	0.012088	0.012144	0.013462
674.0	0.013856	0.011619	0.006001	0.005309	0.000770	0.007894	0.011184	0.006613	0.008151	0.016154	0.014066	0.006985	0.005459	0.005957	0.020626	0.009642	0.011656	0.011562	0.015345	0.017545
675.0	0.012101	0.013542	0.006423	0.006322	0.008923	0.011605	0.005372	0.009473	0.019951	0.011412	0.005385	0.011939	0.008415	0.009811	0.010601	0.007799	0.010575	0.007892	0.011234	0.013891
676.0	0.013243	0.011750	0.013141	0.004393	0.010970	0.010492	0.006466	0.009687	0.020502	0.011840	0.008330	0.012126	0.007066	0.004571	0.011280	0.008438	0.013423	0.010634	0.010628	0.016464
677.0	0.013277	0.015448	0.010296	0.008193	0.006354	0.013595	0.009730	0.011462	0.007672	0.007511	0.010740	0.002590	0.009555	0.011543	0.014492	0.009147	0.004265	0.012649	0.017636	0.015349
678.0	0.012851	0.007238	0.018730	0.015037	0.008415	0.006001	0.020298	0.007928	0.013674	0.005729	0.010348	0.008195	0.008399	0.004834	0.014271	0.007125	0.002224	0.006586	0.010156	0.007507
679.0	0.016038	0.003906	0.015952	0.010304	0.008065	0.006082	0.005135	0.006252	0.011820	0.008537	0.011900	0.006578	0.005609	0.013361	0.017142	0.015165	0.008292	0.007515	0.012262	0.006792
680.0	0.016924	0.004090	0.010347	0.006514	0.009343	0.009277	0.007429	0.000135	0.012255	0.012884	0.005693	0.007702	0.010956	0.010643	0.006102	0.010560	0.008361	0.015067	0.013812	0.016618
681.0	0.013958	0.012309	0.012204	0.004050	0.007343	0.009311	0.011489	0.001512	0.009066	0.011412	0.011627	0.004210	0.009294	0.008911	0.006569	0.014331	0.014196	0.013227	0.011925	0.012227
682.0	0.014402	0.003164	0.010177	0.007013	0.005446	0.004392	0.003904	0.009276	0.008799	0.015966	0.008272	0.006679	0.005402	0.010813	0.009717	0.015182	0.016941	0.007035	0.008264	0.013222
683.0	0.010021	0.010123	0.006377	0.007563	0.007309	0.006932	0.009460	0.010393	0.016812	0.006460	0.011644	0.007974	0.008676	0.006835	0.012504	0.008868	0.009751	0.008377	0.012194	0.016464
684.0	0.004583	0.008250	0.010177	0.006817	0.009185	0.007287	0.004215	0.001790	0.006069	0.003506	0.009717	0.003424	0.008985	0.016452	0.009887	0.006844	0.006913	0.007203	0.008532	0.015778
685.0	0.007000	0.003517	0.004859	0.002254	0.003622	0.009007	0.007101	0.002920	0.010952	0.009512	0.008634	0.009182	0.006107	0.012478	0.006503	0.013046	0.012788	0.010336	0.008239	0.010185
686.0	0.015918	0.010830	0.005689	0.007903	0.006352	0.009884	0.005723	0.007715	0.009183	0.010950	0.012651	0.012840	0.007441	0.010049	0.007369	0.011111	0.007623	0.006669	0.004739	0.009676
687.0	0.014623	0.008743	0.008236	0.005581	0.003901	0.012448	0.005358	0.004723	0.011904	0.006068	0.007525	0.010901	0.004526	0.009539	0.007700	0.007442	0.004785	0.006210	0.014503	0.003736
688.0	0.007891	0.006994	0.014095	0.012126	0.008013	0.008855	0.009730	0.004469	0.012271	0.010385	0.012122	0.006398	0.009066	0.006319	0.012147	0.013847	0.014041	0.008396	0.010880	0.007030
689.0	0.009050	0.009893	0.007265	0.008993	0.010218	0.003728	0.010255	0.003824	0.013156	0.007410	0.007546	0.011939	0.012714	0.004090	0.004882	0.014698	0.011261	0.007802	0.010813	0.007842
690.0	0.010413	0.005721	0.013720	0.009538	0.010218	0.008586	0.007042	0.004567	0.005510	0.007027	0.003063	0.003003	0.009001	0.009539	0.007230	0.007417	0.010249	0.010844	0.007706	0.013205
691.0	0.013157	0.002677	0.011863	0.011053	0.010725	0.009226	0.006848	0.007682	0.006510	0.008400	0.002952	0.005644	0.007851	0.004697	0.007551	0.012095	0.011604	0.013560	0.011740	0.005752
692.0	0.009493	0.005193	0.015288	0.002394	0.009955	0.006401	0.008378	0.002347	0.005309	0.004196	0.010297	0.007685	0.009539	0.012987	0.005306	0.007161	0.014333	0.005433	0.010762	0.009310
693.0	0.015237	0.008792	0.016310	0.002198	0.009203	0.008366	0.004339	0.005488	0.013757	0.003987	0.007406	0.007157	0.012959	0.004756	0.014152	0.012696	0.003154	0.008840	0.013290	0.007511
694.0	0.011180	0.010485	0.011966	0.005259	0.007084	0.006983	0.008564	0.002648	0.011436	0.004986	0.009973	0.004198	0.007467	0.010541	0.001036	0.010293	0.007434	0.004943	0.011975	0.007356
695.0	0.003978	0.014889	0.002634	0.003473	0.011338	0.006258	0.001848	0.012546	0.008363	0.003966	0.014987	0.008093	0.013496	0.002352	0.005544	0.007295	0.015637	0.005174	0.017940	0.013342
696.0	0.000912	0.007568	0.002552	0.009912	0.012983	0.004794	0.009122	0.007402	0.007383	0.005902	0.011235	0.004023	0.015027	0.009114	0.008875	0.011545	0.008344	0.005787	0.010594	0.008147
697.0	0.006458	0.005024	0.004075	0.012330	0.007362	0.009024	0.013890	0.006194	0.010335	0.008537	0.006655	0.007223	0.009278	0.005068	0.010754	0.012662	0.004966	0.009670	0.008820	0.009942
698.0	0.004973	0.003966	0.008601	0.006204	0.011828	0.010171	0.005843	0.004174	0.011871	0.002479	0.004136	0.007787	0.005863	0.003703	0.008137	0.012312	0.006798	0.008638	0.012683	0.005515
699.0	0.005328	0.008109	0.009444	0.009078	0.005181	0.005006	0.012199	0.004219	0.006855	0.004596	0.007754	0.007074	0.009522	0.000000	0.012725	0.009626	0.018366	0.007093	0.012582	0.008912
700.0	0.003046	0.007957	0.007287	0.001861	0.008013	0.001553	0.004039	0.008618	0.010134	0.005870	0.011815	0.009063	0.010223	0.003241	0.009445	0.012145	0.009099	0.011387	0.015143	0.016756
701.0	0.009357	0.011274	0.009444	0.007937	0.003916	0.015585	0.009257	0.007682	0.010919	0.005616	0.009785	0.009080	0.010158	0.005760	0.017686	0.013330	0.009047	0.006316	0.009768	0.008561
702.0	0.007242	0.006457	0.006076	0.009964	0.012808	0.011335	0.009798	0.004217	0.007339	0.004326	0.009751	0.009437	0.008659	0.007112	0.012385	0.012479	0.007743	0.012509	0.008609	0.012827
703.0	0.005367	0.005944	0.012357	0.009708	0.006081	0.011284	0.010035	0.000841	0.008268	0.003521	0.008600	0.006323	0.008092	0.009862	0.003716	0.009743	0.006266	0.007406	0.018613	0.012981
704.0	0.003981	0.006173	0.006074	0.005796	0.005890	0.011622	0.003840	0.007649	0.008149	0.006619	0.010604	0.008365	0.006242	0.004758	0.011552	0.011878	0.003583	0.008712	0.004818	0.010305
705.0	0.006124	0.011389	0.013857	0.008091	0.007600	0.005131	0.007915	0.006137	0.013073	0.000000	0.006938	0.010220	0.000000	0.009641	0.006878	0.007347	0.005202	0.013034	0.006898	0.009974
706.0	0.006850	0.002199	0.008115	0.006958	0.007943	0.008164	0.003278	0.015143	0.008915	0.004594	0.009410	0.009982	0.002936	0.016350	0.009445	0.007837	0.005073	0.011650	0.019557	0.007370
707.0	0.008897	0.006053	0.014964	0.005661	0.007644	0.009176	0.010136	0.009884	0.007625	0.007220	0.008532	0.012534	0.006068	0.012563	0.011348	0.005997	0.005114	0.009255	0.013441	0.021216
708.0	0.007588	0.008110	0.007670	0.010474	0.001197	0.005123	0.015682	0.005279	0.004249	0.010779	0.006359	0.005403	0.001663	0.007255	0.005677	0.005790	0.003340	0.003326	0.010122	0.010837
709.0	0.010908	0.007114	0.008412	0.005033	0.004819	0.006281	0.008322	0.005491	0.006323	0.006019	0.005330	0.009914	0.010988	0.006646	0.004844	0.002988	0.005893	0.010827	0.010948	0.006323
710.0	0.008286	0.012128	0.006379	0.002191	0.000000	0.008029	0.009798	0.007616	0.009233	0.005510	0.011610	0.007940	0.011542	0.008860	0.005757	0.008077	0.005076	0.011037	0.005669	0.012981
711.0	0.011624	0.007132	0.005307	0.009061	0.004326	0.005327	0.011218	0.008158	0.008572	0.005164	0.008699	0.010339	0.011200	0.009641	0.007624	0.009743	0.002722	0.005980	0.007733	0.009060
712.0	0.003477	0.007925	0.006055	0.001519	0.009063	0.005752	0.009223	0.009079	0.009416	0.012936	0.006811	0.009505	0.008659	0.001986	0.012266	0.005668	0.005883	0.008042	0.004677	0.018025
713.0	0.007647	0.009055	0.002966	0.003094	0.007908	0.003535	0.010001	0.003943	0.009316	0.006962	0.011303	0.008127	0.007636	0.008401	0.001128	0.006476	0.004774	0.006348	0.007261	0.013187
714.0	0.005733	0.008398	0.008182	0.002811	0.006114	0.012651	0.007245	0.010114	0.011553	0.000425	0.015772	0.008569	0.010695	0.008741	0.010652	0.008820	0.004043	0.001822	0.012110	0.012312
715.0	0.000000	0.004238	0.006018	0.001938	0.015082	0.005344	0.006460	0.008355	0.016712	0.002744	0.008532	0.002685	0.006379	0.013887	0.017499	0.009100	0.006238	0.011562	0.009718	0.006835
716.0	0.007480	0.003037	0.006180	0.009487	0.006669	0.005455	0.007094	0.003729	0.008585	0.013432	0.010229	0.012313	0.009278	0.005765	0.004117	0.007076	0.008790	0.010967	0.008579	0.011403
717.0	0.015339	0.005121	0.012852	0.005520	0.001979	0.006531	0.006824	0.006942	0.005823	0.007018	0.013930	0.006915	0.010353	0.007657	0.004516	0.005223	0.009837	0.014979	0.005115	0.015366
718.0	0.012442	0.011323	0.010381	0.004425	0.003292	0.003471	0.009899	0.005075	0.007481	0.007708	0.013503	0.007548	0.009327	0.002949	0.010227	0.009993	0.011793	0.008673	0.009987	0.008650
719.0	0.007567	0.009926	0.004822	0.007937	0.001907	0.013730	0.006268	0.009095	0.003773	0.006970	0.016403	0.006742	0.007509	0.009726	0.007033	0.014398	0.014659	0.011580	0.003690	0.012004
720.0	0.012697	0.007612	0.006566	0.004885	0.008713	0.012094	0.010204	0.007632	0.009934	0.003559	0.012787	0.008740	0.008610	0.008673	0.008633	0.009726	0.007299	0.004146	0.006414	0.009103
721.0	0.005923	0.006294	0.008572	0.002399	0.010533	0.010559	0.013264	0.005497	0.002479	0.006486	0.012037	0.008876	0.006301	0.013921	0.008010	0.010827	0.008464	0.006683	0.007310	0.014371
722.0	0.006969	0.005828	0.015186	0.005476	0.002166	0.006455	0.000000	0.003864	0.008496	0.011310	0.014766	0.005231	0.009066	0.006697	0.008958	0.010727	0.008430	0.005943	0.008815	0.007581
723.0	0.002914	0.008464	0.011352	0.001643	0.008030	0.006882	0.003382	0.001431	0.012071	0.006460	0.004305	0.000000	0.006614	0.006448	0.005182	0.010043	0.005595	0.009449	0.010830	0.006557
724.0	0.008411	0.015004	0.009938	0.005120	0.006349	0.007911	0.007492	0.006359	0.010301	0.008109	0.009359	0.007395	0.009490	0.006545	0.005024	0.009509	0.007021	0.006744	0.008875	0.011180
725.0	0.006701	0.008595	0.006057	0.008057	0.004147	0.008063	0.009325	0.005744	0.008435	0.005543	0.011474	0.005345	0.001681	0.011085	0.006426	0.011111	0.007005	0.009223	0.012194	0.008166
726.0	0.014725	0.007348	0.004818	0.008976	0.002754	0.004792	0.008530	0.006886	0.008286	0.003045	0.008115	0.005323	0.007213	0.007987	0.009309	0.011912	0.010781	0.005595	0.009684	0.008039
727.0	0.007044	0.008809	0.004179	0.004929	0.006741	0.002886	0.010204	0.000546	0.005054	0.005681	0.012821	0.006424	0.010776	0.004088	0.002494	0.008758	0.008206	0.009582	0.010762	0.000000
728.0	0.000706	0.009910	0.007674	0.004110	0.009623	0.000695	0.006410	0.003343	0.008550	0.003287	0.010365	0.003151	0.007102	0.005101	0.010380	0.003759	0.012977	0.004195	0.011285	0.008881
729.0	0.001467	0.009943	0.013260	0.007004	0.006615	0.002176	0.005319	0.009621	0.008288	0.013141	0.009683	0.005598	0.006469	0.005116	0.007988	0.004775	0.008035	0.007082	0.001437	0.009164
730.0	0.007908	0.007118	0.011114	0.003644	0.005090	0.006173	0.004332	0.004395	0.008271	0.009991	0.009632	0.008110	0.009343	0.009267	0.007400	0.009843	0.010334	0.007823	0.009853	0.010098
731.0	0.006834	0.010058	0.008739	0.005724	0.010988	0.010643	0.009409	0.012546	0.004561	0.000585	0.008035	0.005256	0.007119	0.014957	0.011230	0.010276	0.008550	0.003026	0.011066	0.009593
732.0	0.006800	0.007622	0.010466	0.002993	0.003335	0.004659	0.004320	0.004423	0.005782	0.011327	0.013384	0.013198	0.006229	0.007338	0.010618	0.009035	0.009888	0.014734	0.010442	0.016344
733.0	0.006739	0.008398	0.006364	0.000690	0.002859	0.005608	0.008530	0.007846	0.006895	0.006799	0.009598	0.010986	0.011021	0.005982	0.006637	0.009242	0.001864	0.009985	0.005875	0.006932
734.0	0.006623	0.008480	0.010398	0.002668	0.011968	0.007236	0.011370	0.001869	0.004019	0.004863	0.013947	0.006774	0.002441	0.011000	0.004328	0.003060	0.003640	0.006350	0.014688	0.009830
735.0	0.006197	0.001106	0.006761	0.010934	0.009395	0.001672	0.010643	0.005397	0.008451	0.008365	0.011815	0.010339	0.009066	0.016877	0.005167	0.010577	0.009408	0.000000	0.004950	0.018145
736.0	0.010686	0.006378	0.006249	0.002486	0.013228	0.006480	0.002127	0.006585	0.005773	0.006981	0.008990	0.010628	0.006695	0.005442	0.010805	0.009726	0.006408	0.007058	0.012599	0.010717
737.0	0.007312	0.011882	0.011846	0.005763	0.009920	0.006251	0.008631	0.002460	0.015226	0.003026	0.009853	0.006994	0.006702	0.009624	0.011671	0.008478	0.000777	0.013718	0.007138	0.007451
738.0	0.008549	0.004498	0.011233	0.007903	0.009360	0.004703	0.004863	0.007583	0.004029	0.006366	0.003582	0.004550	0.008578	0.008231	0.013099	0.006699	0.007846	0.005687	0.001371	0.009720
739.0	0.007707	0.009137	0.017844	0.006448	0.007712	0.006089	0.006295	0.005599	0.000078	0.005863	0.007396	0.000783	0.005801	0.013819	0.007041	0.007805	0.006899	0.014103	0.004640	0.011386
740.0	0.002824	0.002703	0.006730	0.003751	0.009780	0.006227	0.006351	0.003849	0.002045	0.009632	0.008769	0.000225	0.002749	0.019391	0.005269	0.018753	0.006978	0.011019	0.007950	0.013633
741.0	0.005469	0.006187	0.008740	0.007342	0.007341	0.010239	0.003121	0.003872	0.012338	0.011053	0.005772	0.004628	0.005635	0.008095	0.011060	0.012412	0.010060	0.007012	0.008124	0.006193
742.0	0.005987	0.004904	0.002912	0.007682	0.013438	0.010255	0.005429	0.005938	0.011403	0.005356	0.004888	0.007293	0.005285	0.005311	0.013133	0.005716	0.003223	0.012228	0.011167	0.004354
743.0	0.004811	0.008025	0.009461	0.007359	0.007838	0.003917	0.009933	0.008635	0.002132	0.008571	0.007955	0.012194	0.005865	0.003676	0.010805	0.000000	0.006950	0.013735	0.005627	0.007542
744.0	0.004822	0.007085	0.009086	0.005945	0.007320	0.011116	0.005698	0.007304	0.006857	0.003971	0.004436	0.005404	0.007487	0.010269	0.005750	0.008681	0.010609	0.010161	0.004722	0.012673
745.0	0.005306	0.006940	0.006536	0.005404	0.007855	0.000000	0.010271	0.004751	0.006955	0.007955	0.007472	0.000449	0.008724	0.012529	0.011128	0.011912	0.008121	0.006469	0.013694	0.010528
746.0	0.003915	0.006160	0.018917	0.002603	0.003843	0.005042	0.005713	0.008306	0.004239	0.007563	0.005013	0.002142	0.008366	0.009675	0.006650	0.011061	0.006689	0.009043	0.007701	0.008108
747.0	0.006933	0.002925	0.010211	0.003901	0.008293	0.005374	0.006124	0.008027	0.008748	0.006751	0.007650	0.009046	0.005153	0.011713	0.004112	0.013180	0.007324	0.002644	0.007056	0.009010
748.0	0.003807	0.004429	0.013857	0.009027	0.010340	0.004865	0.007593	0.005011	0.002304	0.012901	0.009973	0.005181	0.004936	0.006208	0.008463	0.008221	0.003374	0.003858	0.013357	0.008120
749.0	0.005866	0.006819	0.007967	0.009453	0.004552	0.002173	0.003278	0.009013	0.009249	0.007869	0.012446	0.005394	0.010141	0.003699	0.010975	0.009676	0.003837	0.011527	0.007221	0.009660
750.0	0.009561	0.002322	0.001574	0.005690	0.010760	0.004235	0.006330	0.010706	0.012856	0.000318	0.015209	0.005149	0.007848	0.003985	0.008689	0.011578	0.008859	0.009512	0.010863	0.003851
751.0	0.008914	0.004524	0.004958	0.003211	0.006153	0.009210	0.008986	0.000291	0.005311	0.010573	0.010723	0.001550	0.003045	0.003652	0.009089	0.010343	0.006157	0.011370	0.010072	0.016395
752.0	0.015578	0.004309	0.010807	0.000000	0.006557	0.007219	0.005246	0.004722	0.006578	0.004545	0.008801	0.000146	0.009197	0.006137	0.009649	0.007387	0.014024	0.012666	0.006847	0.010460
753.0	0.009255	0.000113	0.012511	0.005246	0.006385	0.001513	0.011201	0.003865	0.010335	0.004981	0.004380	0.001821	0.006101	0.004207	0.011875	0.007777	0.007110	0.018133	0.010004	0.012896
754.0	0.005152	0.001878	0.003271	0.000398	0.005218	0.005681	0.002700	0.002940	0.005869	0.005245	0.009956	0.009063	0.002357	0.006471	0.007908	0.007528	0.001323	0.012806	0.009937	0.005706
755.0	0.007649	0.000000	0.004854	0.006764	0.008993	0.000530	0.004516	0.002421	0.008398	0.011703	0.014203	0.005934	0.007628	0.008061	0.007072	0.007360	0.007863	0.014909	0.007197	0.013102
756.0	0.005190	0.002565	0.004125	0.004301	0.010760	0.010879	0.012114	0.005087	0.001843	0.005070	0.014134	0.007514	0.012438	0.010032	0.006868	0.005845	0.009717	0.007301	0.009241	0.013205
757.0	0.005655	0.006349	0.011591	0.009214	0.004608	0.004773	0.004259	0.005732	0.004793	0.009050	0.010774	0.010526	0.008708	0.007032	0.006943	0.014765	0.010300	0.004400	0.013879	0.010974
758.0	0.009953	0.008158	0.008044	0.005656	0.006825	0.002490	0.005838	0.006602	0.007421	0.003939	0.006544	0.008399	0.008692	0.005583	0.006523	0.009209	0.000000	0.014278	0.011504	0.012673
759.0	0.008171	0.009252	0.017758	0.007597	0.013788	0.001768	0.010407	0.004158	0.010685	0.006229	0.008311	0.008637	0.006907	0.008571	0.009598	0.011228	0.013801	0.007750	0.015092	0.012312
760.0	0.004263	0.015415	0.007515	0.009300	0.011758	0.004477	0.006325	0.005253	0.008049	0.003685	0.010365	0.008569	0.013561	0.009539	0.000000	0.010610	0.012531	0.010564	0.015497	0.008084
761.0	0.002839	0.008710	0.004662	0.013454	0.005178	0.004949	0.016409	0.006009	0.001641	0.007114	0.003483	0.003635	0.008562	0.004005	0.011790	0.009342	0.001798	0.004761	0.005632	0.009434
762.0	0.004660	0.003073	0.013618	0.007222	0.005078	0.014185	0.003672	0.005949	0.013690	0.010248	0.004535	0.008144	0.006737	0.008078	0.009734	0.007218	0.013561	0.009653	0.005615	0.007078
763.0	0.006096	0.000955	0.006818	0.009810	0.002560	0.002188	0.003344	0.006040	0.007680	0.001551	0.012088	0.005641	0.008109	0.009607	0.007830	0.008613	0.008275	0.005307	0.008060	0.004843
764.0	0.005764	0.008233	0.006149	0.008499	0.009028	0.003993	0.012351	0.005374	0.001566	0.003588	0.006007	0.006422	0.005534	0.004644	0.010397	0.007740	0.001404	0.004924	0.008068	0.005469
765.0	0.012851	0.006178	0.012323	0.007614	0.004566	0.004598	0.003718	0.008553	0.006186	0.014356	0.004661	0.007889	0.008496	0.006448	0.004601	0.007759	0.004567	0.009898	0.010038	0.006346
766.0	0.010311	0.001119	0.007670	0.008857	0.005528	0.000204	0.010187	0.006705	0.007111	0.006056	0.006804	0.006058	0.005658	0.013938	0.008234	0.010911	0.002294	0.010178	0.007019	0.011506
767.0	0.008264	0.011142	0.009069	0.006940	0.008433	0.004256	0.002340	0.010180	0.006677	0.002364	0.006991	0.004591	0.005656	0.007020	0.008319	0.010677	0.005622	0.007746	0.007447	0.007046
768.0	0.010362	0.007867	0.014249	0.006361	0.000633	0.004205	0.003292	0.009391	0.007962	0.006306	0.000000	0.013096	0.009343	0.009318	0.003777	0.006924	0.002252	0.011124	0.001936	0.012930
769.0	0.005273	0.004230	0.008168	0.008210	0.002306	0.010222	0.005994	0.010262	0.005985	0.004932	0.003720	0.010339	0.008102	0.007139	0.006350	0.005413	0.003401	0.015855	0.001983	0.004294
770.0	0.005190	0.006460	0.006311	0.009010	0.006830	0.002038	0.002617	0.000562	0.012305	0.008211	0.005325	0.009846	0.009995	0.011934	0.008455	0.007425	0.010266	0.018606	0.000000	0.014954
771.0	0.005338	0.004935	0.000000	0.002312	0.014610	0.006966	0.002939	0.007567	0.004282	0.005887	0.009751	0.007203	0.007231	0.005451	0.007801	0.006627	0.007086	0.008878	0.010038	0.014937
772.0	0.004799	0.007566	0.009069	0.007631	0.005075	0.002987	0.006486	0.007780	0.013039	0.010899	0.006161	0.006675	0.007342	0.006888	0.007629	0.010310	0.004956	0.008517	0.005388	0.011558
773.0	0.007388	0.012835	0.009393	0.007835	0.004768	0.004446	0.010660	0.008257	0.000000	0.005661	0.007332	0.012381	0.002280	0.008061	0.008108	0.009375	0.002936	0.004410	0.010914	0.003983
774.0	0.016583	0.005767	0.002559	0.004588	0.004345	0.007084	0.004846	0.000000	0.005176	0.002896	0.004058	0.006754	0.013170	0.006689	0.005531	0.002897	0.005766	0.011177	0.011133	0.016721
775.0	0.000752	0.003550	0.008270	0.005470	0.006720	0.013865	0.008202	0.009095	0.010535	0.009991	0.006988	0.010509	0.013008	0.009335	0.007456	0.009709	0.005298	0.008526	0.009249	0.007240
776.0	0.006580	0.007274	0.011557	0.004236	0.005950	0.004645	0.007494	0.006179	0.005174	0.002722	0.009546	0.007667	0.012177	0.021820	0.006815	0.001238	0.003597	0.012088	0.012565	0.008698
777.0	0.013549	0.010370	0.007698	0.003443	0.006405	0.006511	0.007399	0.004575	0.003105	0.001640	0.004122	0.007531	0.008220	0.010185	0.006756	0.008928	0.006351	0.006360	0.009347	0.007083
778.0	0.006778	0.009055	0.007287	0.005413	0.006646	0.004134	0.004183	0.004428	0.006468	0.009837	0.003792	0.005120	0.007570	0.011798	0.003449	0.010310	0.001074	0.011002	0.008880	0.008651
779.0	0.005029	0.001219	0.011914	0.005872	0.006776	0.003451	0.008283	0.003160	0.010168	0.008263	0.004189	0.000725	0.007565	0.005198	0.004997	0.007921	0.002246	0.014488	0.003135	0.010460
780.0	0.007661	0.001982	0.010994	0.003083	0.009920	0.005497	0.012740	0.006916	0.007807	0.003299	0.007810	0.005275	0.005970	0.008690	0.008231	0.007954	0.008910	0.004669	0.007890	0.013530
