500.0	0.005603	0.011424	0.012773	0.016872	0.014824	0.017256	0.006969	0.011889	0.011989	0.006036	0.017043	0.009548	0.013356	0.015473	0.016527	0.023522	0.019964	0.012343	0.019758	0.009479
501.0	0.010369	0.015297	0.011292	0.015162	0.010250	0.010393	0.009953	0.009012	0.009191	0.008873	0.014178	0.011178	0.015507	0.015943	0.011886	0.017029	0.011589	0.011859	0.010203	0.014221
502.0	0.009751	0.013743	0.012271	0.008884	0.011146	0.014831	0.012755	0.016294	0.007472	0.008620	0.013197	0.013538	0.007518	0.013718	0.010997	0.014999	0.012782	0.017013	0.007494	0.014282
503.0	0.013692	0.009314	0.013776	0.011563	0.010867	0.010592	0.012634	0.014115	0.012110	0.008813	0.017584	0.013745	0.011615	0.017970	0.017087	0.011728	0.012770	0.013795	0.010037	0.013099
504.0	0.017937	0.011313	0.012810	0.011180	0.011025	0.008292	0.011040	0.015738	0.009070	0.012640	0.013449	0.015411	0.007905	0.015251	0.020716	0.009121	0.009337	0.018090	0.012781	0.015259
505.0	0.011728	0.011609	0.009641	0.009327	0.012670	0.009424	0.013419	0.011617	0.010972	0.010201	0.010771	0.010509	0.010878	0.021739	0.016441	0.018259	0.008826	0.011726	0.013715	0.012966
506.0	0.013595	0.013607	0.005518	0.007449	0.007660	0.012183	0.014881	0.013204	0.005922	0.011179	0.015208	0.007395	0.011567	0.016289	0.014261	0.010068	0.010481	0.008084	0.016660	0.014909
507.0	0.010539	0.014199	0.009531	0.011132	0.009923	0.015466	0.014289	0.011522	0.012921	0.008704	0.015409	0.008064	0.013126	0.011593	0.017330	0.012392	0.014851	0.014194	0.011090	0.016961
508.0	0.012844	0.010289	0.008968	0.011718	0.007382	0.010393	0.013093	0.010634	0.011056	0.009755	0.013801	0.009512	0.010395	0.013891	0.014882	0.017373	0.016324	0.014835	0.008429	0.012966
509.0	0.010830	0.009511	0.010913	0.008203	0.012005	0.011077	0.012405	0.010231	0.012413	0.010829	0.016779	0.009779	0.007204	0.011729	0.013470	0.010080	0.012051	0.014557	0.011586	0.013123
510.0	0.013414	0.011399	0.009188	0.012005	0.005143	0.014421	0.007827	0.016034	0.014314	0.018628	0.022561	0.016226	0.015253	0.019947	0.012666	0.005038	0.013196	0.009669	0.013088	0.013111
511.0	0.010733	0.013607	0.009518	0.009650	0.005434	0.015664	0.019579	0.013831	0.009276	0.013231	0.013914	0.012662	0.010709	0.015955	0.010766	0.013696	0.011759	0.012839	0.012154	0.014969
512.0	0.012589	0.008759	0.009580	0.015808	0.012852	0.014981	0.014941	0.011664	0.011347	0.011288	0.013524	0.009171	0.013706	0.014658	0.008781	0.014163	0.014425	0.013492	0.011302	0.020255
513.0	0.011461	0.014594	0.011231	0.013823	0.010879	0.019916	0.014265	0.016484	0.004965	0.011553	0.013449	0.012808	0.011688	0.019527	0.016600	0.014495	0.014145	0.012682	0.009126	0.012701
514.0	0.014032	0.016358	0.012822	0.011611	0.015236	0.017181	0.014446	0.018071	0.015743	0.012797	0.013072	0.013161	0.013054	0.015053	0.013251	0.013991	0.007657	0.013178	0.009458	0.014330
515.0	0.017003	0.014693	0.009934	0.010510	0.015962	0.016274	0.011994	0.019823	0.016058	0.013654	0.020022	0.010935	0.012340	0.007737	0.008196	0.012208	0.011540	0.013964	0.017393	0.016502
516.0	0.017076	0.014384	0.012320	0.011025	0.016059	0.015242	0.010665	0.010527	0.009736	0.015380	0.007353	0.013891	0.010721	0.014720	0.011850	0.012958	0.013719	0.018949	0.012781	0.015428
517.0	0.012286	0.016457	0.012186	0.014875	0.009173	0.015316	0.008479	0.015892	0.011444	0.018109	0.014341	0.017211	0.012872	0.023507	0.018012	0.018136	0.013232	0.013323	0.010889	0.015114
518.0	0.013680	0.017703	0.014951	0.011862	0.013784	0.008292	0.008745	0.014222	0.015925	0.020064	0.009540	0.010801	0.015507	0.016919	0.017270	0.017865	0.015898	0.012355	0.016837	0.018288
519.0	0.014372	0.014915	0.013886	0.013595	0.010335	0.009560	0.012429	0.014790	0.016930	0.013425	0.014768	0.015740	0.015592	0.017599	0.013993	0.013856	0.014596	0.016771	0.016565	0.020219
520.0	0.012031	0.017765	0.011207	0.015078	0.013348	0.013066	0.014518	0.014992	0.014592	0.011505	0.013964	0.008965	0.011011	0.019787	0.012508	0.015491	0.017432	0.014581	0.011681	0.013292
521.0	0.015148	0.011929	0.014584	0.011646	0.012198	0.010729	0.010846	0.014838	0.013866	0.010105	0.013461	0.010497	0.011893	0.020862	0.021800	0.014987	0.015496	0.018707	0.012592	0.012761
522.0	0.015330	0.011288	0.013287	0.007390	0.017511	0.021433	0.014893	0.018426	0.015101	0.015875	0.010947	0.013015	0.015241	0.023964	0.012849	0.008862	0.012818	0.015356	0.014768	0.015500
523.0	0.010297	0.018320	0.007598	0.012149	0.014740	0.014533	0.015968	0.017218	0.018116	0.019425	0.014580	0.008429	0.009186	0.018094	0.012544	0.017410	0.009678	0.013250	0.020184	0.019615
524.0	0.013098	0.010782	0.013458	0.015305	0.018007	0.016435	0.011644	0.016401	0.017063	0.013618	0.024861	0.009852	0.015205	0.019564	0.019742	0.018923	0.013902	0.009839	0.014436	0.017600
525.0	0.012383	0.015902	0.017728	0.018247	0.017656	0.015043	0.015714	0.019113	0.015767	0.012531	0.015535	0.015886	0.008823	0.016339	0.017878	0.015614	0.013890	0.017013	0.014791	0.022560
526.0	0.014966	0.017962	0.021264	0.021117	0.021190	0.015751	0.014542	0.016046	0.015961	0.024580	0.016817	0.016032	0.010733	0.020170	0.017696	0.018591	0.012745	0.014908	0.016837	0.015875
527.0	0.015839	0.020627	0.023478	0.017505	0.025220	0.022552	0.020135	0.026265	0.015985	0.020668	0.020927	0.019802	0.022626	0.023321	0.015029	0.020608	0.020487	0.019517	0.016128	0.021232
528.0	0.017573	0.023168	0.015831	0.021093	0.020936	0.022614	0.019736	0.020853	0.016857	0.010660	0.022083	0.015727	0.016740	0.025954	0.021642	0.021063	0.024492	0.023341	0.020693	0.020014
529.0	0.019635	0.023686	0.019673	0.020220	0.016482	0.025175	0.016282	0.020356	0.020236	0.018676	0.022561	0.025702	0.023496	0.031763	0.022933	0.024469	0.020329	0.026849	0.024477	0.021172
530.0	0.020169	0.021367	0.021043	0.028805	0.021662	0.027798	0.016378	0.019492	0.025358	0.030362	0.028280	0.024777	0.020439	0.021937	0.025466	0.021678	0.024492	0.022288	0.028652	0.023694
531.0	0.025020	0.017135	0.024701	0.018331	0.016761	0.026928	0.026730	0.022227	0.025419	0.029650	0.027563	0.019462	0.021756	0.030576	0.024382	0.024113	0.026842	0.023099	0.031289	0.024310
532.0	0.032746	0.019615	0.028139	0.027346	0.017487	0.027537	0.029085	0.023565	0.018383	0.024060	0.027827	0.022965	0.022517	0.036385	0.023335	0.025589	0.018674	0.027745	0.029231	0.026747
533.0	0.023504	0.025043	0.027907	0.020686	0.017015	0.026654	0.023239	0.022748	0.023178	0.027912	0.020889	0.017284	0.021671	0.027907	0.023128	0.034136	0.021997	0.030539	0.024595	0.023875
534.0	0.023807	0.018616	0.025387	0.024333	0.026224	0.027972	0.027660	0.022819	0.028240	0.030048	0.023604	0.018489	0.022119	0.026646	0.027159	0.027667	0.024103	0.024212	0.025163	0.030017
535.0	0.023007	0.026881	0.029901	0.019813	0.020004	0.028333	0.024845	0.031096	0.023130	0.030242	0.031548	0.023086	0.024500	0.026596	0.023140	0.024605	0.025491	0.028132	0.028096	0.021860
536.0	0.027518	0.019701	0.022903	0.016310	0.021178	0.022788	0.019495	0.025862	0.018661	0.023119	0.028217	0.027173	0.018758	0.025398	0.023091	0.017791	0.023470	0.025518	0.024997	0.020846
537.0	0.018471	0.020195	0.024261	0.018940	0.016809	0.030471	0.022297	0.022085	0.017475	0.021417	0.021530	0.030202	0.010866	0.026844	0.020789	0.018406	0.027195	0.019602	0.021769	0.023670
538.0	0.016834	0.022588	0.018499	0.021894	0.016773	0.028979	0.021741	0.018355	0.013551	0.019557	0.015095	0.021615	0.017211	0.019033	0.020156	0.021838	0.021546	0.017957	0.018871	0.025022
539.0	0.016579	0.020898	0.015048	0.009482	0.020488	0.016957	0.016560	0.022037	0.021095	0.015767	0.021405	0.019778	0.023956	0.016091	0.019620	0.022268	0.019940	0.016021	0.018398	0.021281
540.0	0.012989	0.019788	0.019832	0.009578	0.015962	0.013563	0.019265	0.015773	0.015101	0.015296	0.022171	0.018245	0.015737	0.020491	0.017866	0.016807	0.015752	0.015452	0.014779	0.019953
541.0	0.014008	0.023834	0.020040	0.023771	0.017293	0.019904	0.013975	0.017976	0.015234	0.017602	0.019695	0.015217	0.012062	0.024236	0.014371	0.017865	0.015898	0.018416	0.015276	0.013787
542.0	0.012431	0.013200	0.021166	0.023819	0.015127	0.013402	0.012851	0.010243	0.011383	0.013666	0.014793	0.011203	0.016607	0.018056	0.019425	0.015221	0.011589	0.017884	0.010794	0.016599
543.0	0.016773	0.013903	0.017043	0.018283	0.020851	0.019543	0.012827	0.015181	0.012267	0.013835	0.016163	0.015837	0.010080	0.022778	0.017136	0.013278	0.011832	0.018707	0.012532	0.010794
544.0	0.014917	0.011041	0.012895	0.015018	0.016022	0.022154	0.013371	0.018390	0.013018	0.015320	0.020550	0.012577	0.016305	0.020281	0.017196	0.016574	0.013110	0.015222	0.015028	0.017262
545.0	0.021006	0.015951	0.014070	0.021463	0.018092	0.020637	0.015485	0.013760	0.015888	0.008366	0.017156	0.016676	0.012220	0.019502	0.014554	0.016242	0.011491	0.019058	0.015111	0.018747
546.0	0.017719	0.016765	0.013862	0.010738	0.018697	0.011475	0.017502	0.014909	0.011747	0.008584	0.015271	0.019668	0.016571	0.019947	0.017379	0.016918	0.016823	0.014666	0.017227	0.025734
547.0	0.017258	0.015112	0.013433	0.017027	0.021020	0.013178	0.014555	0.013523	0.015440	0.014644	0.012858	0.019449	0.010068	0.017698	0.016953	0.020546	0.013853	0.023014	0.017973	0.014463
548.0	0.010600	0.019442	0.013005	0.013619	0.015732	0.020836	0.014591	0.011711	0.016542	0.010262	0.016490	0.022284	0.018396	0.021950	0.011424	0.016857	0.015716	0.011678	0.018138	0.020967
549.0	0.009508	0.016568	0.013715	0.012304	0.012816	0.015478	0.013335	0.016839	0.016058	0.017324	0.010369	0.016153	0.014637	0.017661	0.011862	0.017299	0.009568	0.016457	0.012355	0.021112
550.0	0.008853	0.011004	0.017765	0.009757	0.015175	0.012880	0.012670	0.015525	0.011020	0.016660	0.016478	0.015715	0.015338	0.020578	0.013031	0.018296	0.016860	0.018792	0.012083	0.018771
551.0	0.007713	0.010116	0.017238	0.011300	0.013808	0.013215	0.009506	0.023601	0.011202	0.021199	0.016968	0.012541	0.010830	0.018860	0.007246	0.013474	0.014559	0.016868	0.021319	0.016599
552.0	0.007992	0.019479	0.011586	0.016346	0.014812	0.015403	0.011946	0.012694	0.020660	0.015815	0.012556	0.021858	0.008509	0.015177	0.013506	0.008985	0.010006	0.005193	0.023484	0.018903
553.0	0.014372	0.023168	0.016859	0.011563	0.014231	0.015975	0.012755	0.014175	0.014871	0.010406	0.011513	0.020605	0.012498	0.011321	0.014140	0.020153	0.009081	0.012887	0.010167	0.015826
554.0	0.015524	0.018505	0.013776	0.014612	0.016749	0.017778	0.014023	0.015560	0.008162	0.018386	0.009138	0.016044	0.016027	0.014287	0.012751	0.013806	0.015825	0.012258	0.015264	0.019109
555.0	0.011958	0.010906	0.012650	0.018737	0.010141	0.016435	0.016584	0.019551	0.007484	0.013425	0.013499	0.014840	0.010008	0.018477	0.011850	0.017250	0.014571	0.019602	0.013585	0.023187
556.0	0.013583	0.011091	0.016235	0.014624	0.010819	0.019556	0.008817	0.012517	0.015137	0.004443	0.020852	0.015971	0.008968	0.011840	0.014432	0.013647	0.015655	0.022228	0.007211	0.017226
557.0	0.013135	0.009894	0.012895	0.009303	0.009294	0.006887	0.009119	0.017206	0.012170	0.001702	0.012292	0.017163	0.007760	0.019750	0.010924	0.011925	0.009836	0.018489	0.014567	0.016430
558.0	0.010806	0.016987	0.008809	0.007987	0.013166	0.010903	0.010363	0.016898	0.015682	0.008740	0.014140	0.014864	0.016075	0.014880	0.011058	0.011740	0.017797	0.013335	0.015962	0.011361
559.0	0.014978	0.016432	0.010668	0.011599	0.012828	0.013315	0.012900	0.015300	0.016264	0.018097	0.014693	0.013672	0.015193	0.013805	0.007356	0.014655	0.009933	0.011085	0.013419	0.014330
560.0	0.009205	0.015729	0.008564	0.014313	0.009548	0.016000	0.016294	0.012540	0.012497	0.017541	0.015409	0.014827	0.011349	0.018847	0.016344	0.013142	0.007097	0.012053	0.014141	0.011953
561.0	0.013183	0.015840	0.010326	0.006887	0.007939	0.009150	0.013782	0.008064	0.016469	0.012326	0.007768	0.010254	0.016438	0.013447	0.017671	0.016414	0.020305	0.014194	0.014720	0.012206
562.0	0.011364	0.014569	0.010497	0.007653	0.016168	0.019854	0.014265	0.008194	0.011674	0.015658	0.015661	0.013587	0.013090	0.020108	0.012983	0.014286	0.014036	0.012573	0.014898	0.014511
563.0	0.011243	0.014162	0.019820	0.009458	0.013312	0.012631	0.022454	0.012292	0.010318	0.015079	0.013889	0.013185	0.009005	0.014546	0.008269	0.016684	0.014730	0.016275	0.011858	0.013992
564.0	0.008562	0.016457	0.021361	0.015186	0.010613	0.015453	0.009349	0.014601	0.012522	0.007400	0.012443	0.012553	0.010068	0.014930	0.012337	0.009994	0.017858	0.015864	0.019664	0.014982
565.0	0.010624	0.011251	0.016455	0.013727	0.019471	0.009361	0.011257	0.013890	0.010148	0.009730	0.016038	0.012687	0.015785	0.016487	0.013190	0.013733	0.015521	0.007298	0.015962	0.015766
566.0	0.008599	0.011510	0.015000	0.011120	0.014026	0.007061	0.010883	0.016614	0.014835	0.011034	0.017081	0.015667	0.019870	0.017352	0.009110	0.013794	0.015448	0.013238	0.013987	0.020146
567.0	0.013935	0.012374	0.016296	0.010546	0.012852	0.008193	0.009035	0.018414	0.010184	0.009718	0.017006	0.013550	0.016450	0.013508	0.005103	0.014372	0.010359	0.011375	0.011078	0.016176
568.0	0.020351	0.016457	0.013715	0.011479	0.007188	0.012134	0.018130	0.014352	0.013381	0.014873	0.012657	0.017674	0.013235	0.017018	0.011192	0.013561	0.015070	0.015029	0.008736	0.016406
569.0	0.011231	0.015692	0.009873	0.010475	0.008205	0.020563	0.022297	0.018710	0.012994	0.012338	0.013574	0.009998	0.014250	0.011234	0.016782	0.017373	0.009702	0.014787	0.014082	0.016043
570.0	0.014554	0.011535	0.010069	0.014038	0.007007	0.007360	0.013685	0.016496	0.011056	0.009042	0.014793	0.013477	0.013706	0.016536	0.017087	0.013696	0.012526	0.013396	0.013479	0.014994
571.0	0.009387	0.016013	0.011757	0.012926	0.011097	0.010343	0.013951	0.014530	0.015997	0.016382	0.014605	0.012091	0.009597	0.020788	0.017903	0.018529	0.013780	0.011254	0.015524	0.016490
572.0	0.010697	0.015902	0.020150	0.009733	0.015974	0.010729	0.006498	0.017005	0.011710	0.013751	0.011676	0.009183	0.010020	0.016450	0.015236	0.017582	0.012417	0.014968	0.009659	0.013425
573.0	0.004475	0.010634	0.015721	0.011359	0.016640	0.010928	0.010291	0.016969	0.017220	0.009175	0.012946	0.009050	0.010685	0.021776	0.014395	0.017951	0.009897	0.016190	0.010002	0.017817
574.0	0.007980	0.016420	0.013801	0.007473	0.011617	0.014036	0.008479	0.012434	0.010281	0.009260	0.010847	0.013623	0.011301	0.021641	0.008915	0.012700	0.012356	0.011460	0.012426	0.012387
575.0	0.009266	0.013410	0.010473	0.011814	0.012803	0.014657	0.012670	0.010800	0.009894	0.009839	0.009175	0.011044	0.011676	0.014250	0.007928	0.018418	0.010177	0.013408	0.011551	0.016406
576.0	0.011910	0.016864	0.011207	0.011443	0.015611	0.017703	0.015086	0.012801	0.013333	0.012278	0.013046	0.009269	0.015108	0.009047	0.010206	0.016402	0.011552	0.019844	0.015678	0.020207
577.0	0.012856	0.020565	0.011867	0.012567	0.011085	0.017877	0.013480	0.008692	0.012401	0.013376	0.016641	0.018379	0.016377	0.016487	0.014566	0.014360	0.008692	0.019312	0.014957	0.012435
578.0	0.005082	0.015532	0.015795	0.015903	0.015369	0.011512	0.012248	0.009994	0.014084	0.010962	0.015422	0.014912	0.011301	0.017241	0.007368	0.009133	0.013500	0.015924	0.014082	0.014571
579.0	0.014820	0.011621	0.010326	0.008322	0.004804	0.013526	0.010412	0.009450	0.013975	0.011602	0.010822	0.011422	0.009742	0.015510	0.012471	0.011617	0.013415	0.016590	0.012982	0.014040
580.0	0.015766	0.011510	0.016847	0.020256	0.011799	0.011176	0.014059	0.010894	0.008877	0.014897	0.014706	0.018270	0.013513	0.017315	0.016770	0.016598	0.004041	0.017400	0.011125	0.010855
581.0	0.012722	0.011263	0.014951	0.014815	0.011666	0.015590	0.022079	0.013879	0.017099	0.010998	0.017508	0.018598	0.010370	0.017982	0.015016	0.020940	0.007791	0.012500	0.016802	0.019905
582.0	0.015306	0.009191	0.015575	0.021129	0.018213	0.016224	0.014724	0.011451	0.007956	0.010467	0.017559	0.013307	0.006889	0.018242	0.016673	0.017951	0.017128	0.012077	0.017984	0.018505
583.0	0.019247	0.011683	0.013849	0.014755	0.014945	0.014782	0.013866	0.010338	0.010778	0.014318	0.016805	0.011422	0.017997	0.015819	0.017002	0.011175	0.018479	0.017642	0.014011	0.015887
584.0	0.017125	0.016346	0.021190	0.011503	0.013965	0.011015	0.011475	0.011936	0.015573	0.008825	0.009603	0.012638	0.006563	0.015510	0.013774	0.015799	0.013792	0.012706	0.011835	0.019555
585.0	0.017634	0.018912	0.013409	0.012065	0.013300	0.013650	0.012163	0.014707	0.016663	0.016720	0.014567	0.016749	0.007457	0.012223	0.014298	0.011839	0.014109	0.016553	0.015004	0.016092
586.0	0.020242	0.013114	0.016480	0.014767	0.011775	0.014210	0.011849	0.018248	0.012110	0.015912	0.008006	0.013283	0.017115	0.014188	0.016052	0.018812	0.010457	0.012609	0.014247	0.014040
587.0	0.019987	0.016963	0.017336	0.014313	0.011860	0.012308	0.017127	0.017514	0.016082	0.015972	0.027237	0.013380	0.008461	0.015350	0.009938	0.012331	0.010311	0.019094	0.017038	0.010541
588.0	0.015730	0.015507	0.020273	0.008047	0.011412	0.015677	0.016547	0.014636	0.011904	0.013799	0.022184	0.015594	0.007034	0.015968	0.010255	0.017890	0.014303	0.014980	0.015927	0.012701
589.0	0.011788	0.013718	0.022560	0.009769	0.010940	0.016373	0.009119	0.015856	0.016409	0.011107	0.017747	0.009950	0.015108	0.016895	0.012081	0.015196	0.011662	0.013154	0.018103	0.014270
590.0	0.018992	0.020676	0.018560	0.013141	0.014933	0.017181	0.015992	0.014518	0.009046	0.012398	0.018426	0.012772	0.012655	0.020120	0.015126	0.015664	0.007876	0.015561	0.019404	0.013292
591.0	0.018301	0.015519	0.018976	0.014385	0.013021	0.013103	0.014651	0.016306	0.009264	0.013014	0.014793	0.016530	0.014274	0.018081	0.015114	0.021014	0.012283	0.012960	0.017783	0.012085
592.0	0.015681	0.013681	0.012748	0.015951	0.010468	0.016473	0.011619	0.017526	0.009446	0.011553	0.015158	0.013210	0.016377	0.013718	0.014152	0.011974	0.010919	0.012270	0.014330	0.015464
593.0	0.014347	0.019788	0.020505	0.014301	0.017450	0.017305	0.018395	0.016863	0.009288	0.018386	0.010470	0.013769	0.020161	0.020330	0.013725	0.018197	0.012271	0.014484	0.018907	0.017142
594.0	0.013462	0.015519	0.017018	0.013870	0.014837	0.015117	0.019253	0.015240	0.013999	0.016237	0.017659	0.015776	0.014395	0.017686	0.011448	0.014458	0.008947	0.012186	0.017050	0.016683
595.0	0.014335	0.012349	0.014412	0.009865	0.019471	0.015739	0.011281	0.012209	0.014459	0.012845	0.022046	0.024351	0.015132	0.022666	0.014651	0.017078	0.010396	0.018404	0.022502	0.015754
596.0	0.011291	0.010165	0.011219	0.013739	0.012864	0.016647	0.014434	0.013275	0.012994	0.010938	0.013386	0.015569	0.016873	0.021319	0.010851	0.015430	0.012331	0.012996	0.012935	0.023755
597.0	0.010127	0.013583	0.008564	0.008789	0.011654	0.015466	0.016596	0.012848	0.016918	0.013256	0.012569	0.017126	0.013525	0.016264	0.012690	0.013757	0.009982	0.016868	0.013100	0.021160
598.0	0.010430	0.010572	0.011611	0.008274	0.009355	0.019282	0.011644	0.017040	0.014968	0.009887	0.018024	0.015046	0.012945	0.017723	0.009256	0.018148	0.018661	0.010214	0.014377	0.013678
599.0	0.018604	0.017370	0.019942	0.009996	0.007297	0.013302	0.014772	0.017076	0.013757	0.009875	0.016415	0.009731	0.008980	0.017167	0.014444	0.014753	0.009337	0.013190	0.013845	0.015488
600.0	0.011121	0.016284	0.018242	0.015114	0.014764	0.018449	0.014446	0.014234	0.008864	0.014185	0.013109	0.012297	0.010854	0.011877	0.017257	0.013991	0.013013	0.009754	0.014803	0.018722
601.0	0.014214	0.012435	0.016039	0.011658	0.013179	0.015117	0.016415	0.013239	0.013551	0.015610	0.020827	0.013806	0.016257	0.014176	0.012593	0.019292	0.009288	0.012924	0.015288	0.020038
602.0	0.014541	0.008919	0.014217	0.010594	0.008544	0.012295	0.011390	0.012979	0.014859	0.013292	0.012330	0.015715	0.006261	0.012606	0.010997	0.017828	0.011711	0.012041	0.014034	0.017142
603.0	0.011279	0.015482	0.014192	0.014253	0.016035	0.011537	0.010714	0.011096	0.016639	0.013183	0.018728	0.010631	0.011845	0.018489	0.010352	0.014741	0.016994	0.017763	0.018540	0.010577
604.0	0.015669	0.016519	0.015562	0.014923	0.012259	0.011624	0.009820	0.011285	0.012413	0.010901	0.015598	0.011458	0.013271	0.015671	0.015357	0.018628	0.009970	0.015222	0.013656	0.011482
605.0	0.013183	0.011979	0.017789	0.014062	0.011097	0.010878	0.012091	0.013701	0.015634	0.015899	0.011764	0.017820	0.016257	0.013978	0.013433	0.018947	0.016762	0.014279	0.012012	0.009406
606.0	0.014420	0.011251	0.021166	0.010977	0.008725	0.010033	0.017465	0.015726	0.013297	0.013364	0.011827	0.016907	0.013356	0.012136	0.015516	0.014225	0.012344	0.014557	0.018789	0.014439
607.0	0.011194	0.018480	0.019061	0.019718	0.005458	0.009722	0.008153	0.010989	0.012267	0.011698	0.011425	0.013416	0.011011	0.015684	0.011448	0.015356	0.016312	0.014630	0.013124	0.013063
608.0	0.012152	0.015852	0.012956	0.016274	0.010782	0.016584	0.010544	0.016117	0.015658	0.011710	0.013210	0.011312	0.013537	0.019614	0.011996	0.017447	0.006476	0.016202	0.015406	0.012532
609.0	0.011279	0.014717	0.008907	0.014432	0.009657	0.007758	0.010013	0.013997	0.018044	0.012169	0.010947	0.008551	0.011192	0.017142	0.013007	0.015996	0.009763	0.018574	0.013810	0.010517
610.0	0.012601	0.012633	0.016688	0.015616	0.008653	0.011723	0.012393	0.012446	0.013612	0.010805	0.017081	0.011166	0.008992	0.021603	0.008172	0.012724	0.013756	0.013916	0.016092	0.007741
611.0	0.010879	0.017937	0.014180	0.009913	0.009173	0.013103	0.014494	0.011143	0.008961	0.006749	0.015083	0.014037	0.014444	0.015980	0.011558	0.012109	0.015460	0.019469	0.015300	0.015102
612.0	0.015839	0.010918	0.010668	0.005620	0.011678	0.010169	0.015303	0.011640	0.012945	0.013557	0.014580	0.014341	0.013041	0.023000	0.014712	0.016869	0.013719	0.014497	0.010628	0.012858
613.0	0.008829	0.006945	0.010791	0.011826	0.015901	0.014657	0.017574	0.020640	0.009857	0.010056	0.014517	0.013842	0.008920	0.018267	0.010961	0.013450	0.016263	0.010940	0.013798	0.013944
614.0	0.008526	0.014384	0.014510	0.019156	0.012453	0.011823	0.009892	0.016093	0.008150	0.010527	0.011337	0.010801	0.009984	0.010641	0.012483	0.014827	0.010603	0.009246	0.014188	0.011446
615.0	0.008211	0.018320	0.012002	0.009207	0.012622	0.014956	0.009614	0.012683	0.016009	0.013376	0.016377	0.016105	0.011204	0.014868	0.010157	0.017164	0.013938	0.016529	0.014011	0.009177
616.0	0.012201	0.012164	0.009323	0.004580	0.012513	0.009237	0.009119	0.018378	0.016433	0.009598	0.013700	0.015971	0.017501	0.015239	0.013859	0.018283	0.007292	0.008520	0.012391	0.012122
617.0	0.005021	0.007834	0.011831	0.011336	0.008870	0.006950	0.004529	0.015596	0.013212	0.014547	0.015472	0.017442	0.017344	0.011692	0.014931	0.022883	0.005381	0.016711	0.006063	0.019302
618.0	0.009266	0.004811	0.017422	0.008992	0.006801	0.006676	0.012936	0.015821	0.012110	0.012254	0.015208	0.013343	0.011797	0.012211	0.008306	0.017373	0.010871	0.010540	0.010699	0.013328
619.0	0.008866	0.012435	0.014009	0.012400	0.009693	0.008205	0.011716	0.009912	0.011226	0.013014	0.015120	0.016992	0.013114	0.017265	0.012849	0.020608	0.009629	0.008774	0.016033	0.013401
620.0	0.013414	0.018172	0.012797	0.011479	0.011133	0.007944	0.013480	0.011558	0.013357	0.004419	0.017571	0.013745	0.012993	0.017908	0.018427	0.020546	0.007182	0.011557	0.018635	0.018879
621.0	0.013790	0.011189	0.017581	0.011646	0.012549	0.007559	0.016113	0.012351	0.014387	0.010563	0.015711	0.009038	0.014020	0.012977	0.014736	0.013942	0.009678	0.003922	0.015063	0.018469
622.0	0.004754	0.007797	0.013287	0.012244	0.014219	0.008727	0.013516	0.015300	0.010269	0.008137	0.012179	0.016688	0.014093	0.017092	0.013738	0.010781	0.010919	0.013166	0.011409	0.015319
623.0	0.012868	0.011843	0.013421	0.014755	0.012465	0.015926	0.015074	0.012375	0.010972	0.010781	0.012116	0.013526	0.014347	0.012433	0.016563	0.012589	0.011613	0.012210	0.010818	0.017190
624.0	0.014663	0.010597	0.016969	0.012735	0.015066	0.015254	0.012694	0.008183	0.010293	0.015187	0.013310	0.010047	0.011760	0.017797	0.014785	0.014975	0.008631	0.014944	0.009741	0.018578
625.0	0.014068	0.009660	0.017581	0.010774	0.013796	0.012718	0.007646	0.011131	0.012243	0.011940	0.012091	0.014316	0.010346	0.013904	0.015772	0.016205	0.011881	0.016602	0.014957	0.012399
626.0	0.014093	0.012090	0.017703	0.016633	0.014086	0.016547	0.014192	0.008183	0.013418	0.007292	0.014944	0.012845	0.007409	0.016734	0.022299	0.018418	0.012076	0.013831	0.011373	0.014258
627.0	0.011837	0.009684	0.015391	0.014122	0.015321	0.007347	0.012574	0.014636	0.008089	0.014523	0.015435	0.010619	0.014758	0.016215	0.013762	0.015516	0.014060	0.013952	0.014117	0.009937
628.0	0.017197	0.014964	0.012345	0.010618	0.014594	0.009287	0.013890	0.014423	0.009191	0.010865	0.019218	0.014122	0.012485	0.013694	0.018159	0.013019	0.014547	0.013105	0.014779	0.012423
629.0	0.010491	0.011596	0.011023	0.011037	0.007854	0.012743	0.014253	0.017751	0.011928	0.016334	0.012921	0.010205	0.014673	0.014299	0.016064	0.016697	0.010092	0.012960	0.014779	0.010867
630.0	0.017392	0.014224	0.019722	0.009829	0.014268	0.008665	0.015328	0.016448	0.013817	0.013292	0.015824	0.018087	0.010419	0.019292	0.011083	0.017644	0.017262	0.009814	0.014921	0.016273
631.0	0.017573	0.021071	0.015942	0.021248	0.017233	0.018399	0.012332	0.013701	0.016155	0.012338	0.015774	0.024546	0.014722	0.018440	0.013445	0.018025	0.015752	0.018392	0.019214	0.017600
632.0	0.020387	0.016519	0.022389	0.017266	0.014728	0.017840	0.019857	0.023032	0.022258	0.017384	0.016214	0.011422	0.015640	0.021171	0.015126	0.016893	0.008911	0.016626	0.017937	0.015500
633.0	0.015815	0.016136	0.016064	0.011945	0.015901	0.018188	0.014023	0.025933	0.017644	0.017529	0.014266	0.015119	0.019858	0.020306	0.016685	0.013770	0.018418	0.011811	0.018930	0.016695
634.0	0.023177	0.017148	0.017251	0.015533	0.014824	0.024516	0.017260	0.021078	0.017559	0.016370	0.018011	0.016530	0.018045	0.024607	0.018110	0.011654	0.016446	0.014751	0.025009	0.018240
635.0	0.018544	0.013274	0.024347	0.020435	0.019665	0.021508	0.013661	0.016910	0.012546	0.018688	0.018552	0.016421	0.023460	0.024879	0.015175	0.017471	0.018065	0.019263	0.020823	0.018179
636.0	0.017925	0.018011	0.019514	0.023066	0.021904	0.018064	0.020473	0.025235	0.015331	0.017095	0.031824	0.020423	0.022928	0.020355	0.019340	0.024617	0.020049	0.020546	0.022431	0.018010
637.0	0.012747	0.020910	0.021777	0.018904	0.023501	0.016323	0.023324	0.018236	0.012267	0.024242	0.020424	0.019668	0.020414	0.026300	0.030203	0.018357	0.025113	0.018175	0.024051	0.030331
638.0	0.026475	0.023526	0.023490	0.020184	0.021383	0.016982	0.026995	0.026691	0.025128	0.026777	0.021166	0.020191	0.025660	0.031009	0.025198	0.020214	0.020816	0.024659	0.025731	0.026687
639.0	0.023468	0.021688	0.023319	0.029331	0.023985	0.024827	0.025993	0.020368	0.025177	0.030459	0.020223	0.022673	0.024874	0.033134	0.017330	0.026622	0.023920	0.027382	0.024654	0.028002
640.0	0.022752	0.024833	0.024481	0.029271	0.023477	0.036115	0.029701	0.022014	0.020962	0.028274	0.026671	0.029338	0.026808	0.040055	0.024565	0.031713	0.021498	0.025313	0.028451	0.024575
641.0	0.027894	0.022601	0.028629	0.031029	0.031379	0.032721	0.028590	0.027319	0.029936	0.023747	0.032742	0.033413	0.024197	0.037275	0.030142	0.033952	0.029386	0.043908	0.032791	0.026433
642.0	0.029022	0.028423	0.030574	0.035979	0.042997	0.034437	0.039629	0.028219	0.033581	0.029940	0.035130	0.035919	0.038967	0.045765	0.025758	0.040728	0.032222	0.027599	0.039674	0.038006
643.0	0.039865	0.039896	0.037487	0.042747	0.037285	0.045738	0.037902	0.031535	0.040241	0.036230	0.039114	0.038765	0.038544	0.042824	0.037608	0.034161	0.038698	0.041936	0.039828	0.050930
644.0	0.058736	0.041130	0.039420	0.039698	0.044449	0.047043	0.046019	0.051997	0.048185	0.040527	0.050099	0.047803	0.042025	0.044307	0.048691	0.051662	0.045357	0.050611	0.048887	0.043460
645.0	0.052199	0.062361	0.049073	0.041599	0.046240	0.054913	0.047758	0.050754	0.054410	0.058201	0.058885	0.043266	0.052226	0.061857	0.049629	0.056052	0.057969	0.065044	0.040963	0.067185
646.0	0.066231	0.080903	0.047861	0.055864	0.071605	0.059674	0.063182	0.066728	0.057510	0.071880	0.075715	0.059005	0.065389	0.068209	0.059591	0.067158	0.058309	0.067234	0.062168	0.071505
647.0	0.068414	0.078090	0.078227	0.077280	0.078418	0.072131	0.068316	0.081163	0.075215	0.073425	0.097609	0.081593	0.071227	0.094966	0.092668	0.089419	0.073295	0.075268	0.079706	0.074160
648.0	0.089189	0.097434	0.090401	0.091342	0.088450	0.093514	0.094212	0.089441	0.084939	0.080282	0.102310	0.094669	0.084715	0.104643	0.098794	0.096060	0.099406	0.092436	0.088209	0.078975
649.0	0.110898	0.101517	0.116791	0.092860	0.101944	0.117695	0.107402	0.111395	0.104363	0.100914	0.108557	0.109873	0.105275	0.111589	0.111192	0.104681	0.106795	0.114141	0.117752	0.107550
650.0	0.135761	0.119788	0.114833	0.114084	0.135344	0.137959	0.136873	0.123237	0.129055	0.122330	0.139790	0.124226	0.128191	0.135368	0.120448	0.121506	0.130837	0.135676	0.115150	0.122827
651.0	0.148495	0.148902	0.158143	0.150315	0.144904	0.159839	0.149435	0.155920	0.150853	0.146234	0.154622	0.156459	0.151397	0.154153	0.176349	0.146226	0.141428	0.157333	0.145071	0.166993
652.0	0.159410	0.184061	0.185426	0.173273	0.176005	0.178239	0.176128	0.188248	0.193601	0.186315	0.179508	0.171421	0.175812	0.196174	0.177567	0.181646	0.174782	0.185522	0.170024	0.180147
653.0	0.203556	0.212312	0.227024	0.214406	0.212431	0.216654	0.210673	0.210392	0.214672	0.211667	0.209673	0.196113	0.226576	0.223487	0.216904	0.227520	0.209354	0.215769	0.212836	0.230709
654.0	0.241880	0.259684	0.265195	0.263790	0.256601	0.249475	0.252585	0.253615	0.242767	0.245349	0.261205	0.245132	0.263682	0.259452	0.263062	0.242033	0.266446	0.261018	0.241456	0.250499
655.0	0.306522	0.306810	0.306303	0.297270	0.290486	0.297587	0.288216	0.279785	0.303922	0.295450	0.316131	0.286366	0.283867	0.305056	0.282182	0.309307	0.301626	0.288965	0.289234	0.313008
656.0	0.333325	0.351221	0.330161	0.336849	0.345064	0.343710	0.335805	0.323481	0.346186	0.329011	0.372188	0.339156	0.346838	0.350661	0.344416	0.348908	0.345571	0.343046	0.330863	0.357778
657.0	0.376258	0.412040	0.399163	0.390298	0.411259	0.398784	0.404290	0.392874	0.400923	0.410621	0.405118	0.394135	0.373912	0.417028	0.391183	0.409418	0.398646	0.391078	0.379824	0.403151
658.0	0.459577	0.478905	0.458011	0.455943	0.443328	0.479344	0.458764	0.418925	0.429865	0.470018	0.461929	0.458845	0.423709	0.433466	0.445378	0.476938	0.449895	0.451208	0.434108	0.447800
659.0	0.500570	0.530595	0.503891	0.497435	0.489314	0.545110	0.492221	0.466292	0.494653	0.516256	0.519369	0.508107	0.522215	0.509102	0.510778	0.537078	0.499562	0.515209	0.503055	0.515739
660.0	0.589226	0.548113	0.584394	0.568701	0.572815	0.610254	0.538361	0.550487	0.556656	0.564304	0.600940	0.597387	0.588813	0.591166	0.558519	0.588732	0.558723	0.573161	0.546576	0.554837
661.0	0.632765	0.620898	0.624768	0.613780	0.630176	0.657620	0.596217	0.618933	0.627620	0.629254	0.664538	0.649204	0.630632	0.653208	0.607356	0.644691	0.622267	0.609094	0.612449	0.615897
662.0	0.689281	0.693684	0.678232	0.685643	0.676767	0.713689	0.697797	0.700877	0.717113	0.683580	0.704130	0.670612	0.678979	0.713272	0.672269	0.697699	0.679968	0.684469	0.699610	0.692404
663.0	0.752104	0.740686	0.754820	0.745310	0.714282	0.780574	0.710358	0.745876	0.756470	0.740321	0.782937	0.779354	0.731556	0.758135	0.741201	0.732504	0.755685	0.745324	0.741830	0.760464
664.0	0.795280	0.821737	0.772316	0.783095	0.760026	0.827194	0.785366	0.783414	0.824527	0.818430	0.834971	0.812925	0.794527	0.807200	0.808184	0.798794	0.799508	0.802914	0.787125	0.782788
665.0	0.810561	0.885517	0.857590	0.829609	0.853934	0.871204	0.843705	0.816690	0.849595	0.848249	0.893542	0.839077	0.847829	0.883455	0.834856	0.838764	0.841019	0.828563	0.846257	0.824421
666.0	0.885027	0.899827	0.919742	0.882938	0.890723	0.894327	0.864600	0.863228	0.891737	0.871670	0.889646	0.915099	0.884089	0.905701	0.893801	0.893739	0.861956	0.853607	0.857847	0.857847
667.0	0.945303	0.946706	0.979201	0.916777	0.936346	0.930256	0.917625	0.892122	0.913051	0.891831	0.939795	0.936993	0.916602	0.920161	0.921812	0.963719	0.926596	0.944951	0.891434	0.928441
668.0	0.944939	0.970886	0.976632	0.948345	0.922792	0.977374	0.937554	0.928594	0.993340	0.997344	0.954878	0.947697	0.932677	0.971822	0.938497	0.999262	0.973341	0.951848	0.931525	0.983347
669.0	0.950397	0.998890	1.000000	0.946192	0.972893	0.981103	0.941419	0.975369	0.988253	0.968370	1.000000	1.000000	1.000000	0.987517	0.970649	1.000000	0.982958	0.951727	1.000000	0.996380
670.0	1.000000	1.000000	0.989111	0.960541	0.981364	0.996022	1.000000	1.000000	0.969120	0.989738	0.980267	0.971659	0.972684	1.000000	1.000000	0.998524	0.980158	1.000000	0.921000	1.000000
671.0	0.967133	0.985073	0.984462	1.000000	1.000000	1.000000	0.971253	0.973711	1.000000	0.999396	0.985797	0.976889	0.955884	0.985540	0.994885	0.989792	1.000000	0.986208	0.909528	0.987209
672.0	0.973076	0.973476	0.982015	0.949421	0.973982	0.977001	0.941540	0.928239	0.961369	1.000000	0.957769	0.956941	0.959751	0.979484	0.938254	0.988193	0.963967	0.980279	0.923247	0.957523
673.0	0.951124	0.985196	0.968924	0.946910	0.906092	0.954996	0.954585	0.921252	0.907844	0.952555	0.966064	0.953779	0.953708	0.943890	0.946292	0.943918	0.934387	0.954993	0.931289	0.944490
674.0	0.889757	0.964964	0.934545	0.902907	0.925212	0.926278	0.909895	0.902187	0.918379	0.915372	0.932128	0.893326	0.888440	0.914847	0.891974	0.912802	0.912353	0.894379	0.880199	0.927596
675.0	0.851917	0.937700	0.860282	0.869785	0.887819	0.890100	0.856749	0.880517	0.878417	0.855130	0.887132	0.869485	0.859312	0.901005	0.867129	0.886483	0.877051	0.886636	0.847558	0.870397
676.0	0.811774	0.809030	0.823089	0.821597	0.829973	0.849820	0.831989	0.836229	0.828524	0.797786	0.853322	0.802099	0.821964	0.833154	0.835099	0.850817	0.862687	0.842113	0.813025	0.835885
677.0	0.780605	0.770170	0.804003	0.759539	0.743326	0.811902	0.770268	0.757126	0.772697	0.745874	0.796134	0.763055	0.762256	0.800156	0.764462	0.777271	0.786483	0.766739	0.771869	0.762877
678.0	0.720450	0.689489	0.705760	0.702861	0.709926	0.720154	0.726906	0.682760	0.722804	0.728731	0.743219	0.725104	0.717173	0.729339	0.733772	0.707784	0.712592	0.687856	0.690740	0.716298
679.0	0.678609	0.667777	0.642018	0.635064	0.634049	0.667939	0.655039	0.629709	0.660196	0.643741	0.693698	0.671463	0.646345	0.674712	0.652661	0.672609	0.679724	0.650713	0.649348	0.641480
680.0	0.592015	0.615717	0.593692	0.589387	0.590725	0.612865	0.582568	0.583171	0.607276	0.584465	0.620925	0.626945	0.611294	0.610940	0.609548	0.590331	0.571262	0.582356	0.582056	0.608295
681.0	0.539137	0.539970	0.527748	0.542992	0.518358	0.533797	0.543555	0.519580	0.534495	0.544264	0.590634	0.543624	0.513755	0.547168	0.569602	0.541998	0.505770	0.568806	0.535814	0.544338
682.0	0.507968	0.502467	0.499976	0.466227	0.479391	0.491279	0.495000	0.481331	0.509064	0.471950	0.534954	0.490105	0.471935	0.507866	0.483741	0.494402	0.488484	0.475405	0.471124	0.490880
683.0	0.445994	0.466568	0.427670	0.422463	0.445991	0.439934	0.440646	0.426623	0.426232	0.423901	0.451874	0.433666	0.430115	0.419129	0.419559	0.437828	0.450504	0.442376	0.423227	0.432474
684.0	0.397482	0.397853	0.383503	0.378101	0.402183	0.396049	0.380375	0.364927	0.382031	0.400601	0.400468	0.371146	0.375242	0.368334	0.382901	0.393922	0.383065	0.386238	0.372374	0.378895
685.0	0.338298	0.362077	0.354752	0.316641	0.329211	0.376282	0.317567	0.332481	0.333107	0.354726	0.340012	0.357158	0.333180	0.355110	0.343198	0.360346	0.346789	0.363009	0.310995	0.337263
686.0	0.318893	0.310511	0.319394	0.301216	0.295205	0.316111	0.300174	0.279548	0.301743	0.303780	0.306076	0.317869	0.285196	0.314325	0.295701	0.321605	0.312095	0.294652	0.278945	0.300941
687.0	0.274262	0.275475	0.272291	0.279095	0.284314	0.268123	0.258503	0.254917	0.265897	0.277703	0.279179	0.273351	0.253167	0.290843	0.264280	0.285324	0.279593	0.276141	0.255884	0.260515
688.0	0.231329	0.257340	0.240604	0.231146	0.252366	0.233686	0.224925	0.239641	0.244342	0.240520	0.257057	0.245618	0.239509	0.244126	0.230301	0.238343	0.228466	0.252428	0.228920	0.246758
689.0	0.218595	0.213175	0.225311	0.200416	0.210373	0.210687	0.209585	0.204235	0.212371	0.215530	0.234308	0.218737	0.213523	0.225712	0.219218	0.219034	0.221162	0.227625	0.211298	0.212729
690.0	0.179785	0.197755	0.195826	0.193600	0.184355	0.194649	0.196782	0.185288	0.196023	0.187039	0.209422	0.195018	0.193459	0.193825	0.198880	0.187550	0.189999	0.193144	0.197816	0.204764
691.0	0.170325	0.191340	0.181878	0.169566	0.177578	0.173017	0.155716	0.172854	0.181733	0.170500	0.191700	0.174826	0.178109	0.181961	0.181707	0.173406	0.175026	0.167011	0.164939	0.181836
692.0	0.150921	0.157168	0.149212	0.156174	0.165235	0.155737	0.150643	0.151184	0.158240	0.163739	0.171212	0.158041	0.162880	0.163422	0.152722	0.157172	0.156401	0.163261	0.157370	0.159994
693.0	0.157106	0.151986	0.136121	0.141467	0.150350	0.145418	0.137115	0.141473	0.148552	0.144544	0.155501	0.145634	0.148738	0.145255	0.157228	0.147210	0.144106	0.146686	0.140813	0.158908
694.0	0.137337	0.128670	0.130738	0.122933	0.140547	0.128759	0.137235	0.112343	0.124938	0.132834	0.147080	0.132254	0.119247	0.136727	0.134210	0.136141	0.126698	0.137249	0.116924	0.133688
695.0	0.129939	0.127807	0.117158	0.121259	0.123121	0.134105	0.126969	0.118619	0.123606	0.098294	0.128227	0.121185	0.111753	0.126964	0.121544	0.140815	0.121707	0.133861	0.133481	0.128257
696.0	0.124360	0.124722	0.111530	0.110258	0.109204	0.120678	0.107643	0.118737	0.117430	0.098089	0.115281	0.114009	0.113445	0.115223	0.109731	0.117939	0.110751	0.136160	0.127213	0.104750
697.0	0.116113	0.103553	0.114344	0.111215	0.103735	0.117943	0.107378	0.111395	0.096516	0.122813	0.123451	0.116077	0.107523	0.120908	0.114968	0.121998	0.108682	0.125150	0.113849	0.106391
698.0	0.119145	0.103553	0.118626	0.108584	0.108720	0.107799	0.105372	0.107724	0.103104	0.095928	0.112805	0.095009	0.109819	0.121402	0.102083	0.123966	0.113916	0.109180	0.114322	0.116190
699.0	0.104858	0.101443	0.102953	0.098397	0.115497	0.093589	0.106568	0.101827	0.101493	0.093501	0.101921	0.102283	0.093804	0.121278	0.103641	0.106096	0.094817	0.110511	0.100036	0.095519
700.0	0.094719	0.100839	0.093435	0.096986	0.103977	0.095740	0.099720	0.097315	0.090049	0.094419	0.103115	0.093562	0.094566	0.106398	0.101608	0.105973	0.097263	0.100433	0.097907	0.098705
701.0	0.094659	0.104774	0.091233	0.092227	0.098446	0.099606	0.088354	0.088707	0.094712	0.090664	0.107928	0.093197	0.086589	0.099465	0.102704	0.105124	0.097434	0.102453	0.100059	0.092864
702.0	0.085017	0.095867	0.093631	0.092573	0.082920	0.081505	0.090745	0.092733	0.081584	0.096544	0.118926	0.100325	0.088897	0.093261	0.099683	0.093035	0.102668	0.098074	0.088718	0.093829
703.0	0.079729	0.108031	0.098451	0.089823	0.079144	0.095018	0.086627	0.079813	0.093295	0.085377	0.102436	0.100957	0.091351	0.099848	0.093277	0.088435	0.094098	0.098110	0.082083	0.083258
704.0	0.089953	0.095361	0.110918	0.080867	0.087712	0.091003	0.088910	0.082205	0.081427	0.089699	0.092393	0.099644	0.085477	0.094855	0.092534	0.104644	0.086782	0.088685	0.082805	0.086927
705.0	0.094938	0.095534	0.088566	0.073382	0.078793	0.090754	0.077218	0.088517	0.070795	0.088117	0.083784	0.092212	0.092149	0.096227	0.093947	0.090870	0.087829	0.105865	0.072800	0.087446
706.0	0.089104	0.101925	0.088358	0.081895	0.084989	0.091600	0.075273	0.084443	0.080410	0.088202	0.087391	0.084962	0.093756	0.083893	0.084460	0.086319	0.089923	0.082285	0.075993	0.077020
707.0	0.083562	0.089243	0.086021	0.072975	0.077837	0.087174	0.081856	0.077587	0.075215	0.086608	0.085455	0.075231	0.091568	0.087563	0.083023	0.089960	0.081061	0.077821	0.092100	0.087060
708.0	0.084520	0.079928	0.081139	0.076694	0.072863	0.091413	0.076747	0.075171	0.070988	0.078628	0.079347	0.088076	0.074442	0.085685	0.081123	0.089911	0.088182	0.084197	0.086554	0.081195
709.0	0.081476	0.083358	0.069504	0.084275	0.083525	0.078384	0.074391	0.069049	0.072272	0.085835	0.082414	0.088806	0.091085	0.080358	0.089076	0.091878	0.085090	0.083120	0.075555	0.082812
710.0	0.063150	0.079238	0.071755	0.077148	0.080197	0.080995	0.087726	0.089772	0.075893	0.087598	0.082049	0.071789	0.076605	0.082966	0.079771	0.078830	0.071055	0.086532	0.083857	0.078938
711.0	0.083926	0.083111	0.075609	0.071158	0.073698	0.085284	0.077061	0.078428	0.072466	0.081936	0.079787	0.070086	0.078757	0.076490	0.086092	0.078092	0.078821	0.078087	0.071168	0.073218
712.0	0.070488	0.074007	0.079010	0.065299	0.067938	0.081878	0.072278	0.067960	0.070431	0.069320	0.082087	0.078394	0.072786	0.092371	0.077944	0.085754	0.079466	0.076296	0.081941	0.086311
713.0	0.080020	0.067074	0.077518	0.083378	0.061101	0.076321	0.069898	0.081909	0.070964	0.077010	0.086763	0.065051	0.065957	0.074154	0.079601	0.078129	0.079539	0.076405	0.071321	0.080157
714.0	0.077983	0.068542	0.083843	0.075283	0.061040	0.069819	0.070115	0.065082	0.079090	0.075417	0.079774	0.065878	0.070066	0.078875	0.069858	0.082741	0.072893	0.068420	0.068980	0.072724
715.0	0.069954	0.070713	0.075462	0.070572	0.070371	0.073685	0.078558	0.066728	0.065636	0.063984	0.076984	0.070877	0.064011	0.073548	0.070357	0.083319	0.069192	0.065928	0.065929	0.073013
716.0	0.077413	0.076339	0.072820	0.068479	0.068398	0.074033	0.068424	0.066634	0.061494	0.063972	0.070222	0.070694	0.069547	0.070347	0.069480	0.071389	0.072698	0.071070	0.070446	0.064651
717.0	0.070367	0.074389	0.074337	0.064342	0.071496	0.069906	0.067253	0.061032	0.067997	0.072447	0.059375	0.068018	0.073716	0.075031	0.071587	0.078989	0.064299	0.079877	0.072504	0.072736
718.0	0.075400	0.065741	0.065895	0.065119	0.070213	0.064746	0.065212	0.061246	0.062548	0.056946	0.065898	0.065561	0.069837	0.076242	0.062538	0.072533	0.058638	0.071154	0.079340	0.065845
719.0	0.064909	0.066235	0.059668	0.066196	0.059588	0.062645	0.059402	0.071347	0.069680	0.067111	0.066816	0.064041	0.074043	0.065416	0.062818	0.062780	0.072515	0.068614	0.066248	0.066630
720.0	0.057669	0.076363	0.062592	0.064378	0.052969	0.061949	0.067688	0.065840	0.067343	0.063151	0.067394	0.062265	0.065546	0.067641	0.062331	0.064748	0.063349	0.067343	0.059613	0.058014
721.0	0.056904	0.058438	0.059350	0.059739	0.063061	0.066064	0.060549	0.063922	0.061155	0.056596	0.056962	0.063798	0.053459	0.064044	0.055280	0.059066	0.056812	0.066133	0.057343	0.069876
722.0	0.057074	0.058771	0.069994	0.049730	0.055776	0.062869	0.054522	0.058344	0.057026	0.063537	0.056899	0.067483	0.054994	0.068024	0.057131	0.059668	0.059831	0.059152	0.063339	0.063782
723.0	0.057875	0.060054	0.065014	0.062776	0.065554	0.062857	0.058641	0.068410	0.057897	0.058974	0.057439	0.064163	0.049894	0.056048	0.066642	0.062522	0.067366	0.060145	0.064379	0.059063
724.0	0.052708	0.055070	0.063974	0.055458	0.057930	0.057747	0.047819	0.060914	0.054107	0.060857	0.063246	0.056852	0.060953	0.059409	0.060127	0.060800	0.057104	0.061669	0.053653	0.061622
725.0	0.064278	0.052184	0.061319	0.053425	0.045006	0.042344	0.052517	0.056698	0.060089	0.046660	0.058382	0.055344	0.061158	0.060658	0.061052	0.045205	0.049679	0.058535	0.044795	0.052837
726.0	0.050113	0.052973	0.052351	0.059679	0.045998	0.054179	0.054099	0.055786	0.050305	0.048821	0.062970	0.045844	0.056445	0.057506	0.054975	0.049485	0.056593	0.053127	0.057248	0.044534
727.0	0.047724	0.054552	0.054138	0.054059	0.051843	0.059102	0.053109	0.049795	0.065587	0.051924	0.067947	0.052461	0.061811	0.052946	0.048788	0.067084	0.054645	0.066351	0.047420	0.047925
728.0	0.057547	0.053022	0.051874	0.042711	0.055667	0.055186	0.045367	0.049830	0.057813	0.051646	0.061298	0.053592	0.046340	0.054305	0.044964	0.057135	0.054597	0.056140	0.041093	0.045946
729.0	0.058214	0.054133	0.045708	0.042711	0.056260	0.053669	0.034569	0.048871	0.052763	0.049389	0.045625	0.043886	0.053616	0.057284	0.052734	0.051022	0.039855	0.040835	0.054410	0.037439
730.0	0.050076	0.048211	0.047923	0.040176	0.053610	0.056703	0.045548	0.056165	0.041852	0.051055	0.053241	0.047219	0.045216	0.052291	0.050956	0.057946	0.051639	0.051071	0.048603	0.047467
731.0	0.048730	0.040538	0.054407	0.038730	0.045296	0.045564	0.053351	0.050008	0.044601	0.053602	0.058370	0.050880	0.042908	0.052006	0.050445	0.050038	0.046343	0.057059	0.043943	0.049506
732.0	0.043588	0.049655	0.047091	0.042149	0.043445	0.045912	0.050307	0.047095	0.035845	0.042205	0.046115	0.044154	0.040249	0.046136	0.044513	0.054527	0.042874	0.049437	0.050803	0.045234
733.0	0.039756	0.041241	0.050064	0.041002	0.043965	0.042891	0.045053	0.041434	0.036536	0.045429	0.043124	0.059139	0.038943	0.042564	0.045549	0.040433	0.048279	0.046848	0.046309	0.045970
734.0	0.031314	0.043930	0.038991	0.038479	0.041085	0.036277	0.044388	0.041268	0.037638	0.036797	0.045285	0.040809	0.037662	0.046420	0.045938	0.041183	0.043787	0.039819	0.037368	0.048444
735.0	0.036639	0.037022	0.040631	0.052265	0.038955	0.045812	0.036815	0.044584	0.036402	0.043714	0.046794	0.037999	0.039124	0.044294	0.042528	0.038133	0.040670	0.046788	0.048804	0.041457
736.0	0.047032	0.037108	0.032238	0.038538	0.029443	0.041299	0.041018	0.036188	0.038715	0.037135	0.038825	0.045175	0.040285	0.041365	0.036354	0.041934	0.031127	0.043376	0.034435	0.044691
737.0	0.039610	0.042635	0.038722	0.031161	0.036922	0.035332	0.034532	0.041517	0.040156	0.034286	0.039152	0.032160	0.043911	0.042020	0.036719	0.038035	0.036519	0.041489	0.040963	0.039430
738.0	0.033801	0.035653	0.041035	0.031890	0.039923	0.044656	0.036465	0.039196	0.036717	0.036580	0.040899	0.041903	0.036780	0.038684	0.035282	0.032427	0.033695	0.035427	0.036540	0.038054
739.0	0.031363	0.041438	0.038918	0.037737	0.043747	0.039211	0.028481	0.035596	0.033012	0.039199	0.034149	0.036296	0.031812	0.034296	0.036475	0.038527	0.029362	0.031229	0.035712	0.037366
740.0	0.025651	0.033642	0.037695	0.025326	0.037103	0.040118	0.030703	0.032399	0.034404	0.039380	0.029109	0.034119	0.033710	0.031627	0.031933	0.030766	0.033854	0.029850	0.036339	0.046320
741.0	0.025141	0.028596	0.028922	0.034234	0.031621	0.029004	0.034061	0.036330	0.029875	0.040093	0.031095	0.035724	0.031365	0.034197	0.033321	0.046558	0.032928	0.040267	0.032212	0.037728
742.0	0.030223	0.030002	0.033975	0.025828	0.033303	0.035767	0.033397	0.032316	0.025213	0.027827	0.031284	0.025446	0.028778	0.029538	0.032176	0.029696	0.026501	0.028543	0.029562	0.027254
743.0	0.026985	0.036566	0.029143	0.023508	0.028535	0.033480	0.028252	0.030433	0.027502	0.033260	0.025766	0.026748	0.033939	0.032282	0.033894	0.030963	0.034097	0.029184	0.024903	0.036968
744.0	0.035280	0.031125	0.024347	0.027609	0.028560	0.034511	0.025643	0.032588	0.025394	0.027598	0.025540	0.031929	0.030398	0.034667	0.029911	0.023965	0.031528	0.025712	0.026133	0.032853
745.0	0.030150	0.030915	0.021985	0.027574	0.027398	0.025486	0.029351	0.028112	0.028737	0.024411	0.032679	0.026760	0.024391	0.035507	0.020948	0.029696	0.028497	0.027430	0.025813	0.028244
746.0	0.023904	0.027227	0.028396	0.019371	0.027035	0.026592	0.025498	0.026549	0.032188	0.026234	0.036626	0.027027	0.025031	0.028796	0.023335	0.030680	0.028972	0.026849	0.024584	0.029764
747.0	0.024317	0.037577	0.026427	0.026617	0.028874	0.030111	0.029157	0.024430	0.026642	0.028576	0.033974	0.023561	0.035656	0.033221	0.022689	0.029819	0.022520	0.025736	0.027315	0.025299
748.0	0.024511	0.027375	0.025399	0.032608	0.027737	0.027649	0.017321	0.022712	0.019558	0.021199	0.024836	0.023597	0.026796	0.029303	0.022689	0.021887	0.024237	0.022119	0.029444	0.034748
749.0	0.022012	0.025857	0.019747	0.018187	0.024881	0.018598	0.026657	0.027804	0.017547	0.021561	0.026030	0.019389	0.020559	0.027696	0.022920	0.026720	0.024164	0.022724	0.022597	0.026856
750.0	0.018034	0.020146	0.016835	0.017529	0.016543	0.015267	0.028674	0.017999	0.020502	0.016298	0.027211	0.031808	0.019955	0.022926	0.022726	0.018664	0.015289	0.016928	0.022419	0.025589
751.0	0.018798	0.018850	0.016847	0.018976	0.020016	0.019767	0.027116	0.023530	0.017329	0.019195	0.023830	0.018914	0.016535	0.025855	0.019498	0.026265	0.013500	0.021369	0.015134	0.024527
752.0	0.019829	0.018085	0.022940	0.017422	0.018745	0.024069	0.021355	0.025022	0.019897	0.011807	0.016930	0.022539	0.024318	0.018613	0.016246	0.024605	0.021546	0.020485	0.018162	0.020098
753.0	0.015051	0.017148	0.018890	0.017003	0.018237	0.021271	0.023299	0.020593	0.017438	0.017783	0.019243	0.018878	0.021321	0.020046	0.017891	0.020312	0.015557	0.018900	0.019273	0.019857
754.0	0.019623	0.018579	0.019086	0.013512	0.012852	0.012109	0.016173	0.020332	0.015065	0.016358	0.021405	0.023938	0.015423	0.027437	0.020387	0.017644	0.017128	0.022675	0.017984	0.013727
755.0	0.018616	0.021651	0.017875	0.017936	0.013384	0.016460	0.015497	0.011747	0.013503	0.013811	0.014630	0.011640	0.015338	0.018971	0.017026	0.017373	0.013537	0.024732	0.019498	0.019072
756.0	0.015584	0.014940	0.012161	0.014743	0.013409	0.015105	0.013926	0.014340	0.011020	0.017445	0.015133	0.017163	0.020535	0.017624	0.014724	0.016512	0.020427	0.016239	0.027138	0.014644
757.0	0.013122	0.006612	0.009041	0.009865	0.020258	0.015043	0.012610	0.015134	0.013721	0.015936	0.019519	0.016396	0.020813	0.019144	0.015552	0.020189	0.022873	0.011629	0.020965	0.017938
758.0	0.015233	0.012090	0.010265	0.014887	0.017705	0.019444	0.016125	0.015181	0.014568	0.013159	0.015460	0.013331	0.012921	0.014287	0.013409	0.018345	0.023677	0.016674	0.017819	0.012544
759.0	0.016967	0.015643	0.012283	0.011814	0.015200	0.017989	0.016982	0.011427	0.015925	0.012314	0.017596	0.011276	0.011664	0.016413	0.011399	0.015885	0.012161	0.010419	0.013715	0.016695
760.0	0.013874	0.011929	0.010705	0.009088	0.012574	0.012830	0.014398	0.012860	0.009434	0.013920	0.017471	0.013672	0.013573	0.014905	0.013275	0.008998	0.013768	0.014303	0.010415	0.012677
761.0	0.012031	0.015359	0.009947	0.005309	0.010649	0.011860	0.010629	0.006229	0.009252	0.012954	0.018941	0.011689	0.009415	0.018081	0.012690	0.013081	0.006574	0.010456	0.010226	0.018445
762.0	0.003068	0.013286	0.012014	0.011312	0.010698	0.010716	0.006051	0.010409	0.012728	0.009561	0.010357	0.015776	0.014250	0.012544	0.008001	0.014680	0.007766	0.009766	0.011243	0.011953
763.0	0.011606	0.012670	0.010057	0.009470	0.007902	0.011661	0.003877	0.013144	0.005619	0.005372	0.015774	0.010096	0.009536	0.013002	0.009049	0.012134	0.007024	0.008000	0.010900	0.011735
764.0	0.010527	0.007365	0.012198	0.004938	0.006656	0.009685	0.006498	0.011368	0.005873	0.006447	0.015246	0.008527	0.014903	0.009986	0.005005	0.010375	0.004261	0.014351	0.016672	0.012749
765.0	0.008089	0.007612	0.009714	0.012555	0.008096	0.005507	0.008612	0.004192	0.005122	0.005674	0.008333	0.007517	0.016547	0.009628	0.006406	0.009600	0.005393	0.010056	0.010723	0.008996
766.0	0.005809	0.007710	0.012296	0.007999	0.007793	0.009225	0.011233	0.007614	0.001393	0.007533	0.006096	0.005449	0.009355	0.008145	0.003057	0.008002	0.008278	0.006741	0.008346	0.004049
767.0	0.005057	0.005736	0.011953	0.007999	0.007152	0.007894	0.008914	0.008396	0.007993	0.004648	0.005882	0.007614	0.007482	0.013706	0.004945	0.011322	0.010493	0.008955	0.015548	0.008924
768.0	0.007192	0.005885	0.004062	0.010403	0.009960	0.009884	0.011607	0.008372	0.015101	0.010696	0.013134	0.007335	0.005669	0.013286	0.006016	0.004300	0.005113	0.007685	0.008996	0.010046
769.0	0.006864	0.013089	0.005652	0.005429	0.001973	0.006166	0.003672	0.006335	0.014350	0.008789	0.010985	0.009573	0.010141	0.011556	0.005846	0.005763	0.004516	0.008544	0.005638	0.006909
770.0	0.005264	0.009277	0.004967	0.001794	0.007612	0.009287	0.009337	0.002558	0.004251	0.005155	0.006398	0.012237	0.005596	0.009479	0.003118	0.005443	0.003932	0.007008	0.008630	0.007681
771.0	0.003735	0.006477	0.010301	0.010797	0.008144	0.006726	0.007827	0.007306	0.004674	0.003380	0.005116	0.006155	0.007010	0.012001	0.005079	0.011728	0.009252	0.008883	0.009079	0.008960
772.0	0.007531	0.010202	0.008662	0.007928	0.007927	0.004550	0.003322	0.009106	0.004117	0.004757	0.003796	0.010254	0.008557	0.009850	0.003507	0.007079	0.006914	0.006887	0.011563	0.009334
773.0	0.006598	0.002837	0.009200	0.010857	0.005700	0.004550	0.013298	0.006335	0.002192	0.010068	0.006724	0.008417	0.009186	0.011061	0.011046	0.012232	0.006318	0.008036	0.006655	0.006329
774.0	0.004087	0.003738	0.014632	0.003408	0.003897	0.010343	0.009264	0.000545	0.004287	0.006942	0.004990	0.003904	0.009536	0.007082	0.001766	0.005862	0.002605	0.009294	0.010664	0.008043
775.0	0.008283	0.001382	0.010730	0.004149	0.004405	0.005831	0.005242	0.003268	0.009991	0.000410	0.008371	0.006507	0.006974	0.009776	0.002996	0.009871	0.007742	0.006766	0.008937	0.007355
776.0	0.005191	0.002159	0.007879	0.009111	0.006184	0.007919	0.005979	0.005056	0.002882	0.009296	0.009075	0.008514	0.007119	0.005846	0.005468	0.006550	0.003993	0.005689	0.005981	0.012568
777.0	0.005542	0.002270	0.005273	0.002152	0.007104	0.005072	0.010363	0.005885	0.003282	0.004781	0.007441	0.009135	0.011301	0.007193	0.002874	0.009883	0.004163	0.003777	0.002551	0.010155
778.0	0.001637	0.003072	0.007659	0.001662	0.007055	0.005793	0.004783	0.003600	0.005377	0.009791	0.007730	0.004999	0.007482	0.009529	0.003374	0.009957	0.007158	0.010081	0.004195	0.009225
779.0	0.000000	0.001394	0.005591	0.001339	0.004744	0.003357	0.003805	0.003008	0.003439	0.004563	0.001961	0.005680	0.005403	0.007675	0.008221	0.006132	0.006318	0.007818	0.004656	0.007017
780.0	0.002110	0.003516	0.011256	0.007115	0.004441	0.005296	0.008008	0.004310	0.006576	0.005336	0.003318	0.006191	0.003058	0.012174	0.003288	0.009256	0.006659	0.010044	0.006998	0.003904
781.0	0.001856	0.002677	0.005983	0.000000	0.007164	0.001156	0.009023	0.004974	0.005667	0.004177	0.009804	0.002834	0.003300	0.006736	0.001242	0.010400	0.005892	0.007165	0.006525	0.009117
782.0	0.005676	0.005477	0.004600	0.006421	0.003243	0.007111	0.005182	0.002901	0.006515	0.008511	0.004072	0.005498	0.008243	0.010221	0.003934	0.005948	0.003323	0.002809	0.002563	0.014994
783.0	0.002462	0.009400	0.006399	0.001531	0.001682	0.003493	0.005266	0.004062	0.002785	0.002149	0.002790	0.002421	0.001305	0.008552	0.002217	0.008211	0.007377	0.003668	0.003533	0.011579
784.0	0.007046	0.007883	0.004723	0.004962	0.002130	0.004028	0.002114	0.006110	0.003088	0.005638	0.007139	0.001545	0.010527	0.006365	0.007344	0.010437	0.003482	0.000000	0.002681	0.005086
785.0	0.005773	0.007106	0.000918	0.004054	0.002711	0.007061	0.004312	0.000900	0.003500	0.004056	0.007541	0.008052	0.008376	0.007366	0.004640	0.002012	0.004285	0.007588	0.008949	0.007331
786.0	0.006901	0.006563	0.005187	0.003205	0.004248	0.002822	0.006112	0.000793	0.000569	0.002378	0.002514	0.007845	0.000000	0.000000	0.001084	0.000000	0.000000	0.003959	0.006737	0.005883
787.0	0.006076	0.008488	0.009506	0.005094	0.004030	0.004687	0.005749	0.001788	0.003149	0.008584	0.005744	0.005911	0.002514	0.009900	0.005602	0.007485	0.000000	0.003559	0.003201	0.004881
788.0	0.008368	0.003306	0.005554	0.005596	0.001924	0.000000	0.006728	0.001634	0.002555	0.004370	0.003947	0.007821	0.006648	0.007539	0.005395	0.005308	0.006756	0.009609	0.008299	0.005352
789.0	0.000606	0.008167	0.006019	0.005704	0.002529	0.001740	0.001631	0.000888	0.000000	0.007243	0.006775	0.006349	0.010322	0.006686	0.003848	0.001373	0.004626	0.003632	0.004171	0.004833
790.0	0.002159	0.001690	0.006986	0.000502	0.006716	0.002051	0.006220	0.002830	0.000351	0.000942	0.009150	0.003138	0.008606	0.006612	0.000000	0.006280	0.007097	0.002761	0.006335	0.003011
791.0	0.005179	0.002702	0.008087	0.000048	0.006523	0.008702	0.000000	0.000000	0.002034	0.003996	0.008710	0.006143	0.002804	0.011333	0.001011	0.003906	0.003457	0.007177	0.006785	0.005050
792.0	0.005069	0.006267	0.009249	0.004639	0.004054	0.003580	0.002742	0.004784	0.002119	0.003151	0.000000	0.004196	0.002973	0.003473	0.003727	0.008727	0.010079	0.010891	0.004148	0.009069
793.0	0.005652	0.004009	0.005200	0.005680	0.005627	0.005744	0.005870	0.003174	0.003342	0.008970	0.003318	0.002214	0.009355	0.004808	0.009585	0.004804	0.003774	0.008592	0.004573	0.000238
794.0	0.006828	0.000000	0.002594	0.000837	0.004078	0.001529	0.003370	0.003008	0.000969	0.007437	0.006372	0.007322	0.002840	0.008503	0.009049	0.004816	0.002581	0.003584	0.003509	0.003554
795.0	0.002013	0.007328	0.000000	0.003767	0.000968	0.000932	0.002077	0.005862	0.006515	0.005916	0.004160	0.003406	0.004351	0.006476	0.001778	0.007055	0.009799	0.005060	0.004443	0.000000
796.0	0.001225	0.003245	0.003328	0.002200	0.004127	0.005396	0.002319	0.002179	0.003936	0.002354	0.005367	0.004452	0.000870	0.008528	0.002058	0.005726	0.003007	0.006632	0.004632	0.007548
797.0	0.004148	0.001012	0.002667	0.003468	0.003618	0.008814	0.005520	0.002854	0.004820	0.003815	0.004148	0.006702	0.007748	0.004054	0.005968	0.003549	0.003676	0.004806	0.006454	0.007512
798.0	0.004014	0.004774	0.001285	0.007449	0.005095	0.007148	0.002549	0.007093	0.003403	0.000000	0.009263	0.009329	0.006805	0.007415	0.003556	0.003242	0.008777	0.005410	0.002042	0.007608
799.0	0.000825	0.006760	0.002239	0.008442	0.000000	0.009162	0.006124	0.011439	0.000872	0.001956	0.005266	0.004196	0.008569	0.004598	0.004494	0.008592	0.000657	0.001660	0.002173	0.005557
800.0	0.007568	0.002726	0.004527	0.004376	0.007890	0.007621	0.005013	0.005779	0.001126	0.000579	0.004487	0.000000	0.006587	0.003819	0.005931	0.006255	0.001692	0.004479	0.000000	0.003312
