500.0	0.000000	0.003688	0.002747	0.000927	0.009273	0.001725	0.000000	0.002821	0.008706	0.000000	0.004275	0.010118	0.007229	0.007763	0.012862	0.005197	0.006308	0.005717	0.007803	0.008420
501.0	0.006103	0.002868	0.004161	0.003051	0.009133	0.001184	0.004478	0.003733	0.003956	0.002849	0.006305	0.009254	0.004305	0.006423	0.005829	0.004108	0.008680	0.004297	0.003486	0.003208
502.0	0.007024	0.002422	0.006695	0.005870	0.004220	0.003124	0.002980	0.005731	0.004081	0.002150	0.007554	0.006771	0.004753	0.004665	0.005519	0.008286	0.005629	0.001404	0.006737	0.005793
503.0	0.008179	0.002334	0.006575	0.005977	0.005992	0.004711	0.002720	0.004819	0.005344	0.003091	0.005051	0.006567	0.006107	0.007839	0.005317	0.007213	0.007624	0.004650	0.003588	0.005481
504.0	0.007013	0.001552	0.007148	0.002997	0.005316	0.004259	0.004121	0.006011	0.007314	0.006917	0.006778	0.008573	0.008027	0.007513	0.006461	0.005349	0.005322	0.007127	0.005596	0.004869
505.0	0.006580	0.003248	0.004920	0.003865	0.005112	0.004461	0.001677	0.005789	0.004896	0.006041	0.006277	0.007350	0.002703	0.007741	0.005535	0.005148	0.006702	0.003400	0.005811	0.006083
506.0	0.006547	0.003633	0.005706	0.005972	0.008038	0.002449	0.006820	0.003670	0.004879	0.006590	0.004995	0.008128	0.007596	0.002680	0.005464	0.004915	0.005435	0.004895	0.007964	0.007996
507.0	0.007778	0.004800	0.007153	0.006705	0.005600	0.004729	0.004597	0.007029	0.005408	0.008804	0.006976	0.009174	0.006247	0.006157	0.007817	0.004693	0.006238	0.006646	0.006812	0.005986
508.0	0.008249	0.006892	0.004876	0.006759	0.007141	0.002548	0.007809	0.007065	0.008825	0.010771	0.006530	0.006396	0.005497	0.006607	0.005595	0.007137	0.004211	0.003342	0.006571	0.008899
509.0	0.007296	0.008075	0.005226	0.006813	0.005890	0.004742	0.006322	0.009496	0.006607	0.012421	0.005678	0.006481	0.006058	0.005577	0.007649	0.003495	0.005947	0.005723	0.004954	0.007969
510.0	0.008297	0.006220	0.006138	0.008769	0.008559	0.002928	0.005013	0.008173	0.007816	0.007718	0.006817	0.007919	0.007159	0.006624	0.006477	0.007365	0.006815	0.006700	0.006121	0.006943
511.0	0.006596	0.005180	0.007099	0.005584	0.008398	0.005493	0.005484	0.007545	0.007654	0.007073	0.010976	0.007248	0.008032	0.005918	0.007267	0.008438	0.006233	0.006342	0.006566	0.005164
512.0	0.006965	0.005009	0.006362	0.007955	0.006078	0.008081	0.005976	0.006206	0.006547	0.007611	0.007966	0.005478	0.007342	0.005897	0.009561	0.006644	0.008373	0.005530	0.005795	0.006900
513.0	0.007564	0.006518	0.007159	0.006646	0.007023	0.006092	0.006674	0.008526	0.007929	0.007869	0.008594	0.010408	0.007563	0.008354	0.010966	0.006666	0.007041	0.006854	0.006352	0.006545
514.0	0.010795	0.009061	0.005439	0.006624	0.007866	0.007978	0.007269	0.008700	0.006191	0.009073	0.009039	0.009812	0.009165	0.007405	0.009615	0.009614	0.009829	0.006966	0.008092	0.006330
515.0	0.008334	0.005345	0.007181	0.008300	0.008977	0.005126	0.006165	0.008595	0.009300	0.008922	0.011218	0.009893	0.008950	0.006998	0.009888	0.007554	0.009020	0.007281	0.009624	0.006889
516.0	0.007874	0.006077	0.010211	0.008581	0.008602	0.007777	0.004148	0.009011	0.007778	0.009707	0.010426	0.009973	0.008216	0.004654	0.007360	0.007311	0.010098	0.006128	0.008140	0.007614
517.0	0.008650	0.005896	0.010321	0.007045	0.010277	0.005859	0.004943	0.006069	0.007276	0.009718	0.007581	0.009244	0.006258	0.009591	0.009435	0.009202	0.007618	0.007105	0.009404	0.005975
518.0	0.005964	0.010008	0.011402	0.008759	0.008634	0.008966	0.007371	0.007767	0.005883	0.008820	0.010508	0.008391	0.006905	0.008294	0.010220	0.007040	0.010055	0.007415	0.009924	0.007163
519.0	0.006387	0.007993	0.007465	0.011642	0.009616	0.007871	0.005911	0.007614	0.008015	0.007041	0.009930	0.010166	0.011658	0.011555	0.012372	0.007262	0.008125	0.007484	0.008290	0.009055
520.0	0.010297	0.010927	0.010921	0.007390	0.010105	0.007969	0.007966	0.008363	0.006785	0.008965	0.008781	0.012280	0.010449	0.010573	0.013091	0.008606	0.010632	0.008504	0.010352	0.008759
521.0	0.009361	0.006072	0.009971	0.009114	0.009632	0.007790	0.007918	0.012259	0.008917	0.012835	0.009837	0.011180	0.007256	0.009439	0.010672	0.009066	0.007085	0.011050	0.007674	0.008856
522.0	0.012143	0.004954	0.007454	0.011432	0.010153	0.008738	0.007041	0.011584	0.009565	0.009836	0.009677	0.012210	0.008825	0.009802	0.010601	0.008091	0.007634	0.008200	0.009104	0.011838
523.0	0.009120	0.008175	0.008606	0.012585	0.008500	0.009408	0.007907	0.009718	0.009554	0.009465	0.008445	0.012735	0.009894	0.006119	0.008063	0.005609	0.008648	0.009876	0.007391	0.008512
524.0	0.009602	0.007630	0.010938	0.005223	0.009632	0.010311	0.009172	0.006944	0.010326	0.011438	0.009188	0.012188	0.011809	0.009119	0.012775	0.010307	0.009489	0.009118	0.007209	0.008775
525.0	0.009468	0.007965	0.009021	0.009923	0.014975	0.009895	0.004867	0.010071	0.009753	0.010352	0.012307	0.014328	0.011350	0.011272	0.010165	0.009527	0.005747	0.010506	0.008499	0.008969
526.0	0.009260	0.009165	0.011626	0.008473	0.013176	0.010061	0.005895	0.009238	0.008496	0.010637	0.012544	0.010080	0.008281	0.013562	0.009141	0.007809	0.010131	0.010431	0.009560	0.009812
527.0	0.010099	0.005554	0.006859	0.006058	0.009375	0.008273	0.004976	0.011700	0.010439	0.009546	0.009188	0.012891	0.009063	0.012585	0.013020	0.009668	0.007818	0.010442	0.007776	0.009549
528.0	0.010452	0.006479	0.012461	0.009648	0.009659	0.008729	0.009713	0.009090	0.009424	0.010750	0.014167	0.011024	0.011070	0.009981	0.011996	0.009776	0.010648	0.012326	0.009506	0.011843
529.0	0.011613	0.010773	0.009032	0.010747	0.013364	0.008832	0.011817	0.012259	0.011675	0.009691	0.013512	0.011995	0.016707	0.012200	0.009664	0.013494	0.006777	0.012022	0.010084	0.009834
530.0	0.016187	0.012980	0.012903	0.011577	0.011721	0.008595	0.010946	0.011716	0.012846	0.011379	0.016763	0.011024	0.011863	0.009943	0.011625	0.012768	0.011651	0.010767	0.010422	0.011021
531.0	0.013769	0.011037	0.011746	0.009637	0.014567	0.012291	0.009983	0.011089	0.014671	0.010884	0.012786	0.012848	0.013708	0.012178	0.014426	0.014811	0.011209	0.011563	0.011691	0.014901
532.0	0.012458	0.011780	0.009485	0.012984	0.015249	0.009587	0.009951	0.010604	0.013186	0.013464	0.011900	0.015573	0.010271	0.012173	0.016016	0.010313	0.012546	0.013901	0.012146	0.013456
533.0	0.017257	0.010206	0.011293	0.011119	0.013611	0.009395	0.013483	0.012243	0.011141	0.009239	0.013275	0.013025	0.013853	0.014565	0.014774	0.010568	0.012363	0.012129	0.014326	0.013450
534.0	0.015433	0.010332	0.012439	0.009448	0.014186	0.008528	0.012807	0.012386	0.013899	0.013270	0.011950	0.012891	0.016497	0.014880	0.013897	0.012416	0.011824	0.012406	0.013549	0.012816
535.0	0.010180	0.011389	0.013422	0.011771	0.012441	0.011428	0.010676	0.015676	0.015081	0.011981	0.014689	0.014253	0.019911	0.016442	0.011925	0.011549	0.010891	0.015876	0.014546	0.010140
536.0	0.008676	0.009408	0.012619	0.014881	0.012435	0.012863	0.011822	0.013256	0.008258	0.011927	0.010910	0.011888	0.014285	0.012639	0.013592	0.009408	0.012072	0.014477	0.009270	0.010677
537.0	0.011298	0.011235	0.010512	0.009405	0.012188	0.011147	0.013520	0.011532	0.010331	0.012314	0.009507	0.015879	0.012656	0.013361	0.014698	0.011592	0.012083	0.011904	0.008654	0.010731
538.0	0.010854	0.012617	0.011762	0.012375	0.012961	0.008376	0.010043	0.014410	0.011988	0.009997	0.008269	0.012242	0.013751	0.010670	0.014398	0.012242	0.013484	0.008707	0.010309	0.011360
539.0	0.011961	0.012171	0.006050	0.011265	0.010035	0.009395	0.011049	0.011152	0.011340	0.009083	0.014651	0.011706	0.014296	0.006900	0.012535	0.015066	0.015641	0.007329	0.008381	0.007668
540.0	0.008634	0.009798	0.010342	0.011292	0.012607	0.013444	0.013688	0.008948	0.009694	0.010072	0.011075	0.013626	0.011032	0.008511	0.012829	0.009495	0.011824	0.008846	0.004606	0.009270
541.0	0.010634	0.010866	0.009278	0.009977	0.011630	0.009404	0.010519	0.010045	0.013942	0.011873	0.011570	0.012215	0.008189	0.011999	0.017416	0.012166	0.011624	0.009662	0.009211	0.009468
542.0	0.012079	0.009925	0.015508	0.009314	0.010631	0.010807	0.009194	0.011637	0.012312	0.011110	0.011746	0.014618	0.006997	0.011511	0.010906	0.009603	0.014018	0.008061	0.008922	0.011209
543.0	0.013111	0.007762	0.009103	0.008931	0.011254	0.009033	0.009053	0.012032	0.010369	0.007761	0.010970	0.009088	0.012440	0.009466	0.009866	0.009468	0.008298	0.011878	0.009511	0.009189
544.0	0.009992	0.005604	0.008398	0.009648	0.009262	0.008496	0.007479	0.009069	0.010326	0.008621	0.011135	0.013502	0.009155	0.007887	0.013314	0.011809	0.012153	0.010169	0.008130	0.009785
545.0	0.008489	0.008296	0.009671	0.012672	0.009670	0.008644	0.008009	0.009950	0.010941	0.013066	0.010635	0.011116	0.012068	0.010763	0.015782	0.010779	0.009559	0.010153	0.008290	0.007717
546.0	0.008602	0.005020	0.009376	0.009740	0.010969	0.006655	0.010221	0.007482	0.007578	0.008218	0.011311	0.011684	0.014538	0.012661	0.009212	0.005782	0.008416	0.009849	0.010979	0.012805
547.0	0.010597	0.008637	0.008109	0.008494	0.008242	0.011259	0.009583	0.010118	0.008140	0.006676	0.010222	0.011652	0.010374	0.009998	0.008695	0.006612	0.006351	0.008322	0.010266	0.011258
548.0	0.009147	0.008945	0.011762	0.008996	0.009654	0.013011	0.009935	0.009886	0.011124	0.007106	0.008995	0.008632	0.008987	0.006586	0.010046	0.009451	0.009004	0.011461	0.007899	0.010124
549.0	0.008666	0.010063	0.009649	0.012413	0.009949	0.008420	0.005489	0.010804	0.009376	0.009487	0.010981	0.011979	0.008410	0.009499	0.013145	0.008546	0.011010	0.010159	0.010325	0.008883
550.0	0.010404	0.008571	0.009933	0.008651	0.009267	0.009538	0.006138	0.008922	0.009284	0.010078	0.012989	0.010638	0.009338	0.005907	0.009125	0.011624	0.010201	0.008093	0.006614	0.010092
551.0	0.008757	0.009105	0.006045	0.011168	0.008059	0.008680	0.006906	0.009623	0.007405	0.007428	0.009886	0.012129	0.007169	0.009987	0.011516	0.006579	0.009268	0.009342	0.007755	0.011037
552.0	0.011340	0.006897	0.007192	0.009195	0.010266	0.006078	0.008366	0.009570	0.008010	0.008353	0.009754	0.009308	0.006743	0.008658	0.011522	0.008763	0.011020	0.007901	0.008885	0.011279
553.0	0.010014	0.005863	0.009119	0.010596	0.008247	0.008215	0.010303	0.011242	0.006860	0.010185	0.009991	0.012585	0.009209	0.006385	0.009506	0.008389	0.009624	0.008589	0.007192	0.006583
554.0	0.008773	0.007591	0.006405	0.006382	0.009976	0.005632	0.009010	0.006538	0.010153	0.011024	0.012043	0.011100	0.009937	0.006944	0.008831	0.010167	0.008044	0.007116	0.007364	0.008952
555.0	0.006462	0.006149	0.007246	0.008909	0.012075	0.008666	0.008101	0.007044	0.009532	0.007186	0.012395	0.010510	0.011658	0.008153	0.009675	0.006872	0.007440	0.007089	0.009736	0.009973
556.0	0.008072	0.002653	0.008322	0.006904	0.008038	0.006329	0.005273	0.009296	0.006569	0.009648	0.009820	0.007699	0.008329	0.006369	0.009948	0.007603	0.008341	0.010484	0.007059	0.009189
557.0	0.007617	0.008714	0.011019	0.007276	0.006738	0.007303	0.007620	0.010261	0.006790	0.010664	0.010695	0.008520	0.011005	0.010019	0.005960	0.010497	0.008179	0.008189	0.007021	0.009597
558.0	0.009778	0.008775	0.012609	0.009416	0.011329	0.008322	0.007782	0.006085	0.008539	0.008019	0.008533	0.010204	0.011944	0.008045	0.007365	0.010134	0.009883	0.005317	0.009367	0.011134
559.0	0.010153	0.008648	0.007312	0.009599	0.010620	0.008143	0.007636	0.009596	0.006909	0.009938	0.009892	0.009088	0.009856	0.008587	0.008488	0.007582	0.009295	0.008050	0.006743	0.006212
560.0	0.011651	0.007365	0.007907	0.006042	0.008736	0.006588	0.006268	0.007181	0.010045	0.008648	0.011630	0.011411	0.006117	0.007660	0.010623	0.007939	0.006955	0.006844	0.005302	0.006717
561.0	0.009650	0.012232	0.009305	0.009357	0.010191	0.005815	0.009205	0.009317	0.006094	0.008487	0.008786	0.008396	0.007482	0.006992	0.009425	0.005468	0.007408	0.007778	0.004220	0.008764
562.0	0.010822	0.006875	0.008224	0.006931	0.009085	0.007549	0.007723	0.011426	0.009856	0.008793	0.008346	0.009045	0.008529	0.008273	0.008068	0.009690	0.008260	0.009774	0.006700	0.008093
563.0	0.009254	0.005912	0.006241	0.005859	0.011453	0.006566	0.006576	0.007846	0.008523	0.011841	0.007026	0.010590	0.009521	0.006309	0.008439	0.006514	0.010848	0.009401	0.005789	0.007679
564.0	0.006729	0.004101	0.007432	0.008198	0.008301	0.010293	0.008642	0.008937	0.009478	0.006923	0.012214	0.010912	0.007628	0.009173	0.009534	0.009885	0.010999	0.009369	0.006389	0.006233
565.0	0.006975	0.007046	0.012510	0.011400	0.009756	0.005672	0.006998	0.004545	0.007616	0.007928	0.008027	0.010413	0.007218	0.009846	0.009141	0.008069	0.007888	0.009491	0.005334	0.006771
566.0	0.008339	0.006006	0.009037	0.007848	0.006819	0.006619	0.009783	0.008294	0.006677	0.008224	0.010332	0.009480	0.007590	0.012005	0.007344	0.008232	0.007510	0.010201	0.005414	0.007442
567.0	0.007163	0.007877	0.009086	0.009141	0.010416	0.008783	0.008177	0.009280	0.005921	0.008132	0.008858	0.011164	0.007364	0.009499	0.007817	0.008427	0.009834	0.010650	0.008392	0.009957
568.0	0.008532	0.008472	0.008661	0.009012	0.009858	0.008032	0.008761	0.008289	0.007060	0.009879	0.009474	0.011024	0.009926	0.009922	0.007126	0.008362	0.006006	0.010084	0.008944	0.009012
569.0	0.009629	0.005967	0.008054	0.006721	0.008924	0.009650	0.009015	0.006849	0.009219	0.007116	0.010189	0.011384	0.008491	0.008072	0.008836	0.007197	0.009624	0.009913	0.008012	0.008866
570.0	0.008773	0.007795	0.008224	0.010133	0.009751	0.007071	0.008291	0.009639	0.005819	0.006783	0.009562	0.012054	0.008993	0.007220	0.009250	0.007582	0.010136	0.008888	0.008997	0.010059
571.0	0.008923	0.005967	0.005712	0.008279	0.009611	0.008224	0.007139	0.006844	0.006650	0.008218	0.009622	0.010252	0.009063	0.009618	0.009495	0.006167	0.010082	0.007719	0.008478	0.006190
572.0	0.010233	0.006881	0.007306	0.006382	0.008875	0.008228	0.007377	0.009401	0.008140	0.010040	0.009292	0.006873	0.007137	0.008408	0.010716	0.009955	0.013123	0.008675	0.006571	0.010683
573.0	0.010067	0.007079	0.007230	0.009055	0.010314	0.011299	0.008480	0.008985	0.004329	0.011411	0.011124	0.007275	0.010266	0.010822	0.008281	0.008980	0.011128	0.007522	0.007230	0.010844
574.0	0.009720	0.007729	0.011222	0.008554	0.008462	0.008863	0.010054	0.009528	0.008544	0.008342	0.007922	0.008176	0.012057	0.009368	0.008515	0.006866	0.011268	0.007703	0.008333	0.011655
575.0	0.008473	0.006793	0.008923	0.007271	0.009858	0.009672	0.009426	0.008030	0.007038	0.011384	0.009028	0.011212	0.007331	0.009564	0.008291	0.010692	0.010001	0.011435	0.008553	0.010914
576.0	0.007933	0.007030	0.008835	0.007546	0.008816	0.008890	0.006349	0.009507	0.008593	0.012185	0.009430	0.009855	0.009030	0.014636	0.008836	0.010676	0.009058	0.006908	0.011225	0.010092
577.0	0.008703	0.009342	0.008579	0.009815	0.011238	0.007746	0.008166	0.008969	0.007659	0.008207	0.011350	0.011298	0.008955	0.010632	0.007235	0.008568	0.011339	0.007911	0.007685	0.012768
578.0	0.009725	0.006870	0.008671	0.009993	0.011662	0.009189	0.009026	0.009053	0.011400	0.009094	0.008533	0.011008	0.012111	0.010318	0.010961	0.009950	0.011414	0.012444	0.008665	0.010328
579.0	0.009645	0.010409	0.006782	0.010683	0.012714	0.010159	0.010438	0.009422	0.009797	0.009664	0.009969	0.009383	0.009128	0.009569	0.010825	0.007668	0.010886	0.011878	0.011611	0.006819
580.0	0.010303	0.009441	0.007650	0.010995	0.011131	0.010615	0.007139	0.012017	0.009160	0.010051	0.009314	0.011867	0.011744	0.009580	0.010323	0.010958	0.006087	0.008776	0.006818	0.010479
581.0	0.010570	0.012892	0.009835	0.010893	0.010304	0.010615	0.007734	0.011199	0.010277	0.010078	0.008902	0.012709	0.011059	0.007101	0.011271	0.009191	0.007241	0.009000	0.009918	0.011414
582.0	0.010773	0.008615	0.009469	0.007718	0.009804	0.015420	0.009637	0.011157	0.007028	0.012400	0.006971	0.013266	0.010153	0.009336	0.012666	0.012188	0.009673	0.011643	0.008006	0.010763
583.0	0.012351	0.008626	0.009900	0.007519	0.008285	0.011017	0.009886	0.010524	0.013003	0.009761	0.010662	0.012955	0.011490	0.013149	0.013494	0.011012	0.012072	0.009134	0.011054	0.010720
584.0	0.011469	0.009540	0.010053	0.011249	0.014341	0.009131	0.009226	0.011220	0.009770	0.011443	0.008588	0.011893	0.014457	0.009607	0.013777	0.009722	0.010039	0.008568	0.012323	0.010522
585.0	0.008339	0.009622	0.013646	0.011012	0.014293	0.009851	0.009005	0.011837	0.013440	0.011755	0.009463	0.013256	0.010444	0.009135	0.011429	0.012334	0.011721	0.010127	0.013303	0.010801
586.0	0.011891	0.011037	0.011522	0.009734	0.012435	0.010977	0.007712	0.009966	0.011222	0.012335	0.009523	0.011808	0.011339	0.008094	0.010906	0.011624	0.007888	0.010164	0.010175	0.012445
587.0	0.010939	0.008951	0.011440	0.010208	0.014959	0.010606	0.009394	0.011532	0.011562	0.013711	0.012494	0.011448	0.011242	0.010866	0.012176	0.007462	0.010201	0.012049	0.010090	0.013112
588.0	0.009463	0.008219	0.011511	0.009114	0.009235	0.013467	0.009567	0.009760	0.013262	0.010508	0.011823	0.012290	0.008567	0.008734	0.011931	0.009408	0.013630	0.011141	0.007225	0.011709
589.0	0.015475	0.010321	0.008655	0.011206	0.009692	0.011008	0.009297	0.008052	0.011410	0.008680	0.008726	0.009920	0.009618	0.008951	0.009719	0.012838	0.013182	0.011627	0.009747	0.008915
590.0	0.014630	0.010074	0.010151	0.010041	0.014851	0.011495	0.008312	0.009117	0.012452	0.010411	0.009347	0.010960	0.009268	0.009667	0.009354	0.010058	0.012783	0.009321	0.009549	0.009501
591.0	0.012630	0.012155	0.010282	0.010683	0.012940	0.011232	0.010086	0.011674	0.011983	0.010298	0.011597	0.012537	0.013810	0.011224	0.010073	0.012995	0.011365	0.012235	0.011557	0.011360
592.0	0.008500	0.011103	0.006913	0.010284	0.009901	0.010490	0.012195	0.011294	0.012501	0.013405	0.009551	0.011513	0.016151	0.012558	0.011173	0.008817	0.012428	0.012438	0.011643	0.007335
593.0	0.010805	0.010740	0.013346	0.010160	0.011963	0.013770	0.010703	0.008542	0.009905	0.009906	0.012494	0.011995	0.010994	0.009873	0.014328	0.009050	0.015026	0.011104	0.008376	0.009280
594.0	0.012047	0.009793	0.014176	0.010031	0.012859	0.016001	0.012558	0.010082	0.010320	0.012577	0.012032	0.012119	0.010266	0.010014	0.009828	0.010475	0.012870	0.011381	0.010374	0.009141
595.0	0.013576	0.010982	0.011718	0.011308	0.011372	0.013811	0.012823	0.007709	0.013078	0.009379	0.010965	0.013047	0.009322	0.009656	0.012949	0.011819	0.011436	0.012748	0.011520	0.010312
596.0	0.013646	0.009276	0.008622	0.012618	0.008736	0.012818	0.011855	0.008958	0.011891	0.013163	0.012142	0.014473	0.010260	0.009835	0.011756	0.010053	0.013258	0.008867	0.010647	0.014245
597.0	0.012892	0.010575	0.008431	0.013437	0.012462	0.011933	0.011536	0.011220	0.007427	0.013077	0.015762	0.010585	0.011852	0.013285	0.010830	0.012827	0.010152	0.011397	0.010449	0.014788
598.0	0.010848	0.011131	0.010129	0.013464	0.009718	0.012170	0.010362	0.008125	0.010720	0.013190	0.011724	0.009941	0.010692	0.007383	0.010639	0.013407	0.009721	0.012171	0.010931	0.011903
599.0	0.010297	0.008483	0.009654	0.009826	0.015023	0.011589	0.012130	0.011336	0.011686	0.012443	0.011245	0.010874	0.010622	0.007746	0.011980	0.008319	0.009327	0.006945	0.010534	0.009823
600.0	0.011988	0.007993	0.008458	0.012364	0.011630	0.009949	0.011741	0.010192	0.007751	0.009976	0.017165	0.012301	0.013940	0.010963	0.010814	0.009901	0.011107	0.009620	0.010363	0.010882
601.0	0.011565	0.008620	0.009900	0.013340	0.008006	0.010369	0.010384	0.016082	0.008188	0.012018	0.009699	0.010327	0.011749	0.009537	0.011408	0.009153	0.012854	0.007735	0.011648	0.008146
602.0	0.012036	0.008648	0.008939	0.012941	0.011233	0.010557	0.011098	0.012423	0.010649	0.010465	0.011179	0.011577	0.013934	0.010280	0.012486	0.008243	0.010082	0.009988	0.008462	0.012542
603.0	0.010099	0.009518	0.006460	0.010834	0.012800	0.012966	0.010070	0.012929	0.011357	0.008691	0.008951	0.013449	0.012629	0.009710	0.013134	0.011857	0.008432	0.014627	0.011209	0.010264
604.0	0.012282	0.010943	0.009294	0.011400	0.010701	0.011706	0.007885	0.008827	0.011875	0.010384	0.011053	0.010397	0.008367	0.010019	0.012726	0.009917	0.011721	0.011387	0.008435	0.008506
605.0	0.011549	0.009545	0.011795	0.010683	0.011308	0.014307	0.008891	0.010936	0.009716	0.010411	0.009441	0.010107	0.010908	0.013019	0.011451	0.009771	0.011646	0.009844	0.006480	0.007571
606.0	0.014775	0.007178	0.010736	0.008290	0.012967	0.011527	0.009529	0.010171	0.010142	0.012319	0.011135	0.015015	0.012202	0.009960	0.013287	0.007641	0.009791	0.010885	0.009388	0.008060
607.0	0.012079	0.010338	0.010266	0.010117	0.010814	0.012144	0.012471	0.009038	0.011081	0.011131	0.014233	0.013320	0.010341	0.009482	0.011495	0.010709	0.009640	0.008936	0.008735	0.009178
608.0	0.012309	0.006039	0.008562	0.009777	0.009230	0.009837	0.010162	0.011442	0.011691	0.013985	0.010393	0.010349	0.009710	0.011517	0.009403	0.010839	0.010886	0.008680	0.009126	0.012617
609.0	0.011132	0.006798	0.011090	0.010429	0.010492	0.011804	0.007712	0.010925	0.011227	0.007165	0.009996	0.008970	0.012208	0.010377	0.010274	0.007679	0.010767	0.009935	0.006785	0.010522
610.0	0.009843	0.007222	0.009916	0.010316	0.009509	0.009422	0.010124	0.010572	0.010660	0.009503	0.011124	0.010295	0.011194	0.010383	0.011075	0.010416	0.009505	0.008509	0.008258	0.010027
611.0	0.009120	0.009760	0.010315	0.008430	0.009004	0.009171	0.010822	0.010915	0.011648	0.010083	0.008918	0.009834	0.013157	0.008099	0.010253	0.012118	0.009543	0.007735	0.009410	0.009968
612.0	0.008634	0.007773	0.009250	0.009006	0.008580	0.008492	0.010676	0.010630	0.008350	0.009986	0.011449	0.011448	0.011647	0.014869	0.012290	0.010362	0.011349	0.011520	0.011279	0.010043
613.0	0.012988	0.008279	0.007639	0.010402	0.009283	0.010052	0.008042	0.008305	0.007244	0.010347	0.008951	0.007452	0.010341	0.013583	0.013390	0.010730	0.009937	0.012294	0.008895	0.013998
614.0	0.010474	0.009567	0.007295	0.009104	0.008065	0.011075	0.007258	0.010625	0.008901	0.008578	0.010062	0.010413	0.010741	0.008544	0.008722	0.009034	0.008352	0.009347	0.007364	0.011027
615.0	0.013828	0.008709	0.009611	0.010289	0.010309	0.012854	0.008913	0.011584	0.006812	0.009444	0.010459	0.009539	0.011852	0.012439	0.012944	0.012215	0.008443	0.010474	0.012007	0.012322
616.0	0.010618	0.012655	0.007683	0.009006	0.014132	0.013104	0.009946	0.011800	0.007346	0.009626	0.011564	0.011400	0.011307	0.010204	0.010122	0.010746	0.008826	0.008771	0.010882	0.012220
617.0	0.008505	0.010096	0.010779	0.008414	0.012322	0.011509	0.010140	0.008758	0.010218	0.010427	0.010365	0.012489	0.012559	0.007161	0.009855	0.007262	0.008508	0.009048	0.005206	0.010629
618.0	0.012020	0.006512	0.012652	0.007470	0.011077	0.011469	0.012460	0.009059	0.010018	0.010648	0.010926	0.009737	0.011890	0.008712	0.008128	0.009186	0.011824	0.008397	0.007182	0.010489
619.0	0.010907	0.004310	0.010304	0.008521	0.013557	0.009636	0.010313	0.008811	0.009726	0.005945	0.011306	0.012558	0.011021	0.009667	0.009474	0.010443	0.009117	0.007949	0.007626	0.010871
620.0	0.009254	0.007343	0.007869	0.008112	0.009267	0.011487	0.011514	0.009876	0.009645	0.011674	0.013259	0.011475	0.009640	0.010594	0.012835	0.007728	0.010325	0.006977	0.008622	0.010382
621.0	0.011292	0.009677	0.009633	0.008424	0.010561	0.009395	0.007896	0.009813	0.010989	0.010793	0.009160	0.009995	0.007989	0.007605	0.010754	0.010627	0.009182	0.009593	0.010074	0.008802
622.0	0.010800	0.011637	0.010714	0.009330	0.011195	0.011853	0.010178	0.010145	0.017634	0.010422	0.009683	0.012569	0.008680	0.012998	0.012181	0.007587	0.008799	0.006828	0.010684	0.009979
623.0	0.008858	0.008885	0.013084	0.010575	0.009853	0.008711	0.009151	0.010783	0.012668	0.010218	0.011135	0.010231	0.010109	0.011690	0.011609	0.008779	0.008923	0.009059	0.012039	0.010016
624.0	0.011747	0.011004	0.007912	0.012957	0.010696	0.008858	0.008469	0.008384	0.011200	0.010024	0.012780	0.014570	0.007935	0.012460	0.010487	0.010297	0.010104	0.009609	0.012087	0.010790
625.0	0.010463	0.010107	0.009922	0.012623	0.010948	0.008251	0.011692	0.008336	0.013489	0.012045	0.015063	0.011239	0.008200	0.009650	0.012252	0.009240	0.013107	0.009977	0.011252	0.008619
626.0	0.011881	0.011621	0.008114	0.011179	0.012929	0.013833	0.012487	0.011827	0.013251	0.010814	0.016235	0.008428	0.010153	0.009867	0.016272	0.009619	0.012120	0.011680	0.009490	0.011387
627.0	0.014513	0.012281	0.009949	0.012224	0.012811	0.014825	0.010746	0.014094	0.013872	0.011653	0.009562	0.011507	0.016869	0.013719	0.013423	0.010389	0.013064	0.008819	0.008392	0.011526
628.0	0.012020	0.012688	0.010310	0.013448	0.013880	0.014642	0.012336	0.014126	0.018444	0.011932	0.012159	0.014157	0.015288	0.013621	0.012323	0.008313	0.012298	0.010479	0.011691	0.013149
629.0	0.017417	0.011307	0.014088	0.014143	0.013010	0.013337	0.011162	0.011974	0.015615	0.013330	0.015218	0.012655	0.016313	0.015954	0.010296	0.009251	0.013215	0.014264	0.010802	0.010624
630.0	0.014689	0.011571	0.012696	0.015302	0.010808	0.015487	0.012855	0.014279	0.014525	0.016211	0.014766	0.015873	0.015083	0.012992	0.014485	0.014242	0.016186	0.014387	0.012730	0.014444
631.0	0.016310	0.012452	0.011527	0.016752	0.015850	0.020059	0.014829	0.014769	0.015194	0.011556	0.016730	0.014168	0.017041	0.012325	0.014475	0.015299	0.018402	0.012620	0.016211	0.014794
632.0	0.014192	0.016239	0.014765	0.013167	0.016564	0.018513	0.015392	0.013846	0.013742	0.011115	0.019916	0.016115	0.014339	0.015249	0.017721	0.017353	0.018364	0.013869	0.018482	0.016261
633.0	0.015320	0.017879	0.020264	0.015744	0.015759	0.020703	0.016154	0.016187	0.017067	0.021225	0.018040	0.018051	0.017085	0.017484	0.018914	0.014963	0.013889	0.020152	0.016870	0.013171
634.0	0.017909	0.018430	0.014727	0.016908	0.018111	0.018816	0.019529	0.017827	0.018271	0.018274	0.018986	0.019671	0.021594	0.016914	0.022298	0.017580	0.019189	0.014253	0.015285	0.016433
635.0	0.017203	0.020478	0.021214	0.017409	0.021042	0.024457	0.019545	0.022056	0.020424	0.021483	0.016951	0.021773	0.021244	0.019182	0.020739	0.019520	0.018774	0.021156	0.022943	0.019082
636.0	0.019819	0.019035	0.023759	0.019716	0.024339	0.027072	0.021746	0.019087	0.021110	0.023596	0.022381	0.020212	0.022139	0.023744	0.021181	0.025568	0.023513	0.019971	0.022220	0.020764
637.0	0.023943	0.021848	0.023306	0.023139	0.023491	0.022924	0.022390	0.021929	0.024802	0.021623	0.025759	0.024112	0.023251	0.027216	0.026874	0.022907	0.020952	0.025010	0.023002	0.025272
638.0	0.024136	0.028361	0.028401	0.025602	0.030567	0.028971	0.027014	0.025557	0.025773	0.024590	0.029780	0.024208	0.027437	0.029071	0.029625	0.023709	0.020084	0.027300	0.023944	0.022741
639.0	0.023307	0.028999	0.033419	0.027467	0.030336	0.034053	0.032022	0.028853	0.027997	0.028352	0.030914	0.033836	0.028143	0.033584	0.027473	0.027693	0.033972	0.030535	0.026504	0.026804
640.0	0.034979	0.037014	0.034189	0.030916	0.032194	0.039465	0.029177	0.033677	0.030567	0.029766	0.031255	0.037011	0.034293	0.032412	0.028906	0.029893	0.031061	0.030722	0.032915	0.033752
641.0	0.033609	0.034564	0.033299	0.036489	0.037649	0.037249	0.035564	0.038280	0.032704	0.038726	0.031976	0.034410	0.038976	0.036123	0.035639	0.034288	0.035892	0.040123	0.035882	0.041732
642.0	0.042206	0.044979	0.042827	0.038338	0.042772	0.040002	0.041616	0.043511	0.038150	0.044149	0.041713	0.042584	0.041430	0.040452	0.040226	0.039360	0.042027	0.044511	0.040664	0.039808
643.0	0.044811	0.053292	0.052804	0.047717	0.050391	0.052472	0.050058	0.048794	0.051050	0.049782	0.049262	0.051439	0.049263	0.048404	0.043805	0.046747	0.047575	0.046795	0.045415	0.044413
644.0	0.050347	0.060833	0.055698	0.052945	0.052592	0.064226	0.054060	0.054541	0.056124	0.059295	0.060210	0.059163	0.055305	0.055239	0.052587	0.055363	0.053344	0.051867	0.054755	0.049620
645.0	0.066020	0.063806	0.063725	0.070246	0.060109	0.068383	0.071961	0.066247	0.066541	0.060746	0.070333	0.066565	0.064907	0.063593	0.067514	0.060837	0.060839	0.068576	0.063109	0.062248
646.0	0.078912	0.075641	0.076667	0.077361	0.072512	0.082104	0.073637	0.070202	0.080845	0.075474	0.078310	0.078526	0.079581	0.066306	0.079608	0.069237	0.079763	0.075409	0.069482	0.079121
647.0	0.087845	0.086375	0.082018	0.086847	0.082338	0.096943	0.087645	0.091293	0.090831	0.092028	0.087773	0.094992	0.083357	0.082959	0.087289	0.087988	0.086179	0.087420	0.086673	0.090245
648.0	0.103251	0.109275	0.107901	0.109970	0.104459	0.116117	0.110251	0.099254	0.108751	0.099929	0.107084	0.113711	0.106607	0.099017	0.104667	0.109394	0.112113	0.105517	0.101347	0.109805
649.0	0.122830	0.127881	0.127614	0.121342	0.118366	0.134129	0.118741	0.121716	0.128020	0.127771	0.125845	0.124171	0.122899	0.129015	0.123843	0.137845	0.127910	0.122119	0.122877	0.123884
650.0	0.132619	0.150010	0.149238	0.133793	0.138823	0.146733	0.150866	0.136849	0.146534	0.145454	0.150492	0.144391	0.141456	0.145018	0.144490	0.152315	0.145541	0.150839	0.140443	0.142476
651.0	0.167496	0.173075	0.164746	0.173786	0.159118	0.160901	0.180881	0.155937	0.165965	0.163137	0.176625	0.170459	0.164815	0.165143	0.173690	0.165483	0.167161	0.180466	0.176378	0.171709
652.0	0.193065	0.204948	0.204718	0.192219	0.196972	0.183829	0.198404	0.186360	0.197703	0.188506	0.207984	0.196204	0.195402	0.191290	0.191395	0.186673	0.189482	0.191890	0.200103	0.194171
653.0	0.223984	0.224655	0.222847	0.222726	0.220543	0.208412	0.218035	0.227699	0.225554	0.215757	0.225314	0.217927	0.222698	0.237237	0.234541	0.234634	0.222209	0.232141	0.228273	0.216794
654.0	0.251640	0.251848	0.258887	0.269025	0.252114	0.229150	0.260165	0.247366	0.260423	0.252951	0.262835	0.252952	0.260028	0.258882	0.262052	0.257232	0.248897	0.262516	0.257674	0.242480
655.0	0.276888	0.296712	0.289685	0.293225	0.294209	0.247832	0.283960	0.284486	0.287627	0.285469	0.297936	0.284758	0.290885	0.301519	0.296372	0.286334	0.280492	0.290168	0.282899	0.283104
656.0	0.316526	0.333649	0.329984	0.310958	0.321270	0.266872	0.316518	0.322239	0.312294	0.321050	0.329625	0.319407	0.320825	0.322621	0.337176	0.321830	0.334354	0.315258	0.329492	0.325072
657.0	0.364616	0.365466	0.368372	0.365773	0.363795	0.288460	0.356322	0.362365	0.349645	0.352708	0.363020	0.365052	0.353462	0.356417	0.356842	0.350281	0.352146	0.368961	0.353002	0.357798
658.0	0.408373	0.398935	0.403047	0.398382	0.393863	0.302986	0.389095	0.380451	0.396064	0.393288	0.408904	0.406030	0.389390	0.382239	0.380485	0.403878	0.380884	0.405422	0.389741	0.406644
659.0	0.413561	0.436698	0.427401	0.412396	0.433810	0.327612	0.438255	0.418678	0.424887	0.422097	0.433166	0.431400	0.435136	0.433013	0.448091	0.441759	0.429462	0.428163	0.421606	0.447860
660.0	0.454376	0.470883	0.463496	0.461821	0.485946	0.344060	0.469514	0.450315	0.456679	0.479930	0.485322	0.469911	0.466101	0.459486	0.492109	0.459914	0.476261	0.453146	0.450205	0.463981
661.0	0.499256	0.513655	0.501665	0.498202	0.522564	0.370206	0.531762	0.510582	0.518319	0.512341	0.524493	0.506706	0.498846	0.495831	0.514390	0.504406	0.508071	0.496920	0.498940	0.509173
662.0	0.549058	0.565124	0.548408	0.523535	0.553814	0.401984	0.555450	0.524924	0.552000	0.553351	0.565370	0.571981	0.549554	0.553007	0.557645	0.534808	0.542254	0.536103	0.555494	0.551839
663.0	0.602016	0.615768	0.604106	0.586596	0.599452	0.421293	0.591684	0.589779	0.588704	0.605487	0.603882	0.575736	0.565738	0.586640	0.596869	0.577295	0.583769	0.592155	0.589233	0.595903
664.0	0.649624	0.660356	0.649975	0.637800	0.639722	0.438947	0.627378	0.631434	0.655634	0.631286	0.674853	0.624009	0.652590	0.638717	0.685122	0.662920	0.656016	0.653011	0.619224	0.631369
665.0	0.671021	0.684577	0.675640	0.685770	0.666568	0.479753	0.696603	0.688380	0.693417	0.690947	0.719967	0.673354	0.701141	0.663128	0.710726	0.699229	0.691601	0.676500	0.672244	0.685105
666.0	0.729328	0.745680	0.751543	0.726733	0.757309	0.518638	0.732296	0.713162	0.743615	0.730183	0.755727	0.724845	0.718944	0.765112	0.746681	0.745293	0.730960	0.735221	0.722585	0.722721
667.0	0.782285	0.798526	0.783760	0.790873	0.785229	0.533387	0.776643	0.745326	0.787335	0.779094	0.798090	0.765609	0.782060	0.795490	0.782636	0.794609	0.771397	0.746965	0.799169	0.778607
668.0	0.824545	0.845867	0.837820	0.839382	0.810465	0.601323	0.811796	0.799108	0.844550	0.838217	0.854207	0.828363	0.819822	0.816104	0.806061	0.842299	0.803207	0.812092	0.837193	0.835030
669.0	0.860385	0.881648	0.879321	0.888430	0.899058	0.642889	0.852357	0.841290	0.880713	0.885516	0.916375	0.869663	0.874307	0.874148	0.882329	0.884027	0.871141	0.856934	0.856473	0.864047
670.0	0.919226	0.913025	0.903347	0.915379	0.913555	0.721552	0.931316	0.858690	0.902304	0.893578	0.938382	0.894873	0.901280	0.923512	0.937351	0.909498	0.909421	0.909249	0.911099	0.893602
671.0	0.957206	0.938897	0.957953	0.936399	0.944697	0.783677	0.928612	0.912999	0.955740	0.940339	0.964239	0.925982	0.930410	0.943583	0.964590	0.937678	0.947162	0.943948	0.959298	0.952175
672.0	0.985557	0.989541	1.000000	0.960115	0.979060	0.844462	0.965929	0.939363	0.967075	0.966138	0.992848	0.972645	0.981659	0.957145	0.981478	0.991871	0.968190	0.981316	0.961976	0.973132
673.0	0.981278	0.981834	0.977065	0.978979	1.000000	0.897649	1.000000	0.977327	0.977870	0.999463	0.970841	0.993027	1.000000	0.987523	0.995642	0.984826	0.979512	0.968504	1.000000	1.000000
674.0	1.000000	1.000000	0.992901	1.000000	0.998926	0.931170	0.992969	1.000000	0.993523	1.000000	1.000000	1.000000	0.977343	1.000000	0.995097	0.983200	0.981669	1.000000	0.983398	0.990327
675.0	0.971649	0.981834	0.985802	0.991915	0.979597	0.977653	0.984316	0.960982	1.000000	0.977963	0.966990	0.995173	0.974646	0.995660	1.000000	1.000000	0.996765	0.971707	0.972687	0.983879
676.0	0.988767	0.969724	0.980888	0.957420	0.976375	0.975865	0.960520	0.939891	0.982728	0.997313	0.979094	0.964600	0.980580	0.962027	0.982567	0.975071	1.000000	0.967436	0.955014	0.972594
677.0	0.929390	0.927888	0.934473	0.919152	0.937716	0.985251	0.928612	0.931454	0.927133	0.920990	0.962039	0.930809	0.909371	0.918087	0.936806	0.951226	0.954711	0.926332	0.911099	0.917246
678.0	0.912272	0.909171	0.904986	0.878189	0.897447	1.000000	0.889674	0.868181	0.902843	0.891966	0.926828	0.875563	0.884556	0.890422	0.910113	0.894866	0.901873	0.882024	0.891283	0.899513
679.0	0.841127	0.876693	0.843281	0.840460	0.799189	0.984357	0.853980	0.828108	0.832135	0.853804	0.839352	0.832654	0.832769	0.854619	0.828942	0.812493	0.864671	0.839318	0.825946	0.838254
680.0	0.792449	0.818893	0.795773	0.797880	0.778249	0.946813	0.788000	0.731089	0.775460	0.786081	0.821197	0.794572	0.799862	0.790608	0.762479	0.766429	0.782180	0.801416	0.804524	0.775382
681.0	0.725583	0.744029	0.741167	0.721343	0.710059	0.896308	0.744735	0.704725	0.700974	0.737170	0.730420	0.723772	0.731351	0.733106	0.735786	0.721448	0.719098	0.729883	0.711874	0.723258
682.0	0.672091	0.661457	0.669634	0.662594	0.673548	0.854742	0.659827	0.647252	0.671287	0.642573	0.675403	0.684081	0.655827	0.672350	0.667689	0.664004	0.652242	0.649275	0.645466	0.644803
683.0	0.613249	0.616869	0.612297	0.591986	0.600526	0.811388	0.598715	0.573961	0.598959	0.588825	0.625338	0.597727	0.598105	0.616476	0.625197	0.598973	0.587543	0.579877	0.601551	0.588917
684.0	0.534080	0.554115	0.529023	0.540244	0.546833	0.759542	0.544093	0.525452	0.555779	0.528250	0.533791	0.534436	0.539305	0.558974	0.544026	0.542612	0.526295	0.546246	0.531394	0.514331
685.0	0.479785	0.491470	0.484246	0.481063	0.481865	0.691159	0.487902	0.482584	0.501641	0.487563	0.476684	0.473290	0.489351	0.499303	0.503386	0.496277	0.474751	0.484321	0.479820	0.476824
686.0	0.426186	0.454313	0.438596	0.431422	0.427904	0.644677	0.428899	0.433389	0.439245	0.431611	0.438943	0.428289	0.429525	0.437570	0.447819	0.442084	0.444073	0.425974	0.433228	0.436951
687.0	0.387083	0.388256	0.412385	0.394609	0.394239	0.574953	0.381307	0.397904	0.404214	0.393933	0.407253	0.398521	0.389875	0.405185	0.397264	0.394286	0.403474	0.384549	0.390009	0.398315
688.0	0.349263	0.367999	0.361874	0.354993	0.366694	0.528917	0.360810	0.348920	0.366269	0.359265	0.373638	0.368377	0.357238	0.359997	0.363270	0.352991	0.359479	0.352306	0.350217	0.359678
689.0	0.318238	0.324181	0.341015	0.322007	0.326264	0.465898	0.328902	0.311008	0.334208	0.321910	0.329405	0.331744	0.317319	0.329077	0.330911	0.330122	0.319797	0.315898	0.322476	0.332112
690.0	0.283147	0.299464	0.290286	0.295543	0.301297	0.435863	0.280770	0.284961	0.286979	0.304227	0.308774	0.299454	0.297898	0.293871	0.295446	0.290615	0.297206	0.290381	0.300358	0.299118
691.0	0.256186	0.267262	0.256539	0.263743	0.265215	0.386163	0.262869	0.258281	0.258911	0.283587	0.269327	0.268399	0.271950	0.273745	0.260908	0.277175	0.268415	0.259740	0.267850	0.270422
692.0	0.247681	0.245298	0.245345	0.244770	0.247550	0.349960	0.253459	0.232866	0.236188	0.251231	0.250677	0.235734	0.237533	0.254759	0.242494	0.252571	0.246202	0.245647	0.252265	0.255914
693.0	0.221470	0.229609	0.221045	0.228978	0.221939	0.325244	0.232529	0.217733	0.227659	0.232526	0.233016	0.243404	0.226798	0.236857	0.228930	0.237831	0.228571	0.218368	0.225006	0.225391
694.0	0.211413	0.210783	0.212035	0.203484	0.217590	0.298606	0.205542	0.200861	0.208066	0.199632	0.212605	0.217391	0.210668	0.210168	0.214493	0.209705	0.211642	0.205289	0.216330	0.219749
695.0	0.194777	0.191956	0.187790	0.201867	0.193267	0.296237	0.189750	0.186255	0.191711	0.202911	0.205948	0.201622	0.203494	0.180875	0.200166	0.196157	0.199403	0.206303	0.188374	0.204434
696.0	0.171561	0.176653	0.185169	0.192057	0.187898	0.272057	0.179854	0.178451	0.190524	0.187270	0.173599	0.186442	0.180027	0.186191	0.181534	0.189057	0.184037	0.189595	0.180234	0.188421
697.0	0.175734	0.173791	0.172883	0.174918	0.176783	0.254805	0.164657	0.175551	0.178379	0.169963	0.175579	0.171478	0.178085	0.175884	0.180826	0.181416	0.177836	0.173366	0.174343	0.175578
698.0	0.170598	0.171204	0.161088	0.170983	0.171199	0.251855	0.162980	0.161578	0.161809	0.163513	0.176680	0.163593	0.172960	0.164004	0.172273	0.165375	0.159559	0.162102	0.162025	0.163648
699.0	0.158884	0.165424	0.161907	0.157077	0.169213	0.237374	0.158005	0.153722	0.162996	0.164105	0.156874	0.158122	0.162549	0.161671	0.162086	0.162286	0.166945	0.148543	0.157152	0.158275
700.0	0.158884	0.159974	0.149839	0.156862	0.158957	0.231251	0.158816	0.146024	0.156843	0.149593	0.166832	0.150613	0.155590	0.152124	0.159199	0.146733	0.151687	0.157351	0.156241	0.147850
701.0	0.144708	0.152157	0.153716	0.159988	0.149830	0.229463	0.152651	0.148924	0.144968	0.147765	0.157369	0.147073	0.155914	0.153480	0.156420	0.146245	0.153143	0.152227	0.153456	0.145056
702.0	0.147222	0.144230	0.148583	0.145273	0.151333	0.222893	0.153732	0.146287	0.154846	0.141584	0.152417	0.143587	0.153000	0.144746	0.156148	0.146570	0.146889	0.142030	0.149547	0.142853
703.0	0.141231	0.141478	0.150713	0.138428	0.143655	0.212389	0.143619	0.141331	0.143457	0.142552	0.149281	0.140905	0.143614	0.140786	0.144272	0.141205	0.150663	0.139094	0.144513	0.145056
704.0	0.142889	0.144065	0.146726	0.131691	0.133883	0.210780	0.145404	0.133106	0.141298	0.142982	0.144110	0.142192	0.136277	0.142034	0.147105	0.146245	0.140850	0.135304	0.140817	0.147528
705.0	0.136149	0.137294	0.130836	0.142632	0.141078	0.197417	0.136751	0.131629	0.136494	0.139112	0.134372	0.136936	0.138813	0.147133	0.144218	0.127982	0.143114	0.133649	0.133427	0.133986
706.0	0.133528	0.132285	0.136679	0.133254	0.137963	0.198355	0.135128	0.135056	0.138923	0.136854	0.139984	0.133986	0.126783	0.143499	0.134303	0.128686	0.132062	0.138774	0.130481	0.133019
707.0	0.134437	0.130633	0.139136	0.136272	0.129748	0.196478	0.139725	0.129573	0.132230	0.129974	0.135307	0.137472	0.127754	0.129666	0.137190	0.130963	0.135297	0.129112	0.132088	0.128827
708.0	0.129142	0.125844	0.128925	0.128026	0.125399	0.189416	0.134101	0.133475	0.130125	0.135564	0.129035	0.139028	0.128293	0.127008	0.140132	0.133672	0.129635	0.126443	0.131338	0.121143
709.0	0.128553	0.134046	0.134276	0.122097	0.122822	0.186198	0.122852	0.126356	0.125699	0.123793	0.128265	0.122132	0.122198	0.130751	0.125096	0.128036	0.125646	0.126069	0.120306	0.131944
710.0	0.124220	0.129422	0.124611	0.121073	0.121265	0.187763	0.117281	0.121400	0.119060	0.135779	0.122158	0.126477	0.125218	0.122614	0.123516	0.126465	0.123489	0.120197	0.115379	0.127538
711.0	0.119353	0.123808	0.120461	0.118378	0.120084	0.178779	0.127286	0.118869	0.112205	0.126803	0.125349	0.128461	0.116857	0.120335	0.128038	0.126356	0.120146	0.118489	0.115325	0.131944
712.0	0.122830	0.120725	0.123355	0.117462	0.131520	0.180611	0.119553	0.113860	0.117549	0.122181	0.125294	0.122883	0.117073	0.112741	0.130435	0.125814	0.113838	0.116247	0.121056	0.116952
713.0	0.116464	0.117587	0.114127	0.113904	0.119869	0.175740	0.120148	0.116285	0.113500	0.117129	0.118197	0.114033	0.126028	0.116538	0.114201	0.130095	0.109309	0.117581	0.112326	0.111417
714.0	0.115555	0.119459	0.115656	0.116006	0.114661	0.167605	0.108736	0.106373	0.114148	0.123632	0.118307	0.115803	0.111786	0.112415	0.126458	0.118065	0.116103	0.118168	0.118217	0.112277
715.0	0.114110	0.115495	0.115383	0.114174	0.111063	0.167605	0.108953	0.113544	0.115606	0.109389	0.116822	0.110493	0.108603	0.116050	0.114854	0.110423	0.115402	0.110535	0.108577	0.110503
716.0	0.112452	0.110266	0.103533	0.108784	0.111439	0.167918	0.107114	0.107638	0.108643	0.106701	0.114236	0.109957	0.105852	0.109974	0.117197	0.106630	0.098849	0.103968	0.104561	0.109375
717.0	0.101646	0.106853	0.108120	0.111856	0.106446	0.166711	0.108141	0.109062	0.102975	0.098424	0.113521	0.109850	0.100835	0.107045	0.105866	0.105004	0.105427	0.100445	0.106221	0.105882
718.0	0.100844	0.109825	0.112052	0.106736	0.098177	0.173505	0.102517	0.101416	0.105350	0.097080	0.106424	0.114677	0.103964	0.112687	0.105702	0.104137	0.106290	0.099591	0.097438	0.109482
719.0	0.102609	0.104211	0.106646	0.108838	0.097640	0.164074	0.104193	0.103631	0.102166	0.097994	0.102628	0.104486	0.101267	0.098637	0.098838	0.100560	0.102839	0.095107	0.095456	0.101422
720.0	0.094906	0.099862	0.095779	0.095094	0.103009	0.149817	0.102463	0.102840	0.097362	0.098317	0.102022	0.101590	0.093822	0.096304	0.108154	0.096767	0.094428	0.095534	0.100973	0.096317
721.0	0.090092	0.098155	0.096707	0.096495	0.096083	0.149683	0.088348	0.089025	0.093313	0.097349	0.100867	0.100088	0.098947	0.099125	0.094371	0.095575	0.095722	0.095854	0.092564	0.097230
722.0	0.089664	0.091880	0.090755	0.094285	0.092915	0.142129	0.085103	0.092980	0.093799	0.093909	0.096246	0.091184	0.086162	0.104495	0.096986	0.092052	0.093404	0.089555	0.092136	0.091588
723.0	0.091857	0.094963	0.101567	0.092345	0.092700	0.139179	0.085589	0.088234	0.093907	0.090416	0.091349	0.091989	0.088535	0.095111	0.090830	0.096875	0.095722	0.095534	0.097009	0.089492
724.0	0.084422	0.091550	0.089062	0.087871	0.090875	0.136453	0.089375	0.079956	0.086027	0.086599	0.087388	0.089253	0.089830	0.089903	0.086090	0.091022	0.088983	0.088808	0.086245	0.090836
725.0	0.086615	0.084834	0.083110	0.090243	0.085130	0.133727	0.086887	0.089658	0.084785	0.089448	0.097071	0.084480	0.084490	0.089306	0.090721	0.085766	0.087797	0.084057	0.090476	0.085086
726.0	0.081961	0.085880	0.086004	0.087386	0.081210	0.121302	0.088077	0.079271	0.085973	0.091813	0.086178	0.084480	0.082332	0.089523	0.078409	0.082406	0.078254	0.085818	0.078533	0.083635
727.0	0.080998	0.084228	0.083984	0.079948	0.079546	0.125905	0.080938	0.082223	0.087592	0.083106	0.085352	0.080886	0.080066	0.082200	0.079281	0.083490	0.081327	0.078932	0.076230	0.088955
728.0	0.080036	0.079880	0.079124	0.074450	0.078633	0.120631	0.082453	0.071783	0.079658	0.073431	0.079026	0.077400	0.080390	0.077589	0.078627	0.078179	0.082136	0.077544	0.073767	0.076811
729.0	0.082122	0.078724	0.082291	0.079894	0.081855	0.117592	0.081155	0.080905	0.080413	0.078645	0.080071	0.081154	0.081361	0.082309	0.080043	0.074819	0.077013	0.082295	0.075213	0.077026
730.0	0.081319	0.072558	0.070060	0.070624	0.075465	0.117368	0.075855	0.075791	0.074260	0.082730	0.075505	0.078740	0.074078	0.072327	0.074323	0.069562	0.069573	0.070658	0.079872	0.077509
731.0	0.066448	0.065402	0.073500	0.067228	0.070364	0.112720	0.072394	0.071836	0.065516	0.069400	0.070223	0.077614	0.072783	0.071730	0.075249	0.078016	0.069735	0.068843	0.073178	0.071813
732.0	0.067679	0.067439	0.071534	0.063078	0.064404	0.103379	0.072880	0.072152	0.069618	0.067949	0.071763	0.070320	0.073431	0.068367	0.068603	0.067828	0.068279	0.067828	0.069429	0.065526
733.0	0.069551	0.061989	0.069186	0.064587	0.065639	0.101234	0.066715	0.064349	0.063087	0.062628	0.066812	0.070534	0.066634	0.064570	0.068058	0.063818	0.066823	0.061849	0.066697	0.066225
734.0	0.063453	0.063530	0.067821	0.062323	0.057908	0.095870	0.068283	0.058285	0.064652	0.056769	0.065106	0.060397	0.061023	0.069778	0.066479	0.059049	0.065853	0.059714	0.063484	0.061066
735.0	0.059548	0.065732	0.062688	0.062431	0.061559	0.100250	0.061848	0.057916	0.059201	0.060961	0.056469	0.066190	0.065770	0.061803	0.065716	0.052654	0.063966	0.061422	0.063216	0.056337
736.0	0.061099	0.055879	0.058046	0.064641	0.061935	0.091937	0.057034	0.059972	0.059417	0.058005	0.057349	0.057983	0.066310	0.058982	0.061194	0.056935	0.055447	0.057952	0.058450	0.059669
737.0	0.052594	0.056870	0.057391	0.060383	0.053773	0.082998	0.049355	0.055596	0.055368	0.056447	0.061200	0.056803	0.053579	0.053992	0.056019	0.055309	0.055501	0.055177	0.055022	0.059400
738.0	0.051952	0.048778	0.055097	0.049280	0.054525	0.077009	0.052600	0.063136	0.055800	0.054942	0.049977	0.055087	0.053039	0.054371	0.054548	0.056935	0.058035	0.047703	0.052773	0.053543
739.0	0.052540	0.054448	0.048217	0.048687	0.053558	0.075758	0.044347	0.050481	0.047650	0.047793	0.053498	0.051815	0.053201	0.051388	0.053731	0.054225	0.057873	0.047062	0.051434	0.055853
740.0	0.045554	0.046499	0.051603	0.049226	0.052860	0.073612	0.050923	0.048056	0.051536	0.050964	0.056579	0.051118	0.049587	0.051117	0.054385	0.050161	0.051403	0.050532	0.049453	0.049459
741.0	0.047352	0.048723	0.045399	0.045561	0.047233	0.069277	0.047408	0.046543	0.047326	0.046272	0.051297	0.051976	0.044332	0.044678	0.048937	0.052004	0.044540	0.047436	0.049560	0.045837
742.0	0.044896	0.042238	0.045165	0.046229	0.052592	0.071333	0.044574	0.043057	0.044584	0.042934	0.044569	0.047653	0.051529	0.040929	0.044186	0.045132	0.043499	0.045226	0.048328	0.049405
743.0	0.041478	0.041688	0.044460	0.045178	0.041870	0.061276	0.042816	0.039767	0.042511	0.044837	0.045036	0.046408	0.040562	0.044813	0.043173	0.042509	0.038399	0.042514	0.049453	0.039416
744.0	0.040376	0.039161	0.040272	0.040882	0.045907	0.060517	0.041670	0.042266	0.045939	0.042133	0.044827	0.041935	0.041662	0.040186	0.038608	0.042227	0.038404	0.037128	0.041923	0.040168
745.0	0.035974	0.035445	0.044684	0.037896	0.040941	0.060159	0.035056	0.046622	0.034393	0.037882	0.043606	0.039280	0.042423	0.044553	0.042105	0.043441	0.043084	0.037219	0.037831	0.039072
746.0	0.036584	0.033370	0.039491	0.037185	0.044962	0.057433	0.038733	0.033529	0.039532	0.034248	0.042044	0.035472	0.038323	0.036975	0.038995	0.037995	0.042065	0.042738	0.032979	0.039029
747.0	0.032641	0.037520	0.034107	0.036533	0.036275	0.057790	0.036343	0.033065	0.033260	0.034979	0.038666	0.036732	0.037589	0.032391	0.037115	0.037469	0.038162	0.038884	0.030387	0.035450
748.0	0.031785	0.037570	0.033872	0.036468	0.033520	0.051846	0.035818	0.033772	0.033918	0.033819	0.036806	0.037542	0.033921	0.034013	0.033400	0.040298	0.032635	0.035222	0.035121	0.032403
749.0	0.032203	0.030183	0.032529	0.033520	0.033928	0.048896	0.029799	0.033598	0.032240	0.029900	0.034039	0.031213	0.033765	0.031469	0.035356	0.031237	0.030414	0.028982	0.033890	0.028281
750.0	0.028565	0.027012	0.029908	0.032048	0.033934	0.046572	0.028371	0.028309	0.029115	0.027535	0.031442	0.028226	0.027501	0.031881	0.033117	0.030082	0.031740	0.029654	0.030242	0.028093
751.0	0.028886	0.022911	0.030055	0.033013	0.033424	0.043086	0.025824	0.027139	0.028364	0.030954	0.027613	0.032431	0.028721	0.030324	0.031259	0.029112	0.028985	0.024369	0.028159	0.026213
752.0	0.030041	0.025360	0.022984	0.026922	0.030626	0.043175	0.029810	0.024292	0.026540	0.027218	0.031475	0.029046	0.029190	0.023597	0.029036	0.025449	0.029260	0.023878	0.023275	0.024257
753.0	0.030287	0.025393	0.026342	0.028566	0.027759	0.039510	0.022271	0.024292	0.028013	0.028180	0.023855	0.026606	0.027545	0.021802	0.030011	0.024154	0.028478	0.026713	0.024057	0.019990
754.0	0.025864	0.019817	0.024393	0.022907	0.019539	0.036270	0.024548	0.022620	0.024062	0.020441	0.026644	0.027078	0.026077	0.022968	0.026830	0.022799	0.023205	0.021844	0.023682	0.021011
755.0	0.019124	0.021138	0.023077	0.021074	0.021509	0.032703	0.022411	0.021370	0.020171	0.022983	0.022370	0.023688	0.023509	0.021151	0.023311	0.019753	0.026715	0.019266	0.019665	0.020963
756.0	0.020750	0.020296	0.021378	0.018369	0.022551	0.031800	0.018150	0.018407	0.017747	0.021784	0.023475	0.018330	0.021519	0.017565	0.021290	0.018035	0.021734	0.022597	0.015349	0.016567
757.0	0.018894	0.016151	0.018943	0.018541	0.016349	0.027791	0.016917	0.017769	0.018886	0.018489	0.021853	0.021467	0.019847	0.017191	0.021644	0.019173	0.019431	0.020328	0.017218	0.016771
758.0	0.016829	0.018441	0.018615	0.022028	0.018760	0.029440	0.020616	0.018075	0.015518	0.020269	0.019146	0.019322	0.014058	0.019735	0.019329	0.017932	0.018844	0.016762	0.017229	0.014149
759.0	0.015229	0.015243	0.016802	0.017835	0.014728	0.027505	0.017409	0.015808	0.015955	0.016264	0.018579	0.014699	0.013972	0.018704	0.014665	0.015640	0.015598	0.015913	0.013812	0.016293
760.0	0.015277	0.014478	0.016993	0.016110	0.013944	0.024747	0.012742	0.014316	0.018136	0.017796	0.013903	0.012290	0.014975	0.016686	0.014916	0.016859	0.012665	0.015374	0.014519	0.013585
761.0	0.012699	0.015050	0.012554	0.012057	0.013246	0.022897	0.012633	0.013920	0.018271	0.013727	0.012989	0.013406	0.013853	0.014153	0.010236	0.013722	0.012449	0.012438	0.013533	0.011183
762.0	0.013165	0.013107	0.012696	0.013006	0.013590	0.019934	0.010254	0.012465	0.016938	0.009723	0.014843	0.015310	0.014258	0.012960	0.014295	0.013608	0.012217	0.010111	0.010117	0.014992
763.0	0.012020	0.012931	0.009157	0.013345	0.014309	0.016108	0.010989	0.009886	0.012895	0.010846	0.014524	0.009051	0.012105	0.010410	0.012769	0.012697	0.013005	0.011264	0.011311	0.012504
764.0	0.009778	0.006011	0.013499	0.011394	0.012081	0.015411	0.011600	0.010477	0.011729	0.013485	0.010508	0.010145	0.010838	0.008571	0.009261	0.009251	0.011689	0.008669	0.009581	0.009452
765.0	0.007714	0.006771	0.009725	0.014057	0.013063	0.013748	0.008383	0.012148	0.009872	0.010696	0.011669	0.009694	0.011695	0.007524	0.009343	0.011505	0.012379	0.011301	0.005859	0.011478
766.0	0.006617	0.009507	0.011222	0.008699	0.007963	0.013426	0.009599	0.010076	0.008760	0.007337	0.010140	0.011266	0.011733	0.008815	0.011615	0.009565	0.010174	0.008920	0.007851	0.009119
767.0	0.005884	0.008070	0.007350	0.009535	0.010669	0.015420	0.006663	0.008410	0.011821	0.012792	0.008665	0.008627	0.008739	0.006569	0.010743	0.008427	0.008546	0.007634	0.006453	0.008517
768.0	0.009147	0.004398	0.007541	0.010688	0.008822	0.010450	0.007642	0.007772	0.006310	0.010164	0.008918	0.007533	0.007558	0.004888	0.008226	0.006422	0.008411	0.006502	0.009313	0.008152
769.0	0.007815	0.005554	0.006465	0.011195	0.006889	0.010807	0.007707	0.009575	0.005684	0.008659	0.007323	0.006648	0.007056	0.010030	0.006352	0.007657	0.007386	0.005947	0.005650	0.007421
770.0	0.005413	0.008136	0.005226	0.006856	0.007565	0.010606	0.004965	0.009665	0.004529	0.010631	0.006409	0.009008	0.006225	0.005848	0.008874	0.007798	0.006858	0.005974	0.005966	0.006303
771.0	0.007163	0.005323	0.007137	0.007756	0.005230	0.006731	0.005381	0.008969	0.004410	0.007433	0.007691	0.007828	0.008491	0.007383	0.009691	0.007928	0.005774	0.003582	0.006346	0.005255
772.0	0.005301	0.003413	0.004057	0.007503	0.004628	0.010235	0.007047	0.006333	0.004637	0.005778	0.008731	0.008241	0.009128	0.004372	0.007365	0.005929	0.004637	0.006769	0.003647	0.007717
773.0	0.003974	0.002439	0.007476	0.005460	0.005423	0.006141	0.006506	0.005832	0.005279	0.005025	0.006800	0.006197	0.006851	0.003900	0.006466	0.008167	0.003855	0.004527	0.004681	0.005761
774.0	0.005879	0.003457	0.004778	0.004333	0.007812	0.005855	0.004116	0.005220	0.007573	0.005590	0.005210	0.005049	0.005885	0.003922	0.007594	0.004991	0.006092	0.007191	0.004997	0.005546
775.0	0.004649	0.003512	0.002386	0.007524	0.005380	0.006579	0.003277	0.004883	0.007271	0.004294	0.006002	0.005747	0.005001	0.005224	0.006505	0.004921	0.006109	0.006272	0.004247	0.001521
776.0	0.004274	0.001987	0.003560	0.004959	0.006223	0.008541	0.004954	0.004118	0.004739	0.004859	0.005177	0.007018	0.003981	0.004898	0.006733	0.004753	0.007004	0.004292	0.004145	0.004734
777.0	0.002637	0.003490	0.005138	0.004037	0.005895	0.005296	0.004034	0.005067	0.007422	0.004536	0.006718	0.004910	0.006150	0.005137	0.007817	0.005159	0.004594	0.003763	0.003743	0.004734
778.0	0.003349	0.001855	0.002583	0.003229	0.007673	0.004170	0.002455	0.003601	0.005371	0.003300	0.004324	0.003081	0.005972	0.002593	0.003639	0.003848	0.004540	0.001687	0.004049	0.003063
779.0	0.004451	0.002477	0.001807	0.005686	0.005106	0.006861	0.004440	0.003717	0.004183	0.005719	0.002795	0.005157	0.004882	0.003873	0.006766	0.002352	0.004831	0.003523	0.002239	0.002381
780.0	0.003563	0.001261	0.002517	0.003811	0.006604	0.005587	0.003223	0.002705	0.002737	0.005982	0.003626	0.004513	0.004148	0.003081	0.003421	0.003485	0.001499	0.004340	0.002142	0.002913
781.0	0.003798	0.001662	0.002687	0.002695	0.006126	0.003625	0.003564	0.004956	0.003535	0.003461	0.002778	0.003542	0.005163	0.002929	0.003345	0.003279	0.005861	0.002749	0.005007	0.001924
782.0	0.001166	0.001415	0.003648	0.003552	0.005273	0.002776	0.002298	0.003143	0.002942	0.005262	0.002316	0.004170	0.003064	0.002040	0.004761	0.002374	0.003769	0.003465	0.002287	0.001558
783.0	0.003049	0.002318	0.001802	0.003137	0.004585	0.004769	0.005327	0.004007	0.003886	0.002972	0.002184	0.004685	0.003129	0.004106	0.004244	0.002948	0.003585	0.001479	0.001692	0.002687
784.0	0.002423	0.002406	0.002741	0.003428	0.004682	0.003357	0.002531	0.005178	0.002451	0.004074	0.001860	0.005076	0.001424	0.004329	0.001950	0.003609	0.002324	0.001997	0.002742	0.002391
785.0	0.002327	0.000919	0.004390	0.003660	0.001568	0.001631	0.002639	0.002109	0.004048	0.003177	0.003945	0.003944	0.003846	0.002002	0.001275	0.003024	0.004825	0.003283	0.002003	0.001354
786.0	0.001803	0.000727	0.002523	0.002124	0.004848	0.003307	0.001877	0.000000	0.003330	0.002687	0.003802	0.005623	0.001764	0.003060	0.001765	0.002851	0.000927	0.007127	0.001767	0.000919
787.0	0.003012	0.001740	0.002971	0.002231	0.004145	0.003571	0.003245	0.002868	0.000000	0.004192	0.002597	0.005098	0.002514	0.003705	0.003753	0.004119	0.005224	0.003288	0.001816	0.002354
788.0	0.002637	0.002026	0.003806	0.001218	0.001530	0.002843	0.003029	0.004782	0.000416	0.002010	0.002305	0.004443	0.003647	0.001888	0.003873	0.003143	0.002437	0.001986	0.000000	0.000828
789.0	0.000733	0.001404	0.002572	0.002625	0.004838	0.002315	0.002839	0.001967	0.002062	0.001354	0.002531	0.002974	0.001807	0.003184	0.002304	0.002764	0.000561	0.002456	0.003374	0.002418
790.0	0.002873	0.001051	0.002020	0.004177	0.003699	0.003526	0.002482	0.006775	0.003039	0.001682	0.001392	0.002888	0.004974	0.003835	0.000850	0.003512	0.003618	0.001105	0.003358	0.002687
791.0	0.002209	0.000000	0.001458	0.002355	0.002991	0.001989	0.002531	0.003401	0.002650	0.001086	0.002036	0.001059	0.004418	0.001812	0.001188	0.002688	0.001887	0.000000	0.001173	0.001865
792.0	0.005638	0.001371	0.002212	0.002452	0.000864	0.002878	0.003272	0.002299	0.002542	0.000188	0.002701	0.003413	0.002395	0.002967	0.002201	0.001631	0.000911	0.002146	0.001200	0.000473
793.0	0.001985	0.002862	0.000000	0.002086	0.000000	0.001859	0.002152	0.001777	0.002186	0.004257	0.003400	0.003762	0.001840	0.004530	0.001514	0.001815	0.004971	0.001303	0.001259	0.001811
794.0	0.002878	0.000941	0.001469	0.003056	0.001530	0.002078	0.001541	0.002526	0.002963	0.001876	0.003521	0.000000	0.000000	0.003580	0.002457	0.000997	0.003672	0.002856	0.003026	0.004498
795.0	0.001856	0.001541	0.002086	0.004037	0.000918	0.002132	0.001595	0.002895	0.000270	0.003596	0.001617	0.003794	0.002498	0.001443	0.001879	0.002357	0.001623	0.003619	0.000370	0.004170
796.0	0.000792	0.000281	0.002020	0.001197	0.001928	0.000000	0.000865	0.000422	0.002936	0.001564	0.001524	0.003837	0.000205	0.001052	0.002915	0.000797	0.002318	0.001383	0.000835	0.001789
797.0	0.001872	0.000886	0.001753	0.000965	0.000542	0.001984	0.001114	0.002294	0.002040	0.001037	0.000264	0.002609	0.001484	0.001269	0.003585	0.000894	0.000620	0.002525	0.000284	0.000000
798.0	0.002584	0.000512	0.001928	0.001816	0.005192	0.001318	0.004208	0.004197	0.002029	0.001268	0.000000	0.003049	0.002417	0.002354	0.000458	0.000000	0.002917	0.002386	0.001301	0.001069
799.0	0.000246	0.000132	0.001283	0.002210	0.002835	0.001211	0.002499	0.002462	0.002780	0.002225	0.001458	0.002330	0.002018	0.000000	0.000000	0.002254	0.002151	0.001692	0.000884	0.001607
800.0	0.001369	0.002037	0.002687	0.000000	0.002341	0.000501	0.001222	0.000596	0.000162	0.001645	0.001463	0.002534	0.000874	0.000835	0.001760	0.002471	0.000000	0.001473	0.001141	0.004052
