480.0	0.025413	0.037017	0.043602	0.090033	0.060251	0.076379	0.074316	0.022108	0.101206	0.058741	0.014788	0.037429	0.053992	0.037984	0.022004	0.020111	0.085617	0.036859	0.064215	0.063363
481.0	0.047521	0.051492	0.039124	0.059561	0.058007	0.052497	0.051542	0.037098	0.050670	0.041895	0.032923	0.045612	0.052564	0.058217	0.024654	0.033039	0.050326	0.060081	0.042097	0.053171
482.0	0.033564	0.067099	0.060024	0.056648	0.051754	0.056394	0.045986	0.056753	0.043464	0.044881	0.059331	0.071533	0.049892	0.050227	0.044812	0.045568	0.063748	0.056048	0.058847	0.048772
483.0	0.055784	0.065877	0.072901	0.062294	0.062208	0.064965	0.065684	0.067300	0.047667	0.074560	0.053731	0.065179	0.051551	0.076628	0.075159	0.040774	0.051011	0.052016	0.059495	0.057832
484.0	0.075203	0.072074	0.068609	0.054810	0.046503	0.065378	0.064490	0.073759	0.063235	0.062894	0.055871	0.060927	0.067353	0.072189	0.064448	0.054344	0.070962	0.056836	0.067546	0.055392
485.0	0.094856	0.081710	0.096694	0.054362	0.065024	0.061573	0.065363	0.072690	0.053950	0.106665	0.060515	0.064493	0.051827	0.088730	0.083192	0.055656	0.074386	0.052155	0.063289	0.092065
486.0	0.107553	0.070356	0.095481	0.078606	0.063878	0.068449	0.097550	0.081008	0.071550	0.067933	0.089245	0.060836	0.074403	0.095879	0.072246	0.076870	0.078449	0.083071	0.086795	0.096290
487.0	0.074036	0.085012	0.109384	0.081071	0.088891	0.091551	0.095668	0.088675	0.100559	0.081699	0.079866	0.077659	0.092693	0.110645	0.094561	0.107720	0.091735	0.093593	0.069860	0.096290
488.0	0.058958	0.096954	0.113209	0.094604	0.112424	0.095814	0.114999	0.105170	0.111877	0.125890	0.071488	0.111033	0.134205	0.112701	0.086527	0.100120	0.104929	0.112597	0.112522	0.090976
489.0	0.090421	0.111204	0.117128	0.095590	0.157963	0.114057	0.112749	0.122687	0.127490	0.133870	0.113741	0.117022	0.140931	0.156391	0.096440	0.103603	0.134605	0.106757	0.105813	0.119287
490.0	0.136449	0.158294	0.166768	0.133815	0.157868	0.120062	0.150079	0.151867	0.120515	0.152022	0.141469	0.124199	0.160005	0.144896	0.136088	0.132870	0.122872	0.147639	0.122563	0.152606
491.0	0.192699	0.142190	0.152212	0.159269	0.164980	0.143072	0.178548	0.159674	0.141811	0.166208	0.146614	0.136269	0.141853	0.171811	0.161503	0.168378	0.144786	0.174523	0.126588	0.161055
492.0	0.182569	0.208868	0.191821	0.209683	0.209946	0.164661	0.163211	0.182442	0.166986	0.200086	0.150621	0.180523	0.162954	0.201856	0.159718	0.180546	0.185557	0.217352	0.184705	0.176735
493.0	0.235225	0.227415	0.239314	0.187815	0.220113	0.178275	0.247790	0.195917	0.223435	0.227571	0.201115	0.213805	0.193178	0.199146	0.236150	0.228132	0.229796	0.237098	0.207192	0.210098
494.0	0.245729	0.262880	0.238148	0.255661	0.234625	0.226221	0.255918	0.274443	0.275588	0.252583	0.226475	0.222857	0.228700	0.270965	0.226895	0.221709	0.266686	0.238581	0.234307	0.239236
495.0	0.292270	0.248450	0.253403	0.302177	0.260067	0.298277	0.213123	0.275187	0.288014	0.245583	0.279792	0.253213	0.316468	0.324141	0.329306	0.239666	0.313985	0.255407	0.286593	0.250908
496.0	0.329661	0.315354	0.357114	0.340312	0.303124	0.305107	0.283238	0.304088	0.288291	0.274095	0.329557	0.290792	0.337569	0.352224	0.303327	0.292997	0.330694	0.335085	0.326155	0.266936
497.0	0.385632	0.347607	0.370364	0.347796	0.363651	0.348836	0.337282	0.373554	0.308339	0.361123	0.369898	0.366591	0.352036	0.384138	0.302388	0.335245	0.363201	0.367393	0.378025	0.313670
498.0	0.378209	0.345616	0.367191	0.344435	0.338543	0.386651	0.382648	0.401898	0.378277	0.411987	0.354190	0.428080	0.363692	0.403950	0.387041	0.337507	0.406117	0.341297	0.368030	0.363801
499.0	0.423256	0.411842	0.456020	0.381629	0.427090	0.396140	0.387561	0.392512	0.447060	0.484830	0.400494	0.416102	0.397648	0.449556	0.389484	0.385771	0.398858	0.443038	0.462793	0.407268
500.0	0.476706	0.489738	0.503140	0.514678	0.479694	0.453161	0.457722	0.467507	0.468309	0.478297	0.472297	0.461454	0.505642	0.439229	0.421146	0.435031	0.433693	0.439099	0.511378	0.419028
501.0	0.463636	0.513713	0.582451	0.519608	0.469669	0.495790	0.481599	0.541851	0.503416	0.529160	0.542870	0.526829	0.505642	0.536935	0.570628	0.485240	0.492314	0.528604	0.496571	0.431615
502.0	0.528522	0.507833	0.566122	0.533500	0.548431	0.514125	0.522924	0.583206	0.515888	0.596823	0.547423	0.546487	0.530981	0.572915	0.597875	0.585659	0.578602	0.548071	0.546544	0.531790
503.0	0.571469	0.533617	0.539530	0.595789	0.589006	0.523751	0.564708	0.553468	0.583331	0.569291	0.540593	0.604548	0.600551	0.638800	0.660354	0.573898	0.639780	0.602766	0.591427	0.560972
504.0	0.638689	0.610518	0.630504	0.658527	0.692590	0.634218	0.618890	0.638499	0.602733	0.641621	0.615264	0.738042	0.611148	0.689733	0.616666	0.596968	0.625627	0.683418	0.616876	0.593202
505.0	0.688171	0.662087	0.666427	0.675556	0.644378	0.684181	0.634961	0.700298	0.652622	0.691551	0.694943	0.703754	0.648006	0.685527	0.682904	0.695577	0.672196	0.676929	0.683969	0.675955
506.0	0.712445	0.677468	0.657096	0.654942	0.719321	0.734602	0.664807	0.712844	0.742238	0.698084	0.651689	0.732556	0.788988	0.680387	0.780616	0.720456	0.663064	0.836379	0.722837	0.634143
507.0	0.770330	0.767035	0.759734	0.757563	0.738892	0.802900	0.686847	0.706803	0.833240	0.702284	0.722261	0.748556	0.797742	0.750011	0.745853	0.739454	0.770811	0.743675	0.725150	0.659840
508.0	0.824480	0.803676	0.759268	0.775040	0.779467	0.723601	0.766283	0.770926	0.779193	0.799811	0.762329	0.829476	0.799124	0.809821	0.795649	0.741263	0.797291	0.831743	0.782064	0.748256
509.0	0.748390	0.846198	0.815252	0.828367	0.885437	0.829485	0.818628	0.851311	0.793975	0.782546	0.774622	0.798388	0.814788	0.871968	0.830412	0.718646	0.845229	0.940670	0.789004	0.803134
510.0	0.855289	0.810914	0.898295	0.804617	0.925057	0.844153	0.831026	0.851311	0.836474	0.831543	0.850659	0.841362	0.778391	0.877108	0.926246	0.770665	0.864861	0.881803	0.855172	0.765677
511.0	0.866026	0.825842	0.895496	0.856151	0.852023	0.887699	0.890718	0.886160	0.798595	0.890806	0.796022	0.832676	0.929970	0.955142	0.964767	0.835349	0.828793	0.947159	0.831573	0.831880
512.0	0.894968	0.869720	0.975274	0.883935	0.870162	0.855154	0.867300	0.961898	0.855875	0.855808	0.852935	0.893022	0.923059	0.893930	0.918729	0.818613	0.842033	0.959674	0.862112	0.809667
513.0	0.933713	0.936670	0.961744	0.811787	0.966108	0.871197	1.000000	0.927979	0.932095	0.961269	0.918044	0.982170	0.870997	0.840661	0.973223	0.916770	0.958910	0.886438	0.879233	0.929006
514.0	0.902904	0.894600	1.000000	1.000000	0.921238	0.901450	0.905411	0.911251	1.000000	0.984134	0.860220	1.000000	0.931352	1.000000	1.000000	0.896415	0.951605	0.912859	0.842679	0.890243
515.0	0.958921	0.916766	0.906226	0.962805	0.952743	1.000000	0.932961	1.000000	0.984756	0.939803	0.955380	0.976227	0.844736	0.980842	0.993893	0.892344	0.975803	0.922129	0.901905	0.909407
516.0	0.869293	1.000000	0.941683	0.912615	0.953220	0.897324	0.886585	0.931696	0.907612	0.972935	0.981332	0.946968	0.945634	0.952806	0.922018	0.875607	1.000000	0.947623	0.939848	0.836236
517.0	0.920642	0.975573	0.902028	0.942640	0.903099	0.876239	0.940767	0.979091	0.930709	0.968735	1.000000	0.924110	0.957613	0.955609	0.877859	0.862942	0.939279	0.992584	0.952804	0.906358
518.0	0.937447	0.919028	0.949614	0.879902	0.924579	0.928494	0.902656	0.862462	0.896064	0.904805	0.891636	0.907194	0.981110	0.978973	0.922018	0.951600	0.911429	0.910078	0.962983	0.930313
519.0	0.981794	0.941193	0.881033	0.919337	1.000000	0.967914	0.938471	0.841553	0.905303	0.959869	0.968584	0.901708	0.981110	0.950937	0.964297	1.000000	0.889514	0.966163	0.947714	0.865852
520.0	1.000000	0.964716	0.959411	0.894690	0.931740	0.960580	0.977501	0.968404	0.954730	0.964535	0.974958	0.923653	0.988021	0.932246	0.935171	0.937577	0.957084	0.990730	1.000000	0.895905
521.0	0.951919	0.900933	0.929087	0.940399	0.928398	0.934453	0.957297	0.941454	0.939024	0.898739	0.959477	0.970741	0.906933	0.998131	0.880678	0.892344	0.940192	1.000000	0.943549	0.860626
522.0	0.910839	0.876053	0.951014	0.922922	0.887347	0.887699	0.951787	0.884301	0.902069	1.000000	0.969950	0.967541	1.000000	0.946264	0.914971	0.936220	0.915538	0.923983	0.932907	0.933362
523.0	0.964056	0.946622	0.960344	0.890657	0.971837	0.895491	0.958675	0.955393	0.922394	0.942603	0.893002	0.922738	0.904630	0.942993	0.934232	0.981454	0.989956	0.879022	0.945863	0.863239
524.0	0.856689	0.891886	0.960344	0.948914	0.965154	0.890449	0.939390	0.924261	0.895602	0.976668	0.912581	0.892108	0.934116	0.920097	0.950204	0.950695	0.899102	0.960601	0.957431	1.000000
525.0	0.879563	0.855245	0.910425	0.898275	0.907395	0.956913	0.961889	0.973050	0.958887	0.896873	0.928972	0.840905	0.914766	0.955142	0.968055	0.919032	0.911429	0.872996	0.868590	0.942073
526.0	0.925777	0.896862	0.972941	0.853462	0.916942	0.918868	0.956379	0.995353	0.951958	0.893139	0.962665	0.938282	0.876526	0.947198	0.922957	0.848919	0.911429	0.892001	0.902368	0.870208
527.0	0.914574	0.833984	0.960811	0.853462	0.933172	0.916576	0.921941	0.959575	0.957040	0.921138	0.918500	0.919995	0.945174	0.996262	0.937520	0.897772	0.949323	0.855846	0.928280	0.935975
528.0	0.928111	0.811818	0.894096	0.885728	0.960858	0.962413	0.920564	0.868968	0.972284	0.987401	0.898011	0.909023	0.859479	0.868697	0.927185	0.831731	0.906863	0.897563	0.928743	0.916811
529.0	0.965923	0.873339	0.876835	0.852118	0.979474	0.884490	0.908166	0.891736	0.915003	0.924404	0.903019	0.928224	0.847500	0.898135	0.850143	0.768856	0.868056	0.956893	0.857948	0.860626
530.0	0.919242	0.842126	0.890831	0.826575	0.947015	0.893199	0.831485	0.914039	0.928861	0.893139	0.895279	0.889365	0.833678	0.920564	0.885376	0.800067	0.865317	0.887365	0.862575	0.845382
531.0	0.893567	0.811366	0.819917	0.844948	0.896893	0.900075	0.834240	0.869432	0.916851	0.897339	0.870237	0.857820	0.898640	0.899537	0.898059	0.891891	0.914625	0.846112	0.934295	0.821863
532.0	0.862758	0.858411	0.872636	0.857496	0.875413	0.852862	0.910921	0.834583	0.802290	0.836676	0.904840	0.897594	0.848421	0.906546	0.861887	0.845301	0.888145	0.853065	0.843141	0.854528
533.0	0.837083	0.863840	0.834846	0.761596	0.858228	0.839569	0.830108	0.840624	0.867424	0.870741	0.844740	0.966169	0.836903	0.837390	0.860478	0.833992	0.833815	0.849357	0.946788	0.859755
534.0	0.863225	0.836246	0.923022	0.789828	0.873981	0.833152	0.833322	0.921009	0.802752	0.784412	0.865684	0.910852	0.817092	0.865893	0.809742	0.778807	0.862121	0.876705	0.892651	0.828396
535.0	0.808608	0.881029	0.891764	0.808202	0.863479	0.842320	0.792915	0.893130	0.778269	0.834809	0.907572	0.786502	0.799584	0.847203	0.841217	0.787854	0.884949	0.848894	0.892189	0.791374
536.0	0.810008	0.835793	0.793791	0.799687	0.845340	0.849654	0.806690	0.853169	0.854027	0.868874	0.801030	0.821704	0.824003	0.827577	0.831821	0.827207	0.841120	0.801151	0.797796	0.786148
537.0	0.792270	0.781058	0.822717	0.811787	0.856796	0.854237	0.805313	0.853169	0.809219	0.910872	0.862497	0.775987	0.797742	0.858417	0.840747	0.780616	0.828793	0.842868	0.824633	0.794859
538.0	0.858090	0.778796	0.860972	0.800135	0.816699	0.802900	0.950869	0.838765	0.890521	0.786746	0.813323	0.831761	0.829992	0.884584	0.820077	0.751667	0.831076	0.827108	0.837589	0.739109
539.0	0.837083	0.854340	0.818051	0.786692	0.828633	0.742853	0.744243	0.835513	0.777808	0.860008	0.822429	0.822618	0.814788	0.787859	0.871752	0.766594	0.861665	0.833598	0.823707	0.822298
540.0	0.788535	0.804581	0.866104	0.816716	0.876845	0.825818	0.819088	0.746764	0.804138	0.791412	0.830625	0.809817	0.809260	0.807017	0.835580	0.815446	0.795921	0.861409	0.849156	0.792681
541.0	0.858557	0.855697	0.849309	0.711406	0.865866	0.846903	0.772712	0.788118	0.747320	0.798412	0.862041	0.798845	0.849804	0.783187	0.856250	0.775641	0.748896	0.892464	0.787153	0.762629
542.0	0.837083	0.764773	0.790059	0.717232	0.844385	0.758437	0.782354	0.832725	0.748705	0.903872	0.841552	0.845477	0.874683	0.828512	0.876450	0.791020	0.807335	0.843795	0.788079	0.762629
543.0	0.808608	0.812271	0.818518	0.750841	0.775170	0.796482	0.787405	0.852705	0.759330	0.789545	0.806038	0.792902	0.802349	0.795336	0.825714	0.816351	0.811900	0.861409	0.811677	0.753482
544.0	0.821212	0.743964	0.873102	0.763837	0.825292	0.854237	0.787864	0.807169	0.817534	0.810544	0.842008	0.753585	0.732319	0.878043	0.811151	0.765237	0.782681	0.854456	0.755689	0.744336
545.0	0.799272	0.744417	0.799856	0.721265	0.813358	0.748812	0.815873	0.740259	0.760716	0.782546	0.817876	0.813017	0.792213	0.738796	0.788602	0.756643	0.789529	0.711229	0.819080	0.750433
546.0	0.719447	0.799605	0.827382	0.778625	0.790923	0.728185	0.797507	0.830401	0.793975	0.728416	0.750946	0.721126	0.745219	0.805616	0.814910	0.756643	0.793182	0.789563	0.738106	0.782228
547.0	0.787135	0.767035	0.713547	0.675108	0.841521	0.793274	0.759855	0.783471	0.806910	0.800745	0.752767	0.702839	0.769637	0.821503	0.768402	0.755738	0.739765	0.808568	0.804274	0.776566
548.0	0.825880	0.705966	0.773730	0.796998	0.810494	0.710308	0.689602	0.781613	0.784275	0.804478	0.708602	0.736213	0.762726	0.843465	0.820077	0.756643	0.778572	0.766851	0.778825	0.725172
549.0	0.765661	0.737179	0.748537	0.783555	0.695931	0.763480	0.755722	0.709591	0.764411	0.706483	0.801941	0.746271	0.763648	0.773374	0.765584	0.746691	0.722416	0.764997	0.780213	0.703395
550.0	0.806741	0.683801	0.698152	0.744119	0.754645	0.731393	0.803476	0.752804	0.805062	0.742881	0.756410	0.768215	0.747522	0.757487	0.740686	0.683816	0.765332	0.745993	0.770496	0.764371
551.0	0.709644	0.694657	0.738740	0.746808	0.765146	0.685556	0.697867	0.711450	0.666480	0.725616	0.785549	0.714269	0.760883	0.708891	0.734109	0.772927	0.727895	0.726989	0.705254	0.690328
552.0	0.730184	0.735822	0.768132	0.692137	0.715980	0.695640	0.757559	0.794623	0.723299	0.761547	0.706326	0.647522	0.763648	0.765430	0.753839	0.713218	0.713742	0.720963	0.764481	0.693377
553.0	0.745122	0.663897	0.750404	0.676452	0.748439	0.716267	0.786028	0.734218	0.732538	0.738682	0.697675	0.759986	0.712047	0.808887	0.752430	0.735835	0.735200	0.719109	0.802423	0.667244
554.0	0.768929	0.754369	0.715880	0.688104	0.715502	0.744228	0.716234	0.701228	0.750553	0.670086	0.710423	0.699639	0.720800	0.758889	0.779677	0.704624	0.736113	0.723744	0.732554	0.655920
555.0	0.713846	0.700990	0.722878	0.704236	0.745098	0.721309	0.706591	0.763956	0.667404	0.691551	0.793290	0.760443	0.745680	0.829446	0.717667	0.737644	0.734287	0.683882	0.713582	0.683795
556.0	0.673233	0.678372	0.721012	0.710510	0.715502	0.693807	0.781895	0.749552	0.725147	0.727482	0.713155	0.733013	0.687167	0.744871	0.707802	0.718646	0.691827	0.677392	0.760316	0.640241
557.0	0.697040	0.601923	0.692553	0.597134	0.697363	0.683723	0.743784	0.736077	0.724685	0.706017	0.675365	0.685924	0.724025	0.738796	0.747262	0.676579	0.662608	0.683882	0.689059	0.681182
558.0	0.703109	0.626351	0.718679	0.641946	0.738892	0.695182	0.671695	0.738400	0.706669	0.723749	0.668990	0.637921	0.664592	0.674780	0.661764	0.689244	0.671739	0.661633	0.711732	0.667244
559.0	0.655028	0.702800	0.664095	0.654046	0.683043	0.708933	0.646440	0.687288	0.705283	0.723283	0.695853	0.685010	0.716654	0.635529	0.693708	0.638130	0.674935	0.729306	0.697850	0.661147
560.0	0.610214	0.641731	0.667827	0.669730	0.684475	0.673639	0.659756	0.681712	0.682648	0.685951	0.605702	0.641579	0.675189	0.657491	0.664113	0.658485	0.620605	0.673684	0.639086	0.652436
561.0	0.615816	0.691491	0.659896	0.637017	0.674928	0.639719	0.641389	0.670096	0.654008	0.647687	0.626647	0.585804	0.644320	0.702349	0.704513	0.702362	0.645715	0.612037	0.633071	0.631965
562.0	0.688638	0.634493	0.603445	0.705581	0.665381	0.644303	0.660215	0.619913	0.710365	0.656086	0.619362	0.633350	0.713889	0.636931	0.634987	0.662104	0.666717	0.618062	0.638161	0.643290
563.0	0.630753	0.602828	0.658963	0.584586	0.765624	0.603049	0.634502	0.602256	0.615667	0.622488	0.629834	0.620549	0.654456	0.694873	0.638275	0.612799	0.674935	0.672757	0.612249	0.566634
564.0	0.601811	0.602828	0.648232	0.564869	0.716457	0.584256	0.601901	0.609226	0.646617	0.626221	0.569278	0.699182	0.689471	0.690200	0.604921	0.695125	0.654390	0.601376	0.597442	0.601913
565.0	0.580338	0.577948	0.588982	0.581897	0.619079	0.600757	0.608788	0.535346	0.631835	0.603356	0.547878	0.610034	0.595944	0.667771	0.609619	0.598325	0.643433	0.593496	0.612712	0.554874
566.0	0.558398	0.571163	0.598780	0.645532	0.618601	0.564546	0.596850	0.588317	0.621672	0.568358	0.557440	0.604548	0.632341	0.619642	0.673978	0.618680	0.578146	0.610646	0.587263	0.562714
567.0	0.558865	0.586996	0.566122	0.601167	0.527906	0.564546	0.618431	0.612014	0.626292	0.559959	0.577473	0.600891	0.564614	0.577121	0.598814	0.534093	0.551209	0.570320	0.563202	0.548777
568.0	0.543460	0.562116	0.559591	0.528122	0.570389	0.559045	0.608329	0.615267	0.632759	0.540826	0.510087	0.583975	0.657220	0.504226	0.557474	0.540878	0.569471	0.617135	0.564127	0.546599
569.0	0.527122	0.541760	0.582451	0.514230	0.525042	0.518708	0.600064	0.592499	0.603195	0.527294	0.508266	0.615520	0.541117	0.621511	0.536804	0.606919	0.584081	0.579127	0.567829	0.529177
570.0	0.592942	0.522760	0.569854	0.498546	0.536975	0.511375	0.539454	0.577630	0.526051	0.531494	0.577018	0.530486	0.507484	0.598148	0.517074	0.539973	0.539795	0.529531	0.558574	0.564021
571.0	0.559332	0.486119	0.540929	0.513334	0.520745	0.475621	0.490782	0.543710	0.477086	0.546893	0.512364	0.561117	0.551714	0.556093	0.557474	0.507857	0.502815	0.443780	0.529886	0.499560
572.0	0.487910	0.456264	0.487744	0.456422	0.499742	0.474705	0.491701	0.538599	0.499721	0.522627	0.509632	0.513571	0.555400	0.533197	0.530697	0.495192	0.538882	0.466956	0.481302	0.462539
573.0	0.486976	0.424553	0.490543	0.461799	0.508334	0.541169	0.455426	0.548821	0.526513	0.536160	0.542414	0.542830	0.487213	0.517310	0.542442	0.536354	0.535686	0.485033	0.469734	0.448166
574.0	0.486976	0.423965	0.453220	0.468521	0.504993	0.514583	0.487109	0.500033	0.492330	0.511428	0.505079	0.486598	0.482605	0.536468	0.471976	0.497906	0.521533	0.490595	0.491019	0.466894
575.0	0.497246	0.451288	0.486345	0.483758	0.558456	0.467371	0.481599	0.548357	0.485862	0.511895	0.500526	0.506714	0.435427	0.535066	0.495934	0.499263	0.494140	0.488278	0.470660	0.476912
576.0	0.442676	0.443145	0.495675	0.443874	0.484945	0.499915	0.443029	0.510720	0.516350	0.514694	0.506445	0.488427	0.473852	0.481797	0.480432	0.470313	0.443919	0.440026	0.483153	0.390239
577.0	0.488843	0.424825	0.462085	0.465833	0.494014	0.436843	0.437335	0.456820	0.436712	0.505828	0.490964	0.459625	0.475234	0.455163	0.460231	0.476646	0.476335	0.479471	0.465570	0.462103
578.0	0.462702	0.444955	0.421403	0.423664	0.465373	0.439639	0.419933	0.431264	0.436620	0.450158	0.482769	0.460539	0.455423	0.453761	0.468218	0.444982	0.449398	0.438218	0.419160	0.409011
579.0	0.421249	0.438169	0.458819	0.502579	0.398784	0.438172	0.407856	0.443949	0.444242	0.433592	0.390796	0.427669	0.427963	0.462639	0.459762	0.447696	0.417942	0.403454	0.404399	0.355308
580.0	0.383811	0.438169	0.432226	0.432671	0.430575	0.407003	0.426682	0.471224	0.442856	0.468497	0.437238	0.423097	0.411469	0.448014	0.386900	0.385907	0.461725	0.410870	0.409952	0.402390
581.0	0.399543	0.412159	0.383847	0.425143	0.449430	0.424284	0.383796	0.441533	0.409781	0.417400	0.410557	0.461454	0.420638	0.442921	0.392443	0.363923	0.473139	0.483179	0.413191	0.422556
582.0	0.387592	0.400035	0.404094	0.358551	0.424656	0.433222	0.374245	0.365469	0.425579	0.392575	0.369169	0.449110	0.465098	0.426753	0.381169	0.412459	0.404884	0.412446	0.424250	0.382486
583.0	0.362338	0.366606	0.363879	0.429176	0.433200	0.366620	0.411346	0.396972	0.415371	0.425146	0.427859	0.355619	0.400642	0.430164	0.436179	0.374237	0.399771	0.410685	0.422075	0.405308
584.0	0.374848	0.401347	0.414638	0.364108	0.392005	0.407828	0.378240	0.384659	0.409735	0.424073	0.375862	0.385381	0.399306	0.424604	0.387886	0.400608	0.356490	0.378749	0.401993	0.382704
585.0	0.328868	0.360906	0.390565	0.320505	0.393390	0.338568	0.388342	0.342283	0.412414	0.373956	0.356830	0.354110	0.358394	0.394371	0.412362	0.336828	0.359777	0.437986	0.387048	0.369332
586.0	0.375315	0.366606	0.389025	0.400585	0.405371	0.325504	0.336226	0.338844	0.379940	0.388282	0.356785	0.365677	0.381799	0.392969	0.401134	0.366864	0.367903	0.356778	0.393294	0.323339
587.0	0.348007	0.367103	0.341625	0.379613	0.363842	0.343610	0.333884	0.345024	0.321043	0.389728	0.324458	0.358865	0.389262	0.395119	0.395121	0.396944	0.351148	0.304354	0.363079	0.411319
588.0	0.349874	0.338967	0.367938	0.329019	0.332862	0.375971	0.328833	0.339030	0.329773	0.330045	0.317856	0.324851	0.350193	0.328019	0.330574	0.337869	0.339460	0.366141	0.326618	0.352738
589.0	0.333722	0.331910	0.317739	0.353532	0.368138	0.315283	0.320431	0.341957	0.328665	0.324445	0.327599	0.295044	0.316191	0.360494	0.337151	0.354424	0.357951	0.317982	0.332494	0.360404
590.0	0.338064	0.342450	0.376895	0.354697	0.330619	0.328025	0.336685	0.328482	0.362617	0.292994	0.316672	0.297193	0.337016	0.329888	0.335131	0.323937	0.358727	0.326649	0.330181	0.320595
591.0	0.271170	0.289343	0.348903	0.323956	0.306752	0.345489	0.295498	0.333965	0.296791	0.353750	0.304014	0.310359	0.354984	0.314608	0.293650	0.326470	0.324348	0.317889	0.334438	0.298687
592.0	0.307441	0.311735	0.327862	0.343673	0.299973	0.306711	0.284524	0.379920	0.353517	0.330278	0.311800	0.299387	0.297348	0.330309	0.333957	0.300687	0.260385	0.302964	0.286686	0.314193
593.0	0.345673	0.304225	0.333834	0.343135	0.289519	0.329080	0.282044	0.313335	0.319334	0.340404	0.289991	0.319960	0.339919	0.349560	0.342225	0.314166	0.312021	0.313717	0.302464	0.274123
594.0	0.320885	0.270479	0.280369	0.304417	0.285223	0.269399	0.298345	0.289312	0.300671	0.370736	0.328874	0.283112	0.300020	0.354186	0.331279	0.317016	0.270338	0.322478	0.279051	0.294680
595.0	0.323593	0.290700	0.309481	0.306299	0.302169	0.313724	0.288932	0.363331	0.317162	0.293041	0.284709	0.283935	0.309142	0.322038	0.304784	0.298651	0.289970	0.326881	0.316161	0.270987
596.0	0.306647	0.266906	0.301876	0.316965	0.259113	0.285901	0.317492	0.276720	0.282471	0.286274	0.271005	0.292621	0.301126	0.284423	0.310609	0.308738	0.287185	0.298050	0.334576	0.299689
597.0	0.266035	0.265232	0.239594	0.271704	0.265079	0.285168	0.284891	0.288987	0.293650	0.305453	0.289126	0.267659	0.305318	0.290684	0.282470	0.282322	0.280154	0.272881	0.324443	0.304436
598.0	0.303473	0.260708	0.270898	0.294514	0.270426	0.310561	0.299125	0.284480	0.328896	0.277921	0.251791	0.276208	0.263162	0.286899	0.304408	0.271330	0.258468	0.283450	0.292238	0.278609
599.0	0.264775	0.257587	0.288207	0.249477	0.257155	0.277742	0.292238	0.285316	0.301595	0.288047	0.287760	0.273603	0.267493	0.289703	0.300415	0.232881	0.283396	0.257076	0.283678	0.293287
600.0	0.255205	0.255778	0.252564	0.238901	0.238109	0.230713	0.266616	0.289730	0.273648	0.265042	0.264630	0.254859	0.274403	0.263162	0.277114	0.224739	0.221350	0.232602	0.283262	0.249253
601.0	0.302866	0.247590	0.259748	0.217794	0.286035	0.257436	0.215373	0.284758	0.285289	0.235830	0.248467	0.271042	0.238513	0.266106	0.232627	0.246542	0.228609	0.257029	0.307091	0.245682
602.0	0.242694	0.292057	0.247618	0.259560	0.281882	0.285122	0.231398	0.258180	0.287737	0.262849	0.245735	0.245852	0.225290	0.255686	0.232674	0.271782	0.243767	0.253182	0.276506	0.260055
603.0	0.256045	0.219951	0.252750	0.271614	0.253146	0.243868	0.227587	0.254045	0.257849	0.260376	0.240226	0.243201	0.222940	0.223023	0.254236	0.218361	0.222081	0.247388	0.246708	0.236361
604.0	0.250023	0.211582	0.247245	0.242620	0.257776	0.234334	0.268912	0.244380	0.262469	0.269662	0.229116	0.201370	0.239849	0.266620	0.274436	0.194930	0.248515	0.229635	0.199049	0.257572
605.0	0.245542	0.219589	0.221119	0.230476	0.281118	0.252486	0.229240	0.238107	0.235215	0.226078	0.284891	0.219702	0.238605	0.237182	0.239016	0.191764	0.235184	0.240018	0.202519	0.220594
606.0	0.215993	0.187245	0.217014	0.238318	0.245460	0.207748	0.212434	0.247772	0.226299	0.247963	0.249878	0.226560	0.243305	0.225687	0.203219	0.219175	0.229705	0.280854	0.226071	0.282441
607.0	0.222808	0.216196	0.192521	0.228146	0.246415	0.196381	0.217118	0.246471	0.218908	0.205826	0.238769	0.265831	0.248511	0.234191	0.205991	0.234238	0.209480	0.228152	0.232456	0.226431
608.0	0.218420	0.203983	0.229097	0.229177	0.212858	0.183821	0.221158	0.254277	0.184909	0.222811	0.187956	0.252801	0.267861	0.249004	0.222292	0.208998	0.248835	0.201871	0.239212	0.221814
609.0	0.208337	0.230265	0.230636	0.171906	0.214481	0.188176	0.202929	0.245263	0.220617	0.186227	0.190870	0.227840	0.242199	0.195174	0.204487	0.227046	0.239749	0.189912	0.226626	0.213408
610.0	0.179115	0.217780	0.203251	0.205740	0.224362	0.202156	0.217301	0.249909	0.195257	0.199199	0.187000	0.183494	0.207045	0.180876	0.209044	0.215964	0.200486	0.227781	0.215984	0.198469
611.0	0.204276	0.219091	0.172086	0.193640	0.253432	0.205044	0.227908	0.224168	0.200523	0.229951	0.201570	0.207404	0.177928	0.218164	0.202326	0.196694	0.206512	0.193806	0.169343	0.201213
612.0	0.183503	0.174398	0.224711	0.188128	0.220400	0.201560	0.214730	0.186577	0.193825	0.189400	0.191872	0.228800	0.189768	0.186763	0.184992	0.188055	0.229522	0.191024	0.217094	0.191892
613.0	0.209924	0.167568	0.214354	0.192430	0.185219	0.185151	0.187180	0.199030	0.171421	0.197426	0.179852	0.194375	0.214187	0.206949	0.180952	0.173128	0.208338	0.175682	0.223341	0.211056
614.0	0.176828	0.184893	0.192660	0.172085	0.166937	0.157144	0.210506	0.209020	0.185279	0.166254	0.200158	0.181071	0.188386	0.210968	0.210078	0.174575	0.178891	0.226576	0.187620	0.194113
615.0	0.174073	0.174217	0.167514	0.154250	0.174097	0.206602	0.174186	0.199123	0.163984	0.188840	0.185452	0.171242	0.200733	0.217510	0.197629	0.196649	0.176836	0.227596	0.179383	0.191979
616.0	0.204369	0.143366	0.201571	0.191713	0.209850	0.215907	0.201276	0.215386	0.160796	0.162755	0.152214	0.189940	0.186773	0.170502	0.214916	0.130291	0.158300	0.219021	0.209876	0.144461
617.0	0.178088	0.184395	0.208336	0.183423	0.221450	0.176716	0.185757	0.209345	0.171837	0.170828	0.172794	0.167448	0.177697	0.174427	0.174704	0.197237	0.156200	0.174106	0.146115	0.185054
618.0	0.188451	0.179012	0.181837	0.206546	0.177296	0.161086	0.203435	0.168409	0.200292	0.194720	0.153899	0.156887	0.182673	0.172885	0.228164	0.167383	0.138166	0.189727	0.149400	0.171378
619.0	0.152367	0.166844	0.155011	0.178225	0.151710	0.189459	0.154900	0.151496	0.166986	0.155568	0.183767	0.160499	0.164290	0.160129	0.196407	0.185703	0.160857	0.195613	0.157914	0.177345
620.0	0.168845	0.175710	0.196859	0.155863	0.188513	0.154256	0.138003	0.187088	0.167771	0.166954	0.166921	0.140932	0.186681	0.158634	0.170899	0.162226	0.156748	0.140918	0.179013	0.169461
621.0	0.151293	0.154540	0.171573	0.161958	0.174861	0.169520	0.152421	0.168223	0.148971	0.147776	0.143108	0.167448	0.206769	0.175409	0.164322	0.135538	0.165286	0.158532	0.173044	0.125689
622.0	0.151993	0.124774	0.157904	0.139910	0.156674	0.136517	0.167757	0.161207	0.151419	0.155848	0.167285	0.162236	0.186866	0.172091	0.159671	0.177470	0.139399	0.138879	0.147734	0.148686
623.0	0.140136	0.138571	0.143488	0.158821	0.192952	0.123545	0.120601	0.140390	0.142965	0.173674	0.157268	0.147927	0.152219	0.156671	0.161174	0.125135	0.155196	0.131880	0.164160	0.124252
624.0	0.112641	0.145764	0.143114	0.149679	0.155290	0.155127	0.167528	0.148429	0.147400	0.148149	0.162004	0.135674	0.149685	0.127934	0.144309	0.132598	0.142595	0.136654	0.142228	0.169723
625.0	0.133508	0.143412	0.141575	0.157432	0.141256	0.138947	0.145855	0.125475	0.139455	0.153889	0.144702	0.122965	0.127294	0.126018	0.128525	0.155894	0.162546	0.134800	0.145930	0.143242
626.0	0.131314	0.137214	0.136116	0.121357	0.145313	0.107044	0.145304	0.136580	0.135944	0.147916	0.164781	0.119673	0.149317	0.154755	0.159342	0.144178	0.123055	0.134012	0.118676	0.156656
627.0	0.131734	0.095959	0.139942	0.100743	0.110658	0.125287	0.121198	0.188436	0.143612	0.109558	0.158816	0.115056	0.132684	0.151858	0.133411	0.104463	0.137573	0.130211	0.157497	0.118633
628.0	0.139296	0.123010	0.125433	0.113336	0.152951	0.113874	0.136580	0.133281	0.100236	0.117304	0.149938	0.112907	0.130335	0.137466	0.164698	0.106860	0.121457	0.128589	0.109329	0.133921
629.0	0.110214	0.132826	0.138729	0.126690	0.147271	0.127350	0.106550	0.128588	0.114002	0.114877	0.152761	0.136406	0.126326	0.147840	0.133223	0.109393	0.154009	0.128542	0.162448	0.122771
630.0	0.113248	0.139295	0.131778	0.113650	0.121017	0.113140	0.132080	0.137231	0.105271	0.128877	0.106683	0.116473	0.118863	0.108402	0.128431	0.114188	0.138486	0.127152	0.143153	0.142022
631.0	0.139856	0.106137	0.110270	0.102222	0.114859	0.131108	0.096586	0.131655	0.132202	0.131210	0.097759	0.123468	0.141300	0.120644	0.120445	0.101975	0.117804	0.100963	0.150325	0.109269
632.0	0.131034	0.106816	0.096321	0.131530	0.124024	0.078350	0.104025	0.116786	0.098850	0.132656	0.094982	0.114736	0.117895	0.108495	0.123311	0.121335	0.117576	0.110558	0.089155	0.128520
633.0	0.128933	0.120975	0.101453	0.118669	0.135194	0.088342	0.120509	0.127427	0.118067	0.119264	0.079092	0.107147	0.103705	0.100692	0.103298	0.111474	0.097670	0.126549	0.106553	0.140324
634.0	0.142284	0.073024	0.118341	0.089137	0.102734	0.116670	0.113713	0.115253	0.093677	0.132096	0.099171	0.113136	0.098683	0.121112	0.108654	0.084877	0.099405	0.110141	0.107154	0.129174
635.0	0.110727	0.109982	0.127672	0.086359	0.106314	0.104569	0.089102	0.103683	0.092614	0.082073	0.102449	0.084243	0.101309	0.109290	0.117579	0.099216	0.105066	0.124417	0.121267	0.092588
636.0	0.081645	0.080579	0.117595	0.092588	0.118343	0.107869	0.083041	0.105634	0.099589	0.125237	0.093434	0.105410	0.096241	0.116018	0.086856	0.095733	0.090822	0.098043	0.094106	0.093764
637.0	0.094949	0.081755	0.099587	0.087837	0.113952	0.097005	0.096678	0.116507	0.112200	0.097285	0.101083	0.095352	0.109372	0.097188	0.114197	0.086686	0.079408	0.087521	0.069490	0.077475
638.0	0.093222	0.069496	0.094828	0.083670	0.112997	0.111903	0.087035	0.125243	0.088780	0.116557	0.089700	0.091100	0.098452	0.094618	0.083286	0.099713	0.094931	0.112690	0.107293	0.085576
639.0	0.076183	0.070220	0.109897	0.078561	0.090466	0.083529	0.101453	0.110931	0.114048	0.108204	0.084647	0.093980	0.069980	0.099384	0.096158	0.094014	0.078221	0.081403	0.089109	0.092152
640.0	0.094762	0.088676	0.115029	0.076724	0.092901	0.088205	0.091076	0.099640	0.084992	0.098825	0.089700	0.099192	0.091910	0.097047	0.099023	0.087817	0.080093	0.080847	0.094939	0.082266
641.0	0.085566	0.074743	0.091329	0.086179	0.102161	0.093568	0.098377	0.096016	0.074275	0.098498	0.071124	0.087351	0.070763	0.103355	0.081360	0.081574	0.093516	0.075145	0.089479	0.092631
642.0	0.100317	0.063525	0.106491	0.081743	0.081492	0.082979	0.077668	0.098014	0.081528	0.081466	0.096166	0.078757	0.072744	0.093963	0.109405	0.074789	0.110682	0.101056	0.093366	0.088232
643.0	0.087807	0.068908	0.087503	0.083177	0.078628	0.074912	0.083683	0.089511	0.085777	0.076426	0.078363	0.066276	0.083479	0.088450	0.105224	0.076146	0.097990	0.076443	0.107571	0.079130
644.0	0.071329	0.075241	0.082791	0.065745	0.075335	0.053414	0.066143	0.081379	0.062126	0.087906	0.079684	0.071259	0.058554	0.081160	0.111050	0.088133	0.091050	0.077463	0.094291	0.077475
645.0	0.073569	0.057825	0.077520	0.073318	0.066265	0.077662	0.073352	0.085980	0.096818	0.099338	0.067891	0.081637	0.089146	0.063778	0.080045	0.087319	0.074477	0.075192	0.073654	0.080175
646.0	0.063206	0.082479	0.080785	0.088151	0.095860	0.078120	0.073719	0.082866	0.080696	0.104285	0.077817	0.083740	0.065741	0.081954	0.072058	0.072844	0.058407	0.070788	0.062040	0.095680
647.0	0.076463	0.049728	0.078359	0.068478	0.072614	0.072116	0.066005	0.070367	0.072381	0.058134	0.072763	0.074276	0.070625	0.095178	0.056133	0.095326	0.067720	0.047612	0.075089	0.064800
648.0	0.083139	0.067099	0.085917	0.068478	0.068127	0.075324	0.067016	0.087141	0.073675	0.061914	0.060014	0.061887	0.055006	0.082468	0.076756	0.079041	0.085024	0.049559	0.064307	0.072684
649.0	0.081412	0.077322	0.055033	0.082729	0.101732	0.052681	0.071561	0.058751	0.079403	0.064760	0.063475	0.059830	0.077443	0.082235	0.061723	0.069949	0.070049	0.078714	0.066852	0.074861
650.0	0.049435	0.060132	0.072714	0.065565	0.073855	0.063407	0.062699	0.056335	0.075014	0.049874	0.084191	0.077842	0.089422	0.097047	0.069991	0.077639	0.060005	0.070232	0.093134	0.095767
651.0	0.069321	0.067958	0.056992	0.083132	0.064976	0.047639	0.069541	0.086165	0.117374	0.070640	0.078318	0.058733	0.061548	0.079571	0.062428	0.075739	0.064479	0.082052	0.082307	0.066847
652.0	0.051629	0.067551	0.072294	0.070853	0.071134	0.070145	0.067291	0.096109	0.087163	0.063547	0.080002	0.063853	0.053532	0.078029	0.065904	0.066693	0.058498	0.064531	0.082585	0.065889
653.0	0.065867	0.060675	0.068935	0.077396	0.065119	0.102139	0.079872	0.094669	0.065313	0.066347	0.068938	0.084883	0.061456	0.085085	0.055710	0.052082	0.052609	0.031946	0.063798	0.063145
654.0	0.090654	0.045747	0.058018	0.067672	0.058962	0.066936	0.054251	0.072830	0.043649	0.065694	0.060515	0.065499	0.055697	0.058170	0.065951	0.051585	0.070414	0.050254	0.084250	0.067152
655.0	0.056204	0.034483	0.071175	0.059247	0.065931	0.045347	0.045251	0.047181	0.044064	0.057201	0.045718	0.076562	0.058600	0.045601	0.063556	0.043126	0.050919	0.049049	0.069721	0.053563
656.0	0.065727	0.042671	0.063757	0.060009	0.059009	0.061986	0.063205	0.053361	0.051640	0.052814	0.052046	0.060927	0.059567	0.066628	0.041664	0.053439	0.068907	0.050950	0.064354	0.058441
657.0	0.057231	0.056966	0.058811	0.087120	0.058580	0.060244	0.041394	0.079800	0.064159	0.060374	0.059240	0.065773	0.048418	0.051068	0.057918	0.062622	0.058863	0.054936	0.052138	0.062622
658.0	0.043087	0.058458	0.056152	0.051270	0.049510	0.029900	0.052460	0.075292	0.048638	0.050434	0.052502	0.055898	0.061548	0.038639	0.050825	0.052896	0.062242	0.045017	0.066251	0.052997
659.0	0.057464	0.042309	0.064317	0.055751	0.053902	0.049289	0.040017	0.039189	0.068778	0.049501	0.048040	0.060287	0.040079	0.070740	0.050966	0.050273	0.050737	0.059432	0.040570	0.068633
660.0	0.045561	0.047918	0.054659	0.058037	0.058675	0.068128	0.071010	0.044207	0.053118	0.060047	0.045900	0.054710	0.055651	0.053591	0.064965	0.067914	0.048819	0.071391	0.055516	0.057657
661.0	0.051909	0.030095	0.046168	0.047192	0.075478	0.063728	0.050761	0.055684	0.050023	0.071573	0.058148	0.057453	0.032430	0.048451	0.040819	0.044031	0.058407	0.058505	0.043023	0.070811
662.0	0.066194	0.051718	0.053959	0.062249	0.048365	0.062948	0.035838	0.050201	0.047159	0.042688	0.047584	0.037291	0.046390	0.056255	0.061582	0.047016	0.061968	0.067405	0.061300	0.042239
663.0	0.070535	0.043802	0.073134	0.063146	0.055525	0.064278	0.059761	0.030421	0.027019	0.056594	0.035837	0.038389	0.054223	0.058311	0.073280	0.050047	0.041195	0.045388	0.062318	0.059182
664.0	0.060965	0.038057	0.058205	0.047237	0.056575	0.036592	0.039971	0.051131	0.047344	0.072507	0.047539	0.026100	0.045008	0.049246	0.043543	0.069588	0.032931	0.049003	0.054174	0.044155
665.0	0.049762	0.042535	0.043976	0.057723	0.054570	0.045255	0.052368	0.052432	0.032654	0.049361	0.044670	0.064722	0.045054	0.049806	0.050402	0.055158	0.055348	0.044646	0.052184	0.046420
666.0	0.032210	0.029869	0.061611	0.037692	0.037815	0.045851	0.061873	0.056892	0.042540	0.047215	0.028370	0.051555	0.058185	0.059712	0.048006	0.038422	0.040236	0.047612	0.043578	0.049774
667.0	0.047568	0.015661	0.040663	0.051449	0.063162	0.049656	0.034047	0.033799	0.048915	0.037649	0.049178	0.042960	0.022465	0.045788	0.050825	0.047604	0.053704	0.044970	0.030252	0.045767
668.0	0.043600	0.029507	0.056945	0.053914	0.049319	0.032558	0.049705	0.030992	0.040738	0.057434	0.054869	0.042366	0.056296	0.038779	0.053127	0.039055	0.048226	0.035515	0.051398	0.029630
669.0	0.064140	0.025604	0.040850	0.045893	0.040441	0.036454	0.046032	0.068927	0.044988	0.043388	0.027687	0.050184	0.045561	0.039433	0.046550	0.033220	0.032931	0.066895	0.059727	0.042239
670.0	0.050509	0.046426	0.031225	0.052032	0.031085	0.041084	0.045159	0.041001	0.054966	0.059067	0.057055	0.022438	0.036531	0.040461	0.044060	0.035300	0.049915	0.032085	0.030391	0.057440
671.0	0.035011	0.034891	0.049341	0.049298	0.049272	0.039480	0.027114	0.031057	0.046697	0.049781	0.038888	0.050595	0.038236	0.049666	0.046785	0.034893	0.062835	0.020983	0.041218	0.046159
672.0	0.030156	0.032583	0.034505	0.041860	0.038340	0.031962	0.032073	0.023019	0.042817	0.030887	0.055234	0.025730	0.042290	0.063778	0.040114	0.047423	0.042290	0.047891	0.047742	0.038493
673.0	0.037625	0.047602	0.038750	0.035675	0.041013	0.029945	0.052690	0.035704	0.020238	0.052581	0.032832	0.053887	0.046068	0.042797	0.035745	0.051901	0.040236	0.039223	0.051629	0.042021
674.0	0.020745	0.054206	0.028622	0.035855	0.042732	0.024679	0.045894	0.037981	0.042401	0.039842	0.033197	0.051967	0.032661	0.034013	0.047865	0.040593	0.033159	0.032594	0.040802	0.035749
675.0	0.027248	0.036157	0.022688	0.055124	0.034713	0.030771	0.024267	0.042488	0.029185	0.051041	0.021072	0.039669	0.023432	0.057750	0.034852	0.047016	0.038958	0.026661	0.034185	0.042718
676.0	0.032957	0.044435	0.043183	0.040291	0.034426	0.035996	0.034644	0.035472	0.046651	0.034009	0.016869	0.033451	0.028947	0.051115	0.026495	0.035662	0.037497	0.037183	0.027698	0.030357
677.0	0.028172	0.042897	0.030824	0.044279	0.020879	0.039617	0.036573	0.032224	0.052241	0.039375	0.032377	0.038983	0.044317	0.037003	0.025001	0.025996	0.022335	0.018851	0.030992	0.029948
678.0	0.027780	0.038645	0.029532	0.062429	0.035047	0.040946	0.032624	0.039328	0.020016	0.038302	0.026663	0.037566	0.041230	0.034293	0.026589	0.032903	0.033342	0.033429	0.039784	0.031960
679.0	0.022883	0.020216	0.018843	0.034510	0.031992	0.026801	0.026035	0.037563	0.039676	0.026230	0.028643	0.043235	0.039664	0.030480	0.025405	0.044799	0.042199	0.030091	0.040108	0.049208
680.0	0.023952	0.038328	0.015218	0.030733	0.031801	0.029854	0.022926	0.027744	0.021947	0.035082	0.012152	0.021684	0.032338	0.035555	0.027205	0.021586	0.051650	0.016580	0.032658	0.044852
681.0	0.038932	0.033398	0.045422	0.041815	0.010253	0.036179	0.057098	0.016226	0.037551	0.034335	0.025475	0.035966	0.047174	0.039526	0.041899	0.041181	0.027284	0.015347	0.027453	0.037535
682.0	0.031603	0.040862	0.035485	0.034958	0.041252	0.049747	0.037813	0.033515	0.027162	0.027910	0.032969	0.040126	0.047404	0.033218	0.047020	0.036160	0.022376	0.029304	0.013965	0.034094
683.0	0.037018	0.031000	0.016049	0.023728	0.026836	0.035859	0.040108	0.037144	0.016833	0.039515	0.021436	0.033223	0.032753	0.018116	0.019411	0.039100	0.036949	0.034309	0.020100	0.018332
684.0	0.025707	0.026848	0.051767	0.035227	0.023595	0.028250	0.046583	0.029919	0.034595	0.032282	0.031557	0.029794	0.020032	0.042377	0.034571	0.020708	0.036218	0.029304	0.021423	0.026137
685.0	0.040146	0.042400	0.027549	0.024123	0.032994	0.020604	0.019326	0.049365	0.030576	0.036949	0.023052	0.021185	0.047174	0.027167	0.041100	0.015895	0.041195	0.028979	0.029452	0.033485
686.0	0.032583	0.020139	0.046495	0.037065	0.038245	0.022373	0.013325	0.056149	0.041385	0.028605	0.029918	0.028372	0.026846	0.034854	0.024132	0.027235	0.023362	0.037508	0.010772	0.023937
687.0	0.034451	0.036067	0.039917	0.032888	0.024760	0.026549	0.020722	0.030351	0.025748	0.019888	0.027187	0.048721	0.030081	0.027438	0.029018	0.027475	0.033844	0.035561	0.034370	0.033659
688.0	0.018173	0.037695	0.034878	0.057992	0.017996	0.029304	0.014491	0.046019	0.013258	0.026813	0.028097	0.030297	0.031463	0.030083	0.039127	0.030370	0.035488	0.029025	0.020822	0.048119
689.0	0.019709	0.024360	0.022370	0.043518	0.022593	0.015631	0.022807	0.044347	0.030483	0.026071	0.025939	0.027613	0.029159	0.022583	0.023940	0.029827	0.029566	0.030694	0.018619	0.037448
690.0	0.013519	0.033307	0.032965	0.032682	0.032708	0.012239	0.014528	0.038910	0.023831	0.017210	0.012334	0.022589	0.023432	0.031578	0.029412	0.022427	0.024512	0.022508	0.030668	0.033398
691.0	0.021609	0.035343	0.037677	0.013569	0.009871	0.016185	0.016608	0.023288	0.019716	0.030481	0.019205	0.031805	0.026155	0.032985	0.019510	0.013312	0.037679	0.029118	0.023052	0.030201
692.0	0.021529	0.042490	0.027670	0.038723	0.027567	0.021232	0.027454	0.019999	0.019563	0.028120	0.034745	0.022136	0.015241	0.019462	0.031940	0.044664	0.029429	0.002160	0.021669	0.032701
693.0	0.016665	0.024948	0.034925	0.043025	0.038865	0.017290	0.042404	0.041048	0.021037	0.031344	0.028006	0.039166	0.023331	0.033031	0.024696	0.021771	0.025142	0.013479	0.016172	0.032134
694.0	0.018845	0.021505	0.034785	0.025790	0.027471	0.026366	0.037307	0.021606	0.023503	0.038022	0.012954	0.023960	0.045239	0.021854	0.019533	0.024666	0.028626	0.031575	0.018689	0.025654
695.0	0.031930	0.019501	0.026014	0.030612	0.022240	0.007591	0.024102	0.028455	0.017914	0.034615	0.031740	0.023951	0.036024	0.054058	0.021920	0.029149	0.035077	0.027032	0.026449	0.019138
696.0	0.003389	0.020216	0.022860	0.035586	0.030436	0.017647	0.023799	0.029464	0.012930	0.028890	0.020935	0.023261	0.034273	0.040087	0.014779	0.030370	0.016924	0.036071	0.017870	0.047988
697.0	0.009182	0.015909	0.028809	0.032189	0.014024	0.021777	0.015681	0.054894	0.027153	0.027667	0.006575	0.009317	0.009284	0.024046	0.008630	0.024779	0.027507	0.041633	0.030576	0.020083
698.0	0.017393	0.006731	0.019021	0.034241	0.024841	0.040213	0.004169	0.020528	0.016547	0.022366	0.015535	0.033954	0.030864	0.019420	0.020501	0.002483	0.022522	0.040243	0.027527	0.020318
699.0	0.029652	0.024617	0.043836	0.029500	0.026192	0.026228	0.026820	0.023846	0.013207	0.030313	0.022060	0.016998	0.020304	0.040274	0.021591	0.018510	0.007921	0.035422	0.020493	0.019160
700.0	0.029969	0.019601	0.034785	0.029854	0.047028	0.019119	0.009101	0.022406	0.006587	0.022959	0.021013	0.032125	0.019945	0.033826	0.021351	0.028244	0.031470	0.042977	0.025102	0.025070
701.0	0.037858	0.011205	0.016660	0.035765	0.036240	0.019233	0.008991	0.008531	0.023074	0.026575	0.027187	0.025940	0.036070	0.027018	0.027064	0.028606	0.028183	0.026295	0.027332	0.028066
702.0	0.028419	0.014561	0.023028	0.014389	0.027142	0.019797	0.027885	0.036494	0.023753	0.036202	0.013327	0.022109	0.015172	0.022378	0.027702	0.017166	0.024069	0.017349	0.022159	0.035488
703.0	0.023284	0.002429	0.009055	0.031853	0.015624	0.015264	0.025640	0.024622	0.024460	0.034522	0.024304	0.023457	0.016858	0.024004	0.022558	0.035029	0.023188	0.013623	0.019739	0.027823
704.0	0.037812	0.019230	0.021517	0.007331	0.030779	0.021484	0.026453	0.014084	0.015249	0.009277	0.012635	0.034274	0.022253	0.022237	0.028153	0.016126	0.044801	0.011810	0.037979	0.027975
705.0	0.022654	0.022089	0.015400	0.024616	0.010335	0.032192	0.029410	0.008313	0.017009	0.018759	0.015244	0.019507	0.013426	0.025326	0.010246	0.015040	0.040145	0.018545	0.008514	0.037492
706.0	0.015129	0.017638	0.022534	0.041232	0.039534	0.026242	0.028813	0.025825	0.022108	0.031522	0.045035	0.011480	0.027620	0.029489	0.026303	0.013330	0.025028	0.017516	0.023140	0.016999
707.0	0.019303	0.016104	0.024418	0.028761	0.023681	0.012706	0.008008	0.020482	0.013535	0.017653	0.017921	0.022735	0.028593	0.029186	0.034195	0.029420	0.008811	0.030555	0.010156	0.013476
708.0	0.026043	0.017606	0.013828	0.017916	0.007833	0.027319	0.027766	0.011049	0.014837	0.026542	0.018303	0.039669	0.029758	0.024934	0.022746	0.010743	0.026338	0.027449	0.023806	0.015497
709.0	0.046821	0.027879	0.036418	0.030652	0.012750	0.027365	0.009473	0.016955	0.014907	0.036529	0.016428	0.026068	0.009565	0.018308	0.031141	0.016424	0.027946	0.025642	0.030067	0.018868
710.0	0.023107	0.029598	0.023075	0.017889	0.022803	0.008952	0.015295	0.029343	0.022155	0.033449	0.025361	0.026095	0.037637	0.012584	0.018293	0.017727	0.017230	0.018170	0.014922	0.025039
711.0	0.026286	0.021401	0.021461	0.012355	0.029481	0.011441	0.015029	0.026639	0.017993	0.036249	0.025638	0.013098	0.014587	0.030158	0.032128	0.015524	0.028324	0.018258	0.021132	0.019861
712.0	0.034591	0.008893	0.006312	0.008375	0.014354	0.019123	0.028767	0.045741	0.015475	0.030738	0.029463	0.034594	0.033260	0.030097	0.015582	0.013946	0.014970	0.020302	0.025084	0.027531
713.0	0.040612	0.019338	0.009335	0.027533	0.025380	0.030679	0.032165	0.041559	0.027144	0.040215	0.011037	0.015631	0.016784	0.026181	0.019486	0.023417	0.023111	0.015050	0.016486	0.022883
714.0	0.020442	0.013901	0.001512	0.016657	0.017246	0.014361	0.026030	0.034728	0.013895	0.020686	0.013127	0.010812	0.020484	0.037891	0.031047	0.012950	0.012761	0.013613	0.007320	0.009460
715.0	0.033237	0.025138	0.011995	0.029061	0.011590	0.009630	0.025530	0.015650	0.018404	0.042222	0.008004	0.026804	0.021129	0.017649	0.032081	0.027565	0.008999	0.030509	0.005844	0.026220
716.0	0.023709	0.021537	0.006056	0.023840	0.017924	0.024757	0.015713	0.022643	0.034548	0.037415	0.016446	0.029702	0.020793	0.034013	0.019810	0.013823	0.024330	0.009984	0.017523	0.022208
717.0	0.011087	0.020166	0.022730	0.027143	0.012965	0.007444	0.008440	0.031406	0.034733	0.026883	0.032514	0.011886	0.038051	0.011327	0.015681	0.017447	0.018655	0.028516	0.042791	0.013685
718.0	0.019321	0.026345	0.012167	0.032521	0.016211	0.009585	0.014693	0.037609	0.026404	0.026202	0.014866	0.015782	0.024547	0.016831	0.029131	0.026570	0.013505	0.010040	0.029502	0.021956
719.0	0.027145	0.017144	0.012237	0.015837	0.014158	0.017877	0.008545	0.031155	0.021970	0.022548	0.017393	0.030571	0.031094	0.022807	0.018448	0.028968	0.028991	0.011310	0.021798	0.033659
720.0	0.011885	0.028422	0.020229	0.019933	0.022545	0.012867	0.011020	0.023233	0.014486	0.021269	0.029691	0.016056	0.012721	0.025518	0.028769	0.013602	0.011464	0.016371	0.014936	0.016019
721.0	0.018747	0.018266	0.008533	0.020945	0.003661	0.014177	0.008022	0.025881	0.027592	0.031288	0.016082	0.020189	0.015549	0.029999	0.034007	0.005713	0.004976	0.015560	0.014242	0.018032
722.0	0.028984	0.014738	0.025062	0.010329	0.012363	0.027534	0.019910	0.000000	0.016473	0.009463	0.019396	0.024975	0.013610	0.017168	0.036732	0.017116	0.037634	0.023449	0.024931	0.010819
723.0	0.019723	0.024604	0.023401	0.022460	0.009155	0.007788	0.022848	0.026169	0.030483	0.011843	0.004189	0.022461	0.016605	0.021382	0.017227	0.018419	0.018974	0.006540	0.026777	0.026533
724.0	0.025497	0.017253	0.023971	0.018064	0.022989	0.010268	0.011406	0.023391	0.019235	0.026435	0.008346	0.029277	0.015190	0.036629	0.008498	0.007251	0.018933	0.028145	0.012637	0.018498
725.0	0.008491	0.020496	0.006639	0.030585	0.022220	0.026393	0.022407	0.021611	0.017549	0.017578	0.012876	0.022287	0.033536	0.014915	0.000000	0.014457	0.031653	0.028006	0.017879	0.008846
726.0	0.012408	0.022039	0.013352	0.036527	0.024378	0.019848	0.004674	0.020268	0.039445	0.015399	0.006848	0.018177	0.016720	0.028994	0.027078	0.010377	0.020339	0.026124	0.015765	0.034791
727.0	0.009308	0.037288	0.000000	0.015814	0.023256	0.033108	0.016902	0.027192	0.013535	0.028661	0.028643	0.025501	0.016512	0.019429	0.008907	0.016533	0.018719	0.008594	0.015621	0.014007
728.0	0.006022	0.016850	0.018218	0.020856	0.024512	0.023042	0.013950	0.012806	0.020746	0.010224	0.012516	0.025716	0.030173	0.019429	0.018951	0.035436	0.015628	0.013127	0.027587	0.022287
729.0	0.020600	0.015335	0.003835	0.032556	0.011638	0.013857	0.007131	0.006775	0.017346	0.019468	0.025306	0.031348	0.019866	0.029270	0.022610	0.018044	0.034438	0.026379	0.017898	0.049905
730.0	0.012352	0.004510	0.030287	0.023321	0.006358	0.020659	0.009684	0.028530	0.036673	0.011629	0.016159	0.029474	0.010961	0.024733	0.032879	0.031727	0.016897	0.000000	0.036961	0.023981
731.0	0.007077	0.004293	0.019105	0.016128	0.015051	0.025073	0.014877	0.023414	0.023785	0.011825	0.013076	0.012856	0.024750	0.032891	0.043073	0.012815	0.028356	0.015537	0.022414	0.003619
732.0	0.000000	0.015249	0.004465	0.025005	0.016182	0.024761	0.015736	0.013047	0.032839	0.003901	0.010445	0.012220	0.016314	0.033172	0.023470	0.018003	0.021403	0.010281	0.013076	0.019826
733.0	0.020656	0.008265	0.003835	0.028720	0.031753	0.024055	0.009036	0.021253	0.031269	0.041242	0.005400	0.017738	0.011329	0.016088	0.008043	0.022400	0.025243	0.007101	0.019735	0.019743
734.0	0.031416	0.014670	0.032592	0.021420	0.025252	0.011212	0.004426	0.025626	0.011350	0.024191	0.007335	0.014067	0.019926	0.017896	0.015615	0.023607	0.021284	0.006985	0.022307	0.016716
735.0	0.012991	0.011200	0.008220	0.020968	0.001642	0.030266	0.022476	0.021964	0.017438	0.008955	0.017980	0.019910	0.017853	0.014210	0.033349	0.028244	0.026010	0.012839	0.009217	0.016655
736.0	0.027747	0.013182	0.027941	0.016473	0.019189	0.016680	0.021282	0.021026	0.025453	0.010560	0.023376	0.025181	0.011859	0.000000	0.011284	0.009119	0.009912	0.026615	0.028494	0.024238
737.0	0.013687	0.008364	0.021680	0.014398	0.009513	0.012830	0.022247	0.008029	0.028081	0.024209	0.026358	0.029286	0.028187	0.019864	0.019632	0.024983	0.014993	0.018828	0.027351	0.006716
738.0	0.014121	0.006519	0.029238	0.027793	0.021953	0.009511	0.016466	0.016156	0.010310	0.005203	0.023175	0.011786	0.014780	0.012042	0.009438	0.018700	0.011898	0.016195	0.021123	0.021825
739.0	0.004803	0.029462	0.021624	0.026323	0.033710	0.010139	0.018739	0.018772	0.014537	0.008544	0.016764	0.006766	0.005690	0.033218	0.018100	0.014181	0.028585	0.021414	0.013432	0.013467
740.0	0.006713	0.012526	0.026401	0.020426	0.029228	0.033017	0.014978	0.032475	0.023919	0.012123	0.000000	0.010826	0.024207	0.020415	0.008047	0.008875	0.021472	0.012673	0.019573	0.024660
741.0	0.001344	0.019524	0.023737	0.023495	0.008817	0.003749	0.022940	0.022661	0.024695	0.021358	0.020566	0.013715	0.013168	0.013794	0.018016	0.013995	0.021198	0.021808	0.023006	0.019434
742.0	0.014919	0.016547	0.014379	0.018440	0.023729	0.012967	0.008513	0.018126	0.025079	0.009104	0.008514	0.016545	0.015678	0.019102	0.017626	0.011553	0.017664	0.010244	0.033260	0.011616
743.0	0.010354	0.016688	0.010488	0.000000	0.010048	0.010446	0.024708	0.029431	0.008860	0.012296	0.011943	0.012526	0.020622	0.026284	0.012045	0.011589	0.020390	0.010267	0.012239	0.003493
744.0	0.014929	0.012137	0.017122	0.010598	0.026793	0.023368	0.021833	0.021718	0.022007	0.025446	0.019332	0.012947	0.023502	0.023251	0.029779	0.024426	0.010989	0.017887	0.007894	0.019099
745.0	0.021034	0.009807	0.019431	0.016168	0.000000	0.023647	0.027927	0.013257	0.031269	0.006944	0.020425	0.008746	0.004856	0.005542	0.009785	0.020043	0.007739	0.010350	0.012058	0.022557
746.0	0.020166	0.025129	0.014215	0.016554	0.013127	0.005038	0.017223	0.024246	0.000185	0.012123	0.023945	0.024257	0.022133	0.021994	0.006398	0.025444	0.019837	0.004566	0.005548	0.031612
747.0	0.031463	0.014711	0.015783	0.025857	0.003771	0.008989	0.016112	0.010176	0.006564	0.011806	0.025388	0.018634	0.013711	0.017948	0.013144	0.030053	0.013213	0.003592	0.001916	0.035227
748.0	0.022061	0.015742	0.014019	0.019615	0.013471	0.012353	0.017462	0.026374	0.020870	0.006272	0.026449	0.015681	0.022313	0.022476	0.029826	0.022517	0.018878	0.007291	0.012590	0.017500
749.0	0.006111	0.003917	0.026658	0.020323	0.011318	0.016653	0.024350	0.027833	0.017461	0.008526	0.006279	0.020042	0.014951	0.015434	0.011664	0.009884	0.011939	0.010360	0.024755	0.024547
750.0	0.005718	0.015801	0.029844	0.016522	0.009743	0.009044	0.015451	0.015269	0.020164	0.006981	0.022729	0.016742	0.005971	0.011070	0.016677	0.015488	0.032201	0.011032	0.017125	0.026668
751.0	0.005620	0.019641	0.018013	0.019332	0.020392	0.014164	0.022086	0.024394	0.028492	0.013318	0.006834	0.018712	0.024230	0.014224	0.002321	0.016406	0.018929	0.019500	0.014987	0.024944
752.0	0.011045	0.018633	0.028865	0.026018	0.022488	0.027305	0.015506	0.017044	0.017489	0.006328	0.019943	0.018214	0.023105	0.008822	0.028961	0.009730	0.026106	0.005460	0.034231	0.003772
753.0	0.021174	0.017068	0.027208	0.014044	0.011843	0.010112	0.030144	0.011110	0.016731	0.022553	0.007239	0.013263	0.007920	0.025434	0.018871	0.000000	0.010282	0.013312	0.000000	0.028328
754.0	0.014677	0.013209	0.017015	0.009706	0.014435	0.008264	0.014299	0.016635	0.022182	0.015124	0.023626	0.000000	0.006303	0.020695	0.018678	0.011141	0.021613	0.002494	0.018106	0.013354
755.0	0.030716	0.019519	0.014892	0.009774	0.006506	0.018440	0.017770	0.027034	0.019711	0.026552	0.016054	0.010647	0.000567	0.017747	0.006380	0.017166	0.024531	0.007444	0.019633	0.004377
756.0	0.007810	0.012503	0.017528	0.006175	0.021256	0.006857	0.015263	0.022754	0.018607	0.032515	0.025921	0.002834	0.003958	0.018882	0.030906	0.021491	0.024782	0.001544	0.017176	0.008524
757.0	0.018010	0.009911	0.027474	0.022971	0.013432	0.011601	0.021833	0.014985	0.005534	0.018787	0.008082	0.013587	0.016531	0.010626	0.013539	0.007500	0.007638	0.027357	0.018610	0.019142
758.0	0.017599	0.009703	0.019758	0.027488	0.008516	0.011102	0.011227	0.021421	0.012103	0.014932	0.006520	0.020147	0.023930	0.020999	0.011627	0.012240	0.014989	0.020191	0.029882	0.034878
759.0	0.029484	0.020130	0.008887	0.018812	0.017280	0.011019	0.016112	0.018837	0.027435	0.023029	0.012689	0.010140	0.007966	0.010107	0.018237	0.006477	0.008117	0.012102	0.009402	0.020501
760.0	0.017706	0.003859	0.013264	0.026027	0.034044	0.003649	0.008853	0.012476	0.000000	0.027294	0.031330	0.011544	0.006694	0.027345	0.012952	0.036115	0.021736	0.012807	0.011406	0.030828
761.0	0.006297	0.019705	0.013259	0.008125	0.018125	0.020865	0.016544	0.020282	0.013156	0.013463	0.018804	0.003346	0.016853	0.025452	0.004782	0.016936	0.007460	0.015291	0.011716	0.000000
762.0	0.007208	0.016439	0.024395	0.027649	0.016998	0.022557	0.014179	0.008452	0.026534	0.010719	0.012976	0.008311	0.024091	0.026097	0.012543	0.020794	0.000000	0.013465	0.009995	0.023763
763.0	0.019116	0.014313	0.005193	0.003885	0.017504	0.015511	0.000000	0.019195	0.023577	0.000000	0.023298	0.025295	0.011274	0.025948	0.026669	0.032496	0.005351	0.014768	0.006464	0.012478
764.0	0.019074	0.001846	0.034552	0.020417	0.012650	0.009475	0.005634	0.024715	0.013184	0.020593	0.022579	0.009985	0.000562	0.007458	0.028966	0.009585	0.009400	0.009154	0.008060	0.021185
765.0	0.000061	0.009916	0.006704	0.011485	0.015557	0.020320	0.025599	0.019534	0.021286	0.034989	0.033060	0.021089	0.021078	0.034620	0.003768	0.022829	0.014359	0.010508	0.030761	0.025079
766.0	0.018374	0.005003	0.019632	0.018185	0.017676	0.011840	0.007742	0.024473	0.019300	0.018376	0.018581	0.015009	0.010657	0.021892	0.006192	0.013774	0.002675	0.020613	0.010920	0.020466
767.0	0.011021	0.005899	0.022314	0.010397	0.024306	0.004900	0.033726	0.017499	0.017350	0.023864	0.011820	0.008837	0.025796	0.011341	0.008799	0.019708	0.013514	0.007138	0.032195	0.034661
768.0	0.018966	0.020388	0.015638	0.012830	0.012955	0.009273	0.039420	0.021648	0.005428	0.016505	0.016550	0.010346	0.016623	0.014186	0.010241	0.017270	0.007045	0.024135	0.021858	0.019870
769.0	0.006232	0.011834	0.009130	0.023495	0.015647	0.010098	0.012806	0.020454	0.017909	0.019930	0.013127	0.012654	0.012126	0.018331	0.015643	0.000900	0.019303	0.006063	0.008916	0.017744
770.0	0.019251	0.010377	0.023345	0.017083	0.017881	0.016758	0.015731	0.027921	0.021101	0.009463	0.032696	0.016170	0.011854	0.015901	0.007183	0.010454	0.022170	0.011824	0.022613	0.021176
771.0	0.019195	0.014399	0.014071	0.032677	0.013180	0.019169	0.025525	0.024102	0.003016	0.020420	0.018904	0.011539	0.031924	0.015186	0.004632	0.012760	0.012172	0.008329	0.027920	0.020201
772.0	0.014672	0.015539	0.014724	0.026767	0.009948	0.036867	0.026416	0.009934	0.011193	0.015945	0.028689	0.012545	0.015351	0.022368	0.011787	0.014140	0.018595	0.003810	0.004502	0.029700
773.0	0.012833	0.016932	0.014411	0.019099	0.029056	0.012844	0.016787	0.017582	0.023730	0.018180	0.024213	0.017788	0.012329	0.023737	0.017541	0.007676	0.015975	0.009952	0.011286	0.032222
774.0	0.029050	0.022387	0.010726	0.025776	0.025166	0.029304	0.025580	0.017192	0.026968	0.027382	0.014930	0.017825	0.012578	0.034433	0.002443	0.016750	0.017801	0.007796	0.018703	0.023968
775.0	0.030856	0.000000	0.007763	0.017714	0.003203	0.007215	0.025181	0.020914	0.018801	0.013444	0.021882	0.016289	0.000000	0.022181	0.011904	0.012747	0.005990	0.016344	0.020808	0.019756
776.0	0.017813	0.003026	0.014845	0.021425	0.010788	0.019852	0.030236	0.017815	0.018662	0.007900	0.017985	0.012344	0.031371	0.009532	0.021807	0.012674	0.028411	0.019709	0.028313	0.036185
777.0	0.030716	0.020487	0.014808	0.024320	0.023877	0.009951	0.028445	0.022796	0.024344	0.009939	0.015799	0.010158	0.019111	0.013364	0.011138	0.002610	0.036675	0.017336	0.029327	0.011263
778.0	0.020409	0.013304	0.007311	0.025861	0.012397	0.003346	0.012026	0.011017	0.018076	0.018759	0.013523	0.020833	0.010583	0.019962	0.003354	0.013765	0.016975	0.007606	0.004877	0.034704
779.0	0.004374	0.011648	0.012774	0.033883	0.007466	0.000000	0.008756	0.008801	0.008329	0.015133	0.010745	0.032217	0.011002	0.026915	0.004500	0.013973	0.014710	0.009604	0.008088	0.029038
780.0	0.012945	0.012150	0.017374	0.020874	0.019547	0.022662	0.017347	0.025259	0.014376	0.013197	0.015667	0.013889	0.007233	0.040227	0.010213	0.005469	0.015226	0.005928	0.019600	0.016241
