480.0	182.6	144.6	183.4	195.0	213.4	213.9	175.7	195.1	207.1	229.9	170.6	199.0	171.6	181.7	177.8	161.5	188.7	182.8	191.7	166.4	185.5	164.0	190.7	194.3	167.5	190.9	149.5	145.4	177.8	194.5	
481.0	182.8	186.2	192.2	193.9	184.5	184.5	172.8	183.1	204.5	199.8	174.2	179.6	183.9	180.4	207.6	184.7	183.0	170.9	201.0	192.6	203.6	170.5	221.4	212.1	179.0	192.5	177.4	176.7	187.0	173.1	
482.0	184.2	217.0	195.1	194.9	206.6	202.6	198.0	213.3	191.4	194.3	191.8	187.4	188.9	190.1	210.1	198.4	182.1	196.5	186.3	208.5	197.6	191.3	180.5	200.2	188.6	192.6	190.7	192.6	184.7	168.1	
483.0	217.2	216.4	207.8	207.9	222.9	214.9	193.2	217.8	210.5	216.6	185.9	199.7	191.1	211.2	220.9	203.1	186.3	185.1	202.7	206.8	201.6	195.0	184.4	192.4	197.2	198.6	181.5	190.1	204.0	171.0	
484.0	209.4	216.8	225.7	214.5	233.4	211.1	217.2	199.6	215.0	223.5	213.9	223.7	210.9	224.0	236.4	213.8	215.6	188.3	200.2	189.3	188.8	202.6	208.2	209.5	191.0	198.3	210.6	213.0	186.8	216.5	
485.0	239.0	215.1	226.6	236.9	214.6	234.3	223.9	204.3	219.2	235.9	218.9	236.2	230.0	216.5	224.9	240.0	222.7	226.4	211.0	229.3	208.8	205.5	227.3	230.3	197.8	214.5	211.4	218.1	208.2	215.7	
486.0	247.9	248.1	250.3	232.1	223.0	240.9	258.6	242.3	245.4	228.4	247.2	247.5	252.7	219.6	239.0	244.0	237.2	259.0	245.0	237.4	224.3	217.3	232.8	220.2	225.2	222.3	230.9	228.4	222.6	219.0	
487.0	242.1	285.1	254.5	249.9	258.4	249.8	247.7	264.7	261.0	249.6	270.6	245.4	266.5	250.3	278.9	241.9	255.4	257.5	267.8	269.4	234.3	225.8	244.1	243.4	250.9	253.1	224.9	259.2	254.4	236.4	
488.0	265.6	263.4	270.3	269.4	296.9	262.9	273.4	270.0	294.5	253.2	291.8	246.6	281.3	246.2	276.3	246.0	264.8	285.4	271.7	273.7	257.4	283.1	238.9	253.7	254.6	269.9	244.7	263.1	258.0	272.8	
489.0	302.1	298.7	292.7	301.6	284.6	287.9	289.7	301.8	288.4	265.7	279.1	275.0	270.6	287.2	293.1	257.0	260.9	290.3	290.1	297.5	274.3	285.7	273.5	275.0	276.5	272.4	284.3	283.8	276.2	290.5	
490.0	307.9	333.4	306.4	325.2	288.1	309.8	303.5	329.5	311.8	286.8	297.5	332.6	298.3	290.7	294.2	296.0	290.8	302.1	291.6	318.5	294.0	278.3	305.1	291.1	302.9	281.1	308.9	288.8	308.6	302.3	
491.0	348.4	347.6	311.0	318.6	331.2	343.8	323.2	349.4	329.1	337.5	358.7	324.3	336.1	331.1	318.2	322.5	311.7	316.4	340.9	339.0	325.6	308.4	332.2	305.4	322.4	314.6	314.8	325.0	320.3	283.8	
492.0	388.9	362.3	361.7	354.3	355.8	365.9	366.0	348.6	371.1	338.8	385.7	337.9	351.0	346.1	332.7	349.6	321.6	348.8	325.1	350.3	341.3	333.2	315.7	333.4	333.8	328.5	322.3	346.7	328.4	334.7	
493.0	386.4	366.4	389.5	372.5	381.2	367.2	371.6	385.0	376.0	382.4	368.9	392.4	359.5	375.9	366.9	376.2	364.4	367.7	341.3	370.3	367.7	380.8	334.1	357.4	372.0	328.8	357.7	357.2	345.5	339.1	
494.0	415.3	386.8	387.1	400.7	380.0	389.5	403.4	386.9	404.3	382.5	407.5	407.4	385.6	406.6	382.3	424.2	381.7	394.3	368.1	397.2	393.8	384.7	390.6	386.5	385.9	370.5	382.2	368.5	350.8	396.1	
495.0	446.7	391.9	430.4	429.2	457.1	417.7	425.9	411.5	450.1	416.8	429.9	425.1	425.4	447.0	408.1	439.9	419.6	401.7	404.1	395.9	401.2	403.5	407.0	402.3	421.6	391.6	396.0	401.7	371.6	413.2	
496.0	468.3	483.3	455.4	455.3	462.5	463.7	457.4	455.6	458.6	436.7	461.1	451.8	452.4	453.4	449.6	454.5	429.4	437.7	438.7	459.0	424.3	429.0	441.8	435.4	450.8	415.9	405.8	437.2	422.8	426.4	
497.0	505.4	508.3	481.7	477.0	500.9	494.8	491.9	455.3	490.0	469.9	497.0	506.0	473.1	483.4	488.6	462.7	479.7	450.0	485.6	476.9	442.4	479.8	467.0	452.9	433.4	454.1	456.1	479.2	453.0	441.6	
498.0	518.9	536.4	502.0	493.9	519.6	492.6	526.6	492.4	527.2	507.8	498.6	493.0	479.2	472.3	498.1	480.3	496.2	514.0	485.9	492.3	490.6	494.6	504.9	470.5	498.1	493.0	473.1	489.9	449.8	469.2	
499.0	554.5	550.2	515.4	527.7	498.7	522.9	542.0	548.6	549.7	565.0	550.5	525.6	515.2	492.6	534.0	547.4	503.3	554.5	508.1	515.2	492.9	505.1	496.7	501.4	502.9	481.2	497.2	486.8	487.7	513.9	
500.0	590.1	583.7	541.8	562.8	560.8	566.5	565.4	553.5	576.7	563.9	577.3	547.3	577.0	533.9	554.4	581.6	559.3	577.9	542.3	534.2	529.4	507.8	503.9	525.2	526.5	528.7	544.7	533.3	510.3	527.7	
501.0	602.3	588.3	597.4	582.7	572.1	587.3	576.7	597.0	601.1	594.7	584.1	576.1	594.8	569.7	571.7	585.3	589.3	584.9	573.5	579.3	562.6	557.9	562.9	590.7	549.1	567.4	529.0	566.9	537.2	545.4	
502.0	628.8	633.0	643.7	613.2	612.4	608.7	622.0	642.7	618.2	598.5	630.5	622.1	642.5	591.6	619.2	609.7	642.6	598.9	613.3	607.1	570.5	569.1	607.3	562.6	578.6	589.7	615.8	577.1	564.9	573.1	
503.0	676.1	679.9	655.6	599.8	639.5	638.1	655.8	667.3	642.3	624.6	611.0	620.3	629.4	626.6	631.7	617.7	616.5	601.9	639.6	614.8	605.8	632.1	603.0	614.7	588.8	600.1	622.7	595.2	613.3	619.9	
504.0	693.4	695.2	688.3	629.7	688.7	644.1	689.9	694.6	666.1	660.6	687.6	645.2	639.6	683.0	655.0	683.5	618.8	648.7	662.5	651.8	623.9	610.1	631.3	642.9	612.6	639.0	641.4	604.3	636.2	620.1	
505.0	725.7	730.5	711.1	670.5	710.1	686.2	733.9	680.7	665.3	692.5	693.9	680.4	679.2	680.8	658.3	688.4	667.7	699.9	686.3	670.0	619.7	625.2	662.3	645.9	655.4	685.0	679.7	627.1	650.2	672.2	
506.0	753.4	772.3	743.3	720.8	723.1	699.5	748.3	713.1	759.3	726.8	729.0	709.4	729.8	742.1	665.6	717.8	691.4	690.5	688.8	685.1	660.6	667.7	666.0	671.2	694.7	692.3	676.2	680.5	663.9	674.9	
507.0	743.2	752.9	746.3	720.3	717.7	733.8	780.2	741.7	772.5	743.2	745.5	737.4	741.4	744.4	749.7	704.1	686.6	704.0	703.0	726.7	689.3	752.0	702.5	691.9	690.9	716.3	691.3	724.2	704.5	698.4	
508.0	764.0	742.9	759.5	744.1	783.1	769.5	771.7	728.6	761.8	728.5	783.0	788.7	786.4	720.7	757.1	761.9	724.2	733.5	722.2	737.8	750.4	729.5	741.4	737.1	740.1	706.1	719.1	713.8	688.3	715.6	
509.0	795.4	830.6	760.0	824.1	785.4	811.7	774.7	757.5	766.1	781.0	818.7	789.1	784.7	739.8	768.9	751.0	795.6	771.0	760.9	737.6	774.4	721.5	718.7	746.1	745.8	736.4	742.7	743.7	733.8	698.6	
510.0	848.3	844.2	799.2	801.7	792.4	833.9	810.7	779.3	763.8	824.0	832.7	777.1	829.8	773.6	779.0	771.7	783.5	783.5	790.6	796.7	774.7	745.0	767.6	806.5	744.4	751.2	770.2	755.7	748.8	759.5	
511.0	862.9	849.1	849.6	860.2	796.1	800.3	837.1	834.0	770.7	830.5	846.4	827.0	825.7	799.6	792.0	830.6	816.1	762.6	818.4	780.9	807.6	798.3	766.7	769.0	762.2	802.9	780.8	787.6	783.0	755.5	
512.0	886.5	821.2	916.7	867.0	839.1	856.2	813.6	815.3	796.1	883.7	842.8	870.0	858.8	833.7	850.4	831.6	802.9	795.9	807.5	795.8	831.8	769.6	829.8	814.4	820.9	757.7	783.1	749.2	763.1	784.9	
513.0	905.6	844.3	870.7	878.2	877.5	873.9	899.5	820.6	843.5	876.5	874.9	851.7	871.4	858.5	820.1	839.6	799.3	829.2	831.9	824.6	777.4	827.6	855.1	803.0	844.4	773.1	807.9	795.5	802.5	788.4	
514.0	884.9	882.0	838.5	882.5	893.5	899.5	825.1	867.0	875.3	863.6	905.4	863.0	834.7	826.5	845.0	792.6	820.3	872.2	789.0	834.6	872.0	825.8	803.2	857.3	805.2	797.2	789.8	774.3	824.0	827.6	
515.0	926.1	903.4	894.0	925.7	905.3	912.1	908.1	826.8	886.3	897.6	930.4	877.6	857.1	843.0	870.1	853.6	854.4	868.2	836.7	823.6	861.6	837.3	861.5	873.7	834.7	823.8	818.8	836.4	787.8	807.8	
516.0	927.5	891.1	905.4	912.8	918.1	876.1	894.7	906.6	924.8	874.8	880.0	852.2	910.6	844.1	910.1	862.3	867.9	899.7	883.9	830.1	858.8	852.0	817.0	844.0	834.7	829.3	822.7	851.7	823.4	824.6	
517.0	981.5	938.0	909.3	916.4	922.2	916.7	922.0	898.8	899.0	937.9	917.1	911.4	893.0	881.7	930.8	884.3	844.7	892.9	886.6	853.5	852.8	827.0	844.0	837.1	828.7	911.4	873.7	859.5	873.0	843.7	
518.0	964.6	912.1	914.3	971.2	907.4	881.3	894.2	932.6	900.8	927.7	900.1	961.7	877.6	886.3	906.3	907.4	864.1	876.2	876.3	885.0	869.8	854.7	844.0	839.3	874.3	867.8	865.3	880.6	862.7	839.6	
519.0	954.8	916.2	939.7	934.7	941.9	896.1	928.1	930.2	887.7	925.4	903.1	899.9	874.4	904.1	925.6	881.5	872.8	872.0	829.1	867.8	866.6	863.4	832.5	852.0	894.3	852.7	871.0	832.3	827.9	849.1	
520.0	975.9	924.3	950.7	919.1	949.1	919.9	889.9	903.5	959.2	907.4	872.0	910.1	901.7	936.1	951.9	883.7	857.9	856.5	896.0	832.2	843.7	861.3	856.4	905.1	863.2	860.9	853.8	838.1	818.7	850.9	
521.0	1006	944.8	934.4	977.8	906.3	884.0	893.4	923.6	955.9	868.0	927.2	862.8	890.5	913.9	883.5	886.1	874.7	887.4	928.5	887.9	880.5	877.8	864.5	884.0	878.0	827.9	872.5	821.3	855.7	858.1	
522.0	957.0	949.1	921.1	915.1	887.4	902.4	896.6	878.9	892.7	858.2	925.6	851.2	868.7	916.7	922.3	866.9	907.1	877.0	901.5	881.4	902.3	850.1	884.3	874.8	867.4	901.1	855.3	825.9	840.4	835.1	
523.0	917.0	889.2	968.9	907.9	904.8	909.0	881.6	925.0	903.2	919.7	926.9	915.2	872.9	875.5	921.7	874.2	860.2	891.2	904.8	858.3	842.7	894.4	844.7	844.9	868.2	810.9	863.3	842.0	838.5	844.5	
524.0	975.0	905.9	909.1	892.6	949.4	895.4	879.7	915.7	935.5	890.5	923.4	909.6	866.8	904.2	867.8	902.3	833.7	890.0	835.1	867.7	904.2	857.8	859.9	915.3	826.3	843.4	837.9	844.5	812.5	867.2	
525.0	925.6	959.2	876.1	875.0	955.6	916.2	912.1	908.4	877.2	837.9	899.9	907.7	896.4	890.0	870.6	896.5	856.7	905.7	860.5	880.9	845.1	839.1	845.8	840.3	853.6	808.8	855.0	838.0	816.3	851.9	
526.0	929.2	932.7	878.3	921.1	897.3	892.6	931.9	888.4	872.9	879.0	889.7	926.6	919.9	869.3	900.3	872.7	840.4	854.1	865.4	870.2	821.7	832.8	822.5	846.5	819.0	809.7	842.8	798.2	824.0	839.3	
527.0	881.9	866.3	895.0	896.8	871.2	907.4	905.3	872.0	880.9	874.1	887.8	899.6	870.3	870.5	868.3	850.8	846.6	805.3	853.3	843.2	824.4	813.4	820.4	850.5	852.5	812.2	806.5	834.0	781.0	844.9	
528.0	886.3	860.8	879.2	906.5	890.0	840.6	851.3	875.8	874.3	850.8	840.2	854.7	810.0	842.8	833.6	841.5	797.3	837.7	858.8	827.5	820.4	845.8	784.6	769.5	800.3	786.6	782.1	802.6	820.7	807.7	
529.0	905.0	880.9	914.9	808.6	880.7	848.5	877.8	862.7	850.1	853.6	855.2	862.9	825.7	813.1	820.3	781.8	789.0	806.1	867.5	791.1	839.9	817.8	838.8	774.4	782.3	843.8	775.2	790.5	834.7	777.8	
530.0	871.3	841.5	908.0	835.5	858.5	863.9	862.8	834.8	834.7	825.3	847.4	811.1	788.2	812.3	813.2	797.8	795.7	828.9	795.3	780.1	788.4	804.3	798.3	786.9	778.8	800.2	792.4	779.9	756.3	757.6	
531.0	875.9	894.4	840.1	817.7	818.7	837.0	823.4	833.7	803.8	819.3	804.5	794.6	850.1	770.7	830.1	815.4	820.3	790.9	771.0	799.5	782.2	807.6	785.3	789.9	761.6	785.0	744.2	778.2	779.9	744.3	
532.0	862.9	866.5	836.6	796.1	866.7	821.1	831.3	809.8	800.8	822.2	818.8	793.5	809.4	801.6	788.7	845.2	808.0	735.6	780.7	812.2	785.3	800.4	738.2	771.9	762.5	746.4	733.2	752.5	786.2	747.9	
533.0	836.6	820.6	815.5	782.8	804.2	802.4	785.8	758.3	792.0	816.7	799.0	759.6	777.0	807.1	767.0	772.2	805.0	782.9	765.7	764.6	746.5	762.0	754.7	737.9	728.6	722.8	738.7	734.8	714.8	768.3	
534.0	820.9	821.0	813.3	781.1	816.0	787.7	756.6	776.5	775.3	783.8	763.1	763.8	737.4	755.1	810.4	753.4	759.2	810.2	746.3	750.4	728.5	710.4	801.3	723.0	704.2	725.8	719.1	743.1	717.0	722.0	
535.0	818.3	784.0	770.8	789.7	789.0	779.5	786.6	787.6	764.8	767.5	727.6	720.8	769.9	759.3	796.5	737.2	709.9	747.4	711.5	768.2	711.3	742.6	710.1	732.6	725.8	726.9	742.9	731.1	693.8	723.1	
536.0	782.4	756.6	780.7	784.1	746.2	785.1	754.5	747.0	737.5	757.6	702.2	703.5	738.0	730.1	743.3	703.8	701.1	719.2	731.1	691.8	717.0	701.6	691.1	706.9	727.9	703.4	689.7	702.2	690.3	708.7	
537.0	767.5	719.9	756.9	741.0	733.0	747.7	743.5	708.7	720.2	707.5	718.2	701.8	715.5	707.9	763.2	717.4	674.6	729.0	689.7	730.7	698.6	690.0	699.8	690.4	683.3	687.0	686.4	695.5	713.4	678.4	
538.0	756.3	718.2	739.0	751.2	720.8	708.8	718.3	706.8	687.2	711.7	735.3	678.6	669.5	738.8	697.2	685.4	659.9	699.4	665.6	703.6	684.4	683.4	693.9	626.0	638.9	673.1	677.1	675.6	680.4	676.4	
539.0	702.9	728.2	709.7	686.8	721.5	704.9	702.8	688.3	703.0	726.0	707.1	682.2	647.9	680.6	668.0	705.1	669.0	686.4	698.6	684.4	641.2	697.0	675.3	646.1	656.3	655.5	664.0	683.4	667.7	670.0	
540.0	689.2	687.6	695.1	699.2	699.4	713.8	683.8	695.1	723.8	684.5	663.8	674.0	671.9	698.9	646.5	660.8	662.9	648.9	647.6	658.5	626.3	639.5	650.9	665.2	637.6	706.9	630.5	632.4	641.1	632.9	
541.0	692.9	680.9	690.5	641.4	658.5	692.7	670.0	658.6	662.1	693.0	676.7	679.2	691.7	669.2	635.9	650.0	612.4	638.7	623.1	639.7	648.8	609.2	667.3	645.0	655.6	686.7	644.0	647.5	645.0	597.6	
542.0	689.0	653.8	662.2	668.9	630.2	653.7	650.3	642.0	627.0	650.2	658.2	661.4	653.8	700.8	657.5	638.3	595.1	644.8	601.2	633.5	626.0	622.8	616.5	630.8	618.8	614.5	627.9	612.9	600.9	641.3	
543.0	657.9	636.8	643.8	656.5	640.8	619.7	673.6	652.6	654.2	632.7	629.3	663.0	606.1	656.3	639.4	624.9	631.1	620.5	617.2	594.6	611.5	652.3	597.5	612.1	608.2	601.1	585.9	587.2	611.4	635.3	
544.0	634.6	637.2	628.1	615.7	643.8	625.9	643.6	648.0	617.2	614.6	629.8	606.2	590.8	616.0	610.9	604.6	590.4	634.0	616.8	604.7	618.3	616.3	582.7	594.0	587.4	609.9	601.5	603.6	624.1	599.2	
545.0	625.6	621.9	618.2	618.4	620.1	641.9	600.0	608.9	633.7	626.0	653.9	585.2	594.8	610.8	593.5	586.5	616.9	606.6	612.5	598.1	603.6	597.9	555.5	577.3	577.2	607.0	588.5	581.2	579.6	572.4	
546.0	612.2	590.6	598.6	606.4	609.5	581.4	618.9	616.3	598.5	613.4	573.7	600.8	586.4	583.3	569.5	579.4	589.5	601.5	571.1	572.0	575.9	574.6	592.1	590.6	556.6	566.7	557.9	573.0	547.0	545.8	
547.0	561.9	619.1	601.9	582.2	610.2	630.9	574.2	582.0	582.2	591.7	605.8	601.5	566.9	577.7	579.6	585.6	564.4	580.5	557.6	546.8	582.1	543.6	552.5	576.2	561.1	567.6	555.7	550.5	556.0	536.8	
548.0	585.8	568.2	604.6	565.1	560.8	567.0	571.5	587.6	569.5	580.1	572.2	568.9	583.8	587.7	577.3	562.3	548.5	565.6	541.1	538.3	558.4	555.5	536.9	561.4	535.0	547.5	547.3	516.0	581.9	578.8	
549.0	607.6	579.3	554.3	547.1	565.2	553.1	539.7	546.0	549.1	566.7	551.5	573.7	567.2	530.9	549.5	556.4	559.6	534.0	579.8	533.2	569.2	546.4	510.2	530.3	528.4	539.2	578.5	529.5	552.8	506.4	
550.0	573.5	552.7	565.0	565.1	544.2	541.5	559.0	558.4	555.0	557.5	551.3	544.4	552.7	524.0	549.3	523.8	531.4	522.8	524.9	539.6	529.9	557.5	500.3	516.3	515.3	512.4	546.1	562.0	544.1	500.7	
551.0	542.8	552.2	552.2	564.6	540.7	554.2	537.5	533.7	553.9	567.0	561.9	508.3	537.4	557.6	545.9	519.0	521.3	541.1	521.3	536.6	524.7	551.7	510.5	527.3	514.3	500.6	500.6	523.7	538.2	502.2	
552.0	561.0	564.6	533.3	538.4	519.2	558.7	551.3	520.0	537.3	527.1	548.0	529.1	517.7	518.2	545.7	514.8	534.8	541.3	511.3	518.4	529.8	508.8	520.7	518.1	507.2	508.4	483.0	501.8	534.0	497.9	
553.0	533.8	555.9	514.6	530.7	540.7	515.4	531.6	517.1	499.0	540.4	534.2	500.4	510.1	505.8	523.2	525.6	525.1	483.5	503.3	501.0	522.9	488.1	515.7	523.6	489.5	513.5	473.5	503.8	519.6	491.7	
554.0	526.6	536.5	547.3	504.8	512.6	533.9	531.9	517.5	537.9	530.5	519.8	486.1	504.9	491.0	530.2	515.4	503.0	497.9	492.6	491.1	513.2	499.9	514.5	487.4	502.2	484.1	487.9	490.6	485.2	471.5	
555.0	523.6	503.8	508.1	511.5	537.9	499.1	491.2	494.8	538.1	496.2	500.3	504.7	529.4	505.3	505.2	503.0	483.9	509.8	479.0	509.0	496.9	519.5	467.8	476.8	499.8	492.7	513.1	486.3	487.5	488.1	
556.0	512.2	510.9	497.2	504.5	524.9	504.1	510.5	496.6	522.6	490.2	462.8	520.8	512.7	518.0	523.5	498.4	493.9	484.6	496.0	476.5	495.2	495.8	503.4	476.5	479.0	482.5	508.7	482.4	496.9	472.4	
557.0	519.2	510.9	485.5	499.8	528.8	459.9	499.5	487.7	507.5	505.0	504.9	489.9	487.9	520.4	485.9	486.2	457.9	507.8	505.3	492.6	470.2	481.2	483.0	489.0	478.5	475.0	483.5	474.1	474.1	499.9	
558.0	487.1	503.9	482.4	517.3	506.9	517.0	497.1	475.0	495.3	487.0	486.1	472.1	486.7	474.3	482.9	479.7	488.5	496.2	487.9	476.1	494.5	462.7	474.1	481.0	458.5	461.4	467.0	465.0	494.2	470.2	
559.0	515.1	483.4	503.8	520.7	501.1	493.4	503.0	480.7	488.8	471.8	473.0	482.8	451.6	477.9	483.1	494.8	472.2	464.7	487.8	465.4	489.5	480.6	473.6	478.7	472.3	473.8	465.8	461.5	467.2	475.1	
560.0	516.0	511.1	470.2	495.2	491.6	494.5	475.7	498.5	516.7	502.3	469.8	467.3	476.5	502.0	493.9	470.0	518.8	463.8	497.3	455.8	478.1	483.8	479.2	476.0	459.2	468.4	464.2	464.6	477.4	453.3	
561.0	509.4	506.0	532.9	482.6	496.7	478.3	506.1	505.7	500.8	456.4	487.0	465.3	491.3	502.3	503.4	465.5	471.0	480.6	468.4	465.7	456.5	461.3	473.8	471.4	429.5	484.1	440.6	465.3	499.5	466.5	
562.0	491.1	495.7	451.4	488.9	482.2	475.2	506.9	472.7	490.0	484.7	485.4	451.7	461.4	477.8	504.1	447.7	467.6	483.5	448.3	448.4	479.7	454.4	459.9	470.5	471.2	482.7	449.6	449.9	473.8	454.2	
563.0	482.0	471.2	516.9	494.4	483.7	510.3	501.4	474.5	489.8	476.5	493.7	478.9	463.5	457.8	473.8	466.9	470.2	481.5	460.2	465.8	458.2	449.8	465.8	455.3	463.3	458.6	480.2	488.1	471.6	447.9	
564.0	505.6	496.1	509.8	494.7	492.9	494.2	482.9	484.3	498.1	473.9	477.4	481.6	501.8	491.0	475.7	487.5	457.9	493.0	457.2	476.4	485.5	474.1	473.3	474.1	467.2	448.2	478.1	461.3	463.6	464.2	
565.0	485.7	503.4	479.5	458.1	496.7	482.5	485.4	479.6	486.1	468.1	474.4	467.3	493.1	482.0	506.1	504.6	473.6	467.6	479.9	498.5	481.1	464.4	471.6	452.0	472.8	439.0	473.6	457.4	473.5	427.6	
566.0	510.5	498.0	479.6	483.1	489.8	481.7	478.6	494.3	511.7	487.9	459.5	465.4	454.9	461.0	471.6	483.9	486.2	466.1	480.5	500.9	485.8	456.9	459.9	451.5	483.3	458.9	464.5	456.5	484.1	431.4	
567.0	492.6	465.9	508.5	514.4	491.1	475.1	479.8	476.7	487.7	482.5	460.7	479.4	463.6	482.5	495.0	474.9	488.5	474.2	499.4	483.1	471.5	480.2	475.0	444.7	479.0	456.4	456.1	471.3	485.1	474.0	
568.0	551.9	487.5	477.7	511.3	488.9	466.6	488.7	508.5	501.8	485.0	493.8	510.1	505.8	494.9	489.2	473.9	475.1	452.4	478.6	491.6	471.6	464.1	496.9	470.8	499.8	496.1	480.7	486.8	468.2	461.5	
569.0	517.1	471.4	496.6	509.8	498.4	466.4	504.2	498.5	509.6	492.1	495.4	469.5	473.3	440.4	481.1	432.2	474.9	476.6	512.3	481.4	477.6	492.2	503.0	484.9	485.5	500.8	486.7	486.9	484.7	469.3	
570.0	512.6	529.4	487.7	505.0	516.4	523.4	511.7	478.9	509.8	510.8	521.0	497.5	484.7	486.6	476.5	489.9	482.7	491.0	510.0	504.3	508.0	479.0	511.7	489.4	494.7	478.8	505.3	501.2	501.2	514.1	
571.0	515.5	512.5	517.2	512.3	521.4	499.4	523.6	491.4	509.1	500.5	511.9	503.2	503.9	486.9	522.8	528.7	508.6	496.4	480.0	516.2	484.3	483.4	496.2	479.4	501.2	500.1	512.1	499.0	488.9	479.2	
572.0	503.8	528.0	525.8	519.2	499.8	521.5	484.7	528.1	513.8	479.8	511.6	515.8	507.3	460.2	499.2	522.2	495.6	517.5	507.5	530.8	506.9	475.0	519.1	508.1	506.5	505.4	483.6	515.1	485.3	492.5	
573.0	542.8	549.7	515.7	515.9	510.8	526.8	501.7	524.4	507.3	510.5	530.7	480.0	515.2	471.7	508.9	529.1	507.6	524.0	511.7	533.3	503.1	484.2	498.1	510.6	478.6	516.9	513.4	477.0	514.6	512.8	
574.0	518.2	527.5	525.7	532.9	534.7	556.1	527.1	519.6	528.8	510.8	534.1	507.2	522.8	527.6	528.3	512.1	504.3	503.7	519.2	511.5	527.9	576.6	515.8	500.3	511.1	522.8	517.5	495.6	544.0	509.7	
575.0	529.6	561.8	550.6	539.5	528.7	530.5	520.4	537.9	534.1	541.4	536.8	515.6	517.6	539.9	546.6	547.4	521.4	527.4	558.6	540.3	532.5	559.5	534.7	539.5	516.7	526.8	519.4	498.2	511.8	517.7	
576.0	547.6	565.4	535.6	536.2	522.3	546.6	538.2	565.7	541.3	518.0	541.6	546.0	538.4	546.0	557.0	535.7	529.1	540.4	553.1	533.8	549.3	534.7	509.3	538.6	538.8	528.9	512.8	519.0	540.7	539.8	
577.0	530.0	594.1	562.1	563.7	520.6	564.0	552.2	571.8	520.5	537.5	545.0	550.3	557.3	564.6	534.8	539.2	548.4	524.2	547.0	538.7	559.3	570.3	551.3	580.0	544.9	537.5	562.3	550.2	552.8	529.1	
578.0	544.4	580.3	576.8	570.0	590.9	580.0	568.0	584.5	571.4	557.9	546.7	550.2	582.1	552.7	552.2	558.5	559.2	556.1	555.9	552.0	578.1	569.8	570.0	582.3	568.5	554.6	576.9	545.5	553.4	582.4	
579.0	588.5	559.9	578.3	588.2	607.6	570.7	585.8	581.3	584.1	598.2	553.8	571.4	572.5	586.7	598.9	560.6	569.0	558.0	575.9	561.0	567.6	535.2	577.6	577.9	561.1	563.8	609.8	559.0	578.3	565.1	
580.0	596.8	620.6	571.7	576.8	603.2	589.5	578.9	598.5	598.2	575.7	607.9	577.8	595.9	573.2	600.3	576.7	569.9	611.6	573.8	564.1	572.8	569.8	616.5	597.2	566.9	575.1	606.2	568.1	588.2	571.1	
581.0	613.6	605.5	620.3	622.1	583.2	605.2	626.8	571.6	606.2	582.4	587.2	583.0	598.9	604.6	610.9	614.3	580.5	616.0	603.5	621.2	602.0	615.9	626.8	634.0	632.2	612.0	587.8	590.7	594.4	612.9	
582.0	612.8	619.8	605.7	598.1	639.0	613.5	603.7	615.0	603.2	603.4	622.3	601.1	597.9	642.8	596.8	604.7	628.6	629.9	595.2	625.8	616.5	645.5	634.7	605.9	605.4	609.6	615.1	592.6	620.7	605.2	
583.0	660.0	662.8	627.7	630.2	654.3	636.2	630.7	599.3	610.3	626.6	619.0	634.6	625.6	619.5	639.6	594.8	615.4	634.2	617.1	614.3	622.3	629.2	627.5	614.4	628.1	616.5	631.8	630.3	584.7	639.5	
584.0	643.7	663.9	640.2	630.2	664.4	648.2	626.1	625.6	641.5	663.3	659.8	647.1	610.5	624.2	654.7	589.8	653.1	660.5	643.2	643.5	633.7	614.3	647.7	655.1	633.4	658.7	668.1	672.0	646.2	630.7	
585.0	641.5	643.5	657.5	669.8	658.6	651.6	662.2	630.5	638.7	652.1	661.8	700.8	668.2	682.7	671.8	615.1	661.8	639.2	630.3	646.7	633.5	652.7	659.8	649.2	648.6	651.5	656.2	656.3	640.8	670.5	
586.0	679.1	675.9	682.2	720.8	670.9	647.6	649.2	652.8	666.2	688.1	666.6	701.4	634.7	649.0	672.8	649.5	670.3	661.5	651.4	686.4	649.4	672.5	662.0	655.9	682.4	667.1	660.4	677.8	652.7	652.9	
587.0	739.0	705.4	674.8	680.0	661.9	673.0	673.0	683.8	690.7	708.1	692.9	706.0	705.8	694.5	716.3	671.0	701.5	696.2	695.1	675.1	722.1	672.8	692.4	678.3	661.7	687.1	689.2	692.5	653.9	680.3	
588.0	690.1	736.3	725.2	693.4	704.2	670.0	666.7	667.0	727.0	686.4	696.0	687.4	732.1	686.3	724.3	670.5	705.7	721.9	700.1	742.7	701.1	691.5	711.2	711.8	695.2	687.1	688.4	707.3	693.6	703.8	
589.0	679.3	716.8	725.7	730.5	700.7	721.2	687.8	736.7	714.0	703.2	723.3	732.5	733.7	708.4	711.2	708.0	732.3	702.2	728.6	736.2	703.3	713.6	692.7	716.0	702.6	695.2	693.4	721.5	791.9	729.4	
590.0	703.7	750.1	728.3	714.9	693.9	727.9	764.6	729.0	736.7	715.8	744.7	740.7	735.4	699.8	724.6	727.9	712.7	725.9	729.7	718.5	708.5	752.9	715.6	731.1	703.8	722.8	711.2	720.9	711.3	752.8	
591.0	729.9	729.9	760.0	770.7	755.2	770.6	743.8	773.0	721.5	743.5	748.2	722.8	742.1	732.6	772.4	762.1	750.1	751.4	764.9	721.9	754.2	755.5	737.8	773.0	721.6	748.9	737.0	721.9	718.9	734.7	
592.0	809.8	763.9	809.9	739.1	779.9	744.8	748.2	764.9	750.8	761.4	735.6	783.7	787.4	769.5	793.8	751.5	749.6	754.1	779.7	763.9	744.9	777.6	742.6	771.3	756.4	786.4	774.6	794.9	755.6	775.1	
593.0	769.9	758.2	752.7	767.1	779.1	787.1	799.2	766.1	803.7	764.8	788.1	775.1	797.0	762.2	805.5	772.8	795.5	780.5	786.0	785.5	784.8	762.4	800.0	787.3	765.7	796.6	792.9	797.4	766.1	768.4	
594.0	745.5	791.6	812.2	780.0	782.0	799.5	800.4	786.2	760.2	799.2	809.1	774.0	826.3	781.4	813.9	801.9	811.8	771.5	813.0	792.6	784.3	809.3	779.2	811.6	746.6	787.8	778.4	790.0	778.9	766.3	
595.0	771.1	778.6	779.4	796.4	813.3	821.4	795.6	822.7	801.5	814.1	838.7	817.7	848.3	791.8	826.9	787.2	833.9	790.4	829.1	808.8	797.9	803.9	819.1	838.8	795.1	825.3	804.1	836.6	844.9	787.6	
596.0	817.2	836.1	805.2	792.2	805.2	808.9	819.5	840.1	820.1	829.0	807.0	846.7	813.1	851.1	792.8	822.6	801.0	812.6	806.6	821.1	841.3	791.9	805.5	812.5	801.4	800.5	798.1	820.4	794.9	851.8	
597.0	835.1	855.7	868.4	836.2	839.7	841.4	865.0	864.4	805.1	841.9	820.2	854.3	850.0	860.2	823.6	807.6	838.5	843.5	829.4	883.4	868.4	862.5	836.9	847.0	856.7	848.3	829.1	812.3	861.8	887.9	
598.0	883.3	889.3	841.3	861.5	876.1	841.8	844.9	864.7	851.5	830.0	842.7	880.8	851.0	862.8	865.4	862.9	881.9	839.3	792.8	818.3	815.4	845.6	897.0	883.3	832.1	840.3	865.2	874.5	866.0	865.2	
599.0	871.1	888.2	854.2	841.7	874.5	880.2	842.0	896.0	835.9	881.2	897.2	862.8	827.4	876.6	885.9	881.7	872.6	879.5	818.6	870.8	868.6	836.3	863.4	851.7	846.3	838.2	886.7	817.1	847.1	863.3	
600.0	873.2	881.5	831.8	866.9	922.9	874.6	873.1	868.6	903.9	866.9	892.0	881.7	872.5	876.4	875.2	931.6	867.4	875.8	892.5	904.1	880.9	805.8	869.2	844.1	825.2	846.5	897.7	864.2	864.4	895.9	
601.0	848.5	904.1	882.7	884.5	898.8	884.1	950.2	881.3	910.9	826.5	861.7	928.8	878.1	909.7	887.1	899.1	905.3	939.9	875.4	878.6	840.2	909.2	857.9	887.2	864.8	886.2	901.6	904.6	836.3	881.2	
602.0	913.8	945.7	921.0	907.1	910.3	845.3	898.0	913.4	918.7	902.5	922.9	907.1	908.2	921.6	869.2	925.7	871.6	875.8	900.5	897.1	863.5	877.3	929.6	907.0	958.6	885.0	890.1	895.3	919.8	890.3	
603.0	891.2	949.7	921.1	931.6	889.3	921.9	932.5	931.2	955.3	938.7	926.1	949.4	902.6	912.8	933.8	953.2	913.0	867.0	922.2	924.7	923.6	923.0	945.9	951.4	912.8	887.0	907.9	909.7	933.0	883.5	
604.0	935.8	984.3	919.6	953.3	912.9	929.0	908.4	946.8	945.3	928.6	889.6	975.4	906.8	887.8	943.7	947.3	927.6	933.0	916.6	915.5	927.5	943.2	963.4	963.8	900.3	891.6	919.5	903.4	941.1	881.0	
605.0	889.7	898.8	971.0	974.9	911.3	927.2	900.1	971.1	923.3	941.3	924.1	912.6	1000	901.4	935.8	916.5	933.1	950.9	945.4	925.5	965.1	966.0	930.5	994.2	935.3	912.3	936.4	934.0	912.2	921.5	
606.0	965.8	939.8	958.6	989.7	920.2	937.1	913.7	988.1	949.6	930.7	948.2	941.7	941.4	938.6	941.6	990.2	934.0	948.6	923.3	936.7	941.4	1005	958.8	981.7	981.6	933.2	917.9	933.3	927.4	949.7	
607.0	965.1	1040	963.0	977.2	966.7	937.7	979.0	947.8	993.1	955.7	952.9	971.8	977.6	980.0	926.3	957.0	936.3	942.5	936.5	949.1	949.8	966.6	940.0	921.8	999.5	922.5	971.8	949.9	932.2	937.3	
608.0	958.2	965.7	985.5	940.6	956.2	969.3	955.8	954.1	993.7	989.1	937.5	955.1	970.4	942.6	961.0	964.9	990.9	989.4	1003	959.6	984.0	954.5	979.6	959.4	942.0	978.5	1012	992.8	963.0	963.8	
609.0	1010	969.9	995.9	974.1	958.7	956.2	956.3	946.8	990.5	952.6	979.2	975.9	997.3	953.2	975.0	970.1	992.9	975.8	974.5	963.8	989.9	994.6	931.7	992.3	934.7	945.7	981.7	938.9	973.8	960.2	
610.0	1020	986.5	1055	961.1	959.7	976.5	975.1	950.6	1001	955.4	962.1	993.9	1023	932.5	977.8	957.6	950.2	998.0	994.7	952.2	989.1	999.7	948.8	973.1	972.9	968.8	984.1	931.4	1003	993.7	
611.0	1027	938.0	1003	1002	1032	975.7	982.0	1053	994.3	985.1	966.6	985.6	968.1	1024	964.2	953.8	956.7	1001	1004	1006	1023	953.9	982.8	948.3	997.4	954.2	979.5	951.4	1031	988.8	
612.0	1005	967.4	969.1	993.7	1000	1019	966.5	1030	948.4	1016	952.5	1061	1008	975.4	985.3	1030	1003	999.1	1023	996.8	1001	996.6	974.3	994.3	978.9	994.1	988.6	1004	956.0	1007	
613.0	1023	1014	1036	1007	993.0	1053	999.9	1043	986.7	974.4	1037	1012	973.2	1010	921.2	984.5	1011	1020	980.2	1035	1011	931.5	1001	988.7	992.7	974.8	1017	1014	980.1	970.9	
614.0	967.0	983.0	1001	1042	1003	1042	985.8	1001	969.6	1042	1050	980.0	1017	972.1	991.1	970.3	1021	998.1	1036	1039	991.1	996.5	1039	1060	995.3	1020	1013	986.3	1004	1007	
615.0	1011	961.5	998.2	986.5	1008	1036	998.0	982.4	1020	1004	1035	986.9	996.2	1018	1017	980.4	1001	976.6	1008	1006	1037	961.8	1016	1083	971.2	955.8	1002	1034	1029	979.4	
616.0	979.7	1002	1024	1025	979.0	1001	1013	1053	1035	1009	998.2	1039	972.1	989.1	1041	998.3	986.1	981.6	966.0	973.5	1004	1004	977.3	1031	949.6	1043	1008	995.2	1018	1045	
617.0	1037	998.2	1037	1017	978.3	1029	1018	1044	1003	1027	983.8	1013	955.2	996.4	1013	998.4	990.0	1019	1020	973.6	998.1	1008	974.6	1025	980.6	1005	998.9	977.9	1044	1090	
618.0	1005	1072	984.7	1008	1036	991.9	1016	1060	1007	945.7	1014	1001	994.2	994.3	1037	989.2	993.8	1031	1052	1074	959.9	1043	1050	986.4	999.7	979.1	998.2	1005	1039	1017	
619.0	1030	1072	972.9	1002	1021	991.6	994.7	982.9	993.2	1006	996.9	1025	990.5	987.1	1004	991.8	1040	1023	988.3	1037	985.7	1015	983.6	1039	1046	1053	1039	970.0	975.3	1057	
620.0	1012	1043	985.9	1034	1029	1029	1018	959.6	995.6	1013	1014	1051	985.3	978.2	972.2	1017	1017	1047	992.1	1012	969.9	1033	1019	1044	957.8	984.2	1012	997.0	1044	955.3	
621.0	1056	1034	946.6	1005	1011	1028	1030	954.4	990.5	994.2	1074	1047	1038	1034	989.1	998.1	1023	951.7	1004	1034	978.2	1006	1025	995.3	977.3	994.0	985.9	1003	949.0	966.2	
622.0	1015	947.4	979.3	981.2	1047	988.0	959.8	967.8	1023	990.5	1018	1042	1020	1021	1028	983.3	965.6	1004	989.3	1037	960.6	1012	961.6	985.2	1000	996.7	999.4	970.4	999.1	1003	
623.0	997.2	944.6	1020	1007	988.2	1012	974.2	991.1	954.1	1003	972.3	978.4	989.7	1003	962.0	995.4	1024	996.6	994.7	1064	994.7	998.8	1056	958.0	971.1	999.3	1013	1002	958.8	962.5	
624.0	955.9	966.2	948.6	979.4	991.3	973.6	990.9	955.1	978.4	980.3	1018	919.5	1005	968.7	991.6	939.4	1020	975.7	939.3	924.9	991.6	992.1	958.2	1032	969.4	1030	1037	1013	1000	1008	
625.0	975.0	981.3	1009	985.0	975.1	1000	988.5	976.2	1013	978.3	973.2	958.4	987.2	929.6	1008	971.0	1023	982.3	964.7	967.8	994.7	1003	950.1	1023	938.6	972.6	1003	998.1	989.5	992.3	
626.0	976.7	970.4	949.2	1008	965.8	958.4	937.1	941.7	986.9	953.4	1002	971.5	980.7	952.4	950.9	981.3	929.8	952.1	933.2	983.1	970.0	926.2	948.0	970.8	948.7	994.1	915.7	897.5	935.3	953.9	
627.0	978.7	946.7	986.2	987.6	999.2	921.9	931.6	983.3	1011	988.6	1000	916.7	950.9	972.3	983.2	988.0	977.9	959.7	955.5	1026	967.2	962.0	936.9	994.0	920.9	1001	931.8	966.4	935.9	931.2	
628.0	992.1	915.6	979.7	1019	953.0	955.5	955.3	975.9	955.2	936.6	1021	921.9	953.9	975.2	1007	972.0	966.5	941.5	955.0	967.4	943.9	959.0	981.1	926.3	952.1	952.5	937.6	993.8	926.8	949.5	
629.0	939.4	967.6	898.3	955.9	953.1	922.6	960.2	921.2	946.7	919.6	982.2	960.7	939.4	940.3	988.5	949.7	963.6	932.9	966.5	982.3	981.1	945.9	982.8	983.7	956.8	931.0	942.3	1002	957.2	930.7	
630.0	940.2	926.0	935.0	920.9	934.2	926.4	961.8	939.8	946.5	860.7	939.4	933.8	921.6	961.5	932.7	938.4	964.3	928.2	938.9	940.5	959.9	934.5	947.7	968.1	983.3	974.4	957.9	1018	895.9	981.3	
631.0	986.9	925.5	955.6	925.0	939.8	953.5	920.8	923.1	945.3	934.0	942.1	908.9	901.0	895.8	936.0	916.3	923.8	934.4	919.8	866.3	958.6	958.2	927.0	893.6	931.0	956.9	933.6	934.5	943.0	936.6	
632.0	984.2	927.5	924.9	900.1	939.1	930.2	957.9	909.3	950.3	894.7	904.9	886.4	891.0	938.5	881.0	910.8	936.1	970.1	906.6	945.7	963.9	923.6	918.8	921.2	951.5	918.1	921.0	944.7	898.0	898.6	
633.0	904.8	897.4	886.4	915.8	883.8	880.5	934.7	917.3	905.9	900.1	897.1	858.9	881.2	911.2	896.6	908.7	936.3	901.5	890.5	916.6	982.5	912.9	868.5	924.3	908.8	891.8	924.6	916.3	897.1	900.7	
634.0	862.3	876.5	883.1	912.9	908.3	882.2	904.6	921.6	897.4	876.7	933.8	868.0	892.1	898.6	895.1	913.8	892.6	943.4	921.9	906.1	898.7	902.3	907.1	902.5	895.6	902.1	883.4	923.0	890.0	933.9	
635.0	872.9	895.9	863.4	912.0	932.1	858.6	923.3	866.7	894.6	895.4	919.5	926.0	896.9	883.7	880.6	872.1	881.3	901.0	880.1	892.7	905.8	892.6	905.7	890.9	882.5	852.0	885.8	914.4	878.9	868.0	
636.0	892.5	886.2	880.7	905.1	869.0	862.3	872.7	833.8	872.5	868.0	883.7	946.1	861.9	844.2	877.6	897.8	877.9	886.8	865.4	898.9	843.6	890.0	899.2	848.9	887.0	873.2	835.3	873.7	870.5	891.2	
637.0	873.6	878.7	839.8	849.7	855.3	857.4	878.9	870.5	839.8	888.6	864.5	852.9	876.6	874.5	867.4	876.4	846.9	836.7	853.0	851.2	890.4	885.9	896.4	834.5	892.5	851.0	882.7	893.2	813.9	851.6	
638.0	869.4	864.0	857.3	800.0	881.5	859.8	868.1	823.1	837.3	878.8	833.6	885.8	880.6	862.1	863.4	831.9	831.0	882.4	860.9	832.6	907.2	833.1	879.2	840.9	846.2	849.5	839.9	851.9	827.2	855.0	
639.0	859.9	892.0	887.9	845.6	852.9	849.2	844.9	845.0	858.0	800.6	846.9	847.4	858.4	809.3	844.6	861.6	850.8	818.6	877.8	790.7	850.4	846.1	826.0	836.7	892.7	836.2	861.8	821.7	843.3	855.5	
640.0	846.5	869.8	832.8	849.5	853.2	857.5	882.4	864.7	821.5	831.2	853.0	821.8	833.5	841.9	828.7	828.7	837.5	872.5	850.8	861.6	827.6	807.2	816.9	850.2	850.0	864.6	842.7	834.4	821.8	815.4	
641.0	830.6	832.9	826.0	835.3	805.8	819.2	832.8	829.6	807.6	815.7	830.7	835.7	823.7	788.8	818.9	870.4	795.3	819.2	818.1	815.2	864.4	785.8	820.8	820.4	822.1	838.2	802.4	807.0	831.7	820.2	
642.0	805.2	843.3	821.3	834.9	826.3	864.8	852.3	796.5	813.1	824.8	825.6	792.3	782.1	830.3	777.3	813.2	825.0	786.0	816.6	845.0	824.2	824.2	820.4	826.7	845.8	834.3	860.0	763.0	799.3	824.8	
643.0	806.9	825.9	800.7	828.7	839.5	797.8	821.3	810.3	832.1	827.7	793.4	785.9	842.2	803.8	777.2	822.8	811.7	800.9	813.7	804.3	833.5	880.8	782.3	856.7	780.4	820.6	827.2	798.7	793.3	804.6	
644.0	798.0	788.7	770.3	798.5	797.5	817.7	805.3	797.0	780.0	806.9	783.7	784.6	787.4	764.7	810.1	816.1	824.4	794.9	821.0	764.0	791.4	850.5	839.7	804.5	799.2	798.5	805.0	831.0	791.8	823.1	
645.0	788.9	787.1	805.5	806.6	783.2	789.9	862.0	775.5	759.1	810.9	786.4	827.2	823.2	796.3	807.2	814.8	789.4	775.8	844.4	807.5	813.1	819.4	835.2	785.6	807.2	770.0	807.2	832.6	770.5	787.2	
646.0	753.5	796.8	804.0	808.0	816.3	782.9	781.0	809.9	807.2	842.0	782.0	829.8	798.5	828.7	815.2	814.7	827.7	810.8	836.6	805.5	804.9	796.2	830.7	740.5	811.6	821.5	784.0	807.7	785.5	833.4	
647.0	814.7	809.4	823.6	764.5	847.2	825.5	793.7	789.8	796.5	803.3	805.1	825.4	797.6	822.4	810.1	828.6	783.6	808.1	768.3	781.5	793.6	799.9	812.3	785.9	805.3	783.1	794.3	793.2	799.3	792.7	
648.0	821.5	788.1	784.3	792.0	838.4	804.9	774.3	820.2	836.0	837.9	784.0	830.7	792.5	879.3	793.3	810.7	818.8	789.6	780.0	770.3	808.3	791.5	795.3	798.5	804.1	773.7	855.7	787.7	798.5	779.1	
649.0	868.2	825.3	795.8	839.9	788.1	826.6	801.7	831.4	797.4	797.8	766.1	823.8	777.8	827.3	824.7	825.8	808.2	821.5	811.7	798.4	817.4	808.6	815.9	807.6	825.7	803.6	827.2	800.5	802.0	776.3	
650.0	850.0	848.2	824.9	855.0	787.6	813.9	863.9	814.7	816.7	799.3	804.5	842.9	829.3	844.5	852.3	812.9	830.8	804.7	815.9	832.8	828.7	809.7	837.2	857.5	836.7	838.8	819.6	835.9	818.1	793.9	
651.0	824.8	826.7	859.9	869.2	878.1	844.6	842.8	855.8	828.4	852.9	856.7	849.9	875.2	878.2	932.2	830.0	825.5	849.8	780.6	815.9	860.2	838.1	867.2	867.1	854.5	847.0	862.8	842.7	812.2	837.4	
652.0	872.7	861.3	872.4	887.7	917.2	857.7	850.4	905.7	854.4	908.0	877.4	880.3	889.2	871.8	883.8	899.4	906.5	892.9	823.2	855.8	880.6	862.0	895.6	856.6	825.0	889.4	828.1	877.5	892.9	866.2	
653.0	830.8	911.8	915.5	907.4	901.0	900.5	929.9	908.2	898.0	886.7	896.8	923.8	888.5	918.2	934.9	900.7	914.1	895.0	877.4	880.9	859.0	872.8	956.9	922.5	903.6	891.0	906.2	900.6	905.9	901.2	
654.0	946.1	935.9	899.9	961.1	956.9	915.7	933.2	886.3	900.3	920.7	911.9	933.1	972.1	950.6	927.6	918.9	899.2	968.9	914.3	923.6	960.9	907.2	944.1	957.6	900.3	930.4	942.4	959.4	933.9	911.7	
655.0	973.0	1001	970.4	962.5	975.6	988.9	969.5	995.3	995.5	971.8	988.5	987.2	1002	978.5	974.6	976.0	931.3	970.2	996.9	963.1	974.7	979.7	976.0	921.1	956.6	952.3	955.6	1010	981.9	981.2	
656.0	1038	1115	1060	1021	1083	1050	1025	979.5	1046	998.7	1034	1024	1005	1053	1010	1025	996.5	1006	1029	1041	989.4	1064	1020	999.0	1008	997.6	1033	1001	997.8	1020	
657.0	1070	1156	1052	1047	1077	1097	1072	1059	1046	1057	1055	1078	1094	1030	1022	1066	1054	1062	1081	1039	1088	1093	1073	1014	1023	1045	1043	1072	1061	1105	
658.0	1172	1213	1175	1170	1112	1168	1160	1152	1163	1088	1147	1099	1096	1093	1116	1105	1090	1095	1156	1118	1111	1160	1128	1107	1103	1181	1132	1149	1143	1147	
659.0	1154	1214	1216	1173	1294	1208	1232	1221	1271	1216	1192	1192	1235	1204	1170	1206	1216	1173	1209	1178	1098	1172	1215	1197	1215	1223	1193	1220	1221	1222	
660.0	1244	1310	1266	1269	1301	1234	1285	1302	1266	1249	1260	1277	1273	1307	1248	1273	1304	1241	1280	1227	1259	1253	1265	1236	1251	1226	1245	1253	1239	1296	
661.0	1292	1259	1307	1322	1354	1286	1342	1313	1327	1359	1287	1353	1330	1284	1332	1352	1357	1316	1314	1309	1345	1369	1315	1359	1287	1279	1238	1309	1301	1369	
662.0	1355	1389	1367	1432	1349	1350	1408	1408	1341	1341	1423	1449	1408	1386	1358	1392	1472	1360	1397	1432	1380	1432	1387	1344	1416	1405	1394	1340	1346	1373	
663.0	1527	1464	1387	1450	1487	1396	1438	1445	1442	1461	1483	1427	1499	1407	1518	1461	1482	1458	1459	1470	1413	1455	1389	1454	1459	1410	1430	1490	1402	1459	
664.0	1515	1606	1514	1513	1522	1480	1491	1570	1527	1508	1545	1516	1545	1456	1521	1534	1569	1487	1522	1546	1499	1484	1450	1436	1476	1497	1474	1482	1438	1424	
665.0	1610	1564	1634	1551	1587	1570	1614	1466	1552	1569	1580	1513	1630	1548	1555	1572	1580	1569	1587	1551	1551	1550	1533	1546	1565	1484	1552	1551	1534	1513	
666.0	1616	1619	1658	1612	1652	1631	1606	1593	1662	1610	1585	1632	1618	1567	1588	1594	1678	1630	1579	1580	1580	1529	1590	1623	1631	1571	1590	1607	1541	1590	
667.0	1671	1701	1694	1685	1640	1627	1577	1626	1646	1676	1668	1575	1580	1631	1649	1630	1625	1552	1599	1654	1598	1598	1603	1573	1598	1605	1647	1621	1710	1621	
668.0	1717	1688	1639	1645	1676	1641	1665	1602	1647	1605	1709	1657	1622	1663	1652	1653	1647	1585	1577	1602	1635	1694	1549	1641	1631	1693	1624	1625	1705	1636	
669.0	1652	1593	1668	1610	1727	1711	1664	1654	1616	1639	1665	1658	1695	1625	1660	1653	1588	1647	1592	1617	1606	1660	1635	1638	1625	1692	1605	1591	1621	1631	
670.0	1676	1612	1691	1642	1675	1693	1578	1655	1663	1684	1616	1682	1583	1697	1665	1692	1632	1674	1592	1559	1633	1622	1624	1575	1555	1592	1641	1628	1631	1649	
671.0	1721	1676	1626	1629	1669	1608	1625	1583	1603	1628	1614	1604	1643	1665	1645	1674	1589	1654	1614	1558	1579	1532	1592	1593	1593	1615	1618	1604	1615	1632	
672.0	1549	1628	1573	1685	1535	1628	1633	1550	1638	1574	1633	1608	1601	1617	1528	1648	1592	1591	1553	1555	1579	1565	1619	1592	1523	1546	1590	1576	1608	1570	
673.0	1571	1522	1589	1624	1561	1574	1568	1510	1596	1576	1511	1518	1455	1572	1564	1545	1543	1536	1478	1472	1576	1508	1495	1548	1522	1540	1499	1551	1532	1584	
674.0	1535	1496	1519	1544	1531	1475	1536	1470	1503	1431	1451	1498	1481	1490	1459	1458	1442	1513	1408	1469	1512	1486	1460	1531	1479	1452	1480	1503	1425	1522	
675.0	1462	1368	1407	1453	1475	1427	1409	1442	1408	1505	1351	1460	1448	1470	1400	1414	1465	1460	1383	1427	1481	1446	1427	1341	1353	1375	1352	1447	1428	1331	
676.0	1377	1365	1348	1378	1462	1391	1382	1329	1333	1367	1387	1351	1326	1343	1359	1342	1370	1303	1283	1325	1410	1342	1317	1318	1297	1317	1321	1307	1388	1329	
677.0	1290	1251	1332	1310	1288	1345	1288	1312	1240	1258	1337	1249	1298	1259	1311	1229	1298	1263	1226	1331	1284	1293	1271	1242	1241	1267	1320	1278	1244	1248	
678.0	1207	1209	1208	1217	1169	1168	1235	1173	1212	1209	1199	1167	1167	1164	1208	1163	1154	1277	1168	1199	1165	1164	1171	1182	1200	1175	1262	1197	1211	1205	
679.0	1150	1117	1124	1112	1080	1094	1166	1124	1113	1166	1116	1118	1093	1075	1123	1026	1076	1048	1072	1116	1121	1088	1062	1154	1083	1039	1109	1100	1108	1127	
680.0	1059	1019	1077	1078	1035	1053	1066	994.2	1065	1012	1083	1029	1009	1046	1001	1006	994.6	1005	1049	1007	1033	1070	994.0	1071	1033	1044	1045	997.9	1001	996.9	
681.0	967.7	1007	958.9	918.0	949.1	924.8	983.6	940.1	975.5	957.6	985.6	970.3	943.8	955.0	934.0	951.9	975.4	976.3	933.6	902.0	899.4	942.9	946.5	991.0	952.9	919.7	940.5	952.0	996.8	966.2	
682.0	911.4	883.2	887.5	871.4	892.2	906.5	893.6	878.0	968.8	874.6	848.8	865.4	877.1	876.6	837.5	924.8	914.9	890.0	870.7	840.7	865.5	886.8	882.7	876.0	860.1	891.4	889.9	898.4	890.6	904.6	
683.0	826.0	877.9	820.2	836.6	842.4	859.8	807.9	859.6	796.8	843.3	804.5	818.1	822.0	767.3	805.1	819.9	802.8	847.2	786.2	827.0	842.9	865.5	795.3	773.6	791.6	819.5	823.6	831.9	842.3	845.6	
684.0	769.5	758.1	738.2	774.5	773.5	783.4	787.5	794.7	760.2	791.8	715.0	760.7	755.0	737.0	763.6	747.2	740.0	740.1	740.4	750.1	761.8	727.8	732.7	721.5	762.3	780.5	750.4	755.0	742.7	761.0	
685.0	738.5	716.9	690.0	756.0	705.1	703.6	737.0	734.1	703.3	707.1	699.3	702.1	687.8	695.9	718.0	691.8	708.4	680.1	702.0	711.2	705.1	712.1	719.2	687.7	706.4	705.6	702.0	682.5	679.6	711.5	
686.0	658.2	669.3	669.7	673.1	664.3	657.0	656.0	660.0	651.3	670.8	663.2	667.6	632.7	682.4	664.5	642.7	617.8	643.1	659.7	637.5	653.4	693.6	652.7	645.7	638.2	657.4	664.2	661.9	615.6	692.4	
687.0	596.4	613.6	617.5	601.2	600.6	631.2	614.4	638.7	659.3	637.9	581.9	582.4	634.6	611.1	605.2	610.1	592.0	615.4	649.5	609.3	575.4	621.2	599.2	612.6	602.1	605.6	625.5	610.1	606.4	605.5	
688.0	596.0	558.5	577.1	560.5	587.9	606.0	575.7	576.5	581.9	566.2	572.7	568.1	568.5	604.8	547.9	574.1	568.8	589.9	564.4	594.2	554.4	598.3	561.0	570.9	561.0	582.7	571.6	551.1	572.9	567.3	
689.0	547.8	557.4	517.6	539.8	554.1	535.1	546.5	534.1	547.4	540.9	537.1	523.5	533.9	524.3	521.9	537.8	532.7	543.0	541.0	562.0	537.3	548.0	530.4	519.3	544.2	540.2	532.3	524.7	531.6	549.9	
690.0	516.7	542.6	489.1	491.5	504.1	508.4	513.8	520.2	510.9	510.2	505.0	496.9	486.0	475.5	486.7	533.6	487.4	503.7	516.5	511.5	511.2	499.9	491.4	477.9	521.0	476.5	478.8	519.3	514.1	526.3	
691.0	460.0	455.6	456.4	457.1	476.2	467.4	483.8	487.6	460.9	479.2	447.7	477.4	462.3	467.7	480.5	463.7	465.8	477.1	492.6	473.8	467.7	475.7	483.0	476.8	451.2	484.8	451.9	482.3	455.9	483.4	
692.0	492.8	441.8	445.2	473.7	417.5	432.3	477.6	416.9	456.7	431.6	438.7	468.7	432.7	451.1	425.4	448.5	467.1	444.0	461.7	451.4	436.4	451.8	494.5	440.2	458.1	457.1	462.2	467.9	437.8	459.3	
693.0	457.8	431.3	413.9	414.7	436.8	439.2	424.9	413.1	408.8	405.5	426.0	427.9	425.0	429.4	421.4	415.5	457.6	425.8	411.1	452.6	413.1	413.8	410.3	421.8	447.4	401.5	431.0	439.1	413.0	416.4	
694.0	422.1	426.6	409.9	407.3	414.8	384.2	398.6	409.4	394.8	406.7	412.3	399.9	429.4	424.1	391.6	397.0	409.7	401.4	405.2	410.6	412.3	396.1	403.7	423.3	406.6	376.7	388.7	387.6	390.9	385.9	
695.0	390.3	412.2	413.0	406.2	377.8	383.6	379.8	395.9	373.8	377.7	382.2	379.0	386.4	392.0	390.2	379.4	384.6	407.3	386.7	413.5	380.4	370.0	395.6	385.2	388.6	373.9	391.9	387.3	393.5	405.7	
696.0	367.1	389.3	369.6	378.8	369.0	367.1	387.7	358.0	352.2	368.3	334.7	359.9	376.9	368.1	361.5	363.1	359.2	363.1	369.3	378.4	374.1	355.5	382.0	366.0	372.5	373.4	389.5	352.1	354.0	358.4	
697.0	371.4	367.4	358.7	359.9	360.6	352.1	367.9	342.0	345.6	356.7	364.9	350.8	353.0	346.3	365.1	343.2	362.4	357.0	339.7	370.3	354.7	345.6	395.2	335.2	368.3	352.1	378.4	361.1	354.6	368.6	
698.0	362.9	348.2	366.4	341.0	343.4	340.7	348.2	342.5	346.3	349.0	337.1	336.2	344.8	347.5	346.5	351.7	337.9	328.5	331.6	335.9	346.2	351.0	342.5	332.6	329.2	333.3	341.0	344.7	346.6	339.7	
699.0	337.8	332.6	339.4	349.4	335.4	336.8	340.5	338.6	312.8	346.0	310.8	336.5	338.9	329.8	333.6	327.5	333.6	318.7	304.3	326.9	341.6	335.7	324.1	316.5	339.8	328.9	323.8	346.8	334.0	313.0	
700.0	330.8	327.5	328.8	322.6	325.8	317.7	329.2	317.6	307.1	326.0	314.3	322.2	308.6	326.4	327.3	329.5	303.9	331.0	320.7	298.5	342.9	320.0	322.1	319.7	323.7	323.4	318.4	320.1	301.3	309.4	
701.0	302.2	309.2	321.6	320.9	312.5	312.2	312.2	323.6	299.7	307.9	326.1	301.3	285.1	311.2	308.8	309.8	295.4	308.1	302.2	305.0	323.1	311.0	306.3	318.1	340.0	331.6	315.2	315.9	303.2	304.8	
702.0	316.7	292.0	321.6	288.2	292.3	313.8	311.1	286.8	310.4	309.5	308.2	288.3	311.4	307.5	309.5	298.0	307.7	304.4	292.6	315.4	308.3	290.8	301.5	299.1	304.5	307.3	306.7	297.3	287.5	299.1	
703.0	310.3	296.2	302.5	291.8	278.8	273.5	304.6	290.2	297.1	273.6	315.2	291.8	302.5	296.9	283.6	317.5	290.4	294.4	323.0	279.2	280.7	298.8	293.2	275.8	281.7	294.4	283.9	287.9	291.1	298.6	
704.0	305.1	288.3	294.9	278.7	275.7	278.2	300.0	288.9	305.3	302.7	283.5	290.5	287.6	292.1	304.4	275.9	293.2	275.5	293.9	288.0	279.4	280.5	284.1	273.5	290.6	282.5	269.7	279.2	288.6	283.9	
705.0	284.5	282.0	277.3	280.6	277.8	269.4	279.3	264.7	287.0	279.5	281.8	290.0	284.9	279.7	277.3	263.7	256.1	292.7	267.3	283.6	272.2	295.6	302.2	280.1	283.5	278.3	276.5	285.4	265.7	264.3	
706.0	278.5	301.2	285.7	270.1	270.1	271.0	269.0	267.8	276.9	270.8	279.4	246.6	268.8	255.2	274.8	265.7	259.6	263.5	269.9	273.1	279.4	269.6	282.3	282.8	261.1	280.2	265.8	265.2	267.1	275.7	
707.0	261.6	282.7	257.0	265.4	265.7	260.0	261.0	283.2	264.3	255.6	262.8	248.3	264.4	248.2	244.5	263.3	283.9	262.5	263.7	285.7	267.7	275.8	251.6	263.3	266.6	242.2	268.5	273.1	247.1	261.5	
708.0	266.8	245.4	244.1	260.3	258.6	256.5	241.1	256.4	264.9	261.6	253.2	270.4	243.6	246.9	250.5	247.5	271.7	264.8	256.3	271.1	242.8	252.6	242.4	278.7	234.9	242.6	258.5	260.8	246.6	251.4	
709.0	245.1	242.5	243.1	272.1	256.4	234.2	252.3	243.1	245.2	241.1	244.1	253.4	246.3	243.0	249.5	247.8	260.8	262.8	243.8	260.5	257.6	240.3	257.8	256.5	259.5	244.2	260.6	261.2	226.9	251.8	
710.0	249.9	247.3	236.5	222.3	248.7	243.6	247.7	243.2	248.5	270.4	255.4	242.1	249.5	266.3	240.2	237.8	250.5	223.2	252.4	254.1	264.4	242.2	253.7	244.8	264.9	228.9	236.1	225.1	241.2	235.0	
711.0	248.3	238.1	241.6	243.2	250.3	244.8	240.4	231.5	251.2	254.8	227.7	231.5	254.7	256.3	245.5	249.9	226.3	246.1	217.0	255.4	236.6	241.6	253.4	231.5	235.8	256.5	241.8	208.0	246.1	250.5	
712.0	223.5	224.4	230.9	228.2	230.1	231.4	239.2	239.6	238.8	230.5	234.3	244.0	237.6	235.7	232.8	237.1	228.1	229.3	228.5	239.7	230.2	241.0	231.5	235.1	255.7	232.2	246.8	229.1	225.7	242.8	
713.0	237.6	238.7	224.6	222.0	245.1	235.8	224.4	210.7	231.4	217.4	224.7	234.8	241.6	208.7	226.5	236.8	221.9	222.2	221.6	222.4	224.7	224.6	239.4	229.3	230.5	230.0	238.3	217.3	216.6	234.9	
714.0	214.6	232.8	216.7	230.1	215.2	212.2	240.0	219.0	221.5	217.9	219.0	211.2	235.6	224.9	233.7	208.2	223.4	203.3	219.3	219.2	210.7	221.8	229.2	237.0	213.1	223.3	228.0	226.1	211.5	227.9	
715.0	218.6	223.1	193.2	217.6	221.2	224.3	221.8	217.1	214.3	223.9	223.7	206.7	221.1	208.5	220.9	209.9	234.6	221.2	205.0	201.6	216.0	217.2	203.2	227.3	217.8	224.5	223.9	209.4	200.8	225.4	
716.0	214.4	204.5	220.3	235.7	213.3	233.9	207.6	203.6	195.1	201.5	216.9	208.0	202.5	225.0	222.8	220.8	202.5	208.3	225.0	202.5	205.1	189.5	201.0	206.4	211.6	226.3	207.0	213.0	213.7	232.1	
717.0	211.9	224.3	216.4	218.7	215.5	197.9	209.5	208.9	216.5	191.9	203.2	198.8	208.2	215.3	199.2	203.7	201.2	193.1	200.9	206.3	197.0	202.8	185.4	211.4	211.9	209.8	209.4	215.6	233.9	219.4	
718.0	214.9	211.3	203.2	187.2	213.8	190.1	192.4	203.5	197.5	191.8	200.8	200.6	183.8	201.4	177.3	200.1	201.5	184.2	194.8	192.4	206.8	200.2	186.5	190.3	204.2	183.8	201.4	212.1	210.3	219.9	
719.0	212.6	211.6	203.6	189.3	201.7	186.5	190.1	183.5	186.8	198.7	188.5	201.7	194.7	193.5	198.9	182.2	190.5	180.4	210.0	174.9	174.7	198.1	198.6	201.8	176.7	191.4	193.1	192.4	191.6	204.9	
720.0	188.2	193.7	179.5	194.4	198.8	196.5	192.3	194.4	203.8	183.1	192.9	178.3	193.1	191.5	202.3	186.9	194.0	181.9	195.3	161.6	192.1	195.2	188.6	184.6	189.9	176.7	181.2	197.1	182.1	181.6	
721.0	188.8	196.2	201.1	175.3	171.3	200.2	220.1	193.6	177.9	172.9	179.5	185.4	208.6	178.5	183.6	200.1	181.6	174.1	177.9	186.0	189.9	207.0	180.9	177.0	182.4	188.7	170.2	186.9	176.9	192.4	
722.0	178.4	171.4	203.7	197.4	180.8	174.0	195.1	178.7	173.9	169.0	159.3	169.8	192.9	178.9	163.6	166.7	188.4	181.9	171.4	169.0	185.6	180.4	178.2	174.4	177.9	174.0	186.9	192.9	184.7	175.3	
723.0	167.7	183.5	192.3	163.9	174.0	151.4	157.2	168.9	179.9	176.2	156.2	153.2	173.5	168.0	186.4	169.0	161.4	192.3	173.1	185.4	169.9	163.0	183.7	195.4	180.6	153.1	185.3	186.4	153.1	188.2	
724.0	189.0	191.4	148.6	164.8	165.2	172.0	171.8	146.7	161.3	166.6	162.8	177.0	156.6	160.2	168.5	158.9	176.2	168.4	181.6	175.0	163.8	157.7	188.6	172.9	182.4	162.4	172.0	166.1	161.8	171.7	
725.0	173.5	168.5	178.0	159.1	179.1	166.5	155.0	155.7	163.9	158.9	158.4	179.5	178.2	153.0	167.7	163.1	167.8	163.1	174.5	175.4	156.5	166.3	177.3	169.3	181.5	155.5	152.1	151.7	156.0	170.6	
726.0	164.4	164.3	158.2	152.3	174.0	171.4	174.5	168.1	164.5	153.3	154.2	171.4	156.8	157.6	155.2	156.5	150.7	161.8	163.8	156.4	181.2	155.9	159.8	145.9	161.5	177.1	166.8	155.1	158.1	167.2	
727.0	143.8	166.2	153.9	168.3	137.1	165.6	162.1	147.5	150.6	148.5	142.0	163.7	148.9	157.7	145.5	147.7	165.0	144.9	150.8	160.0	165.9	148.0	154.2	152.9	168.8	149.7	174.4	166.4	140.0	146.2	
728.0	152.6	153.9	140.7	152.3	160.4	148.0	169.2	151.5	143.7	152.5	146.3	156.5	149.0	133.3	143.7	148.4	134.4	141.2	146.9	140.8	146.6	147.7	136.7	141.7	160.7	160.9	164.3	157.9	141.9	145.2	
729.0	134.4	159.1	136.9	129.2	122.3	163.5	139.3	155.1	131.5	144.1	147.2	143.9	134.2	149.4	160.2	159.8	158.3	147.4	168.7	153.6	143.3	151.8	160.9	141.1	148.2	138.6	154.8	151.0	139.9	144.1	
730.0	129.3	145.6	132.7	121.4	144.8	129.1	151.2	139.3	127.3	135.8	133.5	139.5	136.0	131.6	141.7	140.3	138.7	141.4	143.0	169.6	143.8	143.1	138.2	155.7	135.0	124.8	143.1	137.3	148.4	135.5	
731.0	129.6	130.8	128.5	141.2	129.0	132.5	143.6	133.4	149.5	133.0	135.4	125.1	147.5	127.8	130.7	139.9	136.7	128.7	132.1	133.8	132.4	123.1	145.5	146.8	134.0	131.9	135.5	133.6	136.7	123.8	
732.0	122.9	122.9	126.8	126.7	127.1	111.4	135.4	126.9	126.9	123.0	111.5	136.9	141.2	134.6	128.3	125.3	137.9	144.0	127.3	119.1	140.9	126.6	126.2	127.7	124.5	138.1	142.7	139.7	113.0	133.9	
733.0	132.8	113.0	132.4	143.1	138.1	132.6	113.0	121.9	111.6	130.8	132.0	132.5	120.7	130.7	136.2	122.8	118.0	119.3	122.1	136.5	127.7	121.3	129.8	124.2	135.5	145.9	136.8	137.2	120.5	121.1	
734.0	118.8	123.2	117.6	131.6	120.0	101.1	129.7	115.2	117.8	121.3	121.9	137.1	125.8	115.4	129.7	124.2	127.5	120.9	107.9	141.4	117.0	109.9	114.4	102.5	111.9	135.2	143.9	117.3	113.7	121.7	
735.0	116.4	106.1	124.9	126.2	102.1	116.5	113.0	122.8	123.7	120.5	126.4	112.1	117.8	118.4	115.8	114.4	107.6	115.7	114.8	126.6	114.9	128.7	112.9	117.9	128.7	117.0	119.3	120.3	112.2	115.3	
736.0	97.99	102.9	124.9	110.1	120.7	123.0	117.0	118.8	106.3	106.7	106.8	116.8	107.0	105.2	102.8	106.4	111.5	112.8	120.4	103.2	106.8	113.8	123.0	133.1	112.2	115.4	120.0	104.2	110.6	102.7	
737.0	104.4	114.7	122.9	99.16	112.2	113.8	101.6	109.2	91.88	107.6	104.5	114.0	95.43	104.6	99.15	117.7	95.45	109.0	132.4	97.34	111.2	100.8	101.1	116.6	107.6	119.8	96.66	111.6	97.19	116.2	
738.0	98.89	107.8	127.2	102.6	110.0	100.6	97.33	109.2	108.9	103.4	85.85	108.5	101.6	100.8	99.52	101.7	101.1	104.3	103.5	88.12	107.0	113.7	99.81	87.77	104.6	112.6	107.4	104.2	93.41	96.21	
739.0	97.77	101.5	101.4	109.7	116.4	102.6	92.85	113.2	94.59	100.3	104.8	107.6	103.1	96.97	115.6	111.6	92.50	99.75	106.4	89.57	90.12	108.5	96.06	82.81	117.2	98.49	100.1	85.42	83.08	92.72	
740.0	94.29	97.31	88.74	101.2	94.66	91.05	87.22	106.9	84.34	105.6	98.52	96.27	99.58	98.19	93.35	105.0	92.57	79.81	86.81	92.68	99.37	116.8	116.2	91.71	100.7	90.34	113.6	104.7	96.31	99.40	
741.0	90.11	76.07	98.11	95.28	98.54	91.09	102.1	103.4	105.4	104.0	95.17	87.66	89.97	98.60	83.86	86.86	109.6	97.01	81.96	92.64	96.12	83.38	99.82	90.71	92.16	87.04	101.6	95.56	106.8	96.20	
742.0	94.51	81.83	101.0	97.30	80.40	86.77	93.52	94.33	88.63	91.75	78.66	88.03	89.56	89.61	79.08	81.60	94.19	84.81	90.27	87.94	86.19	86.06	92.73	79.82	96.34	92.18	95.81	90.91	87.51	83.73	
743.0	78.94	81.05	98.97	99.48	95.03	85.98	84.93	84.02	92.86	91.60	86.01	82.23	87.04	94.39	78.99	78.19	90.85	86.36	92.81	68.84	85.22	93.46	78.14	92.95	90.92	79.04	99.21	81.40	79.85	94.37	
744.0	70.97	76.61	85.70	84.92	69.38	66.56	95.81	71.39	83.29	90.22	85.82	92.32	72.12	93.72	82.45	84.68	84.48	98.34	81.23	92.67	78.05	84.32	75.23	79.73	77.50	89.85	77.54	82.99	81.94	95.50	
745.0	88.22	82.11	70.50	89.37	77.91	77.33	94.40	75.81	88.24	76.10	78.96	85.84	71.51	68.90	79.88	79.07	79.89	76.84	79.89	82.33	81.49	78.35	77.05	76.23	81.07	76.72	76.97	69.16	80.03	91.82	
746.0	67.49	72.98	62.28	74.87	74.30	75.16	70.16	89.97	74.83	84.06	75.61	75.64	85.61	67.96	72.43	67.98	79.71	67.89	89.96	88.63	70.29	69.05	79.30	75.61	81.50	69.12	67.52	84.80	71.55	93.16	
747.0	68.97	78.53	81.75	60.19	73.88	67.23	79.39	73.79	80.67	81.25	68.50	64.30	86.22	81.69	75.41	74.43	80.35	65.93	74.90	79.88	73.99	77.56	76.10	77.51	67.02	76.14	71.74	78.63	68.25	63.64	
748.0	70.08	74.75	73.90	63.54	68.48	62.37	79.69	79.67	68.15	55.06	66.98	70.06	65.14	70.83	71.66	66.72	75.08	72.73	70.11	69.12	65.91	68.27	69.31	79.38	59.41	64.36	63.22	71.87	79.72	59.83	
749.0	70.73	69.05	72.40	68.56	75.84	72.06	74.15	70.13	71.96	66.12	65.33	62.41	77.27	74.08	72.32	64.41	71.56	59.17	62.49	63.96	67.12	68.94	75.07	70.39	61.35	80.39	60.23	62.65	62.26	59.67	
750.0	73.76	59.12	75.77	52.23	61.78	63.67	63.95	61.68	61.98	62.91	64.58	68.16	70.25	59.51	58.58	65.76	59.86	58.89	54.35	72.61	69.75	68.68	69.10	71.20	62.40	72.96	71.75	57.20	52.73	51.96	
751.0	63.84	62.28	47.90	66.38	60.16	58.66	65.22	56.29	57.56	57.53	62.01	67.78	57.45	61.15	66.13	56.44	50.74	63.38	69.47	69.60	66.03	58.76	59.41	58.60	64.03	70.01	60.13	66.71	52.68	54.29	
752.0	63.96	60.92	70.48	54.56	66.86	50.70	63.24	51.14	59.75	58.62	47.89	56.45	61.79	51.52	53.45	57.69	60.40	63.50	48.02	54.70	61.26	52.02	52.36	68.18	64.84	61.56	59.90	54.16	58.67	47.11	
753.0	51.25	59.06	73.08	45.16	52.67	49.64	64.74	55.80	54.19	55.28	55.46	49.46	54.51	61.82	53.10	55.56	62.64	63.85	51.43	62.78	54.24	50.98	51.32	57.91	60.84	55.28	52.70	53.12	55.69	38.40	
754.0	62.18	55.37	55.18	46.74	54.37	52.14	50.72	48.56	48.48	52.90	48.34	49.41	44.57	48.01	52.75	50.51	50.02	65.68	50.13	55.74	48.25	59.34	58.40	49.91	58.45	53.00	49.82	50.77	50.17	47.95	
755.0	48.28	47.90	47.71	49.88	50.09	60.95	54.16	52.08	45.71	43.78	56.30	48.34	39.54	50.48	48.17	47.06	48.03	62.37	53.77	49.79	36.90	55.51	52.61	48.72	52.32	55.84	52.85	52.05	55.81	57.76	
756.0	50.12	55.45	50.43	44.70	49.18	51.42	51.91	53.87	48.79	39.51	45.80	42.78	43.37	50.83	44.79	49.06	49.25	44.86	47.18	54.22	45.91	48.37	51.21	48.47	45.58	49.93	58.14	50.67	58.73	53.41	
757.0	57.01	43.98	54.59	50.74	43.72	48.97	37.75	47.53	58.80	50.82	50.06	46.15	43.08	39.76	39.74	40.03	45.65	53.71	47.29	48.39	42.54	52.81	49.96	44.69	40.30	37.00	46.88	42.51	61.88	43.62	
758.0	53.31	48.84	40.94	42.96	45.44	45.33	37.52	44.19	43.82	40.62	41.91	50.04	49.75	47.91	46.19	43.53	52.32	40.70	46.95	51.40	47.89	56.11	42.45	43.29	50.67	49.69	39.52	48.21	49.06	44.49	
759.0	49.50	44.86	40.17	38.94	50.42	50.81	35.54	35.65	32.00	45.19	42.21	48.27	46.05	42.71	49.34	36.53	48.46	38.06	52.42	52.05	38.88	44.66	50.03	48.65	47.48	46.98	43.09	40.50	46.57	50.84	
760.0	45.11	44.97	41.69	47.96	38.32	46.18	36.68	41.36	35.26	36.28	29.58	39.85	39.65	39.47	31.48	33.99	39.70	28.04	50.51	45.83	44.99	46.65	44.61	43.09	44.27	41.71	29.81	36.15	35.91	38.60	
761.0	39.34	45.17	35.06	36.34	38.07	39.15	35.46	42.57	48.30	35.37	38.34	40.16	41.56	46.00	37.95	44.11	31.02	39.80	37.99	35.46	37.64	46.07	41.75	40.57	37.49	34.10	33.22	37.40	44.54	44.41	
762.0	39.05	41.07	42.87	31.53	35.54	40.95	35.34	43.37	29.43	41.76	32.67	41.53	42.84	39.53	37.01	30.39	30.98	34.14	37.26	31.23	50.57	42.43	37.00	43.30	41.01	35.09	41.20	38.28	34.81	43.80	
763.0	37.12	40.60	33.59	40.89	41.82	41.91	29.77	39.24	22.80	36.57	30.65	36.57	25.38	46.40	29.26	43.08	36.97	36.34	32.20	29.74	38.46	36.98	38.98	43.33	34.00	39.57	40.97	35.80	31.94	29.88	
764.0	37.63	36.68	37.78	37.81	30.45	35.29	34.37	35.27	35.93	31.61	37.34	30.99	33.82	29.79	33.37	33.76	35.92	40.96	28.80	25.87	28.50	39.78	40.44	30.89	42.12	39.06	30.93	33.13	26.35	35.50	
765.0	36.46	33.82	31.31	43.39	36.46	30.96	26.37	34.03	30.63	41.21	35.35	35.84	31.30	38.37	29.00	33.58	27.43	44.77	31.00	29.32	29.28	27.36	35.77	36.05	44.01	37.94	31.44	35.05	30.82	33.64	
766.0	29.00	23.90	28.88	35.86	35.52	28.79	32.56	38.42	17.09	33.87	22.07	35.08	33.37	32.71	41.67	37.98	37.47	30.57	30.11	23.40	36.83	36.06	36.83	30.01	34.24	31.99	35.55	30.30	34.41	25.74	
767.0	33.59	23.28	26.50	34.92	33.23	28.77	33.95	30.85	27.91	27.36	29.60	26.00	34.53	34.04	37.50	25.07	34.28	25.44	25.31	26.12	31.41	32.56	29.66	32.63	33.20	34.35	36.18	32.56	45.24	33.69	
768.0	29.32	28.36	23.55	29.33	25.08	28.99	34.18	32.36	27.43	30.17	26.77	28.14	31.52	32.07	38.03	35.36	36.27	31.34	20.78	26.36	28.96	27.93	29.49	23.78	33.32	33.25	31.65	27.11	32.52	31.83	
769.0	25.52	16.17	32.09	26.42	24.01	31.83	26.42	26.14	32.66	33.21	29.46	26.22	27.01	29.63	21.72	29.77	33.90	39.94	21.15	34.74	36.41	27.26	33.18	30.22	26.38	25.55	29.66	32.40	31.19	29.03	
770.0	23.91	26.89	29.13	27.10	25.12	24.77	23.99	27.52	29.08	25.44	30.55	27.40	27.17	25.56	24.26	23.78	26.61	29.36	28.21	26.12	35.14	27.32	21.49	28.94	31.20	33.37	34.13	28.28	17.19	30.78	
771.0	20.06	18.92	18.77	28.75	26.17	34.28	23.25	23.37	32.25	29.21	22.12	26.11	28.34	33.64	29.37	22.78	27.12	18.57	34.70	34.43	26.44	26.02	20.94	20.64	28.72	36.84	30.91	22.40	21.50	27.74	
772.0	23.11	16.99	24.90	18.71	23.19	26.19	24.10	27.72	26.94	26.49	22.64	20.11	21.68	26.65	26.05	26.22	21.57	17.50	32.83	27.57	20.97	27.41	23.37	22.82	25.38	36.15	19.21	25.33	21.71	24.04	
773.0	25.05	24.54	25.10	16.52	27.19	25.38	21.37	17.82	21.42	21.82	24.14	18.32	27.69	18.92	23.73	15.32	25.19	29.15	18.06	29.92	28.35	26.47	20.33	27.25	24.88	30.86	21.22	25.97	17.30	22.26	
774.0	27.61	22.71	21.35	21.33	16.80	24.50	19.55	22.98	33.04	21.73	24.96	22.93	20.59	23.01	15.16	23.97	26.13	21.77	14.79	28.51	25.86	32.72	18.14	33.25	18.54	21.62	17.58	19.64	19.33	14.71	
775.0	15.99	26.38	19.42	21.98	14.74	17.98	17.01	17.32	21.45	25.41	27.29	28.44	22.81	22.04	15.95	22.48	20.93	21.95	15.72	16.39	22.64	21.94	29.01	27.96	26.82	28.39	28.72	15.25	25.52	19.58	
776.0	10.90	17.98	20.99	19.84	19.97	16.45	22.41	26.46	16.76	24.27	19.30	19.70	19.79	21.19	14.07	15.24	17.20	14.01	29.72	22.43	23.58	19.59	23.42	20.30	23.02	20.69	22.36	22.06	21.34	16.97	
777.0	10.65	17.36	21.07	22.21	20.03	20.46	17.25	33.14	17.60	20.40	18.50	25.08	16.01	15.24	19.78	20.74	20.01	15.45	29.15	16.74	20.41	12.03	18.61	18.64	20.88	16.88	28.63	20.23	18.29	15.04	
778.0	13.41	17.06	18.88	19.18	18.55	18.09	15.11	24.48	29.22	20.95	13.68	17.52	22.67	15.15	19.71	24.76	27.36	11.52	15.83	17.89	11.56	12.67	19.30	26.14	14.92	18.06	13.98	30.14	15.44	23.42	
779.0	13.42	24.21	14.77	28.08	19.96	15.80	15.86	15.52	19.95	14.31	15.74	18.23	22.84	20.81	19.62	15.82	22.41	9.281	17.99	13.22	15.41	18.79	20.84	19.75	16.93	21.02	22.36	22.75	19.41	13.38	
780.0	20.99	23.25	19.86	20.03	13.05	20.33	17.68	21.47	16.41	18.49	21.73	15.20	21.89	13.40	19.19	14.54	18.60	15.34	18.66	13.82	14.87	20.07	15.18	16.76	20.93	14.33	18.28	19.81	17.12	22.13	
781.0	15.83	19.12	18.83	9.556	9.808	22.68	13.74	13.95	17.04	14.05	18.51	22.64	16.67	25.03	16.85	12.47	14.31	17.64	18.90	17.88	26.91	11.62	20.46	21.99	20.05	15.65	22.50	16.25	23.06	15.58	
782.0	14.80	13.04	13.13	16.57	16.49	15.92	16.84	26.51	12.88	12.29	8.818	14.05	15.46	18.05	16.90	16.82	16.96	10.39	21.30	11.86	22.91	17.83	22.20	17.13	22.83	18.94	16.61	21.52	24.21	12.98	
783.0	17.48	14.37	18.58	11.43	19.69	12.53	12.78	20.08	13.81	18.23	18.26	15.40	16.26	12.84	16.66	14.46	13.55	8.977	14.35	21.85	20.88	14.32	14.22	15.99	17.92	20.18	11.48	14.14	18.41	19.46	
784.0	15.76	18.71	8.074	15.23	17.25	18.62	16.54	21.24	19.50	10.27	12.15	18.92	19.16	14.92	12.86	17.10	16.11	11.92	20.55	20.63	10.33	9.033	18.94	18.05	21.17	9.601	16.70	13.73	15.84	19.01	
785.0	15.72	21.83	14.40	16.20	17.05	14.88	10.31	12.95	23.42	10.97	12.08	20.03	21.19	15.20	11.75	17.03	18.26	9.871	18.89	17.79	11.82	14.25	16.11	12.92	21.29	14.67	16.86	22.00	11.37	12.89	
786.0	10.39	17.43	12.67	20.08	6.521	10.05	13.86	18.78	9.964	10.78	18.99	18.43	15.38	18.61	18.47	19.37	18.34	11.72	9.321	9.981	19.69	17.32	12.72	10.43	18.27	18.40	10.04	13.90	13.89	10.62	
787.0	16.67	18.95	10.59	13.41	17.31	7.685	20.01	20.95	16.90	13.50	10.31	13.30	13.33	17.28	9.330	14.56	20.76	20.12	14.83	10.95	24.57	17.69	17.66	11.26	13.89	12.37	17.26	15.26	17.19	21.97	
788.0	17.19	14.57	12.20	5.806	16.94	11.87	12.71	16.16	12.05	13.76	16.57	10.71	15.12	22.74	15.17	12.04	16.61	17.04	10.13	15.84	20.12	17.60	18.00	16.23	13.60	18.74	12.25	15.09	17.00	15.99	
789.0	11.02	21.57	14.44	9.926	16.08	14.27	13.24	5.374	25.77	17.62	15.03	16.07	18.41	14.82	11.69	11.39	14.82	14.65	14.15	19.21	13.60	23.31	16.86	11.54	13.45	22.99	16.00	5.039	17.70	16.58	
790.0	13.20	9.821	13.25	10.15	14.19	9.153	16.12	14.34	18.23	9.525	17.34	15.20	12.92	11.24	9.327	11.10	15.51	10.43	6.661	18.81	9.204	16.29	6.466	7.621	11.07	10.64	19.68	10.78	14.36	9.426	
791.0	10.59	10.03	11.94	11.98	14.58	15.24	13.88	10.91	20.48	11.28	12.31	11.46	10.73	14.04	8.716	14.65	8.753	15.79	15.78	14.41	17.36	16.67	10.58	22.15	17.45	6.946	9.846	16.12	17.35	12.17	
792.0	14.10	8.446	2.505	15.37	16.71	11.22	8.074	13.51	17.58	10.31	9.605	14.21	12.96	10.26	1.697	10.33	9.636	17.97	16.41	21.11	15.25	18.85	11.45	17.74	19.50	12.24	13.85	16.28	13.18	13.76	
793.0	17.18	14.79	10.61	10.41	13.13	6.529	10.23	13.87	12.46	14.98	6.171	15.61	14.13	11.45	11.99	12.80	11.12	18.09	14.73	8.283	14.78	20.29	12.34	14.01	16.03	16.24	16.20	14.78	11.40	19.91	
794.0	11.05	21.77	16.28	17.64	7.930	5.699	10.38	11.53	12.26	5.640	8.705	11.26	11.51	7.779	13.92	10.75	10.86	20.45	13.82	13.80	11.13	17.10	8.965	21.36	7.437	11.15	8.148	11.46	8.935	9.552	
795.0	10.16	13.05	17.85	15.10	7.122	5.813	20.74	4.468	16.91	14.37	12.92	9.422	12.68	13.32	16.89	9.514	19.48	14.60	10.92	5.330	12.51	9.963	11.76	7.765	15.31	13.46	9.998	13.02	17.18	8.047	
796.0	10.22	10.91	13.39	15.14	3.888	8.446	12.42	13.23	12.43	11.11	12.47	11.07	11.89	11.48	11.56	16.74	14.94	16.83	12.97	15.93	10.51	8.176	13.23	12.38	12.04	13.56	11.10	10.59	16.27	12.12	
797.0	12.73	11.05	7.816	11.67	9.644	14.05	13.38	8.015	13.82	10.72	16.59	10.78	11.72	12.89	16.89	8.564	16.22	11.72	15.23	8.531	12.44	11.29	9.198	18.41	17.96	13.38	5.672	3.907	10.91	13.79	
798.0	9.035	6.169	7.947	12.34	8.202	11.31	10.89	7.142	14.40	6.424	3.057	8.385	13.71	15.87	8.527	7.132	9.245	13.39	15.02	22.65	12.48	7.256	14.97	8.758	11.64	11.42	9.964	11.41	18.59	9.381	
799.0	12.71	0.924	10.47	5.961	2.324	11.14	7.514	8.195	7.492	11.42	7.907	17.42	22.73	6.193	17.06	13.15	12.37	13.24	12.02	17.13	12.27	9.373	16.43	8.829	10.44	14.47	6.803	15.90	14.13	11.08	
800.0	11.92	9.958	10.13	7.277	4.079	9.044	6.952	6.320	15.40	7.907	16.32	10.38	16.87	12.19	17.43	12.41	20.44	11.83	8.771	12.95	7.518	16.48	15.21	6.395	10.42	11.87	17.63	15.49	10.12	14.19	
