500.0	-0.498479	-0.478677	-0.486504	-0.495637	-0.460698	-0.536974	-0.497507	-0.488509	-0.460140	-0.500024	-0.483896	-0.460372	-0.469484	-0.465236	-0.446395	-0.475458	-0.471662	-0.472318	-0.461184	-0.461332
501.0	-0.470940	-0.482331	-0.480162	-0.486015	-0.461328	-0.539435	-0.477286	-0.484280	-0.481529	-0.487170	-0.474899	-0.464292	-0.482751	-0.471270	-0.477828	-0.480360	-0.460952	-0.478773	-0.480783	-0.484940
502.0	-0.466788	-0.484317	-0.468800	-0.473242	-0.483494	-0.530606	-0.484051	-0.475016	-0.480970	-0.490323	-0.469364	-0.475565	-0.480720	-0.479186	-0.479216	-0.461558	-0.474729	-0.491924	-0.466023	-0.473233
503.0	-0.461575	-0.484709	-0.469339	-0.472754	-0.475500	-0.523383	-0.485223	-0.479245	-0.475282	-0.486079	-0.480458	-0.476490	-0.474576	-0.464894	-0.480117	-0.466387	-0.465723	-0.477171	-0.480321	-0.474645
504.0	-0.466836	-0.488191	-0.466767	-0.486259	-0.478552	-0.525438	-0.478898	-0.473720	-0.466411	-0.468812	-0.472802	-0.467384	-0.465861	-0.466360	-0.475004	-0.474776	-0.476117	-0.465912	-0.471202	-0.477420
505.0	-0.468791	-0.480639	-0.476758	-0.482327	-0.479473	-0.524522	-0.489936	-0.474747	-0.477300	-0.472765	-0.475021	-0.472936	-0.490021	-0.465334	-0.479143	-0.475678	-0.469885	-0.482849	-0.470230	-0.471919
506.0	-0.468936	-0.478922	-0.473232	-0.472778	-0.466270	-0.533678	-0.466712	-0.484573	-0.477372	-0.470291	-0.480702	-0.469405	-0.467820	-0.488127	-0.479460	-0.476726	-0.475606	-0.476055	-0.460455	-0.463255
507.0	-0.463385	-0.473724	-0.466743	-0.469457	-0.477268	-0.523302	-0.476749	-0.469002	-0.474991	-0.460299	-0.471924	-0.464657	-0.473939	-0.472468	-0.468941	-0.477726	-0.471979	-0.468096	-0.465683	-0.472357
508.0	-0.461261	-0.464406	-0.476954	-0.469213	-0.470315	-0.533230	-0.462243	-0.468831	-0.459605	-0.451423	-0.473899	-0.477270	-0.477342	-0.470440	-0.478875	-0.466728	-0.481131	-0.483116	-0.466777	-0.459166
509.0	-0.465557	-0.459135	-0.475387	-0.468969	-0.475960	-0.523241	-0.468959	-0.457562	-0.469595	-0.443978	-0.477679	-0.476880	-0.474796	-0.475082	-0.469696	-0.483116	-0.473293	-0.472294	-0.474120	-0.463376
510.0	-0.461044	-0.467398	-0.471297	-0.460104	-0.463920	-0.531501	-0.474869	-0.463698	-0.464150	-0.465198	-0.472632	-0.470355	-0.469802	-0.470367	-0.474931	-0.465704	-0.469374	-0.467854	-0.468819	-0.468025
511.0	-0.468719	-0.472032	-0.466988	-0.474537	-0.464647	-0.519823	-0.472744	-0.466607	-0.464880	-0.468108	-0.454199	-0.473398	-0.465837	-0.473542	-0.471401	-0.460876	-0.472003	-0.469479	-0.466801	-0.476081
512.0	-0.467054	-0.472792	-0.470294	-0.463791	-0.475112	-0.508043	-0.470522	-0.472816	-0.469862	-0.465683	-0.467536	-0.481433	-0.468970	-0.473640	-0.461150	-0.468947	-0.462339	-0.473168	-0.470303	-0.468220
513.0	-0.464350	-0.466074	-0.466718	-0.469726	-0.470848	-0.517096	-0.467371	-0.462060	-0.463640	-0.464519	-0.464756	-0.459057	-0.467966	-0.462573	-0.454868	-0.468850	-0.468352	-0.467150	-0.467774	-0.469826
514.0	-0.449772	-0.454745	-0.474432	-0.469823	-0.467045	-0.508511	-0.464685	-0.461253	-0.471466	-0.459087	-0.462781	-0.461760	-0.460696	-0.466849	-0.460907	-0.455584	-0.455767	-0.466640	-0.459871	-0.470800
515.0	-0.460875	-0.471297	-0.466620	-0.462228	-0.462030	-0.521491	-0.469667	-0.461742	-0.457467	-0.459766	-0.453126	-0.461395	-0.461675	-0.468681	-0.459689	-0.464850	-0.459418	-0.465209	-0.452917	-0.468268
516.0	-0.462950	-0.468035	-0.453030	-0.460958	-0.463726	-0.509426	-0.478776	-0.459811	-0.464321	-0.456225	-0.456637	-0.461029	-0.465005	-0.479235	-0.470987	-0.465948	-0.454550	-0.470450	-0.459652	-0.464983
517.0	-0.459451	-0.468844	-0.452541	-0.467919	-0.456167	-0.518154	-0.475186	-0.473451	-0.466581	-0.456176	-0.469243	-0.464341	-0.473890	-0.457003	-0.461710	-0.457437	-0.465747	-0.466009	-0.453914	-0.472406
518.0	-0.471567	-0.450528	-0.447692	-0.460153	-0.463581	-0.504015	-0.464221	-0.465580	-0.472852	-0.460226	-0.456272	-0.468212	-0.470953	-0.462842	-0.458204	-0.467167	-0.454745	-0.464602	-0.451555	-0.467027
519.0	-0.469660	-0.459502	-0.465347	-0.447087	-0.459147	-0.508999	-0.470815	-0.466289	-0.463251	-0.468254	-0.458832	-0.460153	-0.449387	-0.448160	-0.448587	-0.466167	-0.463459	-0.464287	-0.458971	-0.458460
520.0	-0.452017	-0.446433	-0.449847	-0.466356	-0.456943	-0.508552	-0.461535	-0.462818	-0.468793	-0.459572	-0.463927	-0.450560	-0.454870	-0.452582	-0.445373	-0.460120	-0.452140	-0.459652	-0.449610	-0.459799
521.0	-0.456241	-0.468060	-0.454108	-0.458541	-0.459075	-0.509365	-0.461755	-0.444753	-0.459192	-0.442110	-0.459246	-0.455551	-0.469362	-0.457688	-0.456183	-0.458047	-0.468157	-0.448078	-0.461768	-0.459361
522.0	-0.443690	-0.473037	-0.465396	-0.448039	-0.456725	-0.505052	-0.465711	-0.447882	-0.456276	-0.455643	-0.459953	-0.450876	-0.462238	-0.456051	-0.456500	-0.462436	-0.465674	-0.461035	-0.455275	-0.445853
523.0	-0.457327	-0.458693	-0.460229	-0.442813	-0.464186	-0.502000	-0.461803	-0.456536	-0.456324	-0.457316	-0.465415	-0.448490	-0.457392	-0.472639	-0.467846	-0.473605	-0.461098	-0.453416	-0.463056	-0.460918
524.0	-0.455155	-0.461121	-0.449774	-0.476173	-0.459075	-0.497891	-0.456089	-0.469393	-0.452849	-0.448416	-0.462123	-0.450974	-0.448702	-0.459129	-0.446785	-0.452462	-0.457301	-0.456862	-0.463883	-0.459726
525.0	-0.455758	-0.459625	-0.458368	-0.454877	-0.434970	-0.499783	-0.475528	-0.454898	-0.455425	-0.453315	-0.448299	-0.441259	-0.450783	-0.449430	-0.458448	-0.455974	-0.474194	-0.450553	-0.458023	-0.458849
526.0	-0.456699	-0.454280	-0.446688	-0.461447	-0.443085	-0.499030	-0.470888	-0.458760	-0.461088	-0.452029	-0.447250	-0.460543	-0.464711	-0.439121	-0.463025	-0.463704	-0.454404	-0.450892	-0.453209	-0.455028
527.0	-0.452910	-0.470365	-0.468065	-0.472388	-0.460237	-0.507168	-0.475040	-0.447345	-0.452338	-0.456952	-0.462123	-0.447784	-0.461161	-0.443518	-0.445689	-0.455340	-0.464847	-0.450844	-0.461306	-0.456221
528.0	-0.451317	-0.466245	-0.442942	-0.456123	-0.458953	-0.505093	-0.453647	-0.459445	-0.456908	-0.451520	-0.440058	-0.456257	-0.452055	-0.455245	-0.450267	-0.454852	-0.452067	-0.442278	-0.453452	-0.445829
529.0	-0.446079	-0.447120	-0.458319	-0.451141	-0.442238	-0.504625	-0.444147	-0.444753	-0.446772	-0.456298	-0.442959	-0.451850	-0.426475	-0.445253	-0.460688	-0.438123	-0.469544	-0.443661	-0.450826	-0.454931
530.0	-0.425443	-0.437287	-0.440958	-0.447380	-0.449651	-0.505703	-0.448079	-0.447271	-0.441498	-0.448683	-0.428550	-0.456257	-0.448457	-0.455416	-0.451922	-0.441391	-0.447540	-0.449364	-0.449294	-0.449552
531.0	-0.436352	-0.445943	-0.446150	-0.456172	-0.436811	-0.488878	-0.452426	-0.450180	-0.433283	-0.450914	-0.446178	-0.447979	-0.440085	-0.445350	-0.439408	-0.432198	-0.449536	-0.445748	-0.443531	-0.431980
532.0	-0.442266	-0.442632	-0.456287	-0.441006	-0.433734	-0.501187	-0.452572	-0.452429	-0.439967	-0.439273	-0.450103	-0.435610	-0.455678	-0.445375	-0.432298	-0.452438	-0.443499	-0.435120	-0.441464	-0.438527
533.0	-0.420616	-0.449645	-0.448182	-0.449456	-0.441123	-0.502061	-0.436625	-0.444827	-0.449179	-0.458335	-0.444008	-0.447176	-0.439425	-0.434601	-0.437849	-0.451292	-0.444326	-0.443176	-0.431568	-0.438551
534.0	-0.428846	-0.449081	-0.443040	-0.457027	-0.438531	-0.506008	-0.439678	-0.444167	-0.436759	-0.440146	-0.449884	-0.447784	-0.427430	-0.433184	-0.441769	-0.442976	-0.446761	-0.441914	-0.435093	-0.441423
535.0	-0.452548	-0.444373	-0.438632	-0.446501	-0.446404	-0.492804	-0.449300	-0.428913	-0.431436	-0.445966	-0.437742	-0.441600	-0.411935	-0.426149	-0.450583	-0.446878	-0.450972	-0.426142	-0.430571	-0.453544
536.0	-0.459330	-0.453201	-0.442232	-0.432410	-0.446429	-0.486274	-0.444122	-0.440133	-0.462157	-0.446209	-0.454492	-0.452337	-0.437466	-0.443274	-0.443133	-0.456510	-0.445641	-0.432500	-0.454522	-0.451110
537.0	-0.447503	-0.445060	-0.451684	-0.457222	-0.447543	-0.494086	-0.436454	-0.448127	-0.452824	-0.444463	-0.460709	-0.434223	-0.444859	-0.440025	-0.438190	-0.446683	-0.445592	-0.444195	-0.457318	-0.450867
538.0	-0.449507	-0.438905	-0.446076	-0.443766	-0.444054	-0.506700	-0.452157	-0.434780	-0.445363	-0.454915	-0.466195	-0.450730	-0.439890	-0.452142	-0.439529	-0.443757	-0.439263	-0.458730	-0.449804	-0.448019
539.0	-0.444510	-0.440892	-0.471689	-0.448797	-0.457258	-0.502061	-0.447615	-0.449887	-0.448279	-0.459038	-0.437912	-0.453165	-0.437417	-0.469121	-0.447856	-0.431051	-0.429527	-0.464990	-0.458558	-0.464739
540.0	-0.459523	-0.451460	-0.452443	-0.448674	-0.445653	-0.483629	-0.435697	-0.460105	-0.455692	-0.454576	-0.453760	-0.444449	-0.452227	-0.461865	-0.446541	-0.456120	-0.446761	-0.458099	-0.475701	-0.457487
541.0	-0.450496	-0.446703	-0.457218	-0.454633	-0.450063	-0.502021	-0.450008	-0.455020	-0.436564	-0.446451	-0.451566	-0.450852	-0.465127	-0.446157	-0.426041	-0.444098	-0.447661	-0.454387	-0.454789	-0.456586
542.0	-0.443980	-0.450896	-0.429278	-0.457637	-0.454569	-0.495632	-0.455991	-0.447638	-0.443904	-0.449895	-0.450786	-0.439944	-0.470537	-0.448355	-0.455136	-0.455633	-0.436854	-0.461666	-0.456102	-0.448700
543.0	-0.439321	-0.460532	-0.458001	-0.459371	-0.451758	-0.503709	-0.456626	-0.445805	-0.452654	-0.465004	-0.454224	-0.465047	-0.445838	-0.457565	-0.459787	-0.456242	-0.462680	-0.444317	-0.453427	-0.457852
544.0	-0.453393	-0.470144	-0.461160	-0.456123	-0.460746	-0.506151	-0.463733	-0.459542	-0.452849	-0.461124	-0.453492	-0.445009	-0.460745	-0.464674	-0.444375	-0.445707	-0.445276	-0.452081	-0.459701	-0.455150
545.0	-0.460175	-0.458154	-0.455455	-0.442423	-0.458905	-0.505479	-0.461339	-0.455460	-0.450078	-0.441068	-0.455711	-0.455843	-0.447527	-0.451727	-0.433345	-0.450341	-0.456984	-0.452154	-0.458971	-0.464520
546.0	-0.459668	-0.472743	-0.456777	-0.455708	-0.453042	-0.514533	-0.451351	-0.466900	-0.465220	-0.462943	-0.452712	-0.453263	-0.436316	-0.443176	-0.462708	-0.472825	-0.462145	-0.453537	-0.446765	-0.441472
547.0	-0.450665	-0.456633	-0.462458	-0.461349	-0.465349	-0.493578	-0.454233	-0.454678	-0.462692	-0.469903	-0.457539	-0.453409	-0.455213	-0.455171	-0.465021	-0.469094	-0.471467	-0.460477	-0.449999	-0.448481
548.0	-0.457206	-0.455260	-0.446076	-0.459078	-0.458978	-0.485602	-0.452645	-0.455753	-0.449251	-0.467963	-0.462976	-0.467116	-0.461504	-0.470538	-0.458983	-0.456315	-0.459491	-0.446209	-0.460746	-0.453617
549.0	-0.459378	-0.450283	-0.455552	-0.443595	-0.457645	-0.506497	-0.472720	-0.451500	-0.457126	-0.457219	-0.454175	-0.451923	-0.464123	-0.457419	-0.445129	-0.460388	-0.450436	-0.452130	-0.449731	-0.459239
550.0	-0.451534	-0.456928	-0.454279	-0.460641	-0.460722	-0.501410	-0.469789	-0.460227	-0.457539	-0.454551	-0.445276	-0.458010	-0.459913	-0.473591	-0.463098	-0.446537	-0.454087	-0.461520	-0.466582	-0.453763
551.0	-0.458968	-0.454549	-0.471714	-0.449236	-0.466173	-0.505317	-0.466321	-0.456976	-0.465998	-0.466508	-0.459027	-0.451242	-0.469753	-0.455220	-0.452409	-0.469240	-0.458299	-0.455842	-0.461403	-0.449479
552.0	-0.447310	-0.464382	-0.466572	-0.458174	-0.456216	-0.517157	-0.459728	-0.457220	-0.463275	-0.462336	-0.459612	-0.464049	-0.471687	-0.461205	-0.452385	-0.459412	-0.450388	-0.462394	-0.456272	-0.448384
553.0	-0.453296	-0.468992	-0.457928	-0.451825	-0.465325	-0.507433	-0.450985	-0.449471	-0.468452	-0.454066	-0.458563	-0.449172	-0.460500	-0.471441	-0.461394	-0.461095	-0.456692	-0.459264	-0.463956	-0.469656
554.0	-0.458896	-0.461292	-0.470098	-0.470922	-0.457524	-0.519192	-0.456821	-0.471276	-0.453626	-0.450283	-0.449469	-0.455916	-0.457196	-0.468925	-0.464413	-0.453096	-0.463824	-0.465961	-0.463178	-0.458923
555.0	-0.469322	-0.467717	-0.466327	-0.459469	-0.448052	-0.505378	-0.460924	-0.468929	-0.456421	-0.467599	-0.447909	-0.458595	-0.449387	-0.463477	-0.460639	-0.467923	-0.466550	-0.466082	-0.452406	-0.454298
556.0	-0.462057	-0.483287	-0.461503	-0.468553	-0.466270	-0.516018	-0.473696	-0.458491	-0.469765	-0.456492	-0.459319	-0.471353	-0.464490	-0.471515	-0.459421	-0.464631	-0.462485	-0.450650	-0.464564	-0.457852
557.0	-0.464109	-0.456290	-0.449406	-0.466868	-0.472132	-0.511583	-0.463098	-0.454018	-0.468768	-0.451908	-0.455443	-0.467628	-0.452349	-0.455074	-0.477244	-0.451609	-0.463216	-0.461084	-0.464734	-0.456002
558.0	-0.454358	-0.456020	-0.442281	-0.457173	-0.451419	-0.506944	-0.462365	-0.473378	-0.460894	-0.463840	-0.465025	-0.459983	-0.448090	-0.463966	-0.470962	-0.453243	-0.455524	-0.474138	-0.454084	-0.449041
559.0	-0.452669	-0.456584	-0.466033	-0.456343	-0.454617	-0.507758	-0.463024	-0.457098	-0.468234	-0.455182	-0.459002	-0.465047	-0.457563	-0.461523	-0.465947	-0.464729	-0.458177	-0.461715	-0.465999	-0.471335
560.0	-0.445910	-0.462298	-0.463364	-0.472461	-0.463120	-0.514838	-0.469203	-0.468293	-0.454112	-0.461002	-0.451298	-0.454504	-0.474527	-0.465700	-0.456402	-0.463119	-0.468741	-0.467198	-0.472540	-0.469047
561.0	-0.454937	-0.440622	-0.457095	-0.457442	-0.456555	-0.518358	-0.455942	-0.458393	-0.471904	-0.461730	-0.463903	-0.468188	-0.468334	-0.468705	-0.461759	-0.474239	-0.466696	-0.462952	-0.477451	-0.459774
562.0	-0.449651	-0.464480	-0.461944	-0.468431	-0.461546	-0.510464	-0.462634	-0.448616	-0.454963	-0.460348	-0.465854	-0.465242	-0.463585	-0.462940	-0.467821	-0.455242	-0.462850	-0.453877	-0.466193	-0.462817
563.0	-0.456723	-0.468771	-0.470832	-0.473291	-0.450862	-0.514940	-0.467811	-0.465213	-0.460967	-0.446597	-0.471705	-0.458229	-0.459081	-0.471783	-0.466166	-0.469533	-0.451166	-0.455576	-0.470327	-0.464691
564.0	-0.468116	-0.476838	-0.465494	-0.462692	-0.465083	-0.497972	-0.458482	-0.460153	-0.456664	-0.468787	-0.448713	-0.456769	-0.467673	-0.458885	-0.461272	-0.454364	-0.450485	-0.455721	-0.467603	-0.471238
565.0	-0.467005	-0.463720	-0.442721	-0.448186	-0.458517	-0.519009	-0.465906	-0.480516	-0.465050	-0.464252	-0.467268	-0.459033	-0.469533	-0.455855	-0.463025	-0.462534	-0.464530	-0.455163	-0.472394	-0.468804
566.0	-0.460851	-0.468354	-0.458295	-0.464280	-0.471769	-0.514696	-0.453329	-0.463136	-0.469279	-0.462918	-0.457052	-0.463269	-0.467844	-0.446132	-0.471060	-0.461802	-0.466234	-0.451936	-0.472029	-0.465762
567.0	-0.466161	-0.460017	-0.458075	-0.458419	-0.455538	-0.504849	-0.460582	-0.458565	-0.472682	-0.463331	-0.463586	-0.455624	-0.468872	-0.457419	-0.468941	-0.460924	-0.455743	-0.449898	-0.458509	-0.454371
568.0	-0.459982	-0.457369	-0.459985	-0.459005	-0.458057	-0.508267	-0.457945	-0.463160	-0.467553	-0.455449	-0.460855	-0.456257	-0.457245	-0.455513	-0.472034	-0.461217	-0.473025	-0.452470	-0.456005	-0.458655
569.0	-0.455034	-0.468526	-0.462703	-0.469384	-0.462272	-0.500902	-0.456797	-0.469833	-0.457831	-0.467914	-0.457686	-0.454626	-0.463756	-0.463844	-0.464388	-0.466460	-0.456692	-0.453246	-0.460236	-0.459312
570.0	-0.458896	-0.460385	-0.461944	-0.453925	-0.458542	-0.512641	-0.460069	-0.456902	-0.473143	-0.469418	-0.460465	-0.451583	-0.461480	-0.467679	-0.462538	-0.464729	-0.454380	-0.457905	-0.455762	-0.453909
571.0	-0.458220	-0.468526	-0.473207	-0.462326	-0.459172	-0.507392	-0.465271	-0.469858	-0.469400	-0.462943	-0.460197	-0.459763	-0.461161	-0.456881	-0.461442	-0.471093	-0.454623	-0.463219	-0.458120	-0.471432
572.0	-0.452306	-0.464455	-0.466057	-0.470922	-0.462490	-0.507372	-0.464197	-0.458002	-0.462692	-0.454721	-0.461660	-0.475103	-0.469900	-0.462329	-0.455988	-0.454047	-0.440894	-0.458876	-0.466777	-0.451086
573.0	-0.453055	-0.463573	-0.466400	-0.458809	-0.455998	-0.493394	-0.459215	-0.459933	-0.479852	-0.448537	-0.453541	-0.473276	-0.455703	-0.451458	-0.466872	-0.458437	-0.449901	-0.464117	-0.463786	-0.450355
574.0	-0.454624	-0.460679	-0.448500	-0.461081	-0.464356	-0.504483	-0.452108	-0.457416	-0.460869	-0.462385	-0.467731	-0.469186	-0.447576	-0.458005	-0.465825	-0.467947	-0.449268	-0.463292	-0.458777	-0.446680
575.0	-0.460247	-0.464848	-0.458809	-0.466893	-0.458057	-0.500800	-0.454941	-0.464358	-0.467650	-0.448658	-0.462830	-0.455405	-0.469019	-0.457126	-0.466823	-0.450731	-0.454988	-0.446331	-0.457780	-0.450039
576.0	-0.462685	-0.463793	-0.459201	-0.465647	-0.462757	-0.504360	-0.468837	-0.457513	-0.460651	-0.445045	-0.461050	-0.461565	-0.461308	-0.434284	-0.464388	-0.450804	-0.459248	-0.466907	-0.445646	-0.453763
577.0	-0.459209	-0.453495	-0.460352	-0.455366	-0.451831	-0.509569	-0.460631	-0.460007	-0.464855	-0.462991	-0.452541	-0.455016	-0.461651	-0.452313	-0.471547	-0.460290	-0.448951	-0.462345	-0.461719	-0.441642
578.0	-0.454599	-0.464504	-0.459936	-0.454560	-0.449917	-0.502997	-0.456748	-0.459616	-0.448012	-0.458990	-0.465025	-0.456330	-0.447331	-0.453730	-0.454893	-0.454072	-0.448611	-0.441745	-0.457269	-0.452692
579.0	-0.454961	-0.448738	-0.468408	-0.451434	-0.445169	-0.498582	-0.450374	-0.457905	-0.455230	-0.456419	-0.458661	-0.463708	-0.460868	-0.457101	-0.455501	-0.464338	-0.450996	-0.444317	-0.443896	-0.468585
580.0	-0.451993	-0.453054	-0.464515	-0.450018	-0.452316	-0.496507	-0.465271	-0.445878	-0.458098	-0.454673	-0.461562	-0.452435	-0.448996	-0.457052	-0.457741	-0.449536	-0.472660	-0.458415	-0.465658	-0.452010
581.0	-0.450786	-0.437679	-0.454720	-0.450482	-0.456046	-0.496507	-0.462585	-0.449667	-0.453067	-0.454551	-0.463391	-0.448612	-0.452104	-0.468217	-0.453505	-0.457486	-0.467451	-0.457395	-0.451579	-0.447776
582.0	-0.449869	-0.456732	-0.456361	-0.464866	-0.458299	-0.474636	-0.453989	-0.449862	-0.467699	-0.444075	-0.471949	-0.446080	-0.456217	-0.458152	-0.447272	-0.444000	-0.456473	-0.445384	-0.460260	-0.450721
583.0	-0.442749	-0.456683	-0.454426	-0.465769	-0.465155	-0.494676	-0.452865	-0.452796	-0.440793	-0.455982	-0.455589	-0.447492	-0.450146	-0.440978	-0.443571	-0.449292	-0.445641	-0.456789	-0.446425	-0.450915
584.0	-0.446731	-0.452612	-0.453740	-0.448870	-0.437828	-0.503262	-0.455845	-0.449569	-0.455352	-0.448392	-0.464781	-0.452313	-0.436683	-0.456930	-0.442305	-0.455096	-0.454818	-0.459361	-0.440662	-0.451816
585.0	-0.460851	-0.452244	-0.437628	-0.449944	-0.438046	-0.499986	-0.456846	-0.446709	-0.438825	-0.446985	-0.460904	-0.446129	-0.454895	-0.459056	-0.452799	-0.443342	-0.447223	-0.452276	-0.436212	-0.450550
586.0	-0.444824	-0.445943	-0.447154	-0.455732	-0.446429	-0.494859	-0.462683	-0.455387	-0.448814	-0.444366	-0.460636	-0.452703	-0.450831	-0.463746	-0.455136	-0.446537	-0.464530	-0.452106	-0.450412	-0.443103
587.0	-0.449120	-0.455236	-0.447521	-0.453583	-0.435042	-0.496548	-0.455088	-0.448127	-0.447283	-0.438157	-0.447470	-0.454334	-0.451272	-0.451262	-0.449463	-0.465265	-0.454087	-0.443540	-0.450801	-0.440085
588.0	-0.455782	-0.458497	-0.447202	-0.458541	-0.460867	-0.483527	-0.454306	-0.456340	-0.439627	-0.452611	-0.450444	-0.450511	-0.463413	-0.460863	-0.450559	-0.456510	-0.438606	-0.447665	-0.463810	-0.446437
589.0	-0.428653	-0.449130	-0.460009	-0.449065	-0.458808	-0.494717	-0.455527	-0.464260	-0.447963	-0.460857	-0.464171	-0.461273	-0.458640	-0.459886	-0.460444	-0.441074	-0.440627	-0.445457	-0.452358	-0.459093
590.0	-0.432467	-0.450234	-0.453300	-0.454340	-0.435527	-0.492499	-0.459972	-0.459322	-0.443272	-0.453048	-0.461416	-0.456549	-0.460231	-0.456661	-0.462075	-0.453584	-0.442428	-0.455940	-0.453257	-0.456440
591.0	-0.441493	-0.440965	-0.452712	-0.451434	-0.444151	-0.493700	-0.451962	-0.447467	-0.445387	-0.453557	-0.451444	-0.449391	-0.439620	-0.449650	-0.458861	-0.440367	-0.448830	-0.442691	-0.444139	-0.448019
592.0	-0.460127	-0.445648	-0.467820	-0.453241	-0.457863	-0.497077	-0.442437	-0.449227	-0.443054	-0.439540	-0.460514	-0.454042	-0.428997	-0.443640	-0.453943	-0.459169	-0.444034	-0.441769	-0.443750	-0.466248
593.0	-0.449724	-0.447267	-0.438975	-0.453803	-0.448561	-0.482144	-0.449178	-0.461987	-0.454744	-0.455328	-0.447470	-0.451850	-0.452398	-0.455733	-0.439846	-0.458120	-0.432302	-0.447835	-0.458582	-0.457438
594.0	-0.444124	-0.451484	-0.435253	-0.454389	-0.444515	-0.471992	-0.440801	-0.454849	-0.452873	-0.443274	-0.449518	-0.451290	-0.455703	-0.455098	-0.459957	-0.451706	-0.442038	-0.446573	-0.449513	-0.458071
595.0	-0.437221	-0.446188	-0.446272	-0.448601	-0.451225	-0.481961	-0.439605	-0.465849	-0.440453	-0.457704	-0.454248	-0.447078	-0.459986	-0.456710	-0.446006	-0.445659	-0.448513	-0.440361	-0.444309	-0.452765
596.0	-0.436908	-0.453789	-0.460156	-0.442667	-0.463120	-0.486477	-0.443976	-0.460056	-0.445800	-0.440631	-0.449030	-0.440602	-0.455727	-0.455904	-0.451338	-0.453609	-0.440286	-0.458002	-0.448273	-0.434949
597.0	-0.440311	-0.448002	-0.461013	-0.438955	-0.446307	-0.490506	-0.445417	-0.449569	-0.465900	-0.441019	-0.432987	-0.458254	-0.448506	-0.440367	-0.455477	-0.441123	-0.454307	-0.446500	-0.449172	-0.432491
598.0	-0.449531	-0.445526	-0.453398	-0.438833	-0.458687	-0.489427	-0.450716	-0.463918	-0.451074	-0.440510	-0.450883	-0.461176	-0.453769	-0.466946	-0.456329	-0.438514	-0.456254	-0.442982	-0.446984	-0.445561
599.0	-0.452017	-0.457320	-0.455528	-0.455317	-0.434752	-0.492072	-0.442730	-0.449031	-0.446724	-0.443881	-0.453004	-0.456939	-0.454087	-0.465310	-0.450340	-0.461412	-0.458031	-0.466737	-0.448783	-0.454980
600.0	-0.444390	-0.459502	-0.460891	-0.443815	-0.450063	-0.499539	-0.444489	-0.454336	-0.464442	-0.455012	-0.426770	-0.450463	-0.439033	-0.450823	-0.455550	-0.454291	-0.449998	-0.454581	-0.449561	-0.450185
601.0	-0.446297	-0.456707	-0.454426	-0.439394	-0.466415	-0.497626	-0.450619	-0.427031	-0.462473	-0.445797	-0.459856	-0.459423	-0.448971	-0.457248	-0.452896	-0.457657	-0.442111	-0.463146	-0.443726	-0.462573
602.0	-0.444173	-0.456584	-0.458736	-0.441201	-0.451855	-0.496772	-0.447395	-0.443996	-0.451390	-0.452805	-0.453297	-0.453749	-0.439057	-0.453901	-0.448075	-0.461753	-0.454623	-0.452906	-0.458193	-0.442665
603.0	-0.452910	-0.452710	-0.469853	-0.450750	-0.444781	-0.485806	-0.452035	-0.441649	-0.448206	-0.460808	-0.463172	-0.445252	-0.444981	-0.456466	-0.445178	-0.445488	-0.462072	-0.431820	-0.445719	-0.452984
604.0	-0.443062	-0.446360	-0.457144	-0.448186	-0.454254	-0.491543	-0.461901	-0.460667	-0.445873	-0.453169	-0.453858	-0.459106	-0.464319	-0.455074	-0.447004	-0.454218	-0.447223	-0.446549	-0.458315	-0.460943
605.0	-0.446369	-0.452588	-0.445929	-0.451434	-0.451516	-0.479702	-0.457359	-0.450889	-0.455595	-0.453048	-0.461002	-0.460421	-0.452790	-0.441564	-0.452701	-0.454877	-0.447564	-0.453562	-0.467190	-0.465177
606.0	-0.431815	-0.463131	-0.450680	-0.462277	-0.444030	-0.492357	-0.454477	-0.454433	-0.453675	-0.444439	-0.453492	-0.438143	-0.446915	-0.455342	-0.444496	-0.464460	-0.455937	-0.448830	-0.453987	-0.462963
607.0	-0.443980	-0.449057	-0.452785	-0.453998	-0.453745	-0.489549	-0.441192	-0.459689	-0.449446	-0.449798	-0.439765	-0.445836	-0.455360	-0.457492	-0.452507	-0.450658	-0.456619	-0.457687	-0.456953	-0.457900
608.0	-0.442942	-0.468207	-0.460425	-0.455537	-0.460892	-0.500047	-0.451620	-0.448542	-0.446699	-0.436920	-0.456784	-0.459325	-0.458224	-0.448331	-0.461856	-0.450073	-0.450996	-0.458851	-0.455178	-0.442324
609.0	-0.448252	-0.464823	-0.449088	-0.452582	-0.455198	-0.491096	-0.462683	-0.450938	-0.448790	-0.467696	-0.458539	-0.465583	-0.446890	-0.453461	-0.457961	-0.464290	-0.451532	-0.453149	-0.465804	-0.451816
610.0	-0.454068	-0.462935	-0.454353	-0.453095	-0.459632	-0.501939	-0.451791	-0.452576	-0.451342	-0.457146	-0.453541	-0.459569	-0.451492	-0.453437	-0.454381	-0.451975	-0.457228	-0.459628	-0.459117	-0.454055
611.0	-0.457327	-0.451631	-0.452565	-0.461642	-0.461909	-0.503079	-0.448640	-0.450987	-0.446894	-0.454527	-0.463318	-0.461663	-0.442582	-0.463722	-0.458058	-0.444317	-0.457057	-0.463146	-0.453889	-0.454323
612.0	-0.459523	-0.460483	-0.457340	-0.459029	-0.463823	-0.506171	-0.449300	-0.452307	-0.461744	-0.454964	-0.452102	-0.454334	-0.449436	-0.433233	-0.448952	-0.452219	-0.448903	-0.445942	-0.445403	-0.453982
613.0	-0.439876	-0.458227	-0.464564	-0.452704	-0.460649	-0.499071	-0.461193	-0.463087	-0.466727	-0.453339	-0.463172	-0.472473	-0.455360	-0.439023	-0.444034	-0.450560	-0.455280	-0.442424	-0.456224	-0.436069
614.0	-0.451220	-0.452490	-0.466106	-0.458590	-0.466149	-0.494412	-0.464734	-0.452331	-0.459265	-0.461318	-0.458246	-0.459033	-0.453549	-0.461718	-0.464900	-0.458193	-0.462437	-0.455818	-0.463178	-0.449528
615.0	-0.436087	-0.456315	-0.455724	-0.453217	-0.456022	-0.486314	-0.457261	-0.447882	-0.468671	-0.457413	-0.456491	-0.463002	-0.448506	-0.444178	-0.446030	-0.443878	-0.462023	-0.450698	-0.442096	-0.443662
616.0	-0.450569	-0.438734	-0.464368	-0.459029	-0.438773	-0.485175	-0.452597	-0.446880	-0.466265	-0.456589	-0.451590	-0.454553	-0.450978	-0.454243	-0.458642	-0.450487	-0.460295	-0.458439	-0.447203	-0.444125
617.0	-0.460102	-0.450136	-0.450484	-0.461715	-0.446937	-0.492438	-0.451717	-0.460985	-0.453335	-0.452975	-0.456906	-0.449610	-0.445299	-0.467948	-0.459835	-0.466167	-0.461731	-0.457177	-0.472977	-0.451329
618.0	-0.444245	-0.466098	-0.442085	-0.465989	-0.452558	-0.492621	-0.441241	-0.459591	-0.454234	-0.451981	-0.454419	-0.462101	-0.448335	-0.460961	-0.467554	-0.457510	-0.446761	-0.460137	-0.464005	-0.451962
619.0	-0.449265	-0.475906	-0.452614	-0.461227	-0.441365	-0.500963	-0.450936	-0.460740	-0.455546	-0.473201	-0.452736	-0.449294	-0.452276	-0.456661	-0.461540	-0.451853	-0.458980	-0.462176	-0.461987	-0.450234
620.0	-0.456723	-0.462396	-0.463535	-0.463083	-0.460722	-0.492540	-0.445514	-0.455802	-0.455911	-0.447349	-0.444081	-0.454212	-0.458542	-0.452484	-0.446517	-0.464070	-0.453528	-0.466592	-0.457464	-0.452449
621.0	-0.447528	-0.451999	-0.455626	-0.461667	-0.454883	-0.502061	-0.461852	-0.456096	-0.449859	-0.451326	-0.462245	-0.460932	-0.466033	-0.465945	-0.455818	-0.451024	-0.458688	-0.454702	-0.450874	-0.459604
622.0	-0.449748	-0.443270	-0.450778	-0.457564	-0.452025	-0.490872	-0.451547	-0.454556	-0.419939	-0.452999	-0.459929	-0.449245	-0.462899	-0.441662	-0.449439	-0.464704	-0.460416	-0.467271	-0.448102	-0.454274
623.0	-0.458509	-0.455530	-0.440150	-0.451922	-0.458081	-0.505174	-0.456187	-0.451598	-0.442300	-0.453921	-0.453492	-0.459861	-0.456413	-0.447549	-0.451995	-0.459339	-0.459856	-0.457128	-0.441950	-0.454104
624.0	-0.445476	-0.446090	-0.463339	-0.441128	-0.454278	-0.504503	-0.459264	-0.462720	-0.448911	-0.454794	-0.446202	-0.440163	-0.466277	-0.444080	-0.457011	-0.452511	-0.454526	-0.454629	-0.441732	-0.450599
625.0	-0.451269	-0.450087	-0.454328	-0.442642	-0.453139	-0.507270	-0.444709	-0.462940	-0.438606	-0.445675	-0.436084	-0.455283	-0.465078	-0.456735	-0.449122	-0.457266	-0.440967	-0.452955	-0.445525	-0.460431
626.0	-0.444873	-0.443344	-0.462433	-0.449187	-0.444200	-0.481859	-0.441119	-0.446758	-0.439675	-0.451229	-0.430891	-0.468042	-0.456217	-0.455758	-0.431154	-0.455559	-0.445422	-0.445214	-0.453525	-0.447897
627.0	-0.432998	-0.440401	-0.454206	-0.444450	-0.444733	-0.477342	-0.448982	-0.436247	-0.436880	-0.447446	-0.460465	-0.454066	-0.425741	-0.438412	-0.443888	-0.452097	-0.441162	-0.458220	-0.458509	-0.447265
628.0	-0.444245	-0.438587	-0.452590	-0.438906	-0.439912	-0.478176	-0.441802	-0.436100	-0.416294	-0.446185	-0.448957	-0.442038	-0.432913	-0.438852	-0.448806	-0.461436	-0.444619	-0.450674	-0.443531	-0.439914
629.0	-0.419892	-0.444741	-0.435645	-0.435755	-0.443836	-0.484117	-0.447102	-0.446073	-0.429030	-0.439879	-0.435401	-0.448856	-0.428262	-0.428347	-0.457863	-0.457218	-0.440481	-0.433470	-0.447567	-0.451353
630.0	-0.432201	-0.443564	-0.441889	-0.430505	-0.453769	-0.474331	-0.439458	-0.435391	-0.433939	-0.426880	-0.437400	-0.434247	-0.433843	-0.441686	-0.439140	-0.434758	-0.427068	-0.432912	-0.438814	-0.434049
631.0	-0.424888	-0.439641	-0.447129	-0.423936	-0.431021	-0.453518	-0.430544	-0.433118	-0.430925	-0.447882	-0.428696	-0.441989	-0.424958	-0.444691	-0.439188	-0.430003	-0.417064	-0.440944	-0.423009	-0.432467
632.0	-0.434446	-0.422771	-0.432608	-0.440176	-0.427799	-0.460558	-0.428005	-0.437396	-0.437463	-0.449871	-0.414579	-0.433151	-0.437221	-0.431523	-0.424677	-0.420761	-0.417234	-0.435266	-0.412699	-0.425823
633.0	-0.429353	-0.415464	-0.407950	-0.428502	-0.431433	-0.450589	-0.424561	-0.426542	-0.422491	-0.404253	-0.422893	-0.424362	-0.424762	-0.421458	-0.419345	-0.431515	-0.437438	-0.406706	-0.420018	-0.439817
634.0	-0.417671	-0.413012	-0.432780	-0.423227	-0.420822	-0.459174	-0.409322	-0.418940	-0.417071	-0.417568	-0.418700	-0.417009	-0.404298	-0.424023	-0.404225	-0.419736	-0.413510	-0.433519	-0.427215	-0.425044
635.0	-0.420857	-0.403891	-0.403690	-0.420956	-0.407594	-0.433499	-0.409249	-0.399336	-0.407374	-0.403089	-0.427721	-0.407464	-0.405889	-0.413812	-0.411189	-0.411006	-0.415384	-0.402144	-0.392444	-0.413045
636.0	-0.409055	-0.410315	-0.392279	-0.410504	-0.392719	-0.421597	-0.399310	-0.413098	-0.404287	-0.393558	-0.403656	-0.414549	-0.401826	-0.393266	-0.409216	-0.383791	-0.393988	-0.407531	-0.395726	-0.405427
637.0	-0.390446	-0.397785	-0.394311	-0.394996	-0.396547	-0.440477	-0.396404	-0.399922	-0.387662	-0.402459	-0.388686	-0.396849	-0.396783	-0.377631	-0.383773	-0.395765	-0.405550	-0.384625	-0.392176	-0.385008
638.0	-0.389577	-0.368778	-0.371465	-0.383836	-0.364617	-0.412950	-0.375524	-0.383104	-0.383287	-0.389072	-0.370863	-0.396410	-0.377788	-0.369276	-0.371477	-0.392156	-0.409469	-0.374215	-0.387897	-0.396471
639.0	-0.393318	-0.365933	-0.348962	-0.375386	-0.365659	-0.389818	-0.352910	-0.367827	-0.373274	-0.372096	-0.365841	-0.352706	-0.374581	-0.348950	-0.381095	-0.374232	-0.346765	-0.359511	-0.376274	-0.378071
640.0	-0.340653	-0.330232	-0.345509	-0.359756	-0.357277	-0.365180	-0.365755	-0.345460	-0.361704	-0.365717	-0.364329	-0.338292	-0.346676	-0.354227	-0.374691	-0.364331	-0.359910	-0.358662	-0.347168	-0.346602
641.0	-0.346832	-0.341144	-0.349500	-0.334504	-0.332663	-0.375271	-0.336914	-0.324120	-0.352079	-0.325290	-0.361135	-0.350101	-0.325428	-0.337517	-0.344597	-0.344554	-0.338099	-0.315931	-0.333697	-0.310460
642.0	-0.308045	-0.294752	-0.306771	-0.326128	-0.309551	-0.362739	-0.309587	-0.299871	-0.327556	-0.300820	-0.317980	-0.312995	-0.314291	-0.318022	-0.324097	-0.321729	-0.310399	-0.295985	-0.311983	-0.319173
643.0	-0.296291	-0.257726	-0.262034	-0.283634	-0.275175	-0.305976	-0.271465	-0.275378	-0.269466	-0.275404	-0.284529	-0.272796	-0.278748	-0.282208	-0.308100	-0.288491	-0.285351	-0.285600	-0.290415	-0.298315
644.0	-0.271310	-0.224134	-0.249056	-0.259946	-0.265242	-0.252469	-0.253394	-0.248733	-0.246619	-0.232478	-0.236010	-0.237735	-0.251332	-0.251427	-0.268852	-0.249717	-0.259306	-0.262548	-0.248009	-0.274731
645.0	-0.200591	-0.210893	-0.213060	-0.181553	-0.231326	-0.233548	-0.172560	-0.194467	-0.199710	-0.225930	-0.191148	-0.204135	-0.207760	-0.213805	-0.202139	-0.225087	-0.225471	-0.186599	-0.210077	-0.217537
646.0	-0.142423	-0.158174	-0.155026	-0.149317	-0.175363	-0.171089	-0.164989	-0.176133	-0.135302	-0.159481	-0.155795	-0.149840	-0.141179	-0.201590	-0.148087	-0.187289	-0.140031	-0.155540	-0.181141	-0.141115
647.0	-0.102116	-0.110360	-0.131029	-0.106335	-0.131030	-0.103543	-0.101739	-0.078355	-0.090337	-0.084785	-0.113859	-0.075092	-0.124044	-0.126590	-0.113756	-0.102913	-0.111065	-0.100944	-0.103088	-0.090735
648.0	-0.032604	-0.008356	-0.014962	-0.001567	-0.031218	-0.016263	0.000342	-0.041444	-0.009644	-0.049135	-0.028280	0.009882	-0.018542	-0.054278	-0.036087	-0.006588	0.006019	-0.018686	-0.036463	-0.002144
649.0	0.055735	0.074522	0.073435	0.049962	0.031527	0.065728	0.038683	0.062689	0.077125	0.076489	0.054861	0.057360	0.055383	0.080819	0.049617	0.121438	0.077340	0.056778	0.061286	0.061622
650.0	0.099904	0.173093	0.170403	0.106376	0.123828	0.123101	0.183744	0.132845	0.160492	0.156277	0.164090	0.149152	0.139589	0.152886	0.141895	0.186549	0.156937	0.187323	0.141041	0.145832
651.0	0.257271	0.275832	0.239945	0.287583	0.215403	0.187594	0.319281	0.221334	0.247991	0.236065	0.279902	0.267482	0.245581	0.243521	0.272399	0.245807	0.254547	0.321993	0.304199	0.278231
652.0	0.372642	0.417804	0.419188	0.371104	0.386196	0.291964	0.398406	0.362378	0.390905	0.350534	0.418876	0.384352	0.384374	0.361273	0.351529	0.341156	0.355321	0.373920	0.411918	0.379965
653.0	0.512149	0.505586	0.500484	0.509329	0.492549	0.403862	0.487054	0.554023	0.516320	0.473490	0.495678	0.482961	0.508235	0.568193	0.544363	0.556973	0.503075	0.556878	0.539818	0.482428
654.0	0.636932	0.626715	0.662097	0.719110	0.634998	0.498263	0.677295	0.645201	0.673331	0.641312	0.661959	0.641952	0.677626	0.665668	0.667319	0.658663	0.623566	0.694945	0.673311	0.598765
655.0	0.750855	0.826554	0.800202	0.828762	0.824930	0.583305	0.784747	0.817290	0.795829	0.788035	0.817513	0.786335	0.817642	0.857686	0.820710	0.789615	0.766209	0.820637	0.787838	0.782761
656.0	0.929703	0.991084	0.980915	0.909108	0.947029	0.669975	0.931762	0.992312	0.906903	0.948582	0.957950	0.943622	0.953498	0.952718	1.003075	0.949344	1.009382	0.934682	0.999384	0.972842
657.0	1.146687	1.132811	1.153057	1.157474	1.138899	0.768242	1.111502	1.178334	1.075095	1.091424	1.105945	1.150822	1.101593	1.104916	1.090970	1.077371	1.089709	1.178787	1.106129	1.121062
658.0	1.344120	1.281893	1.308548	1.305224	1.274565	0.834363	1.259494	1.262179	1.284119	1.274525	1.309286	1.336840	1.264619	1.221202	1.196640	1.318548	1.219450	1.344517	1.272935	1.342295
659.0	1.367532	1.450101	1.417759	1.368720	1.454807	0.946464	1.481481	1.439401	1.413909	1.404514	1.416808	1.452005	1.472197	1.449865	1.498795	1.489007	1.438769	1.447885	1.417613	1.528969
660.0	1.551691	1.602371	1.579616	1.592664	1.690042	1.021334	1.622635	1.586068	1.557066	1.665463	1.647945	1.626823	1.612703	1.569082	1.695525	1.570700	1.650054	1.561445	1.547458	1.601983
661.0	1.754193	1.792893	1.750779	1.757509	1.855264	1.140352	1.903722	1.865468	1.834631	1.811701	1.821540	1.793849	1.761287	1.732762	1.795107	1.770909	1.793670	1.760417	1.768731	1.806667
662.0	1.978900	2.022156	1.960385	1.872290	1.996259	1.285005	2.010687	1.931957	1.986295	1.996742	2.002695	2.090162	1.991385	1.990252	1.988428	1.907715	1.947996	1.938521	2.025504	1.999912
663.0	2.217848	2.247741	2.210151	2.158020	2.202181	1.372896	2.174308	2.232624	2.151570	2.231984	2.173365	2.107206	2.064820	2.141716	2.163732	2.098901	2.135427	2.193303	2.178692	2.199485
664.0	2.432659	2.446354	2.415839	2.390024	2.383876	1.453259	2.335487	2.425735	2.452954	2.348392	2.487885	2.326336	2.458923	2.376243	2.558166	2.484200	2.461605	2.469923	2.314860	2.360117
665.0	2.529204	2.554243	2.530927	2.607375	2.505006	1.639009	2.648077	2.689735	2.623090	2.617587	2.687813	2.550336	2.679230	2.486177	2.672600	2.647587	2.622260	2.576688	2.555585	2.603498
666.0	2.792287	2.826416	2.871293	2.792978	2.914426	1.816011	2.809257	2.804624	2.849128	2.794624	2.846293	2.784076	2.760008	2.945457	2.833295	2.854868	2.799954	2.843602	2.784152	2.773865
667.0	3.031235	3.061809	3.015765	3.083593	3.040402	1.883149	3.009510	2.953736	3.046000	3.015315	3.034030	2.969119	3.046407	3.082264	2.993991	3.076781	2.982517	2.896985	3.131866	3.026982
668.0	3.221910	3.272683	3.258184	3.303385	3.154264	2.192394	3.168247	3.203069	3.303635	3.282084	3.282720	3.253989	3.217756	3.175097	3.098686	3.291378	3.126132	3.193017	3.304507	3.282533
669.0	3.383622	3.432063	3.444284	3.525621	3.553994	2.381602	3.351405	3.398625	3.466479	3.495500	3.558231	3.441468	3.464988	3.436496	3.439554	3.479150	3.432837	3.396842	3.392043	3.413959
670.0	3.649119	3.571828	3.552025	3.647728	3.619404	2.739675	3.707953	3.479292	3.563700	3.531877	3.655757	3.555902	3.587381	3.658807	3.685467	3.593765	3.605663	3.634638	3.640063	3.547819
671.0	3.820486	3.687073	3.796893	3.742971	3.759915	3.022471	3.695743	3.731070	3.804321	3.742868	3.770349	3.697120	3.719564	3.749197	3.807206	3.720572	3.776055	3.792360	3.858903	3.813104
672.0	3.948407	3.912658	3.985441	3.850426	3.914962	3.299163	3.864248	3.853292	3.855362	3.859276	3.897133	3.908946	3.952110	3.810272	3.882684	3.964432	3.870987	3.962215	3.871061	3.908023
673.0	3.929098	3.878330	3.882597	3.935901	4.009443	3.541269	4.018101	4.029292	3.903972	4.009637	3.799607	4.001468	4.035336	3.947079	3.945988	3.932730	3.922105	3.903979	4.043702	4.029714
674.0	4.013575	3.959246	3.953608	4.031144	4.004598	3.693857	3.986354	4.134403	3.974457	4.012062	3.928829	4.033120	3.932527	4.003267	3.943553	3.925414	3.931841	4.047142	3.968324	3.985905
675.0	3.885653	3.878330	3.921776	3.994512	3.917385	3.905445	3.947280	3.953514	4.003623	3.912630	3.782540	4.011207	3.920288	3.983723	3.965466	4.001011	3.999998	3.918538	3.919692	3.956699
676.0	3.962889	3.824386	3.899737	3.838215	3.902849	3.897307	3.839827	3.855736	3.925847	3.999936	3.836179	3.872424	3.947214	3.832259	3.887553	3.888835	4.014603	3.899126	3.839451	3.905589
677.0	3.694978	3.638033	3.691600	3.664823	3.728421	3.940032	3.695743	3.816625	3.675504	3.655561	3.760597	3.719033	3.624098	3.634377	3.683032	3.781537	3.810133	3.712286	3.640063	3.654906
678.0	3.617742	3.554664	3.559371	3.479220	3.546726	4.007170	3.519911	3.523292	3.566131	3.524602	3.604556	3.468250	3.511497	3.509785	3.563728	3.527922	3.571585	3.510887	3.550095	3.574590
679.0	3.296732	3.409995	3.282671	3.308270	3.103389	3.935963	3.358732	3.337514	3.247733	3.352415	3.216891	3.273467	3.276504	3.348549	3.200947	3.157255	3.403627	3.316768	3.253444	3.297136
680.0	3.077093	3.152534	3.069636	3.115340	3.008908	3.765065	3.060794	2.887736	2.992529	3.046843	3.136432	3.100598	3.127185	3.060277	2.903904	2.949973	3.031200	3.144487	3.156181	3.012379
681.0	2.775392	2.819060	2.824768	2.768556	2.701237	3.535166	2.865425	2.765513	2.657118	2.826152	2.734138	2.779206	2.816309	2.801321	2.784600	2.747569	2.746402	2.819337	2.735521	2.776299
682.0	2.534031	2.451258	2.503992	2.502363	2.536500	3.345957	2.482014	2.499069	2.523439	2.399321	2.490323	2.599032	2.473610	2.527707	2.480253	2.489078	2.444566	2.452937	2.434007	2.420962
683.0	2.268534	2.252645	2.246881	2.182442	2.207026	3.148610	2.206056	2.159291	2.197750	2.156804	2.268452	2.207032	2.211691	2.276080	2.290341	2.196445	2.152466	2.137494	2.234618	2.167845
684.0	1.911319	1.973116	1.873457	1.947996	1.964765	2.912608	1.959402	1.934402	2.003309	1.883486	1.862745	1.919727	1.944876	2.017124	1.927559	1.942831	1.875945	1.984625	1.916083	1.830032
685.0	1.666338	1.694076	1.672666	1.679849	1.671630	2.601329	1.705667	1.735668	1.759528	1.699901	1.609666	1.642162	1.718205	1.748397	1.745925	1.734330	1.643239	1.703152	1.681924	1.660152
686.0	1.424494	1.528566	1.467957	1.454927	1.428158	2.389740	1.439233	1.507601	1.478561	1.447440	1.442409	1.437883	1.446739	1.470386	1.497578	1.490470	1.504734	1.437936	1.470378	1.479562
687.0	1.248059	1.234324	1.350420	1.288129	1.276261	2.072358	1.224327	1.343090	1.320820	1.277435	1.301972	1.302753	1.266822	1.324540	1.271631	1.275385	1.321442	1.249641	1.274150	1.304571
688.0	1.077416	1.144090	1.123917	1.108631	1.151982	1.862804	1.131771	1.116001	1.149955	1.121012	1.153001	1.165918	1.118728	1.121039	1.119701	1.089564	1.122814	1.103081	1.093485	1.129580
689.0	0.937427	0.948910	1.030378	0.959172	0.969559	1.575939	0.987687	0.940245	1.005582	0.952462	0.956974	0.999622	0.937587	0.981790	0.975075	0.986655	0.943659	0.937594	0.967530	1.004725
690.0	0.779094	0.838814	0.802896	0.839263	0.856908	1.439221	0.770339	0.819490	0.792912	0.872674	0.865544	0.853048	0.849464	0.823240	0.816571	0.808880	0.841668	0.821608	0.867107	0.855289
691.0	0.657448	0.695371	0.651568	0.695177	0.694109	1.212984	0.689505	0.695801	0.666525	0.779547	0.690729	0.712074	0.731723	0.732606	0.662206	0.748403	0.711683	0.682327	0.719511	0.725323
692.0	0.619072	0.597536	0.601370	0.609213	0.614406	1.048189	0.647012	0.577978	0.564201	0.633552	0.608076	0.563796	0.575550	0.647101	0.579911	0.637691	0.611396	0.618268	0.648752	0.659610
693.0	0.500805	0.527654	0.492404	0.537658	0.498847	0.935681	0.552503	0.507823	0.525799	0.549155	0.529812	0.598613	0.526838	0.566483	0.519285	0.571361	0.531798	0.494274	0.524985	0.521370
694.0	0.455429	0.443795	0.452001	0.422145	0.479224	0.814425	0.430641	0.429601	0.437571	0.400735	0.439356	0.480526	0.453648	0.446288	0.454764	0.444797	0.455366	0.434825	0.485594	0.495814
695.0	0.380365	0.359936	0.343279	0.414819	0.369480	0.803642	0.359332	0.361889	0.363926	0.415528	0.409855	0.408943	0.421091	0.314367	0.390729	0.383832	0.400110	0.439436	0.358666	0.426451
696.0	0.275615	0.291770	0.331526	0.370372	0.345254	0.693575	0.314641	0.325712	0.358579	0.344956	0.266492	0.340039	0.314610	0.338309	0.307460	0.351886	0.330736	0.363486	0.321707	0.353923
697.0	0.294441	0.279020	0.276430	0.292711	0.295106	0.615043	0.246018	0.312267	0.303892	0.266865	0.275269	0.272108	0.305798	0.291892	0.304294	0.317502	0.302743	0.289721	0.294959	0.295755
698.0	0.271270	0.267495	0.223539	0.274884	0.269911	0.601616	0.238447	0.247489	0.229276	0.237763	0.280146	0.236317	0.282543	0.238391	0.266069	0.245319	0.220225	0.238522	0.239033	0.241724
699.0	0.218412	0.241749	0.227212	0.211876	0.260948	0.535698	0.215980	0.211067	0.234623	0.240431	0.192372	0.211482	0.235300	0.227886	0.220538	0.231419	0.253573	0.176889	0.216906	0.217386
700.0	0.218412	0.217474	0.173096	0.210900	0.214676	0.507825	0.219643	0.175378	0.206915	0.174951	0.236503	0.177395	0.203723	0.184890	0.207634	0.161431	0.184686	0.216926	0.212773	0.170170
701.0	0.154451	0.182655	0.190482	0.225064	0.173492	0.499687	0.191803	0.188823	0.153444	0.166705	0.194567	0.161326	0.205191	0.190997	0.195217	0.159237	0.191259	0.193632	0.200128	0.157514
702.0	0.165795	0.147346	0.167464	0.158394	0.180275	0.469780	0.196687	0.176600	0.197922	0.138816	0.172623	0.145500	0.191973	0.151665	0.193999	0.160700	0.163022	0.147286	0.182378	0.147536
703.0	0.138763	0.135086	0.177014	0.127378	0.145632	0.421969	0.151020	0.153623	0.146638	0.143181	0.158726	0.133326	0.149380	0.133831	0.140921	0.136558	0.180061	0.133940	0.159521	0.157514
704.0	0.146245	0.146611	0.159139	0.096852	0.101540	0.414645	0.159079	0.115489	0.136916	0.145121	0.135807	0.139169	0.116090	0.139450	0.153582	0.159237	0.135760	0.116712	0.142743	0.168710
705.0	0.115834	0.116451	0.087882	0.146427	0.134003	0.353813	0.120005	0.108645	0.115284	0.127660	0.092652	0.115308	0.127595	0.162414	0.140678	0.077056	0.145983	0.109190	0.109188	0.107378
706.0	0.104007	0.094138	0.114083	0.103934	0.119952	0.358086	0.112679	0.124534	0.126222	0.117474	0.117521	0.101917	0.073008	0.146046	0.096365	0.080226	0.096083	0.132484	0.095814	0.102997
707.0	0.108110	0.086782	0.125102	0.117610	0.082886	0.349541	0.133437	0.099111	0.096083	0.086432	0.096797	0.117743	0.077414	0.083750	0.109269	0.090468	0.110688	0.088565	0.103109	0.084013
708.0	0.084215	0.065449	0.079312	0.080245	0.063263	0.317396	0.108039	0.117200	0.086604	0.111654	0.069002	0.124804	0.079862	0.071780	0.122417	0.102661	0.085129	0.076433	0.099705	0.049209
709.0	0.081560	0.101984	0.103309	0.053381	0.051635	0.302747	0.057243	0.084200	0.066674	0.058543	0.065589	0.048108	0.052201	0.088636	0.055217	0.077300	0.067116	0.074734	0.049615	0.098129
710.0	0.062010	0.081387	0.059967	0.048741	0.044609	0.309868	0.032089	0.061222	0.036779	0.112624	0.038525	0.067830	0.065909	0.051991	0.048156	0.070228	0.057379	0.048043	0.027244	0.078172
711.0	0.040046	0.056377	0.041357	0.036531	0.039279	0.268974	0.077268	0.049489	0.005911	0.072124	0.052667	0.076839	0.027967	0.041731	0.068365	0.069740	0.042288	0.040278	0.027001	0.098129
712.0	0.055735	0.042645	0.054335	0.032379	0.090881	0.277316	0.042346	0.026267	0.029973	0.051267	0.052423	0.051517	0.028946	0.007529	0.079078	0.067301	0.013808	0.030087	0.053019	0.030226
713.0	0.027013	0.028669	0.012953	0.016261	0.038310	0.255140	0.045032	0.037511	0.011744	0.028470	0.020971	0.011343	0.069581	0.024630	0.006521	0.086566	-0.006639	0.036153	0.013384	0.005157
714.0	0.022910	0.037006	0.019809	0.025785	0.014811	0.218112	-0.006496	-0.008444	0.014661	0.057815	0.021458	0.019378	0.004957	0.006063	0.061304	0.032429	0.024031	0.038822	0.040131	0.009051
715.0	0.016393	0.019351	0.018585	0.017482	-0.001420	0.218112	-0.005519	0.024800	0.021223	-0.006452	0.014875	-0.004727	-0.009485	0.022431	0.009443	-0.001955	0.020867	0.004123	-0.003637	0.001020
716.0	0.008911	-0.003943	-0.034551	-0.006940	0.000275	0.219536	-0.013823	-0.002578	-0.010130	-0.018578	0.003416	-0.007161	-0.021969	-0.004930	0.019913	-0.019025	-0.053862	-0.025723	-0.021873	-0.004091
717.0	-0.039844	-0.019145	-0.013983	0.006981	-0.022255	0.214043	-0.009183	0.004022	-0.035651	-0.055926	0.000247	-0.007648	-0.044734	-0.018122	-0.030731	-0.026341	-0.024165	-0.041738	-0.014336	-0.019911
718.0	-0.043465	-0.005904	0.003648	-0.016220	-0.059563	0.244967	-0.034581	-0.031422	-0.024956	-0.061989	-0.031205	0.014265	-0.030536	0.007285	-0.031461	-0.030243	-0.020270	-0.045620	-0.054213	-0.003604
719.0	-0.035500	-0.030915	-0.020594	-0.006695	-0.061986	0.202039	-0.027010	-0.021155	-0.039296	-0.057866	-0.048029	-0.031996	-0.042776	-0.055988	-0.062139	-0.046337	-0.035849	-0.066002	-0.063210	-0.040112
720.0	-0.070256	-0.050286	-0.069323	-0.068970	-0.037759	0.137139	-0.034825	-0.024822	-0.060928	-0.056411	-0.050711	-0.045144	-0.076556	-0.066493	-0.020505	-0.063408	-0.073822	-0.064061	-0.038165	-0.063233
721.0	-0.091978	-0.057887	-0.065160	-0.062620	-0.069011	0.136528	-0.098564	-0.088867	-0.079157	-0.060776	-0.055831	-0.051961	-0.053301	-0.053790	-0.082104	-0.068773	-0.067980	-0.062605	-0.076340	-0.059095
722.0	-0.093909	-0.085840	-0.091851	-0.072633	-0.083304	0.102145	-0.113217	-0.070533	-0.076969	-0.076297	-0.076311	-0.092379	-0.111315	-0.029604	-0.070417	-0.084624	-0.078447	-0.091238	-0.078286	-0.084650
723.0	-0.084013	-0.072109	-0.043367	-0.081425	-0.084273	0.088718	-0.111019	-0.092533	-0.076483	-0.092061	-0.098011	-0.088727	-0.100545	-0.071868	-0.097930	-0.062920	-0.067980	-0.064061	-0.056158	-0.094142
724.0	-0.117563	-0.087311	-0.099441	-0.101695	-0.092510	0.076307	-0.093924	-0.130911	-0.111969	-0.109279	-0.115565	-0.101144	-0.094670	-0.095320	-0.119113	-0.089257	-0.098407	-0.094635	-0.105033	-0.088058
725.0	-0.107667	-0.117226	-0.126132	-0.090949	-0.118432	0.063897	-0.105158	-0.085933	-0.117559	-0.096426	-0.072654	-0.122814	-0.118904	-0.098008	-0.098417	-0.112911	-0.103762	-0.116231	-0.085824	-0.114100
726.0	-0.128665	-0.112567	-0.113154	-0.103893	-0.136117	0.007337	-0.099785	-0.134089	-0.112212	-0.085755	-0.120929	-0.122814	-0.128695	-0.097030	-0.153443	-0.128031	-0.146847	-0.108223	-0.140047	-0.120671
727.0	-0.133010	-0.119923	-0.122214	-0.137594	-0.143627	0.028293	-0.132021	-0.120400	-0.104920	-0.125043	-0.124586	-0.139127	-0.138976	-0.130011	-0.149548	-0.123153	-0.132972	-0.139525	-0.150503	-0.096576
728.0	-0.137354	-0.139294	-0.144007	-0.162504	-0.147746	0.004286	-0.125183	-0.168800	-0.140649	-0.168696	-0.152625	-0.154953	-0.137507	-0.150776	-0.152469	-0.147052	-0.129321	-0.145834	-0.161688	-0.151580
729.0	-0.127941	-0.144443	-0.129805	-0.137838	-0.133210	-0.009549	-0.131044	-0.126511	-0.137246	-0.145172	-0.147993	-0.137909	-0.133101	-0.129522	-0.146139	-0.162171	-0.152446	-0.124238	-0.155123	-0.150607
730.0	-0.131562	-0.171906	-0.184655	-0.179843	-0.162039	-0.010566	-0.154977	-0.150222	-0.164954	-0.126741	-0.168229	-0.148866	-0.166147	-0.174473	-0.171704	-0.185826	-0.186037	-0.177136	-0.133969	-0.148416
731.0	-0.198660	-0.203782	-0.169229	-0.195229	-0.185054	-0.031725	-0.170606	-0.168555	-0.204328	-0.186885	-0.191635	-0.153979	-0.172022	-0.177160	-0.167565	-0.147783	-0.185307	-0.185386	-0.164363	-0.174215
732.0	-0.193109	-0.194709	-0.178044	-0.214033	-0.211945	-0.074246	-0.168408	-0.167089	-0.185856	-0.193433	-0.184809	-0.187092	-0.169084	-0.192307	-0.197269	-0.193629	-0.191879	-0.189996	-0.181384	-0.202690
733.0	-0.184661	-0.218984	-0.188573	-0.207195	-0.206373	-0.084012	-0.196248	-0.203267	-0.215266	-0.217442	-0.206752	-0.186118	-0.199927	-0.209407	-0.199704	-0.211675	-0.198451	-0.217173	-0.193785	-0.199527
734.0	-0.212176	-0.212119	-0.194695	-0.217452	-0.241258	-0.108426	-0.189166	-0.231378	-0.208217	-0.243877	-0.214310	-0.232135	-0.225385	-0.185955	-0.206765	-0.233134	-0.202833	-0.226879	-0.208374	-0.222891
735.0	-0.229796	-0.202311	-0.217713	-0.216964	-0.224785	-0.088488	-0.218227	-0.233089	-0.232765	-0.224960	-0.252589	-0.205840	-0.203844	-0.221867	-0.210174	-0.261910	-0.211352	-0.219114	-0.209590	-0.244309
736.0	-0.222796	-0.246202	-0.238526	-0.206951	-0.223089	-0.126329	-0.239962	-0.223555	-0.231793	-0.238299	-0.248688	-0.243092	-0.201396	-0.234570	-0.230382	-0.242645	-0.249812	-0.234886	-0.231231	-0.229219
737.0	-0.261173	-0.241788	-0.241465	-0.226244	-0.259912	-0.167020	-0.274640	-0.243844	-0.250022	-0.245332	-0.231621	-0.248448	-0.259165	-0.257046	-0.253513	-0.249961	-0.249569	-0.247504	-0.246793	-0.230436
738.0	-0.264069	-0.277833	-0.251749	-0.276552	-0.256521	-0.194282	-0.259987	-0.208889	-0.248078	-0.252122	-0.281359	-0.256240	-0.261613	-0.255335	-0.260086	-0.242645	-0.238128	-0.281475	-0.257006	-0.256965
739.0	-0.261414	-0.252577	-0.282602	-0.279239	-0.260881	-0.199978	-0.297254	-0.267556	-0.284778	-0.284377	-0.265755	-0.271092	-0.260879	-0.268772	-0.263739	-0.254838	-0.238859	-0.284387	-0.263085	-0.246499
740.0	-0.292936	-0.287984	-0.267421	-0.276796	-0.264031	-0.209744	-0.267558	-0.278800	-0.267279	-0.270068	-0.252101	-0.274257	-0.277279	-0.269993	-0.260817	-0.273128	-0.268069	-0.268614	-0.272081	-0.275462
741.0	-0.284826	-0.278078	-0.295238	-0.293403	-0.289420	-0.229479	-0.283432	-0.285816	-0.286237	-0.291240	-0.275508	-0.270362	-0.301121	-0.298992	-0.285165	-0.264836	-0.299055	-0.282688	-0.271595	-0.291865
742.0	-0.295904	-0.306963	-0.296291	-0.290375	-0.265242	-0.220120	-0.296228	-0.301973	-0.298584	-0.306301	-0.305326	-0.289986	-0.268467	-0.315873	-0.306396	-0.295758	-0.303753	-0.292734	-0.277188	-0.275705
743.0	-0.311327	-0.309415	-0.299449	-0.295137	-0.313621	-0.265896	-0.304165	-0.317227	-0.307917	-0.297715	-0.303254	-0.295635	-0.318232	-0.298381	-0.310925	-0.307561	-0.326781	-0.305060	-0.272081	-0.320950
744.0	-0.316299	-0.320669	-0.318231	-0.314601	-0.295403	-0.269355	-0.309342	-0.305640	-0.292483	-0.309914	-0.304180	-0.315941	-0.313238	-0.319219	-0.331328	-0.308829	-0.326756	-0.329544	-0.306269	-0.317542
745.0	-0.336163	-0.337220	-0.298445	-0.328130	-0.317813	-0.270983	-0.339209	-0.285449	-0.344472	-0.329097	-0.309593	-0.327993	-0.309787	-0.299553	-0.315697	-0.303366	-0.305628	-0.329131	-0.324846	-0.322507
746.0	-0.333412	-0.346465	-0.321732	-0.331354	-0.299667	-0.283393	-0.322603	-0.346144	-0.321333	-0.345491	-0.316517	-0.345280	-0.328390	-0.333682	-0.329599	-0.327874	-0.310228	-0.304041	-0.346876	-0.322702
747.0	-0.351200	-0.327976	-0.345876	-0.334309	-0.338865	-0.281765	-0.333397	-0.348296	-0.349576	-0.342193	-0.331487	-0.339558	-0.331719	-0.354325	-0.337999	-0.330240	-0.327852	-0.321560	-0.358645	-0.338911
748.0	-0.355062	-0.327756	-0.346929	-0.334602	-0.351293	-0.308824	-0.335766	-0.345020	-0.346611	-0.347432	-0.339728	-0.335882	-0.348365	-0.347021	-0.354604	-0.317510	-0.352802	-0.338206	-0.337150	-0.352711
749.0	-0.353179	-0.360662	-0.352953	-0.347960	-0.349452	-0.322252	-0.362947	-0.345827	-0.354170	-0.365111	-0.351992	-0.364612	-0.349075	-0.358478	-0.345864	-0.358284	-0.362831	-0.366572	-0.342743	-0.371378
750.0	-0.369592	-0.374785	-0.364707	-0.354628	-0.349428	-0.332832	-0.369394	-0.370344	-0.368242	-0.375782	-0.363500	-0.378174	-0.377494	-0.356621	-0.355870	-0.363478	-0.356843	-0.363514	-0.359302	-0.372230
751.0	-0.368144	-0.393053	-0.364045	-0.350256	-0.351729	-0.348701	-0.380896	-0.375771	-0.371621	-0.360358	-0.380470	-0.359085	-0.371962	-0.363633	-0.364173	-0.367843	-0.369281	-0.387537	-0.368760	-0.380748
752.0	-0.362930	-0.382141	-0.395756	-0.377852	-0.364351	-0.348294	-0.362898	-0.388971	-0.379836	-0.377213	-0.363354	-0.374449	-0.369832	-0.393926	-0.374107	-0.384328	-0.368040	-0.389769	-0.390936	-0.389607
753.0	-0.361820	-0.381994	-0.380696	-0.370404	-0.377287	-0.364977	-0.396941	-0.388971	-0.373201	-0.372872	-0.397122	-0.385527	-0.377298	-0.402012	-0.369749	-0.390156	-0.371569	-0.376884	-0.387386	-0.408932
754.0	-0.381781	-0.406833	-0.389438	-0.396046	-0.414378	-0.379727	-0.386660	-0.396720	-0.390992	-0.407794	-0.384761	-0.383384	-0.383956	-0.396760	-0.383968	-0.396253	-0.395375	-0.399014	-0.389088	-0.404308
755.0	-0.412192	-0.400948	-0.395340	-0.404350	-0.405487	-0.395962	-0.396306	-0.402513	-0.408516	-0.396323	-0.403705	-0.398772	-0.395608	-0.404944	-0.399696	-0.409958	-0.379529	-0.410734	-0.407325	-0.404527
756.0	-0.404855	-0.404700	-0.402955	-0.416609	-0.400787	-0.400072	-0.415550	-0.416251	-0.419429	-0.401731	-0.398805	-0.423096	-0.404641	-0.421092	-0.408729	-0.417688	-0.402021	-0.395593	-0.426923	-0.424435
757.0	-0.413230	-0.423163	-0.413876	-0.415828	-0.428768	-0.418321	-0.421118	-0.419209	-0.414301	-0.416598	-0.405997	-0.408852	-0.412229	-0.422777	-0.407147	-0.412567	-0.412415	-0.405905	-0.418437	-0.423510
758.0	-0.422547	-0.412963	-0.415345	-0.400027	-0.417890	-0.410814	-0.404414	-0.417791	-0.429467	-0.408570	-0.417993	-0.418591	-0.438494	-0.411320	-0.417495	-0.418151	-0.415068	-0.422114	-0.418389	-0.435388
759.0	-0.429763	-0.427209	-0.423475	-0.419027	-0.436084	-0.419623	-0.418895	-0.428302	-0.427498	-0.426638	-0.420504	-0.439579	-0.438886	-0.415961	-0.438336	-0.428467	-0.429721	-0.425972	-0.433902	-0.425677
760.0	-0.429546	-0.430618	-0.422618	-0.426842	-0.439621	-0.432176	-0.439971	-0.435220	-0.417679	-0.419726	-0.441228	-0.450511	-0.434333	-0.425049	-0.437216	-0.422980	-0.442963	-0.428423	-0.430692	-0.437943
761.0	-0.441180	-0.428068	-0.442526	-0.445207	-0.442770	-0.440599	-0.440459	-0.437053	-0.417071	-0.438085	-0.445276	-0.445447	-0.439425	-0.436458	-0.458131	-0.437099	-0.443937	-0.441769	-0.435166	-0.448822
762.0	-0.439080	-0.436723	-0.441889	-0.440908	-0.441220	-0.454088	-0.451205	-0.443800	-0.423075	-0.456152	-0.437059	-0.436803	-0.437589	-0.441833	-0.439992	-0.437611	-0.444984	-0.452348	-0.450680	-0.431566
763.0	-0.444245	-0.437508	-0.457756	-0.439370	-0.437974	-0.471503	-0.447883	-0.455753	-0.441279	-0.451083	-0.438473	-0.465217	-0.447356	-0.453315	-0.446809	-0.441708	-0.441430	-0.447107	-0.445257	-0.442835
764.0	-0.454358	-0.468330	-0.438289	-0.448210	-0.448028	-0.474677	-0.445124	-0.453016	-0.446529	-0.439176	-0.456272	-0.460250	-0.453108	-0.461596	-0.462489	-0.457218	-0.447369	-0.458900	-0.453111	-0.456659
765.0	-0.463675	-0.464946	-0.455210	-0.436146	-0.443594	-0.482245	-0.459654	-0.445267	-0.454890	-0.451763	-0.451127	-0.462296	-0.449216	-0.466311	-0.462124	-0.447073	-0.444253	-0.446937	-0.470011	-0.447484
766.0	-0.468622	-0.452759	-0.448500	-0.460421	-0.466609	-0.483710	-0.454160	-0.454873	-0.459897	-0.466920	-0.457905	-0.455162	-0.449045	-0.460497	-0.451971	-0.455803	-0.454209	-0.457759	-0.460965	-0.458168
767.0	-0.471929	-0.459159	-0.465861	-0.456636	-0.454399	-0.474636	-0.467420	-0.462598	-0.446116	-0.442304	-0.464439	-0.467141	-0.462630	-0.470611	-0.455867	-0.460924	-0.461560	-0.463607	-0.467312	-0.460894
768.0	-0.457206	-0.475514	-0.465004	-0.451410	-0.462733	-0.497260	-0.463000	-0.465556	-0.470932	-0.454163	-0.463318	-0.472108	-0.467991	-0.478184	-0.467115	-0.469947	-0.462169	-0.468751	-0.454327	-0.462549
769.0	-0.463216	-0.470365	-0.469828	-0.449114	-0.471454	-0.495632	-0.462707	-0.457196	-0.473751	-0.460954	-0.470388	-0.476125	-0.470267	-0.455025	-0.475491	-0.464387	-0.466794	-0.471275	-0.470959	-0.465859
770.0	-0.474053	-0.458865	-0.475387	-0.468773	-0.468402	-0.496548	-0.475088	-0.456780	-0.478952	-0.452054	-0.474436	-0.465412	-0.474037	-0.473860	-0.464218	-0.463753	-0.469179	-0.471154	-0.469524	-0.470921
771.0	-0.466161	-0.471395	-0.466816	-0.464695	-0.478940	-0.514187	-0.473208	-0.460007	-0.479487	-0.466483	-0.468755	-0.470769	-0.463756	-0.466946	-0.460566	-0.463168	-0.474072	-0.482024	-0.467798	-0.475667
772.0	-0.474560	-0.479903	-0.480627	-0.465843	-0.481653	-0.498237	-0.465686	-0.472229	-0.478466	-0.473953	-0.464147	-0.468894	-0.460868	-0.480505	-0.470962	-0.472166	-0.479208	-0.467538	-0.480053	-0.464520
773.0	-0.480546	-0.484243	-0.465298	-0.475098	-0.478068	-0.516873	-0.468128	-0.474551	-0.475574	-0.477348	-0.472705	-0.478170	-0.471198	-0.482630	-0.474980	-0.462095	-0.482738	-0.477729	-0.475360	-0.473379
774.0	-0.471953	-0.479707	-0.477395	-0.480203	-0.467287	-0.518175	-0.478923	-0.477387	-0.465244	-0.474802	-0.479751	-0.483381	-0.475579	-0.482533	-0.469940	-0.476385	-0.472636	-0.465621	-0.473926	-0.474353
775.0	-0.477505	-0.479462	-0.488120	-0.465745	-0.478262	-0.514879	-0.482708	-0.478951	-0.466605	-0.480646	-0.476240	-0.480216	-0.479594	-0.476669	-0.474809	-0.476702	-0.472563	-0.469795	-0.477330	-0.492582
776.0	-0.479194	-0.486254	-0.482855	-0.477370	-0.474458	-0.505947	-0.475137	-0.482496	-0.478004	-0.478100	-0.479897	-0.474445	-0.484220	-0.478135	-0.473787	-0.477458	-0.468522	-0.478797	-0.477792	-0.478028
777.0	-0.486580	-0.479560	-0.475779	-0.481546	-0.475936	-0.520718	-0.479289	-0.478096	-0.465925	-0.479555	-0.473070	-0.484014	-0.474380	-0.477060	-0.468941	-0.475629	-0.479403	-0.481199	-0.479615	-0.478028
778.0	-0.483370	-0.486842	-0.487238	-0.485209	-0.467917	-0.525845	-0.486420	-0.484891	-0.475161	-0.485133	-0.483676	-0.492316	-0.475188	-0.488518	-0.487616	-0.481531	-0.479646	-0.490638	-0.478229	-0.485597
779.0	-0.478398	-0.484071	-0.490715	-0.474073	-0.479497	-0.513597	-0.477457	-0.484353	-0.480508	-0.474220	-0.490454	-0.482894	-0.480132	-0.482752	-0.473641	-0.488261	-0.478332	-0.482291	-0.486448	-0.488688
780.0	-0.482404	-0.489490	-0.487532	-0.482571	-0.472738	-0.519395	-0.482952	-0.489047	-0.487022	-0.473031	-0.486773	-0.485816	-0.483461	-0.486319	-0.488590	-0.483164	-0.493375	-0.478579	-0.486886	-0.486279
781.0	-0.481342	-0.487700	-0.486773	-0.487627	-0.474894	-0.528327	-0.481414	-0.478609	-0.483424	-0.484405	-0.490528	-0.490223	-0.478859	-0.487003	-0.488931	-0.484091	-0.473683	-0.485810	-0.473877	-0.490757
782.0	-0.493217	-0.488804	-0.482463	-0.483744	-0.478746	-0.532192	-0.487128	-0.487018	-0.486098	-0.476281	-0.492576	-0.487374	-0.488381	-0.491010	-0.482601	-0.488164	-0.483127	-0.482558	-0.486229	-0.492412
783.0	-0.484721	-0.484783	-0.490740	-0.485624	-0.481847	-0.523119	-0.473452	-0.483009	-0.481845	-0.486612	-0.493161	-0.485036	-0.488088	-0.481702	-0.484914	-0.485579	-0.483955	-0.491585	-0.488928	-0.487301
784.0	-0.487545	-0.484390	-0.486528	-0.484305	-0.481411	-0.529548	-0.486078	-0.477582	-0.488310	-0.481641	-0.494599	-0.483259	-0.495823	-0.480700	-0.495164	-0.482603	-0.489651	-0.489231	-0.484162	-0.488639
785.0	-0.487980	-0.491011	-0.479133	-0.483255	-0.495462	-0.537401	-0.485590	-0.491809	-0.481115	-0.485691	-0.485359	-0.488396	-0.484832	-0.491181	-0.498183	-0.485237	-0.478356	-0.483383	-0.487518	-0.493337
786.0	-0.490345	-0.491869	-0.487508	-0.490215	-0.480660	-0.529771	-0.489033	-0.501587	-0.484348	-0.487898	-0.485993	-0.480776	-0.494281	-0.486417	-0.495992	-0.486018	-0.495955	-0.465912	-0.488588	-0.495308
787.0	-0.484890	-0.487357	-0.485500	-0.489727	-0.483834	-0.528571	-0.482854	-0.488289	-0.499344	-0.481107	-0.491332	-0.483162	-0.490878	-0.483510	-0.487105	-0.480311	-0.476555	-0.483359	-0.488369	-0.488810
788.0	-0.486580	-0.486082	-0.481753	-0.494318	-0.495632	-0.531887	-0.483831	-0.479416	-0.497473	-0.490953	-0.492624	-0.486132	-0.485738	-0.491694	-0.486569	-0.484701	-0.489139	-0.489279	-0.496612	-0.495722
789.0	-0.495172	-0.488853	-0.487287	-0.487944	-0.480708	-0.534288	-0.484686	-0.492469	-0.490060	-0.493912	-0.491625	-0.492803	-0.494085	-0.485855	-0.493581	-0.486408	-0.497610	-0.487144	-0.481293	-0.488518
790.0	-0.485518	-0.490422	-0.489760	-0.480911	-0.485844	-0.528775	-0.486298	-0.470176	-0.485661	-0.492433	-0.496672	-0.493193	-0.479716	-0.482923	-0.500082	-0.483042	-0.483809	-0.493283	-0.481366	-0.487301
791.0	-0.488511	-0.495106	-0.492283	-0.489165	-0.489042	-0.535773	-0.486078	-0.485820	-0.487411	-0.495125	-0.493819	-0.501496	-0.482237	-0.492036	-0.498573	-0.486749	-0.491622	-0.498306	-0.491287	-0.491025
792.0	-0.473039	-0.489000	-0.488903	-0.488726	-0.498636	-0.531725	-0.482732	-0.490929	-0.487897	-0.499175	-0.490869	-0.490807	-0.491417	-0.486832	-0.494044	-0.491504	-0.496028	-0.488552	-0.491165	-0.497328
793.0	-0.489524	-0.482355	-0.498821	-0.490386	-0.502536	-0.536363	-0.487787	-0.493349	-0.489501	-0.480816	-0.487772	-0.489224	-0.493938	-0.479796	-0.497112	-0.490675	-0.477699	-0.492385	-0.490898	-0.491268
794.0	-0.485494	-0.490913	-0.492234	-0.485990	-0.495632	-0.535366	-0.490547	-0.489878	-0.486001	-0.491560	-0.487236	-0.506302	-0.502285	-0.484072	-0.492900	-0.494358	-0.483565	-0.485324	-0.482874	-0.479099
795.0	-0.490104	-0.488240	-0.489467	-0.481546	-0.498393	-0.535122	-0.490303	-0.488167	-0.498129	-0.483799	-0.495672	-0.489078	-0.490952	-0.493697	-0.495480	-0.488237	-0.492815	-0.481854	-0.494934	-0.480583
796.0	-0.494907	-0.493855	-0.489760	-0.494416	-0.493839	-0.544827	-0.493600	-0.499631	-0.486122	-0.492966	-0.496086	-0.488883	-0.501355	-0.495456	-0.490854	-0.495260	-0.489675	-0.492021	-0.492819	-0.491365
797.0	-0.490031	-0.491158	-0.490960	-0.495466	-0.500089	-0.535794	-0.492476	-0.490953	-0.490157	-0.495343	-0.501670	-0.494459	-0.495554	-0.494479	-0.487860	-0.494821	-0.497343	-0.486829	-0.495323	-0.499470
798.0	-0.486821	-0.492825	-0.490177	-0.491607	-0.479110	-0.538825	-0.478507	-0.482129	-0.490206	-0.494300	-0.502840	-0.492463	-0.491319	-0.489593	-0.501835	-0.498845	-0.486973	-0.487460	-0.490703	-0.494627
799.0	-0.497369	-0.494517	-0.493066	-0.489825	-0.489745	-0.539313	-0.486224	-0.490171	-0.486827	-0.489983	-0.496379	-0.495725	-0.493130	-0.500195	-0.503880	-0.488700	-0.490430	-0.490614	-0.492600	-0.492193
800.0	-0.492300	-0.486033	-0.486773	-0.499837	-0.491974	-0.542548	-0.491988	-0.498825	-0.498615	-0.492602	-0.496355	-0.494800	-0.498320	-0.496433	-0.496016	-0.487725	-0.500142	-0.491609	-0.491433	-0.481119
