475.0	-0.772796	-0.776633	-0.791269	-0.786406	-0.788921	-0.794231	-0.792681	-0.790827	-0.794247	-0.792076	-0.797089	-0.796553	-0.777831	-0.790153	-0.794729	-0.797323	-0.793031	-0.784219	-0.797172	-0.797123
476.0	-0.779536	-0.787079	-0.786054	-0.790076	-0.791730	-0.795206	-0.790110	-0.788063	-0.793729	-0.789901	-0.798142	-0.777707	-0.785335	-0.793787	-0.790489	-0.797925	-0.793058	-0.793322	-0.795502	-0.799560
477.0	-0.787697	-0.791441	-0.791329	-0.785020	-0.795159	-0.789264	-0.784222	-0.786999	-0.792945	-0.787453	-0.786450	-0.788349	-0.794787	-0.796023	-0.792375	-0.796273	-0.793436	-0.785077	-0.793701	-0.793531
478.0	-0.788061	-0.790232	-0.795192	-0.791521	-0.788803	-0.793212	-0.792418	-0.793507	-0.794947	-0.795103	-0.792081	-0.791690	-0.793922	-0.792298	-0.794637	-0.787432	-0.796140	-0.792184	-0.793979	-0.790217
479.0	-0.789984	-0.785486	-0.790895	-0.791337	-0.790515	-0.790749	-0.794680	-0.794096	-0.789151	-0.794359	-0.791632	-0.795114	-0.786231	-0.789883	-0.795916	-0.792254	-0.787014	-0.790417	-0.795580	-0.791657
480.0	-0.790420	-0.791730	-0.792565	-0.789274	-0.787439	-0.790051	-0.784272	-0.793486	-0.796413	-0.793554	-0.795936	-0.790343	-0.788340	-0.796353	-0.793672	-0.792644	-0.786175	-0.791565	-0.795368	-0.797012
481.0	-0.793930	-0.792381	-0.794970	-0.783542	-0.791901	-0.790032	-0.791697	-0.791716	-0.796614	-0.792564	-0.796637	-0.795995	-0.794207	-0.787456	-0.793248	-0.795349	-0.792165	-0.792819	-0.795699	-0.796823
482.0	-0.792408	-0.796143	-0.788829	-0.789614	-0.786731	-0.792626	-0.793839	-0.784591	-0.789539	-0.790024	-0.795314	-0.792899	-0.790795	-0.792495	-0.789734	-0.796771	-0.792284	-0.797040	-0.790602	-0.798930
483.0	-0.790877	-0.792375	-0.785193	-0.788978	-0.793535	-0.789346	-0.788575	-0.794879	-0.791108	-0.791011	-0.791525	-0.797248	-0.787973	-0.791812	-0.794683	-0.796933	-0.792848	-0.794039	-0.791018	-0.796639
484.0	-0.784256	-0.792116	-0.783649	-0.787973	-0.790381	-0.791426	-0.791021	-0.794435	-0.794808	-0.791062	-0.797852	-0.787756	-0.786074	-0.792744	-0.793767	-0.797693	-0.795326	-0.793406	-0.795419	-0.796238
485.0	-0.790567	-0.788491	-0.794501	-0.788039	-0.791367	-0.795286	-0.788080	-0.795032	-0.790624	-0.792454	-0.792922	-0.791190	-0.793207	-0.794834	-0.786351	-0.797698	-0.795973	-0.795715	-0.789681	-0.798133
486.0	-0.794394	-0.789457	-0.788914	-0.793739	-0.792757	-0.790225	-0.792895	-0.792470	-0.795002	-0.788120	-0.796469	-0.794628	-0.791911	-0.796386	-0.788762	-0.797447	-0.794828	-0.796264	-0.785991	-0.797200
487.0	-0.788657	-0.794113	-0.789861	-0.794094	-0.795636	-0.795474	-0.796373	-0.790438	-0.791185	-0.775026	-0.789080	-0.793863	-0.788077	-0.787991	-0.791049	-0.797352	-0.793047	-0.797384	-0.793795	-0.799569
488.0	-0.793568	-0.787747	-0.788298	-0.793020	-0.790708	-0.794805	-0.794097	-0.789664	-0.787956	-0.785039	-0.790790	-0.797852	-0.788582	-0.788838	-0.790802	-0.799214	-0.793436	-0.798201	-0.794089	-0.796775
489.0	-0.791685	-0.790359	-0.794990	-0.788152	-0.791256	-0.795631	-0.791213	-0.789136	-0.781656	-0.782916	-0.798389	-0.797070	-0.793009	-0.788742	-0.788315	-0.794639	-0.790533	-0.788527	-0.797934	-0.797347
490.0	-0.794023	-0.795051	-0.791446	-0.790513	-0.792636	-0.792906	-0.788329	-0.786240	-0.794066	-0.792755	-0.787756	-0.792585	-0.794980	-0.788473	-0.792667	-0.796857	-0.795982	-0.794046	-0.785341	-0.791648
491.0	-0.787157	-0.787908	-0.791549	-0.788608	-0.793891	-0.792478	-0.790447	-0.790964	-0.789333	-0.791780	-0.797491	-0.792444	-0.789653	-0.796299	-0.795693	-0.788412	-0.791509	-0.793606	-0.793262	-0.795616
492.0	-0.789771	-0.782892	-0.789214	-0.788230	-0.791071	-0.789164	-0.793425	-0.792572	-0.791321	-0.792496	-0.793690	-0.786089	-0.793363	-0.785539	-0.793725	-0.797700	-0.793561	-0.790743	-0.790824	-0.795618
493.0	-0.789035	-0.789660	-0.792145	-0.788822	-0.792397	-0.785298	-0.791607	-0.792454	-0.795896	-0.794053	-0.791361	-0.784279	-0.787869	-0.783870	-0.795780	-0.796549	-0.794453	-0.796183	-0.793335	-0.797521
494.0	-0.788836	-0.788467	-0.786330	-0.790605	-0.795246	-0.788564	-0.790644	-0.785895	-0.786223	-0.790851	-0.796481	-0.786790	-0.784571	-0.792411	-0.794758	-0.799538	-0.780012	-0.795952	-0.794883	-0.789839
495.0	-0.795428	-0.789247	-0.793519	-0.783429	-0.787615	-0.791003	-0.791962	-0.788623	-0.794909	-0.790101	-0.788219	-0.791390	-0.789747	-0.795583	-0.791658	-0.793786	-0.794608	-0.794747	-0.795378	-0.798785
496.0	-0.788418	-0.793616	-0.789482	-0.790351	-0.789405	-0.794814	-0.787413	-0.784564	-0.792447	-0.784930	-0.789315	-0.786678	-0.791505	-0.795357	-0.792180	-0.794530	-0.786838	-0.796462	-0.794652	-0.794156
497.0	-0.790704	-0.795293	-0.787695	-0.790217	-0.787309	-0.794840	-0.789055	-0.786815	-0.790083	-0.785668	-0.792554	-0.789768	-0.786821	-0.783922	-0.793015	-0.791266	-0.795411	-0.794593	-0.784725	-0.790162
498.0	-0.783289	-0.789730	-0.790226	-0.791821	-0.788548	-0.786728	-0.790339	-0.784801	-0.790168	-0.793610	-0.791162	-0.782994	-0.790501	-0.793112	-0.785409	-0.792010	-0.790571	-0.791781	-0.784310	-0.793616
499.0	-0.788577	-0.791580	-0.789964	-0.791319	-0.788181	-0.787110	-0.787042	-0.788037	-0.790178	-0.784389	-0.798329	-0.787207	-0.793525	-0.787807	-0.787292	-0.788853	-0.788205	-0.794027	-0.794498	-0.791387
500.0	-0.789995	-0.792951	-0.787236	-0.783464	-0.791575	-0.792834	-0.786051	-0.784368	-0.779390	-0.788964	-0.792366	-0.791790	-0.792223	-0.788908	-0.792650	-0.786914	-0.788525	-0.794114	-0.792788	-0.788268
501.0	-0.785627	-0.795639	-0.789885	-0.785837	-0.785427	-0.793657	-0.787219	-0.785262	-0.793366	-0.790186	-0.790959	-0.794366	-0.787988	-0.786627	-0.793608	-0.791136	-0.789174	-0.789680	-0.790009	-0.786185
502.0	-0.779813	-0.787351	-0.795664	-0.783162	-0.783852	-0.790476	-0.787390	-0.785544	-0.790624	-0.792874	-0.789452	-0.797861	-0.795113	-0.790522	-0.795649	-0.799424	-0.788864	-0.791442	-0.796269	-0.787264
503.0	-0.782547	-0.788205	-0.784751	-0.785826	-0.790310	-0.778909	-0.792701	-0.787043	-0.791800	-0.783060	-0.788866	-0.796841	-0.779012	-0.786178	-0.788994	-0.790999	-0.790343	-0.798599	-0.791713	-0.794230
504.0	-0.787120	-0.795717	-0.791950	-0.787333	-0.781337	-0.789335	-0.787473	-0.787792	-0.791941	-0.786534	-0.789405	-0.797830	-0.789135	-0.783959	-0.793564	-0.793485	-0.785210	-0.797626	-0.793066	-0.795247
505.0	-0.787217	-0.786065	-0.787454	-0.787687	-0.787937	-0.782068	-0.793939	-0.787360	-0.785622	-0.783099	-0.796635	-0.792210	-0.781176	-0.787659	-0.790028	-0.794890	-0.787455	-0.792883	-0.794659	-0.786838
506.0	-0.788358	-0.784927	-0.788616	-0.785825	-0.781098	-0.788267	-0.786075	-0.781429	-0.788325	-0.787841	-0.788761	-0.789639	-0.792554	-0.787535	-0.792887	-0.792252	-0.792880	-0.793010	-0.791176	-0.789449
507.0	-0.779335	-0.787871	-0.785517	-0.783821	-0.784783	-0.780817	-0.785441	-0.787899	-0.779157	-0.786070	-0.789692	-0.788905	-0.782851	-0.792926	-0.790574	-0.790962	-0.783692	-0.798888	-0.797112	-0.794213
508.0	-0.783303	-0.792122	-0.789929	-0.782222	-0.789000	-0.786705	-0.780734	-0.792675	-0.782633	-0.788799	-0.798285	-0.783755	-0.787338	-0.788593	-0.790735	-0.790034	-0.786150	-0.795610	-0.791443	-0.787711
509.0	-0.785738	-0.783044	-0.783965	-0.787520	-0.789515	-0.785867	-0.783173	-0.784259	-0.788150	-0.783021	-0.785343	-0.791709	-0.789904	-0.790804	-0.784082	-0.790942	-0.787553	-0.790177	-0.779580	-0.791048
510.0	-0.783025	-0.789306	-0.788780	-0.786906	-0.777669	-0.780746	-0.788154	-0.785169	-0.793908	-0.785731	-0.786726	-0.791437	-0.778903	-0.791513	-0.781478	-0.781529	-0.794217	-0.789021	-0.785196	-0.792782
511.0	-0.785046	-0.788050	-0.793170	-0.786410	-0.781435	-0.777106	-0.792214	-0.785490	-0.788464	-0.783239	-0.785447	-0.782336	-0.780278	-0.789054	-0.784716	-0.787630	-0.777897	-0.787070	-0.781898	-0.792338
512.0	-0.788489	-0.784939	-0.779168	-0.788314	-0.785240	-0.782063	-0.792608	-0.784717	-0.792037	-0.783366	-0.788311	-0.784784	-0.788321	-0.788956	-0.788461	-0.790102	-0.775728	-0.783348	-0.788633	-0.797313
513.0	-0.779520	-0.785316	-0.780194	-0.784948	-0.790606	-0.784308	-0.788198	-0.781704	-0.787873	-0.784129	-0.785188	-0.789955	-0.781512	-0.787182	-0.791031	-0.791214	-0.783581	-0.782839	-0.789977	-0.793501
514.0	-0.784637	-0.785093	-0.780588	-0.784742	-0.782825	-0.776301	-0.788681	-0.785627	-0.785654	-0.793750	-0.796060	-0.787429	-0.779908	-0.784378	-0.789279	-0.790645	-0.787318	-0.783150	-0.789046	-0.796525
515.0	-0.779875	-0.780656	-0.783867	-0.782799	-0.780520	-0.777621	-0.788002	-0.786930	-0.789283	-0.787382	-0.794577	-0.783182	-0.785999	-0.789633	-0.787733	-0.792236	-0.787414	-0.780769	-0.786604	-0.792814
516.0	-0.787245	-0.787279	-0.778426	-0.777774	-0.781819	-0.784023	-0.786793	-0.777932	-0.780435	-0.788125	-0.785619	-0.783449	-0.783539	-0.785772	-0.784440	-0.785788	-0.786408	-0.790150	-0.787489	-0.791877
517.0	-0.780152	-0.783723	-0.783843	-0.787898	-0.785973	-0.777363	-0.784243	-0.773000	-0.782805	-0.780576	-0.787767	-0.789785	-0.778596	-0.786911	-0.782453	-0.782145	-0.782138	-0.788136	-0.783575	-0.789092
518.0	-0.774015	-0.785774	-0.778615	-0.781911	-0.782518	-0.783305	-0.781712	-0.782799	-0.783892	-0.790075	-0.788387	-0.787212	-0.778731	-0.791022	-0.783597	-0.791347	-0.783078	-0.787331	-0.785676	-0.788416
519.0	-0.777839	-0.787689	-0.778694	-0.788193	-0.774801	-0.776172	-0.779914	-0.783540	-0.786389	-0.782043	-0.789258	-0.787140	-0.780196	-0.787440	-0.780486	-0.783969	-0.786106	-0.785084	-0.779279	-0.782859
520.0	-0.773290	-0.784872	-0.779262	-0.771043	-0.774548	-0.778394	-0.778140	-0.780621	-0.782888	-0.782643	-0.787972	-0.787684	-0.787120	-0.787775	-0.771194	-0.782247	-0.779569	-0.786204	-0.781737	-0.790483
521.0	-0.774416	-0.782248	-0.784680	-0.781141	-0.782866	-0.777669	-0.777196	-0.774074	-0.786679	-0.778318	-0.776319	-0.784158	-0.785417	-0.776193	-0.771974	-0.788512	-0.775764	-0.783202	-0.774480	-0.790281
522.0	-0.778040	-0.781212	-0.771653	-0.769297	-0.787569	-0.781624	-0.778612	-0.776337	-0.773584	-0.782029	-0.785117	-0.782719	-0.777371	-0.776211	-0.769582	-0.779575	-0.783615	-0.780085	-0.777969	-0.781169
523.0	-0.771146	-0.774583	-0.771432	-0.767725	-0.780838	-0.777460	-0.774640	-0.781166	-0.774977	-0.774686	-0.782106	-0.779326	-0.774146	-0.779168	-0.769760	-0.782031	-0.772262	-0.781032	-0.781310	-0.783513
524.0	-0.770468	-0.775888	-0.771148	-0.771281	-0.775324	-0.774771	-0.776821	-0.768084	-0.778378	-0.768510	-0.782541	-0.778585	-0.773447	-0.782844	-0.771247	-0.781547	-0.782710	-0.774387	-0.780859	-0.779625
525.0	-0.766828	-0.770825	-0.776658	-0.769582	-0.769604	-0.767493	-0.771890	-0.765073	-0.776487	-0.774754	-0.778753	-0.777018	-0.781829	-0.772773	-0.768909	-0.782072	-0.772049	-0.771372	-0.771328	-0.780619
526.0	-0.773938	-0.769117	-0.767549	-0.770805	-0.771886	-0.769538	-0.777049	-0.769321	-0.783472	-0.768136	-0.773471	-0.774469	-0.766417	-0.770862	-0.770397	-0.777371	-0.767907	-0.774142	-0.780288	-0.776856
527.0	-0.764145	-0.766445	-0.765228	-0.770011	-0.767829	-0.762936	-0.767626	-0.763770	-0.774662	-0.767557	-0.764787	-0.766150	-0.767509	-0.770458	-0.766075	-0.770508	-0.767089	-0.772669	-0.782020	-0.768070
528.0	-0.758501	-0.758944	-0.761471	-0.764248	-0.774041	-0.764224	-0.767658	-0.765121	-0.772323	-0.767183	-0.769259	-0.766753	-0.765155	-0.761198	-0.770344	-0.779629	-0.768227	-0.763465	-0.764669	-0.769579
529.0	-0.755910	-0.754347	-0.765607	-0.759866	-0.767798	-0.767589	-0.766340	-0.768458	-0.771195	-0.752738	-0.759815	-0.764979	-0.762544	-0.766442	-0.767864	-0.768322	-0.757490	-0.762273	-0.762402	-0.765621
530.0	-0.747906	-0.756739	-0.765797	-0.759406	-0.762141	-0.752712	-0.753011	-0.756299	-0.763298	-0.768119	-0.757830	-0.768372	-0.759303	-0.761075	-0.764676	-0.762695	-0.764192	-0.769408	-0.768565	-0.765301
531.0	-0.750327	-0.756397	-0.752615	-0.741609	-0.742018	-0.750361	-0.755224	-0.758187	-0.756795	-0.758421	-0.759056	-0.764686	-0.757238	-0.755218	-0.765916	-0.761745	-0.745883	-0.766358	-0.761676	-0.765993
532.0	-0.747921	-0.746691	-0.754731	-0.753723	-0.754298	-0.747462	-0.754134	-0.741486	-0.749181	-0.749795	-0.766410	-0.743968	-0.753212	-0.755621	-0.753765	-0.759111	-0.757277	-0.754348	-0.756381	-0.760669
533.0	-0.746132	-0.743103	-0.749758	-0.744531	-0.750654	-0.732198	-0.751497	-0.746890	-0.745166	-0.739722	-0.733782	-0.745345	-0.745602	-0.745975	-0.740144	-0.754040	-0.747749	-0.742655	-0.752875	-0.755096
534.0	-0.725899	-0.736953	-0.745275	-0.744832	-0.745979	-0.734517	-0.744662	-0.732094	-0.740206	-0.741866	-0.738875	-0.735770	-0.756965	-0.744748	-0.737664	-0.755724	-0.742523	-0.736641	-0.740567	-0.753551
535.0	-0.721180	-0.726020	-0.725700	-0.734910	-0.733652	-0.728414	-0.741521	-0.742023	-0.736772	-0.733002	-0.733868	-0.733927	-0.745329	-0.731875	-0.735361	-0.740223	-0.747145	-0.736326	-0.737964	-0.743612
536.0	-0.725714	-0.731440	-0.735250	-0.718383	-0.741479	-0.731232	-0.731446	-0.734763	-0.738249	-0.733240	-0.721370	-0.734409	-0.734017	-0.740275	-0.744838	-0.737446	-0.741190	-0.722931	-0.733448	-0.745777
537.0	-0.711881	-0.728272	-0.718375	-0.715669	-0.725476	-0.721281	-0.724936	-0.726299	-0.740837	-0.729242	-0.725444	-0.723524	-0.729530	-0.719160	-0.715098	-0.733503	-0.736159	-0.725526	-0.718626	-0.740524
538.0	-0.709013	-0.702538	-0.720474	-0.707826	-0.722846	-0.721217	-0.725148	-0.709419	-0.725857	-0.725261	-0.726221	-0.721113	-0.720556	-0.718090	-0.711644	-0.723683	-0.740532	-0.725912	-0.716199	-0.713954
539.0	-0.712128	-0.695767	-0.705541	-0.702317	-0.719994	-0.700123	-0.700540	-0.706440	-0.700625	-0.704776	-0.717675	-0.707955	-0.698273	-0.712057	-0.713823	-0.717125	-0.714615	-0.719916	-0.709222	-0.725171
540.0	-0.698140	-0.687520	-0.700615	-0.685251	-0.702089	-0.679884	-0.698180	-0.699603	-0.703412	-0.700250	-0.701309	-0.700635	-0.701873	-0.703077	-0.690814	-0.699886	-0.704359	-0.703664	-0.714198	-0.707937
541.0	-0.690029	-0.683094	-0.701073	-0.673805	-0.668530	-0.675488	-0.686657	-0.684855	-0.673634	-0.672262	-0.695612	-0.693006	-0.691159	-0.690678	-0.692018	-0.706570	-0.703968	-0.692251	-0.699624	-0.696861
542.0	-0.664799	-0.672300	-0.686739	-0.675408	-0.667864	-0.675617	-0.696064	-0.683993	-0.678926	-0.683985	-0.684702	-0.684325	-0.684112	-0.684592	-0.677051	-0.693685	-0.667848	-0.680381	-0.697463	-0.687508
543.0	-0.649238	-0.655310	-0.658924	-0.659659	-0.672269	-0.658001	-0.672856	-0.660390	-0.669437	-0.666256	-0.672393	-0.674216	-0.671982	-0.661968	-0.675156	-0.669063	-0.661004	-0.679277	-0.669288	-0.675900
544.0	-0.634650	-0.652250	-0.654188	-0.654706	-0.660892	-0.643397	-0.654416	-0.660715	-0.660645	-0.670051	-0.659860	-0.649811	-0.638831	-0.657128	-0.642830	-0.675640	-0.662817	-0.659641	-0.663143	-0.651318
545.0	-0.617377	-0.635757	-0.628772	-0.627130	-0.632213	-0.630789	-0.640436	-0.644942	-0.656979	-0.629591	-0.630546	-0.635499	-0.626785	-0.656830	-0.647896	-0.649083	-0.661413	-0.637604	-0.627495	-0.641130
546.0	-0.629715	-0.616965	-0.611250	-0.600459	-0.620013	-0.618069	-0.619490	-0.622853	-0.631913	-0.611268	-0.613231	-0.621893	-0.622111	-0.635714	-0.629740	-0.631736	-0.624564	-0.635745	-0.617843	-0.617346
547.0	-0.598717	-0.596621	-0.577941	-0.592839	-0.592126	-0.600035	-0.589381	-0.617481	-0.622772	-0.598337	-0.597176	-0.617760	-0.638387	-0.622578	-0.609105	-0.633690	-0.623942	-0.630731	-0.619968	-0.605987
548.0	-0.563556	-0.578140	-0.606040	-0.567914	-0.592601	-0.573789	-0.571315	-0.599250	-0.601206	-0.591531	-0.597003	-0.608804	-0.603343	-0.604251	-0.619945	-0.601738	-0.615267	-0.605415	-0.602968	-0.590900
549.0	-0.547826	-0.534654	-0.579677	-0.559659	-0.552355	-0.564611	-0.557644	-0.563276	-0.593244	-0.572306	-0.565756	-0.569364	-0.594300	-0.569701	-0.583244	-0.594929	-0.597491	-0.575962	-0.574456	-0.571376
550.0	-0.529166	-0.525647	-0.547000	-0.542831	-0.541264	-0.556561	-0.526722	-0.549440	-0.551439	-0.552059	-0.576632	-0.547147	-0.559495	-0.546200	-0.564646	-0.570558	-0.554474	-0.556676	-0.563477	-0.552740
551.0	-0.530400	-0.512135	-0.545895	-0.512349	-0.519873	-0.517595	-0.530139	-0.517536	-0.521413	-0.532153	-0.530712	-0.525791	-0.545163	-0.515509	-0.542682	-0.561239	-0.538121	-0.550014	-0.554622	-0.539251
552.0	-0.476578	-0.485734	-0.483855	-0.461706	-0.488342	-0.514857	-0.497101	-0.473748	-0.465674	-0.514288	-0.513448	-0.499612	-0.477087	-0.489027	-0.477322	-0.515006	-0.519101	-0.527924	-0.506276	-0.531796
553.0	-0.450824	-0.453431	-0.451967	-0.452657	-0.469169	-0.483298	-0.466341	-0.459912	-0.475959	-0.493021	-0.460449	-0.492895	-0.488007	-0.475873	-0.463860	-0.484901	-0.483194	-0.475855	-0.490692	-0.470207
554.0	-0.437407	-0.450169	-0.408555	-0.434717	-0.420684	-0.432900	-0.420120	-0.460075	-0.443942	-0.478049	-0.428684	-0.465167	-0.437163	-0.463947	-0.445262	-0.473969	-0.461507	-0.470946	-0.437211	-0.431515
555.0	-0.375412	-0.375468	-0.373194	-0.392329	-0.392322	-0.409874	-0.404170	-0.411892	-0.394175	-0.406590	-0.382245	-0.417116	-0.405088	-0.430625	-0.437291	-0.462321	-0.441243	-0.452712	-0.440045	-0.426545
556.0	-0.357678	-0.337885	-0.344621	-0.339464	-0.339558	-0.358188	-0.357135	-0.375593	-0.363817	-0.378177	-0.386216	-0.371131	-0.360557	-0.355563	-0.395489	-0.393330	-0.389516	-0.377851	-0.395064	-0.394419
557.0	-0.322670	-0.325460	-0.296631	-0.324223	-0.280932	-0.325179	-0.328002	-0.339782	-0.306916	-0.326625	-0.333562	-0.371131	-0.330529	-0.341708	-0.352447	-0.327205	-0.369252	-0.321749	-0.343530	-0.341172
558.0	-0.265148	-0.263183	-0.259849	-0.268182	-0.274119	-0.293298	-0.321330	-0.300226	-0.296963	-0.289024	-0.283326	-0.322047	-0.279173	-0.273134	-0.333494	-0.291903	-0.314858	-0.288439	-0.307227	-0.320761
559.0	-0.231529	-0.230259	-0.233959	-0.265483	-0.201866	-0.218264	-0.243860	-0.216070	-0.235085	-0.256188	-0.258121	-0.258495	-0.265695	-0.273660	-0.287973	-0.269324	-0.285173	-0.237947	-0.317144	-0.287926
560.0	-0.173081	-0.176990	-0.182654	-0.200711	-0.185071	-0.210374	-0.202196	-0.172771	-0.189134	-0.191365	-0.236196	-0.251089	-0.183117	-0.230868	-0.254673	-0.222911	-0.270241	-0.201656	-0.238516	-0.257575
561.0	-0.119722	-0.092815	-0.131191	-0.135303	-0.142131	-0.151281	-0.154510	-0.149494	-0.126427	-0.166865	-0.190103	-0.165665	-0.160084	-0.214733	-0.186478	-0.189043	-0.212115	-0.189734	-0.176180	-0.199891
562.0	-0.115558	-0.061133	-0.076729	-0.081643	-0.107114	-0.108289	-0.076226	-0.079824	-0.092585	-0.087410	-0.143837	-0.106936	-0.110605	-0.119151	-0.088704	-0.104102	-0.144745	-0.132230	-0.098614	-0.109016
563.0	-0.047395	-0.023239	0.008043	-0.008933	-0.045953	-0.015866	-0.039770	-0.059477	-0.053601	-0.074990	-0.066496	-0.060434	-0.053449	-0.106348	-0.094018	-0.051956	-0.079153	-0.098744	-0.075592	-0.072631
564.0	0.011516	0.045405	0.031880	0.017580	-0.001270	-0.008298	-0.009498	0.001402	0.005954	-0.052191	-0.004175	-0.044417	0.018722	-0.031110	-0.049913	-0.009485	-0.029203	-0.014766	-0.038580	-0.031276
565.0	0.078754	0.120883	0.039773	0.077589	0.098235	0.064804	0.095802	0.081652	0.056551	0.031007	0.045717	0.032396	0.071442	-0.004628	0.017927	0.055026	0.010437	0.050803	0.000025	0.042205
566.0	0.135505	0.160019	0.112074	0.151411	0.123587	0.132270	0.154718	0.160274	0.155256	0.060781	0.079381	0.104387	0.084067	0.061666	0.098166	0.084236	0.085450	0.049751	0.099196	0.099889
567.0	0.204748	0.232546	0.202687	0.229996	0.216755	0.171397	0.180432	0.204712	0.226257	0.155208	0.135314	0.202900	0.163233	0.159352	0.175393	0.130648	0.157797	0.138112	0.151615	0.174967
568.0	0.308998	0.312372	0.276882	0.258889	0.288057	0.204245	0.283617	0.213502	0.218792	0.174944	0.232508	0.239757	0.242569	0.193025	0.211881	0.216664	0.247209	0.210168	0.208284	0.214547
569.0	0.405692	0.374339	0.334975	0.380814	0.327194	0.345134	0.295497	0.287729	0.306714	0.287576	0.283262	0.259046	0.288636	0.265983	0.259352	0.207883	0.263563	0.284328	0.284964	0.261937
570.0	0.457817	0.407108	0.366548	0.377322	0.399605	0.374923	0.356204	0.375955	0.354988	0.353930	0.356287	0.360488	0.352787	0.358934	0.305759	0.324542	0.278316	0.329911	0.336143	0.339855
571.0	0.471542	0.574370	0.471052	0.454636	0.454745	0.483448	0.426512	0.423323	0.428810	0.403951	0.394439	0.410606	0.402436	0.395413	0.395386	0.392817	0.377505	0.411434	0.359696	0.403396
572.0	0.532612	0.635094	0.591975	0.560050	0.581663	0.560092	0.491938	0.533524	0.508437	0.469455	0.452963	0.509636	0.492521	0.511865	0.440022	0.445143	0.492513	0.477354	0.462586	0.445816
573.0	0.594452	0.664136	0.603499	0.620219	0.602578	0.614033	0.627998	0.619797	0.587401	0.545166	0.544804	0.595232	0.538929	0.574651	0.491920	0.501232	0.534997	0.563961	0.561579	0.569881
574.0	0.667397	0.691469	0.704215	0.696898	0.706996	0.706457	0.717674	0.676281	0.625058	0.655076	0.613686	0.663606	0.613658	0.602536	0.569502	0.569507	0.606100	0.637420	0.666240	0.652414
575.0	0.749594	0.779992	0.802721	0.712933	0.865920	0.758465	0.755107	0.772483	0.714971	0.744739	0.668238	0.737319	0.707156	0.648310	0.649741	0.701756	0.670092	0.677918	0.671021	0.711695
576.0	0.814365	0.857644	0.826400	0.855813	0.907116	0.825770	0.781310	0.804713	0.759928	0.752055	0.692407	0.756953	0.752028	0.752311	0.791620	0.785621	0.705644	0.766454	0.783297	0.719682
577.0	0.957785	1.023819	0.887966	0.881214	0.973665	0.928821	0.982470	0.876661	0.877046	0.811604	0.828789	0.834283	0.867876	0.808783	0.837142	0.881672	0.760926	0.831498	0.845632	0.822271
578.0	1.030267	1.026925	0.974790	0.978056	1.000601	1.023821	1.006883	0.992234	0.911883	0.907903	0.934614	0.918157	0.901487	0.887704	0.819075	0.964462	0.853893	0.900573	0.889728	0.882262
579.0	1.136676	1.113895	1.126338	1.109824	1.166972	1.051194	1.052453	1.044323	1.076115	0.960646	0.979499	1.024249	0.992425	1.020291	0.909941	1.019117	0.995032	0.973331	0.956491	0.955211
580.0	1.227664	1.160486	1.194219	1.178089	1.241443	1.167126	1.106161	1.093156	1.109294	1.067833	1.062364	1.027694	0.995837	1.083427	1.030211	1.058541	0.996809	1.018914	1.048932	1.014137
581.0	1.329446	1.267646	1.221055	1.235241	1.287393	1.205770	1.198929	1.150129	1.200533	1.067833	1.141776	1.136196	1.180102	1.136041	1.124088	1.053165	1.151458	1.132871	1.038307	1.056735
582.0	1.440482	1.368594	1.315772	1.282868	1.306407	1.291109	1.270540	1.312907	1.276843	1.205646	1.181482	1.137919	1.209107	1.220223	1.164828	1.140973	1.235003	1.239815	1.224252	1.150804
583.0	1.397301	1.454011	1.443641	1.360659	1.352357	1.336194	1.451194	1.335696	1.366424	1.331548	1.312685	1.354924	1.279059	1.228992	1.256934	1.237740	1.243891	1.322215	1.355299	1.292796
584.0	1.479036	1.551852	1.423118	1.463850	1.464856	1.413482	1.451194	1.433363	1.522362	1.362173	1.367928	1.292923	1.337068	1.365789	1.349040	1.377515	1.403872	1.390589	1.403113	1.363791
585.0	1.608577	1.601549	1.543094	1.571805	1.569432	1.550347	1.459331	1.544052	1.495819	1.494882	1.455972	1.577097	1.372898	1.385080	1.354354	1.452779	1.403872	1.422147	1.500513	1.452536
586.0	1.676432	1.595337	1.647283	1.601968	1.575770	1.592211	1.594415	1.623814	1.611943	1.613979	1.485320	1.582263	1.507684	1.481539	1.515540	1.508331	1.455422	1.508053	1.521764	1.516432
587.0	1.733492	1.679201	1.740421	1.665471	1.694606	1.722635	1.695320	1.705203	1.592036	1.612277	1.621702	1.547818	1.661238	1.592028	1.683812	1.553131	1.505194	1.509806	1.578433	1.605177
588.0	1.725781	1.728898	1.770415	1.727386	1.759570	1.745177	1.610690	1.744270	1.605307	1.789222	1.632060	1.616709	1.581049	1.639381	1.682040	1.664234	1.640289	1.602725	1.548327	1.587428
589.0	1.870745	1.856247	1.847767	1.781363	1.705698	1.793482	1.750656	1.726364	1.716454	1.738180	1.685576	1.797547	1.669769	1.709533	1.731636	1.737706	1.773606	1.728955	1.672291	1.697472
590.0	1.893877	1.905945	1.843032	1.808352	1.821365	1.898143	1.835286	1.770314	1.829260	1.823250	1.797789	1.704544	1.799437	1.793715	1.860939	1.759210	1.826933	1.814861	1.746669	1.803965
591.0	1.935515	1.982043	1.977214	1.873442	1.900590	1.911025	1.934565	1.863098	1.860779	1.838562	1.939350	1.861271	1.857446	1.763900	1.836141	1.832681	1.842932	1.849925	1.883028	1.866087
592.0	2.032671	1.923028	1.964585	2.000447	2.016257	1.864330	1.903642	1.947743	1.980220	1.932139	1.823684	1.909494	1.893275	1.891928	1.942418	1.852393	1.873150	1.942844	1.840527	1.846563
593.0	1.989491	2.037953	2.004051	2.019498	2.040025	2.033397	1.986645	1.981926	1.947042	2.032521	1.861664	1.933606	1.988820	1.958572	2.011498	1.992168	1.899814	1.951610	1.969803	1.981455
594.0	2.020334	2.100074	2.094032	2.067125	2.036856	2.125177	2.098943	2.050293	2.005104	1.962764	1.963519	2.048998	1.946166	1.955064	2.039838	1.992168	1.990470	2.002452	1.914905	1.965481
595.0	2.049635	2.100074	2.052988	2.121102	2.117665	2.118736	2.167299	2.104010	2.116251	2.103979	2.025667	2.121333	2.128725	2.060292	2.023897	1.920489	2.075793	2.051541	2.067203	1.937082
596.0	2.098984	2.148219	2.119290	2.127452	2.162030	2.168652	2.151024	2.162610	2.117910	2.044430	2.122343	2.047275	2.069009	2.139213	2.071721	2.069224	2.102457	2.107643	2.047723	2.061325
597.0	2.216189	2.199469	2.165070	2.154441	2.198473	2.176703	2.160789	2.092616	2.147770	2.148215	2.132701	2.226391	2.123606	2.223395	2.117774	2.047720	2.145118	2.042775	2.099079	2.102147
598.0	2.216189	2.242954	2.239265	2.260807	2.147770	2.133228	2.159161	2.178888	2.247304	2.146514	2.163775	2.157500	2.125313	2.119921	2.153200	2.101480	2.178892	2.170758	2.102621	2.215741
599.0	2.171466	2.208787	2.250316	2.229056	2.209565	2.236279	2.217752	2.232605	2.242328	2.185646	2.156870	2.195390	2.166260	2.179550	2.266561	2.130152	2.139785	2.183030	2.203562	2.151845
600.0	2.163755	2.154431	2.285045	2.241757	2.309388	2.279753	2.258439	2.170749	2.237351	2.207764	2.301883	2.252225	2.239625	2.240933	2.190396	2.131944	2.182447	2.172511	2.212417	2.169593
601.0	2.270164	2.272462	2.236108	2.298909	2.285620	2.250770	2.307265	2.322133	2.303707	2.241791	2.350221	2.233280	2.215739	2.295301	2.216966	2.189287	2.326430	2.296988	2.210646	2.244139
602.0	2.334935	2.331477	2.302410	2.313197	2.277698	2.278143	2.279597	2.318878	2.245645	2.340472	2.308789	2.278059	2.357350	2.228656	2.273646	2.230503	2.283768	2.347830	2.198249	2.338208
603.0	2.277875	2.323712	2.218743	2.259220	2.277698	2.289414	2.315402	2.279811	2.239010	2.275819	2.282894	2.300449	2.290810	2.390006	2.245306	2.273511	2.324652	2.333805	2.242522	2.226390
604.0	2.284044	2.294204	2.232951	2.263983	2.328401	2.202465	2.253557	2.338411	2.325273	2.255402	2.251819	2.307338	2.338582	2.223395	2.270104	2.221543	2.278436	2.265430	2.306275	2.245914
605.0	2.273248	2.294204	2.326089	2.292559	2.231748	2.311957	2.356090	2.230977	2.305366	2.258805	2.294978	2.243614	2.309578	2.300562	2.280732	2.345191	2.271325	2.333805	2.258460	2.331109
606.0	2.217731	2.300416	2.321354	2.310022	2.241255	2.253991	2.276342	2.273300	2.247304	2.362590	2.255272	2.257392	2.330051	2.349668	2.321471	2.316519	2.328208	2.261924	2.276169	2.345308
607.0	2.262453	2.328371	2.255051	2.297321	2.268191	2.138058	2.212869	2.219583	2.321955	2.291132	2.177586	2.324560	2.309578	2.321608	2.280732	2.361318	2.287324	2.368868	2.345235	2.311585
608.0	2.274791	2.227423	2.236108	2.294146	2.307803	2.318397	2.277970	2.203305	2.348498	2.234986	2.307062	2.305615	2.360762	2.318100	2.211652	2.311143	2.290879	2.212835	2.350547	2.316910
609.0	2.288670	2.311288	2.266102	2.179842	2.230163	2.291025	2.290990	2.286322	2.323614	2.248597	2.241461	2.333172	2.319814	2.305824	2.328556	2.307559	2.202000	2.247898	2.398362	2.297386
610.0	2.210020	2.129582	2.327668	2.357649	2.253930	2.241109	2.273087	2.348178	2.235692	2.269014	2.289799	2.300449	2.348819	2.228656	2.328556	2.336231	2.289101	2.295234	2.329296	2.292061
611.0	2.203851	2.173067	2.248737	2.236994	2.207980	2.284584	2.185201	2.247255	2.222421	2.297937	2.231103	2.303893	2.299341	2.291793	2.298444	2.293223	2.310432	2.202315	2.311587	2.197992
612.0	2.180719	2.241401	2.302410	2.186192	2.209565	2.245940	2.168926	2.229349	2.210808	2.180541	2.198302	2.207446	2.319814	2.268994	2.215194	2.248423	2.205555	2.228613	2.207104	2.237039
613.0	2.156044	2.157537	2.267680	2.214768	2.185798	2.196025	2.188456	2.214699	2.204173	2.241791	2.179313	2.200557	2.231094	2.281270	2.197482	2.232295	2.221554	2.284715	2.311587	2.187342
614.0	2.165297	2.104733	2.101925	2.240169	2.078052	2.142889	2.090806	2.286322	2.207491	2.221375	2.186218	2.197113	2.261805	2.174289	2.193939	2.244839	2.186002	2.304000	2.244293	2.102147
615.0	2.072768	2.089203	2.109818	2.056012	2.165199	2.138058	2.087551	2.134938	2.126204	2.170333	2.160323	2.138556	2.241331	2.225149	2.209881	2.234087	2.177114	2.204069	2.173457	2.089723
616.0	2.091274	2.152878	2.073510	2.073475	2.082806	2.171872	2.100571	2.160983	2.217444	2.172034	2.056742	2.145445	2.132137	2.121675	2.165599	2.167783	2.107789	2.153226	2.143351	2.079074
617.0	2.132912	2.135794	2.075089	2.078238	2.104989	2.157381	2.129866	2.126799	2.146111	2.052937	2.179313	2.085165	2.080953	2.062046	2.100061	2.117608	2.114899	2.111150	2.077828	2.105697
618.0	2.038840	2.002233	2.026152	2.095701	1.992490	2.035008	2.028960	2.081221	1.952019	2.042729	2.111985	2.055887	2.021237	2.039246	2.029210	2.126568	2.177114	2.067320	2.040639	2.109247
619.0	2.015708	2.009998	2.027730	2.068712	1.895836	1.988313	2.085923	1.990065	2.000127	2.025715	2.048110	2.110999	2.028062	2.016447	2.032753	2.065640	2.040242	2.130435	2.100850	2.087948
620.0	1.924720	1.961854	1.964585	1.933769	1.989321	2.012465	2.043608	1.980299	2.001786	1.966166	2.044657	2.009386	2.004176	2.019955	2.057551	1.970664	2.084681	2.049788	2.003450	2.052450
621.0	1.849154	1.885755	1.923541	1.871854	1.989321	1.946448	1.949212	1.921698	1.915523	1.967868	1.880654	1.952551	2.040005	1.969095	1.960131	2.029800	1.958474	2.005958	1.943239	2.137645
622.0	1.869202	1.877990	1.877761	1.870267	1.859393	1.894923	1.903642	1.866354	1.902251	2.008701	1.906549	1.942217	1.912043	1.991894	1.921163	1.977832	1.960251	1.953363	1.907821	1.977905
623.0	1.861492	1.839164	1.781465	1.795651	1.878407	1.780601	1.801109	1.828915	1.837554	1.874291	1.922086	1.816492	1.871095	1.918234	1.846769	1.956329	1.862485	1.899014	1.907821	1.924658
624.0	1.822938	1.797232	1.843032	1.803589	1.808690	1.787041	1.745773	1.770314	1.797740	1.833458	1.882380	1.845770	1.833560	1.835806	1.878652	1.836265	1.898036	1.820120	1.867090	1.848338
625.0	1.784384	1.669883	1.715163	1.762312	1.735803	1.703313	1.766931	1.773570	1.749632	1.787521	1.851306	1.785491	1.741428	1.825283	1.797173	1.759210	1.844709	1.765772	1.787400	1.855437
626.0	1.667179	1.632610	1.648861	1.635307	1.743726	1.766109	1.807619	1.693809	1.747973	1.809639	1.718377	1.825103	1.780669	1.837560	1.717466	1.769961	1.729167	1.772784	1.725418	1.709896
627.0	1.685685	1.590678	1.625182	1.719448	1.591615	1.658228	1.703458	1.692181	1.708159	1.736479	1.735641	1.685599	1.674887	1.716548	1.756434	1.721578	1.771829	1.665840	1.674062	1.724095
628.0	1.619372	1.559617	1.623603	1.624194	1.571016	1.619584	1.680673	1.671020	1.605307	1.573146	1.699387	1.616709	1.572518	1.697256	1.648386	1.594346	1.627846	1.609738	1.585516	1.709896
629.0	1.576192	1.554958	1.492578	1.625782	1.583692	1.560008	1.558609	1.529402	1.600330	1.634396	1.557827	1.563319	1.581049	1.625350	1.635987	1.563883	1.698949	1.555389	1.629789	1.701021
630.0	1.560770	1.477306	1.481527	1.521003	1.487039	1.547126	1.508156	1.576608	1.553881	1.591861	1.585448	1.465149	1.555456	1.590275	1.524397	1.544171	1.569186	1.544870	1.557182	1.564354
631.0	1.446650	1.475753	1.443641	1.530528	1.445842	1.411872	1.473979	1.425224	1.480889	1.581652	1.550921	1.470316	1.480386	1.507846	1.519083	1.508331	1.490973	1.430913	1.491658	1.559030
632.0	1.417349	1.466435	1.457848	1.376534	1.542496	1.395770	1.379583	1.426852	1.439416	1.518701	1.449067	1.490983	1.476973	1.435940	1.545652	1.470699	1.528302	1.492274	1.535931	1.422363
633.0	1.443566	1.394995	1.367867	1.319382	1.384047	1.390940	1.400741	1.314535	1.333246	1.457451	1.473235	1.489261	1.459912	1.416649	1.396865	1.420523	1.402095	1.460717	1.505826	1.441887
634.0	1.351036	1.286283	1.244734	1.293981	1.344435	1.403821	1.330758	1.311279	1.331587	1.368979	1.442161	1.387647	1.371192	1.334220	1.416349	1.370348	1.357656	1.334487	1.371237	1.411713
635.0	1.227664	1.283176	1.243156	1.273343	1.252534	1.307211	1.278677	1.267329	1.291773	1.350264	1.378286	1.308423	1.347305	1.297391	1.310072	1.304044	1.316771	1.308190	1.374779	1.429462
636.0	1.258507	1.188441	1.210005	1.262230	1.219260	1.152635	1.270540	1.213612	1.149107	1.219257	1.307506	1.229199	1.263704	1.264068	1.391551	1.298668	1.272332	1.224037	1.296859	1.253748
637.0	1.142845	1.168252	1.173696	1.197140	1.235105	1.239584	1.211949	1.233146	1.185603	1.246479	1.217736	1.174086	1.212519	1.211455	1.196711	1.234156	1.297218	1.169688	1.261441	1.271497
638.0	1.113544	1.124767	1.208426	1.230478	1.165388	1.159075	1.122436	1.270585	1.152425	1.135889	1.186661	1.127585	1.244936	1.172871	1.202025	1.250284	1.171011	1.187220	1.217168	1.243098
639.0	1.062652	1.023819	1.093187	1.097123	1.125776	1.123652	1.109416	1.156640	1.154084	1.127382	1.191840	1.151697	1.111856	1.139549	1.074493	1.139181	1.140792	1.185466	1.203001	1.085133
640.0	1.115086	1.053327	1.090030	1.046321	1.041798	0.999668	1.026413	1.112690	1.099340	1.061028	1.127965	1.137919	1.113562	1.102719	1.060323	1.153517	1.076800	1.036445	1.098518	1.069159
641.0	1.088869	0.992758	1.030042	1.052671	1.010108	1.017380	1.024785	1.109434	1.072798	1.066132	1.036469	1.065583	1.035079	1.053613	1.102833	1.083629	1.000364	1.053977	1.093205	1.046085
642.0	0.960870	1.000524	1.023728	0.979643	0.922961	0.972296	0.972705	1.060601	0.998147	1.006583	0.979499	0.950192	0.990719	0.967677	1.003642	0.988833	1.032361	1.045211	1.011743	0.978639
643.0	0.885304	0.916659	0.930589	0.862164	0.873842	0.954584	0.951547	0.974328	0.943403	0.923215	0.991584	1.019082	1.016311	0.981707	1.039067	1.045997	0.966057	0.932832	1.011743	1.012362
644.0	0.909978	0.884046	0.910067	0.882802	0.927715	0.898228	0.941782	0.894567	0.918519	0.849545	0.979499	0.929524	0.920766	0.884898	0.982386	0.928084	0.947571	0.886022	0.912573	0.947046
645.0	0.883762	0.842114	0.859551	0.884389	0.853244	0.883736	0.875054	0.868522	0.883682	0.887996	0.891110	0.932969	0.871629	0.903312	0.912598	0.936148	0.937972	0.888652	0.929573	0.914211
646.0	0.857545	0.801735	0.791670	0.762147	0.842152	0.895007	0.857152	0.827177	0.834412	0.793229	0.882479	0.890773	0.853714	0.850172	0.915432	0.863752	0.846605	0.916001	0.841205	0.886345
647.0	0.811280	0.764462	0.722211	0.811361	0.794618	0.731092	0.800352	0.790063	0.846523	0.755118	0.869876	0.851506	0.773355	0.834038	0.784181	0.873966	0.739595	0.822557	0.806318	0.825288
648.0	0.755762	0.712280	0.745417	0.716584	0.735992	0.744940	0.777078	0.749531	0.796755	0.829639	0.805829	0.762809	0.770283	0.774058	0.838559	0.843144	0.767503	0.789246	0.794276	0.749855
649.0	0.688370	0.722530	0.733103	0.767068	0.700024	0.709033	0.707095	0.728207	0.762084	0.764305	0.806346	0.729742	0.745203	0.754064	0.798528	0.768239	0.782612	0.770837	0.717773	0.815881
650.0	0.708110	0.690848	0.713529	0.696263	0.670552	0.755084	0.711327	0.703302	0.722436	0.698121	0.747651	0.680657	0.667232	0.710570	0.774262	0.761250	0.764126	0.777324	0.752660	0.709210
651.0	0.617585	0.710416	0.612655	0.712615	0.636169	0.699211	0.674057	0.666677	0.693571	0.672090	0.671001	0.649139	0.687194	0.705309	0.706245	0.708745	0.754705	0.707021	0.679876	0.749500
652.0	0.607098	0.576855	0.628283	0.662607	0.605113	0.646719	0.675847	0.638354	0.676153	0.649462	0.686020	0.685135	0.673033	0.674091	0.639645	0.723439	0.684135	0.683879	0.693157	0.717020
653.0	0.582732	0.620806	0.595448	0.574814	0.615887	0.565889	0.591379	0.634773	0.634016	0.674642	0.653047	0.706146	0.571004	0.672688	0.655586	0.662511	0.670626	0.618135	0.665708	0.643362
654.0	0.550964	0.536010	0.547142	0.565765	0.588951	0.539965	0.603585	0.598147	0.582258	0.597399	0.663750	0.622444	0.569469	0.640769	0.609179	0.609289	0.635074	0.586753	0.586903	0.605379
655.0	0.506241	0.489108	0.536565	0.510836	0.567561	0.529499	0.555574	0.526525	0.553725	0.563882	0.615412	0.525997	0.561109	0.562024	0.560114	0.594953	0.614632	0.578513	0.570080	0.534028
656.0	0.455350	0.476218	0.501678	0.511629	0.501646	0.529821	0.486079	0.506503	0.460661	0.563541	0.600393	0.525136	0.539099	0.556587	0.544527	0.535101	0.497313	0.573954	0.547058	0.497288
657.0	0.461518	0.475597	0.502309	0.479243	0.495625	0.463482	0.441811	0.472320	0.473932	0.518795	0.502509	0.528925	0.523914	0.491521	0.531242	0.552483	0.473671	0.478756	0.501546	0.520894
658.0	0.454733	0.443604	0.430798	0.498929	0.421946	0.459134	0.494054	0.427556	0.423335	0.479663	0.500092	0.452801	0.439289	0.451008	0.459329	0.479011	0.497490	0.484367	0.508275	0.486106
659.0	0.417412	0.418756	0.412486	0.451620	0.420362	0.414694	0.471269	0.410138	0.460826	0.431173	0.440706	0.452629	0.436218	0.441889	0.458797	0.459837	0.475804	0.471744	0.488618	0.480071
660.0	0.366367	0.421085	0.361654	0.398436	0.433671	0.358821	0.413980	0.371072	0.427482	0.394253	0.428103	0.442640	0.400389	0.433646	0.462871	0.410557	0.426210	0.448426	0.421146	0.381920
661.0	0.303447	0.372164	0.363391	0.337791	0.340187	0.340143	0.352135	0.343888	0.396793	0.375878	0.393231	0.382188	0.349887	0.383838	0.378204	0.421309	0.389237	0.401967	0.389801	0.411028
662.0	0.332439	0.322157	0.328819	0.321439	0.341137	0.336762	0.350507	0.331679	0.366932	0.346104	0.384599	0.377194	0.335725	0.411548	0.382278	0.395863	0.386570	0.365676	0.392812	0.360798
663.0	0.284170	0.267490	0.297878	0.289688	0.300416	0.339338	0.337650	0.307425	0.331763	0.334875	0.365437	0.372199	0.320541	0.352094	0.325774	0.374180	0.348886	0.372513	0.370144	0.301872
664.0	0.296199	0.285660	0.276724	0.272384	0.280927	0.329516	0.339440	0.287403	0.317829	0.341170	0.321070	0.296764	0.338285	0.290711	0.333745	0.341207	0.322222	0.322021	0.345175	0.304534
665.0	0.266898	0.264384	0.274041	0.260636	0.291384	0.295219	0.266853	0.260057	0.264578	0.298635	0.316581	0.266107	0.273451	0.277207	0.270688	0.284401	0.320445	0.259958	0.298069	0.306842
666.0	0.257336	0.204902	0.227945	0.239838	0.214695	0.208914	0.236744	0.255011	0.257610	0.261205	0.278083	0.220812	0.264579	0.282469	0.298497	0.255550	0.300891	0.249264	0.305152	0.302227
667.0	0.199659	0.167785	0.202529	0.169351	0.181738	0.212617	0.183687	0.235477	0.203696	0.221562	0.247009	0.254913	0.240693	0.253531	0.254215	0.236376	0.271562	0.222966	0.226878	0.245963
668.0	0.165423	0.158156	0.200477	0.142838	0.181263	0.166728	0.173271	0.201782	0.197558	0.196722	0.205749	0.234073	0.196674	0.181450	0.233314	0.219531	0.204903	0.211921	0.236087	0.218274
669.0	0.163573	0.169027	0.193215	0.150300	0.177618	0.144668	0.164320	0.151158	0.158739	0.168649	0.163454	0.168455	0.174494	0.183379	0.195940	0.168459	0.167929	0.207363	0.168438	0.207270
670.0	0.148614	0.094015	0.117284	0.149347	0.141017	0.136778	0.117773	0.137485	0.123570	0.137344	0.153268	0.155021	0.157262	0.168647	0.174153	0.169714	0.172196	0.142495	0.173043	0.251820
671.0	0.092325	0.094481	0.096288	0.102514	0.102197	0.112626	0.108171	0.125602	0.122907	0.142107	0.133415	0.117304	0.155555	0.153038	0.122255	0.170251	0.118157	0.122859	0.128770	0.178694
672.0	0.062407	0.044629	0.073082	0.079018	0.105999	0.086863	0.099545	0.114207	0.089895	0.126965	0.118741	0.093192	0.102323	0.133571	0.070179	0.107352	0.074607	0.149332	0.097602	0.096872
673.0	0.037887	0.063576	0.044509	0.046949	0.075894	0.060778	0.093035	0.084907	0.096033	0.063503	0.088703	0.076830	0.062058	0.067628	0.066814	0.070796	0.064830	0.151261	0.064840	0.080898
674.0	0.015988	0.046648	0.028881	0.003133	0.046740	0.098134	0.052835	0.058212	0.061693	0.068607	0.060909	0.075797	0.056428	0.056755	0.063449	0.071692	0.093805	0.094633	0.080601	0.076283
675.0	0.036499	0.028477	-0.000797	-0.018776	-0.015848	0.037431	0.024354	0.034609	0.036975	0.053295	0.007564	0.040318	-0.001240	0.045881	0.029971	0.044633	0.033012	0.043790	-0.000683	0.024988
676.0	-0.019944	-0.005690	-0.023845	0.017897	-0.006974	0.004584	0.004336	0.016215	0.030008	-0.000469	0.028626	-0.004116	-0.008065	0.003440	0.032805	0.004492	0.036567	0.013285	0.050496	0.035460
677.0	-0.067443	-0.021686	-0.035211	-0.038779	-0.006974	-0.026332	-0.029517	-0.017155	-0.011299	-0.023948	-0.017986	-0.044073	-0.002435	0.012208	-0.015196	0.016857	0.027857	-0.007403	0.031370	-0.017432
678.0	-0.058961	-0.057095	-0.073729	-0.070213	-0.044210	-0.028425	-0.065485	-0.085033	-0.074503	-0.049809	-0.061835	-0.057679	-0.020520	-0.032338	-0.034857	-0.015041	-0.029736	-0.005649	-0.035393	0.005464
679.0	-0.098286	-0.042031	-0.075466	-0.102599	-0.071622	-0.086391	-0.072971	-0.106520	-0.096567	-0.055424	-0.048715	-0.066118	-0.078700	-0.090915	-0.043182	-0.037440	-0.052845	-0.063329	-0.085864	-0.004475
680.0	-0.137920	-0.123876	-0.081465	-0.104663	-0.117889	-0.086069	-0.071507	-0.088126	-0.067868	-0.033646	-0.064770	-0.099013	-0.077847	-0.070571	-0.093309	-0.059303	-0.088751	-0.092082	-0.096135	-0.069969
681.0	-0.150257	-0.119372	-0.092989	-0.112124	-0.122642	-0.093798	-0.109753	-0.125077	-0.114317	-0.080434	-0.104821	-0.092469	-0.088937	-0.103367	-0.106594	-0.047834	-0.099239	-0.097867	-0.099677	-0.090025
682.0	-0.149332	-0.141736	-0.122351	-0.132287	-0.093487	-0.138561	-0.126516	-0.122310	-0.130906	-0.111910	-0.108964	-0.115375	-0.089107	-0.094598	-0.116336	-0.140659	-0.109905	-0.120483	-0.133324	-0.100497
683.0	-0.178170	-0.179941	-0.135138	-0.149908	-0.156709	-0.174145	-0.156951	-0.158609	-0.175199	-0.123479	-0.161618	-0.139831	-0.131249	-0.133357	-0.125901	-0.113421	-0.155766	-0.058771	-0.120750	-0.129250
684.0	-0.203153	-0.189880	-0.171762	-0.192296	-0.172395	-0.197976	-0.190640	-0.141843	-0.146666	-0.147299	-0.150742	-0.147926	-0.158719	-0.162820	-0.126964	-0.155174	-0.145456	-0.150638	-0.129782	-0.163860
685.0	-0.244020	-0.200285	-0.187390	-0.218650	-0.233715	-0.198781	-0.202196	-0.191653	-0.193115	-0.151212	-0.146771	-0.148098	-0.196937	-0.200702	-0.193209	-0.183129	-0.161987	-0.158352	-0.152273	-0.169895
686.0	-0.215336	-0.240043	-0.193705	-0.215634	-0.234348	-0.233561	-0.194384	-0.228604	-0.202737	-0.206677	-0.201324	-0.193393	-0.195230	-0.204210	-0.201534	-0.160013	-0.200205	-0.188507	-0.215494	-0.154454
687.0	-0.203461	-0.228706	-0.222435	-0.224841	-0.260017	-0.246603	-0.250207	-0.247812	-0.209372	-0.233899	-0.229809	-0.210099	-0.219970	-0.191057	-0.200472	-0.191193	-0.211581	-0.232161	-0.244537	-0.211783
688.0	-0.241861	-0.271259	-0.251482	-0.235796	-0.235616	-0.250145	-0.253300	-0.247486	-0.235583	-0.241386	-0.231362	-0.236106	-0.243173	-0.250335	-0.246525	-0.226316	-0.228824	-0.248992	-0.258704	-0.215332
689.0	-0.294141	-0.273123	-0.239800	-0.259768	-0.275862	-0.256747	-0.252323	-0.251718	-0.230772	-0.273882	-0.239994	-0.232317	-0.273031	-0.247003	-0.235189	-0.255884	-0.261887	-0.246187	-0.259412	-0.256332
690.0	-0.306940	-0.283062	-0.268847	-0.322159	-0.273010	-0.274298	-0.289756	-0.283460	-0.266273	-0.259250	-0.290749	-0.284501	-0.272519	-0.260507	-0.258569	-0.247820	-0.270063	-0.254602	-0.257110	-0.267869
691.0	-0.324675	-0.308222	-0.286212	-0.314063	-0.320069	-0.282832	-0.282432	-0.305110	-0.266107	-0.300934	-0.290231	-0.272445	-0.297429	-0.312770	-0.296652	-0.294770	-0.249621	-0.276692	-0.286684	-0.273904
692.0	-0.327760	-0.312415	-0.333570	-0.338035	-0.335439	-0.310205	-0.327351	-0.324969	-0.281203	-0.300934	-0.324931	-0.291046	-0.318415	-0.328028	-0.323929	-0.320575	-0.265619	-0.259686	-0.325644	-0.272661
693.0	-0.323904	-0.326392	-0.350777	-0.329144	-0.351125	-0.308111	-0.345417	-0.320411	-0.290161	-0.324924	-0.336842	-0.322563	-0.329846	-0.318031	-0.315604	-0.290111	-0.286950	-0.309302	-0.313248	-0.319341
694.0	-0.353051	-0.333847	-0.339253	-0.347560	-0.355403	-0.339510	-0.358600	-0.333596	-0.349882	-0.314715	-0.355660	-0.313263	-0.311078	-0.317681	-0.323044	-0.319141	-0.325168	-0.319120	-0.295716	-0.321649
695.0	-0.361687	-0.370964	-0.345568	-0.354069	-0.364752	-0.382018	-0.374875	-0.335224	-0.348555	-0.335983	-0.341504	-0.330830	-0.330017	-0.368365	-0.344831	-0.334553	-0.319835	-0.362774	-0.330071	-0.354662
696.0	-0.388058	-0.372362	-0.376667	-0.389154	-0.411177	-0.392484	-0.388709	-0.392847	-0.389696	-0.358441	-0.359112	-0.344781	-0.390415	-0.378537	-0.323929	-0.335986	-0.371563	-0.367683	-0.324759	-0.377913
697.0	-0.385282	-0.406684	-0.346357	-0.392965	-0.381547	-0.393289	-0.383012	-0.398382	-0.391520	-0.406080	-0.374822	-0.360109	-0.356633	-0.365910	-0.348019	-0.369855	-0.373518	-0.365579	-0.348843	-0.372766
698.0	-0.418901	-0.407461	-0.377298	-0.392806	-0.396600	-0.410679	-0.391801	-0.407172	-0.385880	-0.401827	-0.379656	-0.406265	-0.380007	-0.399583	-0.374765	-0.397631	-0.400004	-0.417649	-0.398605	-0.400631
699.0	-0.429234	-0.429980	-0.420237	-0.412015	-0.412445	-0.426620	-0.400264	-0.405870	-0.433491	-0.393830	-0.423505	-0.388871	-0.405770	-0.371873	-0.401334	-0.397093	-0.414402	-0.407130	-0.394001	-0.372943
700.0	-0.427692	-0.390843	-0.430971	-0.404871	-0.426705	-0.412450	-0.446973	-0.412218	-0.437472	-0.412035	-0.432655	-0.414705	-0.397580	-0.428170	-0.393895	-0.398347	-0.383472	-0.392753	-0.430305	-0.391224
701.0	-0.429234	-0.443957	-0.433339	-0.444560	-0.418624	-0.435959	-0.434442	-0.433379	-0.427519	-0.457632	-0.434554	-0.418666	-0.430680	-0.427293	-0.417984	-0.409816	-0.392893	-0.406078	-0.401616	-0.430272
702.0	-0.448665	-0.464457	-0.430813	-0.451863	-0.446353	-0.444815	-0.421910	-0.460563	-0.421713	-0.461545	-0.421779	-0.418838	-0.434945	-0.431677	-0.419755	-0.453003	-0.438399	-0.413967	-0.421981	-0.434354
703.0	-0.442959	-0.465234	-0.457018	-0.448212	-0.457603	-0.452866	-0.469433	-0.460238	-0.439961	-0.438236	-0.461140	-0.432099	-0.434092	-0.427644	-0.450753	-0.468593	-0.411736	-0.449557	-0.432784	-0.454943
704.0	-0.468096	-0.488063	-0.462070	-0.469326	-0.458395	-0.458340	-0.445020	-0.458935	-0.471148	-0.427688	-0.439042	-0.461550	-0.451324	-0.454126	-0.455358	-0.452645	-0.443198	-0.447979	-0.444649	-0.442696
705.0	-0.460848	-0.476416	-0.466806	-0.469961	-0.457761	-0.462366	-0.469596	-0.471469	-0.464512	-0.461375	-0.453026	-0.480323	-0.483741	-0.447111	-0.465632	-0.439563	-0.442843	-0.478660	-0.478650	-0.464705
706.0	-0.469176	-0.502196	-0.479593	-0.488218	-0.483113	-0.489256	-0.470572	-0.491654	-0.471148	-0.479070	-0.477713	-0.469473	-0.477599	-0.478328	-0.493441	-0.454437	-0.483905	-0.466913	-0.498662	-0.471095
707.0	-0.490612	-0.500954	-0.479435	-0.476788	-0.479944	-0.496662	-0.470898	-0.481073	-0.475295	-0.476518	-0.475814	-0.482217	-0.490225	-0.485168	-0.486355	-0.475941	-0.494748	-0.469718	-0.493349	-0.447844
708.0	-0.502332	-0.492722	-0.537212	-0.511397	-0.491511	-0.500366	-0.491242	-0.494095	-0.497193	-0.507993	-0.500155	-0.478773	-0.502168	-0.491131	-0.470237	-0.482929	-0.477683	-0.503730	-0.478473	-0.470562
709.0	-0.535951	-0.514776	-0.518269	-0.509968	-0.518605	-0.506484	-0.519886	-0.487259	-0.506317	-0.501018	-0.506543	-0.523724	-0.518718	-0.481661	-0.509913	-0.482750	-0.485505	-0.522489	-0.495297	-0.486004
710.0	-0.525927	-0.535586	-0.510692	-0.527590	-0.515595	-0.509222	-0.529651	-0.515257	-0.521081	-0.535045	-0.511376	-0.547147	-0.522130	-0.491131	-0.532940	-0.518232	-0.504525	-0.528976	-0.512120	-0.502333
711.0	-0.539652	-0.544749	-0.526951	-0.521081	-0.531123	-0.548832	-0.514190	-0.548789	-0.536011	-0.511056	-0.547112	-0.531991	-0.524007	-0.491306	-0.521072	-0.533822	-0.514123	-0.512146	-0.550195	-0.543510
712.0	-0.555074	-0.535276	-0.558682	-0.529178	-0.537619	-0.552213	-0.504425	-0.556928	-0.519920	-0.529771	-0.543659	-0.524585	-0.534073	-0.511826	-0.536128	-0.522712	-0.513412	-0.513723	-0.527173	-0.554692
713.0	-0.561860	-0.532480	-0.580467	-0.552832	-0.557901	-0.549959	-0.538440	-0.541952	-0.552434	-0.554441	-0.541933	-0.526996	-0.550623	-0.550760	-0.548173	-0.539915	-0.556252	-0.516879	-0.540632	-0.549900
714.0	-0.559084	-0.565094	-0.576362	-0.547593	-0.528746	-0.554145	-0.563503	-0.541464	-0.552600	-0.566691	-0.536236	-0.534058	-0.563078	-0.550409	-0.527803	-0.548516	-0.559274	-0.550365	-0.547361	-0.568004
715.0	-0.573426	-0.569442	-0.575573	-0.566803	-0.541739	-0.568154	-0.562364	-0.562625	-0.568858	-0.560056	-0.536926	-0.543702	-0.543116	-0.568298	-0.533471	-0.546187	-0.544520	-0.540547	-0.553560	-0.554160
716.0	-0.572809	-0.582177	-0.552999	-0.592363	-0.558535	-0.561713	-0.569851	-0.583135	-0.561890	-0.549677	-0.546939	-0.577803	-0.557618	-0.557074	-0.563760	-0.544753	-0.571361	-0.560183	-0.567727	-0.555580
717.0	-0.576202	-0.596465	-0.586307	-0.592839	-0.557742	-0.586188	-0.582708	-0.572229	-0.564213	-0.564649	-0.571108	-0.579698	-0.567172	-0.584784	-0.592986	-0.553713	-0.566028	-0.575611	-0.538153	-0.555402
718.0	-0.569570	-0.593825	-0.585202	-0.599030	-0.590224	-0.592467	-0.563992	-0.577275	-0.580138	-0.601910	-0.582847	-0.581937	-0.581333	-0.586362	-0.582004	-0.574858	-0.598913	-0.563163	-0.560643	-0.566407
719.0	-0.588847	-0.600348	-0.597200	-0.593950	-0.597830	-0.588120	-0.589381	-0.579717	-0.590589	-0.593743	-0.609088	-0.587276	-0.575362	-0.585836	-0.601488	-0.594391	-0.547364	-0.561585	-0.581894	-0.538363
720.0	-0.604732	-0.600193	-0.622616	-0.594109	-0.606544	-0.583128	-0.606470	-0.587367	-0.596064	-0.612118	-0.590271	-0.601743	-0.583040	-0.602322	-0.608219	-0.610340	-0.587715	-0.594545	-0.589332	-0.581671
721.0	-0.612134	-0.602522	-0.622931	-0.587917	-0.622072	-0.590052	-0.606307	-0.616505	-0.606515	-0.565840	-0.597521	-0.579181	-0.610850	-0.606005	-0.613179	-0.581130	-0.590026	-0.619616	-0.606155	-0.581848
722.0	-0.606120	-0.624109	-0.619301	-0.614588	-0.628727	-0.591662	-0.620466	-0.615691	-0.620450	-0.616372	-0.612195	-0.603121	-0.599931	-0.607057	-0.599186	-0.619658	-0.607624	-0.607870	-0.594999	-0.598532
723.0	-0.617840	-0.631875	-0.618511	-0.624749	-0.629044	-0.617747	-0.614770	-0.626597	-0.630237	-0.635529	-0.617202	-0.590031	-0.588499	-0.601094	-0.608928	-0.618404	-0.609579	-0.597701	-0.601728	-0.623079
724.0	-0.604577	-0.615568	-0.632403	-0.623320	-0.632530	-0.635346	-0.609725	-0.624969	-0.625426	-0.629013	-0.619101	-0.637928	-0.601125	-0.623157	-0.624975	-0.615895	-0.614201	-0.598753	-0.587207	-0.629380
725.0	-0.626785	-0.626905	-0.626247	-0.639624	-0.632372	-0.627569	-0.639199	-0.636331	-0.630951	-0.625627	-0.654646	-0.645351	-0.625898	-0.634697	-0.621397	-0.639137	-0.628652	-0.631836	-0.616072	-0.638698
726.0	-0.628173	-0.628458	-0.627194	-0.650404	-0.661146	-0.639790	-0.652935	-0.648767	-0.622440	-0.629694	-0.640179	-0.636343	-0.640315	-0.602673	-0.644920	-0.638456	-0.636829	-0.634115	-0.636172	-0.644750
727.0	-0.641759	-0.637931	-0.643169	-0.625701	-0.644477	-0.635411	-0.630231	-0.633336	-0.645947	-0.649974	-0.642924	-0.648743	-0.631273	-0.629120	-0.641395	-0.661609	-0.649148	-0.634904	-0.628912	-0.622813
728.0	-0.651598	-0.649983	-0.646595	-0.651499	-0.647583	-0.632400	-0.638597	-0.641035	-0.639079	-0.640582	-0.648708	-0.653669	-0.630641	-0.634521	-0.645770	-0.637972	-0.654018	-0.644336	-0.637306	-0.640029
729.0	-0.646031	-0.646116	-0.637139	-0.660263	-0.649341	-0.652414	-0.635895	-0.631318	-0.669620	-0.658124	-0.658841	-0.653617	-0.653657	-0.649288	-0.659179	-0.638725	-0.652774	-0.664796	-0.652305	-0.648726
730.0	-0.668994	-0.652204	-0.643975	-0.654500	-0.666961	-0.666245	-0.651031	-0.637894	-0.657692	-0.658192	-0.668405	-0.659818	-0.657121	-0.647833	-0.638331	-0.653186	-0.650410	-0.657941	-0.640245	-0.658240
731.0	-0.687592	-0.644672	-0.669848	-0.656405	-0.644699	-0.664523	-0.664344	-0.673428	-0.636292	-0.651012	-0.667404	-0.665932	-0.670327	-0.660039	-0.674199	-0.658992	-0.654000	-0.659904	-0.658645	-0.649738
732.0	-0.667683	-0.655030	-0.659634	-0.659469	-0.653334	-0.689673	-0.669812	-0.669684	-0.652367	-0.658838	-0.660861	-0.673785	-0.677629	-0.675578	-0.664882	-0.648742	-0.669270	-0.665865	-0.670510	-0.653412
733.0	-0.672032	-0.673605	-0.652136	-0.677329	-0.677973	-0.666616	-0.676843	-0.679663	-0.675443	-0.671071	-0.677779	-0.672459	-0.665703	-0.681225	-0.665857	-0.652057	-0.672185	-0.670423	-0.677912	-0.676734
734.0	-0.672849	-0.682146	-0.663360	-0.667137	-0.676088	-0.674924	-0.682865	-0.682137	-0.681431	-0.681909	-0.685979	-0.668532	-0.674865	-0.678209	-0.674004	-0.658258	-0.684539	-0.668635	-0.684465	-0.676982
735.0	-0.673944	-0.682690	-0.672579	-0.661739	-0.688668	-0.680173	-0.685013	-0.681925	-0.678412	-0.692611	-0.690520	-0.667223	-0.676946	-0.688819	-0.678379	-0.662003	-0.689747	-0.674859	-0.672848	-0.678651
736.0	-0.688702	-0.669256	-0.663265	-0.688013	-0.687654	-0.694439	-0.692744	-0.699245	-0.690422	-0.681127	-0.690692	-0.700945	-0.687269	-0.686258	-0.677317	-0.674834	-0.675864	-0.683327	-0.689902	-0.684970
737.0	-0.686266	-0.699478	-0.686392	-0.686981	-0.688462	-0.700687	-0.684769	-0.691529	-0.695548	-0.684427	-0.704866	-0.688338	-0.691585	-0.674578	-0.682294	-0.694976	-0.686405	-0.690024	-0.703750	-0.687934
738.0	-0.700885	-0.685128	-0.705872	-0.693316	-0.695609	-0.678418	-0.703372	-0.687769	-0.694221	-0.697307	-0.694162	-0.690250	-0.687815	-0.696010	-0.684791	-0.697735	-0.690512	-0.698474	-0.699057	-0.696418
739.0	-0.696151	-0.688995	-0.694790	-0.699936	-0.709061	-0.702378	-0.692467	-0.701475	-0.694785	-0.701288	-0.698219	-0.697208	-0.699963	-0.704761	-0.684774	-0.703022	-0.700733	-0.691584	-0.710568	-0.705700
740.0	-0.702412	-0.693918	-0.695769	-0.697428	-0.710851	-0.690382	-0.703079	-0.704031	-0.705618	-0.710424	-0.699169	-0.703684	-0.701174	-0.711180	-0.713858	-0.703559	-0.692893	-0.688411	-0.706743	-0.705470
741.0	-0.712791	-0.698578	-0.711066	-0.708382	-0.721103	-0.699560	-0.705553	-0.693857	-0.710495	-0.724920	-0.699272	-0.707145	-0.695356	-0.692327	-0.709696	-0.701516	-0.710954	-0.697913	-0.714393	-0.714468
742.0	-0.707563	-0.715024	-0.705225	-0.698174	-0.712594	-0.693167	-0.719386	-0.700824	-0.715721	-0.716379	-0.701706	-0.713415	-0.703324	-0.702937	-0.716586	-0.710548	-0.704039	-0.703190	-0.692824	-0.722793
743.0	-0.722106	-0.711716	-0.722811	-0.710731	-0.718219	-0.714196	-0.721649	-0.709044	-0.697191	-0.710169	-0.708957	-0.715171	-0.701089	-0.716880	-0.697403	-0.715153	-0.710936	-0.711921	-0.708372	-0.722864
744.0	-0.716693	-0.713394	-0.722542	-0.702222	-0.712293	-0.719188	-0.718084	-0.717167	-0.707194	-0.719323	-0.699531	-0.709781	-0.710780	-0.707444	-0.715133	-0.714168	-0.708323	-0.722002	-0.712392	-0.723343
745.0	-0.729616	-0.729421	-0.719496	-0.720130	-0.710360	-0.728350	-0.720151	-0.722994	-0.719603	-0.706426	-0.702760	-0.718271	-0.711360	-0.709952	-0.721156	-0.708774	-0.720161	-0.703751	-0.714694	-0.713883
746.0	-0.724141	-0.726004	-0.715170	-0.717891	-0.720311	-0.718415	-0.712518	-0.727422	-0.719934	-0.709131	-0.708819	-0.725246	-0.723780	-0.726561	-0.712813	-0.716032	-0.719148	-0.713622	-0.710409	-0.723591
747.0	-0.716261	-0.724855	-0.726726	-0.730227	-0.726633	-0.721007	-0.731105	-0.723662	-0.725376	-0.711649	-0.710563	-0.729087	-0.718304	-0.720072	-0.733236	-0.727303	-0.734097	-0.723054	-0.726984	-0.730922
748.0	-0.727642	-0.731766	-0.738865	-0.738926	-0.727219	-0.726498	-0.731821	-0.733282	-0.723402	-0.715154	-0.731728	-0.721716	-0.723081	-0.730612	-0.736406	-0.734471	-0.733422	-0.727840	-0.728861	-0.718923
749.0	-0.726007	-0.739966	-0.739276	-0.735989	-0.726142	-0.722891	-0.727329	-0.715930	-0.744354	-0.738378	-0.732436	-0.743813	-0.735877	-0.729963	-0.737434	-0.728593	-0.710936	-0.721687	-0.734210	-0.722757
750.0	-0.736525	-0.741845	-0.733719	-0.739212	-0.727679	-0.742809	-0.736573	-0.713179	-0.739261	-0.731437	-0.727861	-0.740592	-0.740125	-0.742345	-0.736088	-0.736711	-0.723112	-0.721985	-0.732208	-0.740417
751.0	-0.737589	-0.746768	-0.740286	-0.744277	-0.728677	-0.734114	-0.730470	-0.739093	-0.737602	-0.720786	-0.733005	-0.736992	-0.742019	-0.736119	-0.735592	-0.736980	-0.724232	-0.730295	-0.731323	-0.734258
752.0	-0.740704	-0.739562	-0.734619	-0.740435	-0.746930	-0.732311	-0.729444	-0.748209	-0.739493	-0.740556	-0.733333	-0.734099	-0.736884	-0.728420	-0.731801	-0.732339	-0.738559	-0.735659	-0.745030	-0.734347
753.0	-0.741429	-0.737528	-0.727626	-0.745753	-0.740006	-0.727367	-0.737631	-0.732256	-0.733703	-0.730569	-0.742397	-0.740075	-0.741968	-0.730419	-0.740551	-0.737768	-0.740906	-0.737448	-0.745579	-0.735270
754.0	-0.747489	-0.735369	-0.739592	-0.738212	-0.744490	-0.739878	-0.748340	-0.740819	-0.732459	-0.742887	-0.736095	-0.741126	-0.722330	-0.743204	-0.737753	-0.738575	-0.736551	-0.743461	-0.746269	-0.741748
755.0	-0.741922	-0.746380	-0.739244	-0.747182	-0.733272	-0.737270	-0.740495	-0.734812	-0.735893	-0.744061	-0.735647	-0.739266	-0.738249	-0.729069	-0.746432	-0.744004	-0.741190	-0.746792	-0.739115	-0.749008
756.0	-0.741753	-0.752111	-0.744848	-0.746388	-0.745805	-0.744178	-0.736182	-0.744676	-0.740704	-0.739008	-0.741102	-0.738542	-0.747377	-0.738487	-0.746556	-0.746890	-0.754611	-0.751578	-0.750945	-0.739814
757.0	-0.743542	-0.757578	-0.750784	-0.742610	-0.739546	-0.744516	-0.737582	-0.754297	-0.744138	-0.747345	-0.749561	-0.741212	-0.742906	-0.731103	-0.748185	-0.762856	-0.744745	-0.759836	-0.750236	-0.747055
758.0	-0.751561	-0.758742	-0.738187	-0.756739	-0.750701	-0.753034	-0.744955	-0.744807	-0.749944	-0.748093	-0.748422	-0.748222	-0.749578	-0.735224	-0.741490	-0.766207	-0.738044	-0.747967	-0.745703	-0.749345
759.0	-0.751314	-0.753897	-0.751242	-0.745531	-0.757689	-0.756914	-0.750667	-0.742332	-0.761838	-0.746154	-0.751874	-0.744639	-0.741320	-0.746361	-0.753340	-0.754954	-0.754362	-0.752367	-0.757922	-0.748937
760.0	-0.758423	-0.754689	-0.760240	-0.750405	-0.751066	-0.754708	-0.757454	-0.751529	-0.751304	-0.750203	-0.757140	-0.760501	-0.752444	-0.750237	-0.735060	-0.750957	-0.758397	-0.748791	-0.746730	-0.762018
761.0	-0.745824	-0.753229	-0.753768	-0.759406	-0.761349	-0.749588	-0.759423	-0.756348	-0.746809	-0.757842	-0.751166	-0.747670	-0.755754	-0.748816	-0.748788	-0.749685	-0.752549	-0.749457	-0.756523	-0.758947
762.0	-0.763312	-0.749952	-0.760840	-0.760120	-0.768416	-0.760263	-0.753597	-0.755827	-0.759765	-0.758080	-0.759712	-0.748428	-0.750021	-0.759953	-0.749744	-0.761405	-0.752744	-0.760151	-0.752503	-0.749576
763.0	-0.755139	-0.762796	-0.756814	-0.749230	-0.746391	-0.751681	-0.760449	-0.760238	-0.755883	-0.757077	-0.755068	-0.747705	-0.760446	-0.763513	-0.746999	-0.755402	-0.764227	-0.763623	-0.765094	-0.757030
764.0	-0.754075	-0.760823	-0.757225	-0.757009	-0.764946	-0.759812	-0.748145	-0.761329	-0.761739	-0.760701	-0.754550	-0.758538	-0.757119	-0.753780	-0.752188	-0.763071	-0.755730	-0.746144	-0.755673	-0.752859
765.0	-0.753766	-0.761460	-0.761203	-0.766026	-0.758101	-0.764852	-0.755143	-0.757243	-0.766417	-0.766553	-0.769587	-0.760897	-0.756027	-0.753552	-0.760832	-0.770168	-0.761277	-0.761572	-0.763553	-0.762000
766.0	-0.757421	-0.768092	-0.761676	-0.761835	-0.765611	-0.759104	-0.761653	-0.758513	-0.761805	-0.762810	-0.760679	-0.757229	-0.761316	-0.757901	-0.753783	-0.766333	-0.745669	-0.755488	-0.762668	-0.766313
767.0	-0.764207	-0.765778	-0.764423	-0.759771	-0.765199	-0.763564	-0.769237	-0.757536	-0.760992	-0.761075	-0.771054	-0.757970	-0.759593	-0.761023	-0.753800	-0.760455	-0.766627	-0.761011	-0.756665	-0.765834
768.0	-0.772411	-0.768340	-0.770406	-0.759565	-0.763535	-0.758170	-0.755517	-0.763787	-0.766284	-0.753436	-0.760610	-0.755266	-0.756487	-0.768827	-0.760390	-0.756029	-0.765525	-0.772038	-0.763465	-0.758894
769.0	-0.771871	-0.770607	-0.761945	-0.763550	-0.769366	-0.762968	-0.759065	-0.764584	-0.759002	-0.764937	-0.773402	-0.761862	-0.771195	-0.764793	-0.757910	-0.768644	-0.764387	-0.774370	-0.756027	-0.765674
770.0	-0.766643	-0.770576	-0.762497	-0.763581	-0.770412	-0.767944	-0.763573	-0.773407	-0.766002	-0.759969	-0.769742	-0.757229	-0.765291	-0.755533	-0.770362	-0.764648	-0.772440	-0.749177	-0.768122	-0.773998
771.0	-0.764530	-0.768744	-0.770327	-0.754437	-0.768067	-0.773692	-0.769546	-0.764470	-0.773351	-0.767404	-0.761766	-0.761362	-0.764694	-0.761496	-0.775268	-0.773859	-0.771942	-0.763483	-0.772178	-0.770040
772.0	-0.771162	-0.764877	-0.767265	-0.774012	-0.770079	-0.770520	-0.769839	-0.769663	-0.774081	-0.765413	-0.766289	-0.767201	-0.762493	-0.764320	-0.771177	-0.771619	-0.771391	-0.770215	-0.774905	-0.766845
773.0	-0.769003	-0.771120	-0.767075	-0.764835	-0.767703	-0.771631	-0.770897	-0.773081	-0.772887	-0.762980	-0.775905	-0.767218	-0.768533	-0.762566	-0.761718	-0.774791	-0.773453	-0.771232	-0.778535	-0.764556
774.0	-0.773922	-0.770359	-0.771401	-0.770995	-0.774167	-0.770923	-0.773745	-0.772137	-0.764576	-0.766740	-0.765720	-0.765065	-0.765769	-0.766354	-0.771141	-0.769289	-0.765614	-0.779051	-0.777632	-0.768212
775.0	-0.773552	-0.765684	-0.773137	-0.771630	-0.771331	-0.767267	-0.764713	-0.774628	-0.777897	-0.764784	-0.773074	-0.771248	-0.762817	-0.767459	-0.771088	-0.775275	-0.769293	-0.765692	-0.766104	-0.775720
776.0	-0.767260	-0.771555	-0.765749	-0.768995	-0.769398	-0.780107	-0.769611	-0.784661	-0.771626	-0.773818	-0.766168	-0.766409	-0.769761	-0.772247	-0.768768	-0.779701	-0.770982	-0.770127	-0.765997	-0.773679
777.0	-0.765487	-0.770701	-0.769680	-0.774583	-0.771727	-0.773177	-0.771369	-0.771291	-0.781744	-0.768867	-0.769000	-0.774348	-0.773344	-0.771353	-0.765703	-0.772802	-0.768440	-0.775509	-0.770371	-0.774690
778.0	-0.765687	-0.768790	-0.772206	-0.778044	-0.770650	-0.774674	-0.765299	-0.763738	-0.773716	-0.766281	-0.773695	-0.774968	-0.777610	-0.765127	-0.767492	-0.773984	-0.771480	-0.774685	-0.769840	-0.779820
779.0	-0.778225	-0.768029	-0.778063	-0.769551	-0.771759	-0.771406	-0.772134	-0.755973	-0.770564	-0.769122	-0.763976	-0.768045	-0.774214	-0.777894	-0.775994	-0.765419	-0.766343	-0.771161	-0.774445	-0.777353
780.0	-0.774925	-0.773776	-0.775916	-0.778854	-0.770539	-0.773595	-0.770002	-0.774904	-0.775491	-0.775332	-0.774110	-0.778654	-0.772764	-0.779087	-0.779417	-0.776440	-0.775177	-0.782824	-0.773223	-0.778382
781.0	-0.784363	-0.772518	-0.782270	-0.780349	-0.771363	-0.776864	-0.772883	-0.774693	-0.775723	-0.780722	-0.774627	-0.771386	-0.771177	-0.777894	-0.771318	-0.779773	-0.773382	-0.782629	-0.778464	-0.775081
782.0	-0.771809	-0.770592	-0.778489	-0.773488	-0.777099	-0.777508	-0.770083	-0.782251	-0.777034	-0.777510	-0.773160	-0.779153	-0.774385	-0.785102	-0.775144	-0.786356	-0.776581	-0.771424	-0.769008	-0.781524
783.0	-0.778564	-0.772176	-0.773264	-0.773631	-0.780646	-0.781477	-0.785701	-0.778144	-0.776271	-0.773053	-0.770605	-0.779481	-0.773208	-0.778298	-0.775959	-0.782597	-0.780739	-0.778472	-0.782901	-0.780974
784.0	-0.773968	-0.780702	-0.779183	-0.779771	-0.779919	-0.775463	-0.784956	-0.771535	-0.770581	-0.783545	-0.784219	-0.776432	-0.784003	-0.780394	-0.773214	-0.781242	-0.781100	-0.777438	-0.779616	-0.770981
785.0	-0.776667	-0.777845	-0.774163	-0.774663	-0.773613	-0.775592	-0.777456	-0.774481	-0.782097	-0.777561	-0.778546	-0.775847	-0.780775	-0.777105	-0.765314	-0.768376	-0.771906	-0.781724	-0.774692	-0.780193
786.0	-0.784631	-0.782470	-0.771495	-0.778187	-0.779681	-0.782770	-0.782093	-0.775702	-0.778461	-0.780733	-0.782729	-0.774555	-0.775733	-0.773142	-0.778536	-0.772103	-0.764992	-0.774510	-0.774232	-0.773466
787.0	-0.776621	-0.779072	-0.779199	-0.772726	-0.780694	-0.778088	-0.775975	-0.771535	-0.780153	-0.778232	-0.781050	-0.776157	-0.772952	-0.785629	-0.785310	-0.773877	-0.771462	-0.769005	-0.779545	-0.779784
788.0	-0.778256	-0.780034	-0.786121	-0.779108	-0.782665	-0.773483	-0.772720	-0.778905	-0.786855	-0.776251	-0.781119	-0.783070	-0.776859	-0.777631	-0.779261	-0.768591	-0.781004	-0.784160	-0.783855	-0.772188
789.0	-0.782315	-0.782156	-0.787635	-0.772281	-0.780773	-0.779791	-0.783602	-0.779895	-0.780989	-0.776098	-0.779444	-0.782672	-0.776432	-0.773194	-0.786055	-0.780256	-0.777861	-0.788958	-0.779846	-0.784665
790.0	-0.780549	-0.773698	-0.779546	-0.778949	-0.784177	-0.777057	-0.780410	-0.776467	-0.780642	-0.776064	-0.786833	-0.786104	-0.779773	-0.777105	-0.776508	-0.779665	-0.779132	-0.788220	-0.785771	-0.785407
791.0	-0.778348	-0.782676	-0.782295	-0.783204	-0.781649	-0.779151	-0.780853	-0.775686	-0.775392	-0.780758	-0.792067	-0.784434	-0.783185	-0.775334	-0.785350	-0.783543	-0.776244	-0.785175	-0.774746	-0.776749
792.0	-0.779782	-0.782825	-0.784655	-0.784932	-0.777194	-0.786789	-0.783362	-0.777932	-0.776304	-0.784583	-0.782691	-0.783776	-0.780860	-0.787267	-0.787676	-0.774827	-0.791287	-0.786451	-0.787184	-0.782113
793.0	-0.781969	-0.782097	-0.778536	-0.781699	-0.779523	-0.786808	-0.783139	-0.781619	-0.778759	-0.785003	-0.786558	-0.786750	-0.788457	-0.781156	-0.786108	-0.780113	-0.786146	-0.786912	-0.785647	-0.783975
794.0	-0.778441	-0.782698	-0.779325	-0.785471	-0.783189	-0.781086	-0.779279	-0.784875	-0.776636	-0.786963	-0.789096	-0.783611	-0.783429	-0.773685	-0.783847	-0.782203	-0.781422	-0.789382	-0.784424	-0.777832
795.0	-0.778734	-0.791249	-0.783630	-0.782997	-0.784566	-0.777202	-0.790658	-0.786143	-0.774828	-0.777408	-0.790277	-0.778981	-0.787860	-0.781662	-0.788558	-0.786419	-0.780357	-0.795939	-0.790850	-0.783325
796.0	-0.775032	-0.781960	-0.782868	-0.781665	-0.779238	-0.783707	-0.787467	-0.783157	-0.784950	-0.774431	-0.778805	-0.779980	-0.781232	-0.782938	-0.788441	-0.788641	-0.767391	-0.787294	-0.790549	-0.788671
797.0	-0.784705	-0.787345	-0.770485	-0.781745	-0.784286	-0.780331	-0.784998	-0.786432	-0.783091	-0.778907	-0.784806	-0.781360	-0.781329	-0.778999	-0.782378	-0.786106	-0.782266	-0.787929	-0.780005	-0.786336
798.0	-0.780725	-0.784006	-0.782025	-0.783466	-0.789510	-0.779038	-0.786790	-0.788282	-0.785314	-0.781112	-0.792443	-0.782958	-0.780104	-0.773124	-0.775994	-0.787482	-0.781230	-0.784994	-0.783657	-0.781346
799.0	-0.788050	-0.784170	-0.779625	-0.783293	-0.789833	-0.783686	-0.788976	-0.783191	-0.781551	-0.784251	-0.790589	-0.780359	-0.785654	-0.781356	-0.779277	-0.782066	-0.783334	-0.785017	-0.778801	-0.789557
800.0	-0.780391	-0.786824	-0.785061	-0.776393	-0.789806	-0.786251	-0.786546	-0.779495	-0.790523	-0.787759	-0.788431	-0.783592	-0.782042	-0.777245	-0.780587	-0.783473	-0.784433	-0.791711	-0.777632	-0.777069
